 0.223919402522   0.506905910928 
-0.357933963571  -1.398767150041 
 1.638464904096  -1.005380946547 
-2.098699464162   0.341470331890 
-0.748115639756   2.037046297493 
 1.663539931221   1.402496427980 
-1.856774746587  -1.223976070279 
 2.742882724950   0.326624481428 
-0.290674270082  -2.918921125235 
 1.281630047069  -2.689845240205 
 1.454142394269   2.986355710676 
-2.799525658838   2.194568649574 
-3.129857162674  -2.076988039491 
 3.498181342376  -1.784913226286 
 3.772577750170   1.543774027579 
-1.421025007661  -3.908209600424 
-1.792021774875   3.900424384325 
-4.347216010646   0.315238698390 
 3.312798567352   3.168996636904 
-0.136237142603   4.615288145459 
 4.743659100750  -0.153277399711 
 1.261995052544  -4.698385455138 
-4.703173390991  -1.746383304201 
-3.018751353450  -4.080740505539 
-4.206486210511   2.865412666645 
 2.992900280786  -4.223478746666 
 5.079683522786  -1.867219573729 
-0.046235762465  -5.444982890754 
-4.490124304305  -3.318375707415 
 2.181854681246   5.246768929111 
-1.982001618348   5.484850243575 
 0.758856320299   5.852394241616 
-1.924069013957  -5.662205780118 
-4.060148584426   4.413437734113 
-5.868395426183   1.560699470853 
 6.047232659175   1.190819477945 
 5.167938784140  -3.410816975750 
 5.651879024630   2.708533187895 
 4.720154268661   4.315075943210 
-6.483949101621  -0.350299832102 
 6.543150644199  -0.397331441311 
-3.821989734782  -5.468838406140 
 4.324160597302  -5.164126890006 
-6.415548101783  -2.427545037550 
 1.755131225489  -6.711894857968 
 0.240500410520  -7.019572297359 
-6.204626786824   3.442620740649 
 0.040447873760   7.258429328019 
-1.595938192865   7.143108361753 
-5.380949275500  -5.144061046664 
 3.058087042531   6.890761550620 
-2.859807355396  -6.997725389053 
-6.588709014495  -3.928647275519 
 6.436549991575  -4.278850317332 
-7.459860227894   2.327868825076 
-1.153303779166  -7.741828109532 
 4.951058723101   6.157953828495 
 4.168189562685  -6.730447504462 
-6.001057537441   5.169343753640 
-3.689945561332   7.056547458201 
 7.683064059395  -2.730556902375 
 6.492024134220   5.049322465927 
-8.171201170798  -1.146483157190 
 7.526405455330   3.739252033903 
-5.276200573205   6.700577660507 
 8.628032016879  -0.490640648065 
-7.928817181596   3.803001501799 
 0.351250716575  -8.813122115475 
 1.975839701865  -8.597939279973 
-5.401299117175  -6.981882445190 
 0.766662431399   8.803352326342 
 3.412936105887  -8.152348602096 
 5.942934143516  -6.606230043476 
-8.174921634591  -3.501010155844 
 2.307227437980   8.684289803454 
-7.281709224061  -5.277732828576 
-9.014386622635   0.533853589520 
 8.914471418355   1.632234801324 
-4.091148675327  -8.092709912024 
-2.623362797540   8.868133066808 
 7.459455347218  -5.512189112181 
-0.836262265294   9.290982150116 
-9.140626087590   2.099282886807 
 5.615799954162   7.530695691232 
 4.012317637620   8.528754623551 
-4.651656253886   8.216878285111 
 4.976353485969  -8.121210254229 
-6.869522618829   7.140588951959 
 8.307970125573   5.632201665175 
-7.267900709758  -6.941054892601 
-2.190654869424  -9.991597621016 
-9.397083143962   4.140362001322 
 9.478858215974  -4.031258828896 
-9.202855313627  -4.675072906656 
 7.249986774379  -7.406729285833 
-8.617897023070   5.773353592525 
 10.411185448757  0.707315791167 
 10.188886123891 -2.451210510197 
 0.218571585971  -10.507934402150
 7.257167747871   7.618729437990 
-3.794286450270  -9.837664900302 
-3.790904344954   10.021359954713
-10.216144018806 -3.429471232415 
 3.632240517542  -10.204282677240
 9.270831610816  -5.672466678711 
-10.915548218390 -0.014206476518 
 6.168030914500   9.032136935231 
 4.465909943001   10.051650395164
 10.383250970547  3.750246864835 
-5.387825851960  -9.676076607928 
 0.614097922639   11.106385805082
-10.998212794845 -1.936535994423 
 9.832000081223   5.425943729319 
-11.080790871418  1.949165417195 
 3.107257088378   10.930084184883
-9.455041762229  -6.309888935510 
-6.412342896844   9.437099898737 
-7.268626995073  -8.821490252045 
 11.464541536515 -0.432492700537 
-1.942595157974   11.311853477311
 5.334790040757  -10.411432619696
-5.243773882506   10.462258099213
 2.402483764714  -11.470530656694
 10.973835785183 -4.170269318021 
 9.500963656726   6.901247836629 
 11.601378563302  2.172492785789 
-9.274219429039   7.509999782150 
-11.110942743841  4.438748188652 
-4.187321575568  -11.322986047105
 7.667332376087  -9.327517597300 
 0.153717524109  -12.182367214731
-10.398340672900  6.403886640565 
 12.221121941041 -1.924705348425 
 7.556414071851   9.831775371321 
 11.503509940032  4.761352304952 
-11.533488435383 -4.707469318281 
-0.921355124151   12.461680392953
 12.501441246202  0.771310053442 
 10.430694903455 -7.053506970501 
-12.622195412705 -0.823902674595 
 11.356471713660 -5.775789412282 
-1.669794298541  -12.654762574407
-9.743985621061  -8.254629959897 
-8.929061241750   9.144524161211 
 9.401499647457  -8.692913036990 
-7.545976350078  -10.388346479144
-4.883052880192   11.977240063392
 0.708626972473   12.956915840007
-12.673289270664 -2.835824198941 
-3.425236858781   12.531137971036
 12.443327912728 -3.798186550255 
 4.812947025284  -12.134312800826
 1.517119980650  -12.975159419098
-7.948456751139   10.422014517973
-6.465515843874  -11.464857504847
 6.321481431910  -11.665624159092
 2.951991068418   12.947325122841
-11.953695737305  5.790153020438 
 5.778945952468   11.982159906466
 9.734479999793   9.112310087878 
-13.301096377868  1.097922655469 
 7.200417831097   11.301761538396
 13.052773437412  3.052922779947 
 3.133999758271  -13.103381269636
 13.479277919812 -0.999515234130 
-11.508794094760 -7.166791770801 
-5.231094196417  -12.564803454174
-13.476824808567  2.757487844753 
-3.810248422289  -13.256555930442
-2.158888643582   13.642012412374
-9.088481899086  -10.422944035274
-13.147983089077  4.289379864636 
-6.415881725040   12.337178069568
-0.093349668143  -13.919391632267
 7.946815241907  -11.517794104519
-12.918251240453 -5.442806829054 
-13.967453499233 -1.786842577323 
 13.216281064373 -5.197475662210 
 1.937982165244   14.075693722490
 12.080152165000  7.520794538595 
-14.248826824447 -0.287050836331 
 9.233430941880   10.862001885116
 12.976647567278  6.033976797450 
-9.364648835055   10.944525686314
-10.627538244005 -9.762410435223 
 11.826996439012 -8.332483240381 
 14.396837777104  1.542064519548 
 10.210023108682 -10.329521452856
-11.683224563631  8.720918138395 
 11.423278476895  9.081841366843 
-1.864811575456  -14.506011388946
-5.451215187246   13.605477093138
-11.879281798082 -8.711485949565 
-12.987732973025  6.976473508678 
 6.994119161184   12.983516798802
 14.766801621715  0.007469489797 
 13.012780778412 -7.006028789645 
-10.758663004468  10.175550077745
 6.414572641859  -13.375763475734
-14.172392084384 -4.615538557979 
-8.688442793784  -12.217634921799
-5.170503175132  -14.246977292655
-4.170219172116   14.711004567612
 0.110633374411   15.302346357639
 4.368576110257  -14.680881623082
-8.941644922086   12.450719318985
 14.694839061399 -4.454214359579 
 2.317784382606  -15.238017508670
 15.130629828624 -2.959539258046 
-13.621854274565 -7.221666333450 
-6.718191488082  -13.878585066878
 11.186964651381  10.633122474952
-15.388259735809  1.204986792422 
 5.426580414828   14.524569879786
-3.431434309913  -15.156958431324
-14.561285531758  5.468935620523 
-15.266294091644 -2.989332520350 
 0.392374238908  -15.606349351595
 14.831708337339  4.950027996281 
 3.340154221760   15.317903322530
 13.032337490373  8.739997239987 
 9.539012652356  -12.504171587398
 14.442139168001 -6.235009230090 
 12.311476245734 -9.794987093628 
-15.699935947154 -1.075264438136 
 15.478515963140  3.316404612871 
 14.392619426546  6.605615115972 
-2.311935187767   15.715782031889
 13.365843357256 -8.596670148086 
 7.964264572882  -13.814793386865
 15.929689379879  1.125276202285 
-7.220353593509   14.272548314680
 8.866208036263   13.359492130675
 5.942511829233  -14.892189741756
-14.818897162910 -6.139295009361 
 11.518149465327 -11.208392995798
 10.170997463753  12.505905754426
-12.086760041586 -10.728937511332
-12.508856300600  10.288339778818
-15.861720692595  3.348082333116 
-5.725906312349   15.202645382619
-1.502893348839  -16.176160373099
 7.643756522728   14.383621529661
-10.253713799691 -12.713555108955
 16.333424448710 -0.578467446578 
-8.769899872331  -14.016789638461
-4.799783136900  -15.868895220251
 14.562158806212  8.162403029868 
 13.125084004170  10.388423156706
-13.976789258922  9.285643880460 
-13.909868009078 -9.570073178559 
 6.599352412872   15.553358337311
-11.684679129275  12.277002533410
 1.995364598745  -16.867944405897
 16.847847948757 -2.296945194747 
-11.852072573381 -12.213465441866
