-1.059444226471  -0.052345559111 
 0.941797746319   0.722377763188 
 0.288131516101  -1.206283652564 
 2.097251061566  -0.504423699047 
-1.253273795596   1.766996600863 
-1.344679737024  -1.741447184159 
 0.747539857075  -2.686187970451 
-2.801010482634   0.660936532957 
 1.232948268760   2.833950551634 
 3.222564353168   1.437365953147 
-1.806495116265  -3.207628353590 
 2.359453123157  -2.924808442960 
-1.415493694936   3.517133045557 
-3.950413453830  -0.678705370353 
 3.931550926586  -0.784451611170 
-3.456550343692  -2.169077813694 
-0.038711485073   4.261948812607 
 0.455065968404  -4.319025957667 
 3.154599264240   3.207400940771 
-3.868483221345   2.347290067618 
 4.115558437718  -3.231937265052 
 1.319988124985   5.066902622145 
 4.897366001448   1.967247617267 
-3.618420901829   3.951145039908 
-3.254001260630  -4.322097771828 
 1.900149948406  -5.069454195920 
-0.958419762736   5.448135274139 
-5.546418610227   0.097405357699 
-1.580562767909  -5.537058675724 
-4.617003836162  -3.567900845813 
 4.644655636916   3.613832301176 
 3.577527017176   4.681409727541 
 3.570897096067  -4.726110471863 
-2.840116363478   5.330738998598 
 5.569727195265  -2.415584056835 
 6.188736990275  -0.876831717116 
 6.235683230190   0.954624324007 
-6.137826063331   1.779772081440 
 0.372822930103   6.401478329686 
-6.242512878656  -1.936337273161 
 0.732970316600  -6.552630947592 
-3.083213207749  -5.833313149194 
-6.027739526780   3.409197513557 
 5.084848330858  -4.747669465109 
-1.137204204673   7.001244123967 
 6.964651301542   2.410478246014 
 6.232457745422   3.963908858669 
-7.475139207590  -0.439652873971 
 3.699948790437  -6.518493797954 
 2.194639396127  -7.190931719844 
 7.530866043824  -0.102960855120 
 3.112947915859   6.908389290887 
-5.593371010881  -5.157149491459 
-1.757135646728  -7.414087162437 
 7.429777760998  -1.889808512680 
 1.461898699742   7.575926275897 
-4.300334176200   6.416492315235 
 4.811612827148   6.123534359361 
-7.266512756278  -3.068212071982 
-5.984204761168   5.248949714154 
-4.234349254251  -6.843362830283 
 6.652552114150  -4.550825889971 
-0.414016462630  -8.251658577615 
 8.452404951731   1.118384354683 
-7.225434765146  -4.572314481448 
 5.510959642585  -6.572684352055 
 7.865726615442  -3.487246694204 
-7.724063691105   4.062873861964 
-2.673423331902   8.332884421929 
-8.602003605846   1.695724827684 
 7.833821091746   4.008942828648 
 0.971057735723  -8.849176073589 
-8.709266685379  -2.188981657392 
 2.540925178718  -8.669185866042 
 9.077691403514  -0.558111064207 
 3.524571218493   8.415683359319 
 6.724793091546   6.259775263561 
 1.923808559273   9.048096289704 
 6.952784565606  -6.138947635050 
-6.996476881437  -6.132420870262 
-5.370721237105   7.707580292064 
 4.684161218295  -8.210780914582 
-0.252661792007   9.498015696203 
 5.007023242417   8.098736704763 
-5.722055238578  -7.668024067904 
-7.239947127491   6.440457701640 
 8.604118345395  -4.854390156470 
-9.880235896561  -1.037912389738 
-3.313060064224  -9.413221468373 
-9.309791688083  -3.744728413958 
-10.049795730235  0.486341108025 
 6.529995352758  -7.726638117901 
 8.591513490319   5.365402010437 
 9.517207832672   3.567502167874 
 0.286414565224  -10.223835649704
-9.948773424198   2.433331641654 
 10.006967578574 -2.295812158839 
-9.543514853123   3.881563006022 
-4.848427471099  -9.184077146981 
 3.197517459408   9.921389214034 
 1.819381116503  -10.328675041740
 10.480447389134  0.630136520715 
-1.807128740860  -10.357420264599
 7.102538826426   7.774670098055 
-3.588661481044   9.918339739276 
-8.898920060870   5.751304922285 
-5.811243283301   9.155752731923 
 3.544151356987  -10.371971341535
 10.834001615174  2.343080169025 
-10.853815944514 -2.454007845491 
 8.903353953001  -6.698832432875 
 1.510237344000   11.062820445139
-9.177858005023  -6.371189496808 
 5.711785161279  -9.623679204463 
-7.911742281459  -8.001679546529 
 4.930728266209   10.176169279726
 10.136184473207 -5.018874127531 
-1.416382164188   11.260068990956
 10.381972919793  4.978227676455 
-11.388885154445  1.847739541299 
 9.399590353151   6.715051682229 
-3.678826063486  -11.116713430483
-7.780557223890   8.864019209389 
 11.261813153716 -3.794722058783 
 11.665665070571 -2.302971545308 
-11.387799398140  3.545977413871 
-10.810528044980  5.119169594570 
-4.732253051024   10.988883756640
-1.229940869467  -11.910669204913
 3.333276792206   11.531112227942
-6.847319527394  -9.886482065811 
 11.996898627430  1.331716908896 
 12.056353838438 -0.743523539574 
 8.830959774904  -8.306516855662 
 1.725078783068  -12.024330021552
 6.955492130232   10.045012700283
-12.208376650607 -0.675759382195 
-6.402259873975   10.610003055929
-9.709022503277  -7.815639393674 
-10.932806414654 -6.148826849413 
-12.359286207675 -2.228315774447 
-9.569102384947   8.221284066252 
-10.552560072574  6.930613649714 
 10.592670679463 -6.926206560950 
-0.069174135140   12.808908410352
 11.630154740177 -5.450705532798 
 7.687765913013  -10.312089513148
 4.095343489061  -12.262874730477
 8.550742159076   9.720307298703 
-2.518887159619  -12.726287903407
 6.160369555112  -11.421634966612
 12.623896586173  3.128226558502 
-12.068879500114 -4.900403676750 
-5.943734216291  -11.617164169016
-2.621579770280   12.830567846574
 10.003099843370  8.482420309557 
 11.825733191133  5.701939264852 
-4.198207072278   12.442759761454
-9.037573841628  -9.629039460171 
-7.933770225714   10.799475228230
 11.220401342232  7.548398415419 
-0.126921683294  -13.526969884632
 1.636717094104   13.438540518020
 13.563296018801  0.082115841795 
-12.025534634206  6.301200194771 
-13.434691397163  2.010478308191 
-9.352335005978   9.974385688020 
 6.281468224500   12.145836961792
 7.785567775586   11.335342921973
 13.206456476170 -3.927785133767 
-7.817925512631  -11.445401630256
-5.792302976261   12.636720709664
-11.284294541056 -8.139330861942 
 2.495781187116  -13.706147322695
 9.380845058640  -10.360017442757
 3.935880660774   13.415657209614
-13.250711034113  4.550431009638 
-13.964686250506 -1.162614046667 
-12.479193062138 -6.500443899476 
-4.100856003472  -13.490909003684
 14.025458671420 -2.358877136004 
 10.726567460645 -9.354776272896 
-7.447139032843   12.245590353719
 12.716073722653 -6.614894184448 
-0.189489225443   14.401156834550
-10.563430607035 -9.882176799212 
-14.464645061880  0.816360438483 
-4.117016546106   13.978078895673
 6.548316199434  -13.064913258718
-2.615076619421  -14.383819076741
-9.325398270045  -11.292301320230
-13.973552506384 -4.452674389561 
 11.994299953494 -8.479330932900 
 13.487009142332  5.865140200533 
-5.747440769833  -13.540359068132
 10.556042291043  10.285385178969
-12.091964870535  8.507151030422 
-14.500124338079 -2.927719838576 
 14.312992008501  4.043277940550 
-9.063231518682   11.843990150888
 9.493150694867   11.559845070621
 5.255352711693  -14.005755591816
 14.832759000586  2.094402141966 
 8.798542736439  -12.162811975905
 1.408511599299   14.963231749285
-10.893999250673  10.452568111173
 0.686381050139  -15.190721748443
 14.215551232922 -5.757927805423 
-7.891096794518  -13.177078724650
-13.977833340313  6.381991891515 
-1.124283886666  -15.326584181156
 3.587768356007   14.972644156958
-7.019298471139   13.712465879684
 7.649557757393   13.389210428386
-12.248845857984 -9.462877138121 
-1.695828793725   15.406042484404
 15.467444121909 -1.657074028729 
-13.410165630931 -8.065045479929 
-15.064376930817  4.306441392534 
 15.096510530065 -4.248577153646 
-4.496314803074  -15.091839599929
 12.965368119091  9.003819711542 
 6.519296607758   14.386354007425
-15.584255576621  2.820109449779 
 13.914306649436  7.649887824676 
 7.940211726693  -13.757202350475
 3.936813815923  -15.390778935245
 10.519969896763 -11.939047156020
-5.857624814457   14.813876621768
-11.255233790122 -11.321698021927
-14.625579817407 -6.403442011030 
 15.991728006471  0.136509426924 
 2.123763200026  -15.861394626494
-15.521888618406 -4.111557295202 
 12.657155055700 -10.194829385286
 0.133087510037   16.258109691941
 14.285305367918 -7.768206178705 
 15.910808525486  3.773567130654 
-13.531006633380  9.201041691586 
-16.310904949479  1.308392962149 
-8.549675033626   13.958571545769
 11.505752629917  11.659147660110
 15.231721299250  6.086315069587 
 16.329219292730  1.757068900482 
-16.294861632740 -2.186589142693 
-10.535537040474  12.726733912430
 5.432404053113  -15.603824941743
 5.400550008540   15.734818663693
 9.933389541056  -13.350760718932
 12.868108778920  10.561143980708
-16.646948555732 -0.230612036923 
-3.520405868320   16.274694369808
-9.723831736544  -13.640612217569
 9.995367427081   13.552330166799
-6.863273246500  -15.436368305795
-14.782788844064  8.265561512345 
