 0.183107067474   0.002676633647 
-1.163726105946  -0.696021723190 
 0.382621983019   1.492351748201 
-1.180392381727   1.939268020000 
 0.473235030461  -2.294266581279 
 2.011314299065  -1.460725518444 
 2.484026090323   1.314380569065 
 1.533647371992   2.533244377921 
 0.199822633923   3.399684252276 
-0.956791092170  -3.280844190881 
 3.395604944434  -0.845918875950 
-2.546167768589  -2.591919553309 
-3.564185777089   0.754177512158 
-2.877315298662   2.903361229948 
 4.127350585951   1.306915035205 
-4.373880100221  -0.695327588963 
 1.554632848350  -4.299221630112 
 3.449071834377  -3.101008306201 
 3.622073620371   3.020903601740 
-1.819439715642   4.391615909704 
-1.941274891809  -4.466089329097 
 4.865093615843  -0.339542038294 
-0.053269376386   5.097148248198 
 2.247753213279   4.635489142758 
-0.485662261601  -5.206283313046 
-5.187242992404   0.701586790269 
-3.581976496113  -4.121033036059 
-5.175204395682   2.327033537145 
-4.256020568781   3.763399450868 
 5.393167195303  -2.061755317552 
-5.294845459091  -2.343688344055 
-3.198902716729   5.023166041840 
 5.550166241675   2.351658121448 
 6.271285548832   0.375258784360 
 3.572609915988  -5.268131713624 
 4.816163853283   4.359921052790 
-2.480314828741  -6.019461276033 
 1.885184268879  -6.274523532905 
-1.522014375495   6.415434137888 
-6.485224490077  -1.396723127369 
 6.607657934863  -1.176028343443 
 2.237512842491   6.391937639882 
-6.707638684508   1.889653380834 
-0.827581214522  -7.348588794180 
 6.233058718048  -4.172837782973 
 7.289588108868   1.854653985658 
-7.549849376500  -0.313969434744 
-5.882107544237   4.743547602144 
 6.450091796912   3.962218143299 
-4.216771306371   6.345932426565 
-6.891220889332  -3.521359053285 
-0.505066517896   7.724889555243 
 3.309514056901  -7.091949111380 
 4.951593582645   6.088836135099 
 1.243082063701  -7.845844104892 
-6.205198621392  -5.021937953191 
-4.734969641341  -6.454164536301 
 3.741436116689   7.084854251904 
 5.756302116597  -5.597582378980 
 1.117462574523   8.026409875786 
-3.124720299841   7.675714176361 
 8.351968305600  -0.835066466373 
-7.742383612647   3.386084554899 
-3.379426784154  -7.802079878135 
-5.765763276004   6.254230406198 
 4.857516074641  -7.149538267222 
 8.772667061334   0.831994428334 
 8.113460067785  -3.581608989142 
-8.894719547814  -1.663090223559 
-9.109679685511   0.371550576217 
 7.007802268316   5.939352331979 
-0.576745821962   9.258911430246 
-9.039385383375   2.122173248910 
-1.677261562136  -9.147276634824 
-8.118095696013  -4.551066567882 
 2.350993652480   9.014475995644 
 8.027430322633   4.731834161150 
 0.439084225845  -9.310170480779 
-7.272403943509  -6.442291159301 
-5.799076146286  -7.795342132036 
 4.761810217992   8.470226559929 
 3.699305403713  -8.986387399322 
 6.500417269134  -7.225635574248 
-9.200719202639  -3.152313833306 
-5.305698226436   8.170454555904 
 9.678781196756  -1.927356519877 
 9.454534118883   2.910992604177 
 8.112972531314  -5.707303908207 
 1.953160443946  -9.787656014970 
-6.774363642074   7.398724802620 
 6.255071660162   7.846799623866 
-2.601109173140   9.713240526982 
 1.110808721481   10.035799838626
-7.968396157289   6.333805750635 
-9.104678477515   4.816638474927 
 10.330141820752  0.251029701095 
 5.573460335484  -8.915892438862 
-5.118488310556  -9.291345529952 
-3.270735218854  -10.105615173928
-10.626436829168  0.203300708919 
-4.648051155038   9.567953808005 
 7.977513944134   7.101686942797 
-1.066548994608   10.702228185570
-10.543461802072  2.202112070329 
-0.411253610622  -10.930027996269
-9.576769436973  -5.483461935621 
 10.509635404530 -3.396944005350 
-6.980717993098  -8.842568908206 
-10.961920718477 -2.736456957894 
 10.101861400901  5.067859079582 
 5.121450250833   10.095890778446
 8.443780095490  -7.681259377664 
 10.021701222938 -5.569042311953 
-2.070955082572  -11.294663890222
 3.800754548764  -10.837817050874
-10.711093960777 -4.236648722953 
-6.857451675905   9.349482537112 
 11.576707108959  1.090498182050 
-3.287411855404   11.186054589613
-9.391840219870  -6.997495713276 
 5.485377511885  -10.496533193925
 3.634991634317   11.275889715562
-11.768706368444 -1.399922632109 
-0.094047119160   11.859133817272
 7.130466799290   9.547207836675 
 9.547256123265   7.271623269139 
-11.945471069174  1.612783781301 
-10.134348339669  6.548044879684 
-11.513960862861  3.614116494495 
-10.976695054260  5.016010636073 
 8.460709840668   8.663122172072 
 1.656728151794  -12.013626450939
 2.235726959830   11.930646544880
-5.532365789048   10.836015892331
-5.889013781261  -10.685630720809
-8.853103606733  -8.543002868273 
 11.389080446440 -4.717498727911 
 11.838745505145  3.797115459924 
-9.265542275327   8.308062102652 
 7.841421888624  -9.891523747708 
-10.885076721573 -6.458875188415 
 12.559326675200 -1.612327056160 
 6.431145819121   10.916537472009
-1.971557192902   12.611186347743
-7.877965283063  -10.151237513836
-3.959376818795  -12.235085716122
-12.570399110597 -2.736753340810 
 12.700785824703  2.139667263274 
 11.736562677518  5.327759851905 
 10.600009672458 -7.534844884547 
 3.530136710568  -12.540601680522
-0.170311143498  -13.071485889508
 11.528582924580 -6.235260818317 
-4.850530908021   12.195248573652
-7.693180293252   10.649091589298
-2.375948037494  -12.942689462551
 9.376093411772  -9.411233132369 
-12.943184212625  3.096944757433 
 11.477238612249  6.992916549780 
-11.689013572931  6.699340810665 
-6.699734173405   11.785049625710
 3.656843596444   13.055182935784
-10.721017058592 -8.430057195209 
 2.000006044132   13.523055365488
 13.233878767737 -3.470659686135 
 13.719438284029 -0.516612172858 
 5.529053040277  -12.587026101097
-13.802570782174  0.088551756043 
-12.908676586309 -4.970622054597 
-13.770104953594  1.651999191730 
-11.133835410539  8.344581597555 
-7.350077667135  -11.880217356303
-10.143574478464  9.693198967780 
 5.167083667883   13.077392923350
-9.818150379045  -10.174651788232
-14.040201905501 -1.860388977570 
-0.820416237519   14.141400158053
 10.186764730010  9.891996695166 
 8.849707345902   11.141976205692
-13.813031058700 -3.657621967994 
 7.991860878601  -11.868353854195
 13.411868458469 -4.991905498249 
 12.260427601320 -7.557459330770 
 9.353659218310  -10.986446664680
-6.130978054514  -13.074456711139
 1.334151281833  -14.432076609560
 3.297674413782  -14.160861366434
-13.452740842470  5.658163329433 
-4.269358306309  -14.004016600218
-8.329784243039   12.044942638815
 13.286681600705  6.225557311422 
 11.682354368664  8.882543495775 
-4.473313782818   13.997049157832
 0.735756717631   14.688429944253
 14.607401836891  2.031990275740 
-13.249926777548 -6.573828772160 
 11.297015076579 -9.590131906252 
 14.065391514331  4.680599011768 
-7.106483402507   13.230747135009
-13.024084177805  7.483095328181 
 4.960476088881  -14.219013462913
-2.819780891269  -14.796267375542
-10.056920654321  11.234654596471
-8.832376722938  -12.261986215047
 2.200936640204   15.024043927818
 8.271103815517   12.750414148536
 15.115139837483 -1.649252227080 
-2.874670716501   14.957203881108
-12.744202080977 -8.388517730348 
 13.825355222622 -6.577804242520 
-11.619141999390  9.979643423492 
 7.058892280136   13.735306180040
-15.450313535279  0.662843719988 
-14.791405742128  4.597273249742 
 11.668751278198  10.397736398759
-6.076411700414   14.467623624367
-0.907567436062  -15.702134169649
 15.754981852084  0.168391091343 
-5.963570727005  -14.588192294137
-10.378492862919 -11.913525315926
-14.919687087007 -5.231972305648 
-15.540856564558  3.056137387149 
 2.680629610154  -15.634752943026
 4.468008671968   15.245645258008
 11.205451552686 -11.278185192288
 13.986574845720  7.580698071769 
-12.380350966604 -9.996916789741 
 9.774707106704  -12.601305039035
-16.004895723239 -1.377339271746 
-15.735591931815 -3.257604215125 
-8.644875666567   13.646509084046
 13.722981288651 -8.579277540364 
 14.991225190797  6.188545590940 
 0.034589378150   16.252942365564
 10.670691481885  12.266158258016
 7.915445127579  -14.202710641339
-8.115208468592  -14.186870029132
 12.798534750307 -10.170981509630
-14.624435657168 -7.328264685802 
-11.669822896406  11.619827265159
 16.101544458175 -3.671287717392 
 1.172053424608  -16.513879095584
 16.283848383276  3.403266023737 
-12.009730562900 -11.532186265122
 8.480343901397   14.357833783477
 15.950330766532  4.884358103823 
-10.001615042762 -13.385135716085
-10.149481029337  13.288702887029
 15.469024099989 -6.370951925715 
-16.757704273547  1.656278550770 
-2.053588544508   16.730965519877
 16.769499066873 -1.727583203247 
 2.416047242452   16.695414850454
 6.563715722733   15.676650635750
 14.087853022100  9.519731295120 
-13.628629896740  10.225811350042
