 0.631606080193   0.444510002989 
 1.140445989692  -1.022727639717 
-0.622087418470  -1.401094903181 
-1.492871370855   0.501605302398 
-0.899802532725   2.043264975108 
 1.789363780536   1.580074998108 
 2.844674268602  -0.361160648149 
-0.517157941230  -3.210386843540 
-3.182919465351  -0.855624008820 
-2.893008910495   1.910752691016 
 3.370425771010   1.475231009074 
 2.063942126537  -3.108100926936 
 0.350998033902   3.821887539224 
-2.029700899014  -3.380568547119 
-3.922117065987   0.527968116218 
 2.996557788842   3.042265855957 
 4.297951476804  -1.213047852601 
 3.786478363452  -2.705021872564 
-1.607214673621   4.435041754146 
-1.206729451193  -4.642187058013 
-3.235004534697   3.556711564490 
-4.951483468598  -0.861728264154 
 4.915785696994   1.352391340333 
 2.290456875687  -4.656676615519 
-5.158654348017   1.544734527386 
 0.204907187927  -5.424167427376 
 0.794204577977   5.378374022183 
 5.445298951522  -0.116373300782 
-4.243734105240  -3.433715217089 
 3.369485983992   4.561112963795 
-4.844508801956   3.124387720372 
 4.090821018375  -4.191118951980 
-2.728826516291  -5.234212486092 
-3.065491553720   5.100984652306 
-1.702971295130   5.999205296386 
 1.377422851736  -6.369110050700 
 5.225904699109   3.998319754853 
-5.952441941758  -3.166397269379 
-6.608419441100  -1.367304290807 
-6.745393920398   1.914327808455 
 6.948769889029  -1.156618023869 
-0.714226390405  -7.110379948561 
-0.403038170899   7.141190877952 
-5.670848111766   4.397615947103 
 6.395909355154  -3.274687410232 
 7.186486308236   0.490681565150 
-4.605522075957   5.543950467668 
 2.985031297373   6.627055160924 
-4.237620325857  -5.985048822658 
-7.447678319651   0.239600997946 
 5.358013821379   5.517688083028 
 4.484706670439  -6.268222040632 
 7.089932541574   3.142238416683 
-5.891092524733  -5.073199894903 
 3.169174632914  -7.188380835315 
 5.789143870980  -5.334343736582 
-2.020653660016   7.621137973369 
-7.239908413177   3.504892565945 
 1.045949074044   8.039151707845 
 1.505925857537  -7.978521199046 
-7.827078874188  -2.322670445500 
 7.754190047596  -2.611905826885 
-4.493047726352   7.109464109909 
 8.429664598448  -0.518735738262 
 8.354889744033   2.299192672054 
-5.917194259401   6.337542341730 
-3.189689837936  -8.254316003814 
-0.394549521289   8.958975307995 
-8.620071793729   2.551997398845 
 2.473486379287   8.713462179428 
 7.628607334733   4.936147937169 
-7.384125372563  -5.400653717476 
 8.148620164684  -4.214457350272 
-9.131542963966  -1.454511802309 
 4.891758444602   7.874810545321 
 4.900211810792  -7.938892275549 
-8.563358337889  -3.724978246602 
-3.758029002790   8.656383442560 
-6.039021666391  -7.279171777376 
 6.850232896345  -6.533834574745 
 0.698115130707  -9.461940697075 
 9.354762571334  -2.350340198033 
-7.433474888688   6.215713633273 
-1.487186377367  -9.629942331037 
-9.802624253406  -0.029428469870 
-4.773593280828  -8.721893455780 
 0.869674792748   9.973312699545 
 7.201967343434   6.990360379515 
-2.012004583156   9.852239749679 
-9.951570422796   1.701772504355 
 9.385431590500   3.732268360294 
 4.024395504041   9.315135001642 
 3.572222877928  -9.580364679495 
-3.002046856732  -9.789450930879 
-9.421258261520   4.151169973784 
 6.398990889277  -8.083643721918 
-7.032067414759   7.695550430307 
 10.458646220960  0.537674333334 
 2.474902817859   10.237828343437
 8.732734329480   6.226680910484 
-10.446774270272 -2.622882581283 
-8.880031181785  -6.162332241800 
 9.058387198461  -5.998562427749 
 0.175700962958  -10.882820204539
-0.815118920392   10.891482865151
 1.922959581187  -10.755467689990
-4.782777684620   9.911975650449 
 10.849872300687 -1.856024303607 
-10.042778086943 -4.672653234899 
-6.417330221058   9.107679094330 
 6.866866405649   9.011368486990 
-8.267117829785  -7.753451576144 
-11.369574318023  0.979106704270 
-8.936296034385   7.166249229028 
 11.293964932094  2.453117416718 
 3.979743727363   10.870365210918
 11.065445441951 -3.735237901262 
-11.687963742166 -0.645347868586 
 10.969380315053  4.132620314713 
-2.032854931894  -11.622859515356
-11.156688999635  3.860642916955 
-3.698341798332  -11.219240904143
 11.845127633670 -0.361802450907 
 10.623068861572 -5.289421932221 
 8.075167671952  -8.701026190851 
 1.322903353411   11.851203860260
 4.434619589264  -11.115621804508
 8.731148097322   8.190708674536 
-10.348450306168  6.160592304867 
 5.824743981095  -10.551231630428
-8.344145406082   8.703088053063 
-5.237385800528  -10.873104957058
-7.061720690689  -9.834903869747 
 10.548647210413  5.992332237118 
 12.135343657870  1.200669790210 
 3.154525978379  -11.915003840251
-0.130092698607  -12.376391926044
 1.593118176314  -12.328477250276
-12.255529032963 -2.410983117130 
 9.793398134607  -7.841616409706 
-4.717641277958   11.645453677412
 12.272411529370 -2.716010802832 
-12.279155764340  2.763410905186 
-7.494793568186   10.182027146283
-3.320515367171   12.207900943092
-0.546619975928   12.681238627286
-10.982064152948 -6.374817990550 
 6.213382167076   11.146508311355
 7.847156135901   10.155591998373
-9.821849204434   8.417898872132 
 12.485642082004  3.652306016538 
 8.157894379613  -10.215169255691
-6.515843957250   11.340763905627
 11.189559361690 -6.820690175373 
-3.262712017641  -12.774768022639
-10.002444441457 -8.765950823724 
 12.269573655236  5.202666815045 
 5.694682192722  -12.080492873291
 3.803513923942   12.876325407144
-12.566530979328 -4.751271200147 
 12.432812529755 -5.166897278046 
-8.475546568995  -10.489451211432
 13.484710810123  0.267342044990 
 13.350342477388  2.355844288969 
-5.800109438769  -12.264845585315
-13.485196880945  1.832422766879 
-13.628848455982 -0.941855135999 
-12.547081619561  5.508141163877 
 7.177430576664  -11.744002005087
 9.775058933954   9.730578201857 
 5.426014388562   12.703391901339
 13.279606636368 -3.856867494672 
-13.315635988030  3.859092841318 
-1.198713847432  -13.845223820521
 13.754248135156 -2.040431112288 
 11.251964281918  8.482607099759 
 0.449309325829  -14.126210580397
 11.316355618583 -8.534781602594 
 0.123811468843   14.204825974661
-12.677596826138 -6.412492669477 
-11.317543458213  8.617269962066 
 4.218582346131  -13.623914062391
-9.515459491208   10.633847957422
 12.621065829489  6.720078621611 
 9.033776346879   11.093655738377
-14.467195951008  0.485708828999 
 10.150248178009 -10.325242168537
-1.368531317964   14.451140259562
-14.286997405821 -2.630136561773 
-5.107986059157  -13.606253184597
-8.032464928728   12.112822180282
-3.269284542316   14.175779231876
 8.723910557597  -11.738455581069
-5.838936992692   13.415274186242
 1.622111042853   14.554413040520
-12.852083954859  7.266130203823 
-8.595341187727  -12.030800393321
 13.160408932212 -6.784036673217 
-7.122894753238  -12.995181520775
 14.841555847336 -0.588653423289 
 2.599068906854  -14.642217069721
 14.508869070403  3.331141313380 
 3.141988355341   14.570548693549
 7.469003825431   12.908291461639
-12.302047581945 -8.481295638043 
 13.870750451124  5.878463347027 
-2.711259291738  -14.838504984971
-15.120532692827 -1.296438462209 
 14.816664272639 -3.323606014332 
-14.904213419832  3.552785317263 
-10.135007466324 -11.499733567691
-7.338370594729   13.482422686039
 11.655759524045 -10.226282137959
 12.831173907792  8.750348277215 
 7.216090313772  -13.759255068545
-11.832874841332 -10.107194180414
-12.136708001368  9.899797831822 
-4.407503845236  -15.067358284195
 5.575757330257   14.692803233170
-6.447091317724  -14.445079513695
 15.706230254247  1.959322026649 
 0.624085254217  -15.840238148334
-4.558198612059   15.230809144502
 10.580951102505  11.916984133829
 12.278359846815  10.181979538695
 5.884654293597  -14.882543951129
-15.729725755045 -3.176919512654 
 15.124688804941 -5.450718250069 
-11.023335282332  11.705226847117
 15.946230843189 -2.215588134367 
-15.411808898454 -4.838333747334 
 15.337042521102  5.094621471125 
-14.591968755163 -6.960343486597 
-15.207870497909  5.599355056893 
 9.261131261848   13.355032866057
-9.287694025511   13.342245074781
 13.637267415638 -8.910611059725 
 2.468376897909   16.120394377117
-16.142831447866  2.687410947284 
-14.112564101619  8.338848652046 
 2.161374665347  -16.282334449346
-1.127520772308  -16.406012686487
 10.237601392420 -12.946821016974
 14.655447043036 -7.620556524007 
 0.941088963348   16.522485661007
-10.128335312728 -13.090166745058
-16.628558698322 -0.449394856709 
-0.932298878348   16.617559588770
 16.634431269470 -0.859255311570 
 8.818705253017  -14.148152982532
-13.465555184292 -9.885962585200 
 16.398152163013  3.571843597619 
-16.208073821178  4.374840084967 
 4.232954185862  -16.249262246567
 15.192000112083  7.166782007929 
-7.237224682059   15.189649832187
