-0.201100097811  -0.050831157882 
 1.262903416792  -0.860104653298 
-1.367187531556   0.982956080262 
-1.323170677549  -1.069500430133 
 1.142492564853   1.703040821587 
 0.387416551931  -2.191397108827 
 2.196587896785   0.621184416379 
 2.351010592816  -1.920208000943 
-3.056334438255   0.416254933537 
-1.455035038222  -2.754055399570 
 0.761810813030   3.206089861738 
 3.601352835432  -0.077556025039 
-1.419283963864   3.333067790745 
-2.764441678074   2.492868788679 
 3.137653598196   2.566503334893 
-3.869534580290  -1.857044880371 
 3.912443040962  -2.080723478720 
-0.202929153527   4.482431708124 
-2.964043109713  -3.418755738549 
 0.394208397469  -4.537273634376 
 2.497997425255   3.994190136247 
 3.034233582223  -3.610127163457 
-4.754996515953   0.163659543786 
 4.875182169952   0.715466229180 
-2.688984834165   4.134896392140 
 2.057530942720  -4.752973909589 
-4.609015812918   2.421818297466 
 5.422870910397  -0.948510563020 
-2.118768013084  -5.129474039241 
-1.794370424829   5.391993123859 
 1.298154721858   5.540870468171 
-5.435417320904  -1.840517084956 
 4.824806888992  -3.444195170114 
 4.604256372454   3.758786758289 
-0.746798705557  -5.943733403647 
-4.564397714127  -4.041661303609 
 4.120628874762  -4.877076539402 
-0.156254555768   6.392697000169 
 5.925785306469   2.747708902175 
-6.605270873431   0.972395220686 
 2.849674371074  -6.077920128344 
 6.752137751903  -0.053068484322 
 3.211158162410   5.968920910676 
-6.218756621983   3.003893550451 
-2.430972589121  -6.654189616180 
-4.815463165214   5.259472496550 
-7.177506679817  -0.698717582885 
-1.796264207090   7.047950039283 
-6.127390434168  -3.929836731233 
-3.746476177457   6.355873519287 
 7.210341766892   1.824058613506 
-0.191271484182  -7.481768254374 
 1.858761309864  -7.286049787958 
 7.265112152001  -2.941702779047 
-0.157228208297   7.913587766167 
-4.775374006093  -6.354726846559 
-6.676073003964   4.627500606632 
 4.826439524878   6.553365092871 
 7.300147898580   3.708273633874 
 1.482180898395   8.054499850307 
 8.201902269876  -0.556662582707 
 3.643808458199  -7.536198921931 
-7.592998984164  -3.579249347622 
 6.080313323008  -5.878787168194 
 8.443343006876   0.967907771206 
 6.681507028676   5.262814248567 
-8.348619583659  -1.678338699081 
 7.165640720154  -4.770700591332 
-8.540355784085   1.858443913523 
-6.297627135582  -6.192698737547 
 0.776917542176  -8.836985453525 
-2.346801547941   8.646601629773 
-2.333099963558  -8.696810333373 
-5.456321142055   7.169796327688 
 8.860047069262  -2.130719576786 
 5.320345346979  -7.427485089904 
-9.194689386316   0.469190143239 
 2.715224751971  -8.804386934416 
-4.076137203179   8.289919066647 
-8.289379380935   4.156877179421 
 3.835304500446   8.478834614987 
-6.856115603319   6.500504371280 
 8.725201296670  -3.633146230459 
 6.682493118667   6.805987175500 
 9.089391231516   3.109975843135 
 0.735357203832   9.635620047643 
-0.746778462642  -9.761460082083 
-7.791320080917  -5.974253551357 
-9.436116886752  -2.891230559390 
 9.854396402426   1.504165704888 
 8.006657212633   6.053688832392 
-6.180485770368  -7.930753766568 
 7.537744512732  -6.774068704247 
-4.628978306791  -9.086250019022 
 2.514003760285   9.937488358973 
-0.892459070713   10.244422492956
-9.833423078929   3.345591482846 
 5.383446571235   8.888444827365 
 1.065964806963  -10.377717283333
-8.410332707942   6.200294781129 
 9.113886573113  -5.153566608393 
-2.425362365955  -10.212244219153
-10.587459707255 -0.968924638231 
 2.870783666703  -10.357135394221
-6.194812284746   8.834454704547 
-9.358837003410  -5.517286356083 
 10.349573833330 -3.766622355814 
 5.511899418423  -9.543869094251 
 10.900505451496 -1.652625255733 
 7.256029876873  -8.317773596606 
 11.061763394438 -0.067925556838 
 9.524543793091   5.780147281883 
 4.086375906878   10.461874995386
-1.292521501051  -11.208922539332
-8.421887164994  -7.573930264628 
-3.994955256716  -10.663649788277
-7.705753578749   8.463090644550 
-3.709597314924   10.885052143047
-11.258010726110  2.352860961920 
-11.263826178903 -2.325737476107 
-11.561702904337  0.551678355856 
 9.119788418956  -7.188608067351 
 7.628831165036   8.815845120249 
-2.033224015447   11.551923960437
-6.952894500042  -9.498097945856 
-0.190986099108   11.783996554088
-9.069127961494   7.630173108972 
-10.983161823762 -4.457774329192 
-5.214727175696   10.799997862367
 1.675186418880  -11.876089084141
 9.455501171897   7.524040822480 
 7.012073276551  -9.866081682224 
-10.510076783881  6.020220899887 
 11.760997877578  3.551565639203 
-6.847164285542   10.301626012722
 12.375726649822  0.966803930694 
 6.525883080311   10.568209229842
 11.909218907069 -3.740275905415 
 12.337900914839 -2.090599778453 
 11.288404657648 -5.481471027184 
-12.553557776810 -1.077021912938 
 1.114211338099   12.561619081197
-2.761673858152  -12.343258843078
 8.583154252323  -9.304519827628 
-5.159114674156  -11.620516452730
-8.572672371516  -9.410764028754 
 3.077582941002   12.361695427173
-11.009151043060 -6.526480000088 
-12.313080281151 -3.641403497614 
-12.362955562398  3.618438284683 
 3.288090746583  -12.550514145853
 4.935710370236  -12.098976058947
-6.677728588647  -11.259996766345
 8.089398930353   10.296120427786
-10.661940623272  7.724162283884 
-1.320052962923  -13.119115932811
 0.608512994929  -13.176082597344
 12.139643964061  5.190682080157 
 10.143807893539 -8.575626346370 
 11.509040413999  6.639089846386 
 13.316724961329 -0.796664541618 
-12.253178660299  5.531179983885 
 4.869206570931   12.539184454530
-4.957919036759   12.535190015960
-1.397566088182   13.449776538522
-12.443810053866 -5.293092631726 
 9.555710930339   9.608348341361 
-2.994851088183   13.313781303707
-13.470882182012 -2.300268862357 
 13.493868585416  2.176372799453 
-11.036445620692 -8.086097674932 
-8.926864330700   10.545168638585
 6.998568833965  -11.989916553594
-4.370519299524  -13.180613504554
-8.305845026228  -11.177742455430
 14.017308103775  0.695511052881 
 13.710838092751 -3.115928219606 
-7.413352070908   11.971740131424
-13.954037673735  1.915709151059 
 12.957286082890 -5.534050708414 
 6.713670347546   12.396581351521
 12.314545569647 -6.956554182249 
 2.309459206865  -13.973814251848
-14.239431755441  0.121974205289 
-6.291809777260  -12.829604919327
 8.515192217548  -11.523314859574
-0.152750918999   14.453796058332
 13.758509530124  4.518978975842 
-3.228574643860  -14.299870507397
-12.820884972473 -7.155496084413 
-14.286659423467  3.424507381259 
 13.008166794039  6.968120257482 
-13.923338400575  4.929612982881 
 3.790304800575  -14.299727442653
 9.334641303260   11.523299298343
-10.408554874904 -10.585950480666
-1.275732375579  -14.802562191613
-10.466341953088  10.545607010935
-6.322816981861   13.459616923088
 11.686588772803 -9.262624219021 
 11.879561847511  9.097807260996 
-4.959317149745   14.127618521807
-2.299855481134   14.823819882280
 4.573129791069   14.315710546825
 10.515407035883 -10.751650734301
 5.400714001966  -14.132975025590
 2.673340008572   14.929386817849
-11.835449770782 -9.590205251600 
 14.476664741473 -4.763296531769 
 0.478177581923  -15.239852876788
-13.512089275780  7.332728396039 
 8.436636856626   12.886940574857
 7.962569911344  -13.212254595286
 6.368240841899   14.054199612744
 15.365388409209 -1.822046523875 
-4.748450982904  -14.743766785224
-9.265523244158   12.447094674486
 0.889900582978   15.533740796344
 15.575104428761 -0.304809520946 
-14.844922540141 -4.776456393183 
-7.930352776192   13.432815110758
 11.047650899807  11.026990632388
-15.565235227268 -1.266659127919 
-8.856289272679  -12.946935523467
 15.599582180825  2.653142952921 
-15.504467020256 -3.294062555065 
-13.015725729496  9.113020850564 
-7.243767881504  -14.144002593881
-14.650694517508  6.275073881444 
 15.223958885522  4.958992942858 
 14.412182347815 -7.298222734813 
-15.537609304931  4.447131721809 
-10.473130490951 -12.340586425055
 2.016818546221  -16.066850028473
-0.552722056981   16.234452676093
-3.416545172277   15.892246774723
-14.900390717337 -6.502919592310 
 7.136287084206  -14.635611774496
 12.496455218496  10.496769544393
 14.110262146933  8.247794656194 
-1.257555577287  -16.313331879764
-16.147975897705  2.800098816172 
 7.925439450037   14.360488173572
-16.458797779144  1.292800821988 
 9.811902390249  -13.401320967824
 12.947348616879 -10.457751632279
-14.259839636182 -8.709993844638 
 3.909994591556  -16.247823326286
 13.996532593797 -9.139841718169 
-10.916530702574  12.668345957304
 9.807150111948   13.626452535819
 0.642998156821  -16.820905647111
-5.825155956631   15.898577020592
 16.887374503721 -1.414734841187 
 16.377279673175 -4.391385559355 
 11.236758825146 -12.703885540740
