 0.441402340513  -0.405222998212 
-0.769563044304  -1.541105774068 
-0.545588121784   1.972847373986 
 1.311758948889  -1.821921065337 
-2.077393026584   1.108203227015 
 2.392537595272  -0.440879994078 
 1.480320924693   1.996895678339 
-2.547417576976  -1.017728741521 
 0.268890026900  -3.092102869368 
 3.185147491031   1.056288066934 
-0.837199843747   3.481990248335 
-3.565657842019   0.565622509210 
 0.948478405560   3.603283219522 
 3.500882850647  -1.600354843393 
 2.559232290268  -2.893634853466 
-3.332206669113   2.159548286279 
-2.457689945904  -3.303840547153 
-1.072796864559  -4.114182246495 
 1.329780284680  -4.244591212590 
-3.781986405497  -2.393055850468 
 3.213434861285   3.477366655246 
-0.099889109695   4.807225647619 
 4.235738516388   2.283259560212 
-3.422066050484   3.662879786135 
-4.980821488884  -0.990800565817 
-1.917291053069   4.877492151088 
 5.222294650635   0.748016250345 
 3.003867368877  -4.416374533752 
 1.651923519845   5.226134392831 
 4.497677433325  -3.217639537729 
 5.397974155914  -1.697659006591 
-1.732065243086  -5.502322043332 
-5.961314183942   0.990255078587 
 1.661469754220  -5.879489842373 
-4.107499196581  -4.525048181107 
-3.795218626545   5.125736826530 
-0.901363809459   6.461546135181 
-0.365066636872  -6.542639677528 
-5.166251287663   4.071859973296 
-5.963445184870   2.798666342719 
 6.409401524318   1.788628186006 
 5.606916199022   3.715641092467 
 6.677172549393  -0.893189869363 
 4.058608422899   5.464557270341 
-6.336302838763  -2.515472556684 
 0.785359930224   6.792628672494 
-5.607788694942  -3.963981038960 
-2.772914242375   6.422813856258 
 6.439748391338  -3.031598949723 
-7.090128263033  -1.162470160686 
 5.467199806239  -4.662616884593 
 2.818174889677   6.657895921445 
-2.244097143146  -7.111853430651 
 3.494032383523  -6.623115431284 
 1.437837754387  -7.540790892040 
 5.676848797566   5.325975200613 
 7.681865991103  -2.134201194286 
 7.598935816387   2.731355603334 
-7.712742493394   2.422934559485 
 8.111514646608   0.986890959467 
 8.168314760139  -0.653055277863 
-8.214268140867   0.210841212807 
-0.635920737954   8.250367402157 
-6.581400270977   5.043334459648 
-6.437888104409  -5.389808660652 
-7.703804063215  -3.355793176135 
-4.664143803169  -7.000487997922 
 2.067361229114   8.224816125344 
 3.784961424773   7.929771059105 
 7.885008052660  -3.885900778282 
 5.599053444951  -6.793933958112 
 7.142195397564  -5.298859820534 
-5.840842547379   6.820343251508 
-2.383231626944   8.679801251118 
-8.847226932608  -1.730821550877 
 2.457071066436  -8.841762635232 
-4.151213320511   8.208860323375 
 7.982911012886   4.585340357821 
 0.536478834549   9.210828030179 
-8.093427821252   4.524971436579 
-0.912515649669  -9.263570917500 
 5.281578685623   7.725047026382 
 9.188612539925  -2.004412374451 
-7.963941037486  -5.025637657515 
 3.948332820913  -8.566959352126 
 9.608973450283   0.061209557012 
-9.389938178537   2.067983926900 
 1.174551757780  -9.748520873353 
-1.269044923201   9.801548628321 
-6.348396508796  -7.713550362629 
 9.652888565428   2.796491457073 
-3.607396036825  -9.466624253256 
 5.782119017971  -8.376676466608 
 2.233302944173   9.956466394074 
-5.302163737484  -8.814018643678 
 8.118086387374   6.327049344992 
-5.990492910784   8.444647494604 
-8.208509327413   6.364451154325 
 6.839868158330   7.945404731217 
-9.697914555587  -4.026130040432 
 4.192627030158   9.657790822617 
 8.478131093408  -6.417942934327 
-10.094304922814  3.503312624821 
-10.796078938797 -1.053556099235 
-10.851082822894  0.634281124591 
 10.903193325932 -1.556580653813 
-10.746528992449 -2.555458753550 
 7.301243219100  -8.361489563715 
-9.886780917944   5.130531280829 
 9.706531579958   5.488222769778 
 11.096134823247  1.287031050877 
-10.993562440506  2.160003796684 
 10.099975143047 -4.849213717747 
-5.163397238008   9.945593682860 
-9.219810942283  -6.492754982831 
-1.948886336717   11.146732281554
-8.066929077123  -8.081587424928 
 0.060258643324   11.471079259096
-2.038548439558  -11.344477673170
 11.174708559708  2.963451513577 
 3.460703287813  -11.034881720162
 1.003880816577  -11.553939960031
 8.539612200904   7.867475858620 
-3.748851624128  -10.997370859792
-3.919060513111   10.987687525439
 11.170119970038 -3.679281893460 
-7.347835285028   9.184639021798 
 3.649911163453   11.199346581689
-11.242039361176 -4.036231559193 
 6.948971394814   9.730373310088 
-6.991273544477  -9.778808695066 
-5.552275381154  -10.686199917273
-9.525765033287   7.437444379191 
 1.795218939935   11.957494575247
-0.587178766147  -12.108064849269
-11.308103286901  4.460286209985 
 10.149448653813  6.926305458947 
 10.274084175627 -6.812261235591 
 11.447268825952  4.687640822964 
 5.254123302540  -11.235929338798
 8.813790374099  -8.861644646484 
 7.576157517028  -9.940813827998 
-12.607093521949  0.262167988351 
 12.730526448389 -0.681244915738 
-12.615387443805 -2.067600465321 
 5.750915267280   11.490057176426
-10.889289575431 -6.856955427797 
-0.900071078599   12.849018539954
-7.261574665155   10.728075407161
-11.809533709023 -5.439221574363 
-12.564108326700  3.486235503829 
 9.064782182466   9.388802259742 
-3.626942573712   12.681041868391
 11.584152544277  6.308669539501 
 12.886113057699 -2.909873836872 
-4.698240565253  -12.352846983941
 12.818922732272  3.228995555574 
 1.981199212230  -13.172587932536
-9.468414138016  -9.465336546609 
 13.391099814814  0.687997695803 
 10.434426693527  8.428152050027 
-12.778364372871 -4.202855627796 
 3.658803056423   12.949172553433
-8.804576120394   10.272940780112
-13.397573300131  1.968323541326 
-12.371997176272  5.594062760888 
-10.051240604494  9.150414139592 
 12.675043973029 -4.925131875666 
 7.311614801940   11.487028913527
 3.734612551030  -13.102769579821
-6.497169518634   12.031856219719
-1.483483183457  -13.648505229181
 10.450201418104 -8.908486781867 
 0.070846021901  -13.770021384037
 12.973942454937  4.758045225799 
 7.769162920912  -11.453335551570
 9.158775131077  -10.400777330453
 1.705417639513   13.767286029370
 0.127851429611   13.942512730676
 5.259856541364   12.952320627088
-7.366170360909  -11.883946662128
-3.302058156151  -13.634980933933
 12.445952305124 -6.614890760445 
-11.550058021399  8.134950751712 
-14.120134888718 -1.096043748361 
-2.541030118293   14.059470012404
 8.811486591222   11.375719456890
-12.391671767555 -7.618992168814 
-9.574805245264  -11.000276284742
 14.291205149635 -3.539282656409 
-5.917421245614  -13.519663257395
 14.555970579582  2.471574280334 
 11.298501977501  9.683034687550 
-4.936883388254   14.050162265226
 6.903542990791   13.206421065359
-11.533742185775 -9.491175219459 
 6.916622746295  -13.270453019476
 5.004857263270  -14.124730248306
-14.770701073837 -2.723396431107 
-14.961448712050  1.374699120025 
 13.416746765191  6.834768777822 
-10.984828928583  10.348439776118
 15.067648432653 -1.047879128763 
-13.195949758749  7.473324699616 
 14.231237495320 -5.352498042837 
 14.536370780353  4.458097730434 
-0.844017687032  -15.194724098512
 4.509745029613   14.579592799486
-14.629457917080 -4.363892005252 
-13.809959490766 -6.556039217358 
 12.656805956426  8.704724809918 
 0.670658090592   15.355212277411
 2.383931947612   15.206741336192
 12.500466394907 -9.020518300871 
-1.750637115493   15.335662775125
 15.515938328373  1.045272920713 
-9.313530919825   12.526080908844
-15.231931257380  3.618635094524 
-4.837736542560  -14.903493893865
-14.729823901088  5.587408822858 
 13.990518247638 -7.380330274495 
-15.839652072123 -0.223312058251 
 10.875163352008  11.560416699823
 1.634269922617  -15.854780756006
 3.865434454380  -15.504071679925
-2.316099954882  -15.814946554566
 10.046644431229 -12.467038433538
-4.292579719689   15.485091122361
-7.643066780415   14.170091314544
 8.580142807978  -13.638214353462
 11.244452886834 -11.557358231499
 8.506545816586   13.745709052288
-13.413943207218 -9.057423605802 
-7.454643884368  -14.392436740085
 9.806317130782   12.927586433424
 15.846834330849 -3.619555213290 
 6.759004995995  -14.873293263406
-5.943485810756   15.224601604179
 16.030714826103  3.535739244831 
 12.520713691661  10.716589660121
-11.141785799504 -12.146729082144
 14.250623800195  8.332591510362 
 15.068686332048  6.804105728333 
-12.346662056156 -11.146443524829
 3.593564387406   16.292615399810
 15.507102492341 -6.190769569210 
-9.745413804417  -13.559500962095
 7.114700029877   15.141783187051
-16.517496178383  2.812334794135 
 5.732574623739   15.744230994710
 16.836102407164 -0.066514485406 
-16.073819496948 -5.055308469598 
-15.133759388945 -7.495673897895 
 0.640806583657   16.886760170278
-6.454553316006  -15.658738649604
-13.805206452781  9.847273772245 
