-0.634179241821  -0.958137748072 
 1.051722153359   0.533183875273 
-0.994596754373   0.971620674402 
-2.107216467152  -0.047615119995 
 0.114335092657  -2.367678246156 
 2.467607994661  -0.005432297013 
 0.852328679933   2.419578822456 
 1.639001461954  -2.018544720569 
-2.086639480394  -1.735464297247 
-1.784656764286   2.281542433522 
 2.706688452348   1.495742973409 
 3.105522838865  -1.665684803116 
-3.446903974176   1.522355305725 
-3.772363543247  -0.380001656494 
 1.664471417915   3.784175681920 
 2.982055703890   3.044610135087 
-1.978693370508  -3.784623723980 
-1.095980264679   4.319190638414 
 4.603094111348  -0.375338740076 
 2.896672778602  -3.622857876988 
 4.204206845426   2.012980748026 
 0.393074542145   4.653403427223 
-0.482250295514  -4.725994604151 
-4.200415226037  -2.399751073226 
 1.804129176011  -4.657952013699 
-5.094898718862   1.542401238213 
-2.942824695343   4.450522229940 
-4.347739661189   3.139315904421 
-5.526610725664  -0.435242483799 
 5.393563854552  -2.000086846167 
 1.012618939064  -5.951970688952 
-1.629031475176  -5.855413056624 
 3.529366663414   5.021734197975 
-3.227018942781  -5.230443772182 
 0.361580208825   6.201794242293 
 6.244548120085   0.450903479057 
 5.933461374612   2.070579916668 
-4.770903451869  -4.296002608359 
 2.264411791446   6.038717277023 
-1.830777432805   6.311508589341 
 2.550121870886  -6.078238615296 
 5.105592464838   4.223631881369 
 5.239543776474  -4.112123171602 
 4.383959877793  -5.353135397192 
-5.526231697396   4.182135037078 
 6.807101025754  -1.473605784339 
-6.443415291313  -2.814379881860 
-6.959075861931  -1.061103506269 
-6.580309588281   2.679434929962 
-7.370943306733   1.319481299501 
 6.808928168292  -3.155656478172 
-4.724377802399   5.853584122443 
-2.327363790800  -7.261467916326 
 6.609871225001   3.812802988798 
-4.314174236733  -6.301604319454 
 0.971168940235   7.645251066756 
 7.628109604069   1.652440148713 
 1.232523438169  -7.804385388280 
 3.203353700143   7.295201579795 
-0.983585037353  -7.966906097466 
-2.368388514170   7.782354109778 
-6.914099385983  -4.500355399643 
 5.772314225478   5.993515712129 
-0.567782904879   8.333762656684 
-6.280183337532   5.659246197001 
 8.243144144157  -2.084799094243 
-7.521537061540   3.994183789938 
-8.531232215585   0.312722362037 
 3.422151518554  -7.854884290028 
 4.869388450230  -7.217087807868 
-4.353544598792   7.674307751053 
 4.687047868843   7.559555809745 
-5.769602857429  -6.811639345559 
 8.972709706137  -0.634609037775 
 1.951339571554   8.797729155532 
 6.884025663503  -6.022412828334 
-8.907145342533   2.102461286589 
-9.085823878877  -1.135006796936 
 0.794080015614  -9.245800855253 
 8.270152589168   4.223604596388 
-2.773176462488  -8.941184277749 
 8.696178676698  -3.554676819585 
 0.542411385573   9.574075288811 
-2.316668542848   9.316681301122 
 9.546809934528   1.428886466709 
-9.224490562499  -3.015195284750 
 7.769510259584   5.843138160886 
-7.359574768597  -6.466635800523 
-4.738208288825  -8.622527254738 
-8.794036323076  -4.577087373536 
-3.912225031098   9.213247342344 
 9.524376094942   3.086088563472 
-10.078687068901  0.033501355674 
 3.979547248716  -9.264888162574 
-0.622700552725  -10.128063150921
 6.186925675968   8.117172756903 
-6.454271749418   7.958883688732 
 2.333112466169  -10.007943406207
-9.374468914212   4.239343771952 
-1.160791790099   10.348267145797
 6.924307555023  -7.811696712287 
 4.802879313291   9.345049217184 
-8.019113493305   6.897585536688 
-7.252445560753  -8.015445968191 
-10.414676722565  2.902669291819 
 10.683928460483 -2.059732380186 
 9.258848426002  -5.766351753230 
-10.836726316259  1.383072548729 
 6.096667080572  -9.108011743696 
 10.976118401823  0.561960088712 
 3.274098617758   10.524809774287
 10.218496475862 -4.344394839088 
 10.896192823577  2.430381922302 
 0.387060337289   11.166393130342
 8.203127707231   7.628497823655 
-3.827408723426  -10.645122039687
 0.372758601741  -11.390563929762
-10.147323901681 -5.257244053144 
 9.891371880128   5.746564891362 
-11.396935106899 -1.749940037025 
-6.548217454956  -9.532405339667 
-10.253099431030  5.466377619412 
-3.822732500344   10.974406317203
-5.470043614861   10.388089642985
 6.821617041122   9.631257163158 
 4.808553467531  -10.814114455489
-8.133210787271   8.650929712370 
-1.893644797510  -11.770423470679
 2.106877095656  -11.841456885565
 8.820984443591  -8.222966860469 
 12.042148405975 -0.672234170415 
-11.433561850276 -3.861206253989 
 11.542472339099 -3.583989599656 
-9.978883802931  -6.867444760946 
 2.162362533627   12.110645006875
-12.316068639531  0.176044793971 
-1.592690356524   12.279950797906
 4.899158493334   11.600495004372
 8.677921895838   9.144762846284 
-6.045181877068  -11.071156764055
 11.699574088220  4.795011606208 
 3.889905277888  -12.094857921465
 7.129213277083  -10.529418697715
-6.962634911615   10.645190049539
 12.478291104500  2.497216629591 
-3.791213388659  -12.164535793118
 6.399966366595   11.074944310331
 11.586672288900 -5.453567294075 
-11.791464513372  5.275234596322 
 10.050023852203  8.166752270180 
 11.183793683144  6.632654242164 
-10.216769653867  8.099615297616 
-11.163139402947  6.783409104741 
-12.844382737691 -2.799806490953 
-13.085034625098  1.992602907415 
 7.915710205779   10.670301493720
-9.616716300209  -9.182748135515 
-0.774350973391  -13.281823970262
-11.960458422340 -5.887707601249 
 10.965207199229 -7.595018895060 
 13.193586710999 -2.731714672966 
-2.944382988564   13.153481162625
 5.971750992029  -12.196019419043
-13.079511446603  3.719284968710 
-8.476278881179   10.664940952075
-4.449017123863   12.903940591729
 2.742166606922  -13.393885434478
 0.554330818491   13.684731796131
-8.555614553332  -10.802717651108
 13.785271948375  0.079211986969 
 13.214999325401  3.988277816376 
 0.733508385286  -13.801650430849
-2.682530672829  -13.564704749218
-9.846302062941   9.755195149716 
 8.892568213667  -10.788247006429
 4.477422392408   13.250448021069
-11.830857687918 -7.615886983354 
-14.073357135766 -0.322270562680 
 13.957705653942  2.084498480447 
 9.432187828248   10.520122312226
 2.548312635664   13.919490875361
-13.538807934288 -4.244504195861 
 12.809946928327  6.160633045577 
-6.243824701599   12.802618782870
 11.756793782205  8.057712578699 
 6.222822035310   12.962241265589
-5.995960550330  -13.102113069475
 7.639357342052   12.233926282145
-14.270402837140 -2.295555261692 
-7.468053878146  -12.393727562495
 13.639320184276 -4.843035451234 
 12.557767576282 -7.223561941497 
-0.976975735527   14.462873603230
 8.054267578124  -12.145848984789
 5.113948913967  -13.719164416988
-12.154260652823  8.268733849464 
-13.490709276999  5.904156709423 
 10.484397021185 -10.453969576945
-3.965619177758  -14.379920142517
 14.856235003802 -1.813406881002 
 14.621634441007 -3.323831406797 
-7.769088887677   12.830069588833
-14.336792740848  4.648511709194 
 2.195721871025  -14.915828567119
-1.509354080895  -15.049482475498
-2.434891389397   14.947741305765
-15.124933579022  1.245077075452 
 12.004767798109 -9.299371053610 
-10.299235978929  11.201761513232
-13.497337255389 -7.082133935478 
 6.900336214183  -13.630874260513
 11.835481588402  9.711909716930 
-12.168178421952 -9.330540189844 
-0.034213842198  -15.342420012324
 14.305711852284  5.699562211980 
-11.771633324435  10.019206452694
 1.488237798308   15.446991776834
-9.315684649146   12.423311281473
-9.705397261076  -12.125390473903
 13.631827343486  7.517728015534 
 4.023475018152   15.251035261696
-15.338303166045 -3.683670166513 
-4.370680341564   15.193890224208
 5.535036781887   14.823148851746
 3.847868918990  -15.372569245450
 15.318321942208  4.083574259010 
-6.469300002704  -14.562283972699
 15.948183026824 -0.262288902386 
-2.955034572183  -15.690307656106
-15.703026435216  2.929353533019 
 15.117496944864 -5.228510706515 
-14.757465886711 -6.193326232885 
 14.466143441610 -6.879601773266 
-0.253587328349   16.030681324575
 9.259055431973   13.100249165632
-14.243876633845  7.467625746195 
 15.884403989206  2.528461094822 
-11.305361099865 -11.625018119094
 7.105139173625   14.601809787476
-16.305862005105 -0.063989809974 
-15.118462394114  6.140997761423 
-13.480758270102  9.234521982602 
 9.036071881421  -13.672036195069
-14.106102410240 -8.454997820105 
-5.222217772887  -15.689872100515
-6.405633814908   15.396499974535
 11.090042057868  12.481245088315
 10.498140187670 -12.995036087650
 13.516751335911 -9.858287812410 
 14.429711444413 -8.531518145174 
-8.460348215307   14.478017555253
-11.656695309861  12.058519646978
-16.116033021583  4.817324946298 
 16.501292523901 -3.406061579616 
-16.853077382193 -1.512380533154 
-10.282075501206 -13.542916981973
