 0.247803380847  -0.064761790235 
-0.628466038031   1.577482380871 
 1.733011506749   0.646457098087 
-0.000284453832  -1.861980480995 
-1.991697908882   0.941191997719 
-1.804062032823  -1.891690821292 
-2.560253146325  -0.560109548672 
 2.333849262618  -1.324090409592 
-0.185236638359   3.133153914267 
-1.947044991900   2.545940042984 
 1.540211845342  -2.817456393359 
 1.804065383089   3.026054490275 
-3.601083140039   0.752684991427 
 3.793398785080   0.121805994000 
-2.865501565299  -3.237443143412 
 3.965711893117   1.919946443522 
-4.368150485172  -0.917119102682 
-0.944510624631  -4.368478319454 
-0.240315603070   4.635560209374 
-3.690710268449   2.885633613764 
 4.634907326220  -1.232805983786 
 2.263249813331  -4.421756586707 
 0.675076122603  -4.947738838974 
 1.757757060336   4.733045658628 
 4.487945603177  -2.762975267165 
 5.273274981453   0.769306581383 
-5.232015548793   1.232997257107 
-3.284821195569   4.393110230703 
-1.753883576345   5.302705337643 
-4.714149111880  -3.032821672374 
 3.971144433198   4.055772626437 
-5.722873792732  -1.736015857007 
-0.373034581043   6.213840604319 
 5.353679212567   3.318850537004 
-3.634782140914  -5.242982499922 
 3.850810041588  -5.204238542060 
-6.476491763343   0.090586525799 
-5.681909768329   3.182880578314 
-2.400725890543  -6.106658298522 
 6.581624754163  -1.334128442561 
 0.647978489790  -6.726954846955 
 6.761265866646   0.297651334115 
 2.849593531431  -6.324647603126 
 6.747485409487   1.813469842653 
-5.119802651233   4.872105118546 
 5.864212565103  -4.073807458379 
 1.313213095806   7.099813434955 
-1.160731078589  -7.144462884455 
-6.638608778656  -2.964919860678 
-3.935655199035   6.237129420879 
 4.814594023153   5.743084429804 
 3.068893909614   6.937174395645 
-7.137885586819   2.696449092925 
 6.764284262199   4.073899976156 
-2.845100767518   7.379173403825 
 7.298540629205  -3.105184358840 
 4.891855391879  -6.303355306579 
-6.760972765948   4.257122349603 
-6.063936160302  -5.224501914115 
-8.029430812219   0.077251393935 
-7.914047436660  -1.865608774338 
-3.937013127527  -7.395391440397 
 6.397407476535  -5.548783251823 
 6.387962427246   5.678129814503 
-0.213447010426   8.574540707504 
-0.034809482189  -8.649157976503 
 3.211937833476  -8.033908946626 
 8.648873343613  -0.882550021291 
 1.798089858011  -8.698323522812 
-6.681452416042   5.960515267366 
-8.325946748908  -3.412827377186 
-4.360450864694   7.905703823869 
 4.075078226426   8.096137410803 
 1.788628300281   8.971012378264 
-6.155472348628  -6.784769704608 
 9.027256969416   1.957665533301 
-8.762119473151   3.228258522889 
-9.324391930283   1.640857484178 
 5.209612631001  -7.921434059231 
-1.809157306914   9.308483924128 
-9.476868348040  -0.422153906133 
 8.123610921486  -4.944679016987 
-7.673534696917  -5.621888036832 
 8.486527471427   4.423091893138 
-3.594333296043  -8.922817551722 
-8.364369690798   5.083299306227 
 9.476097925724  -2.546329695491 
-0.977985225956  -9.851361689507 
-5.491721213218  -8.262859716550 
 9.932314557072  -0.029421031110 
-6.335303929664   7.746816175792 
 7.271778716703   6.982512326444 
 5.735174724252   8.330255179271 
 0.753720864477  -10.183660288047
 9.472451228112  -4.285546838045 
-9.863617725576  -3.306330490453 
-3.186716119640   9.924377120910 
 3.674610130007  -9.848091121684 
-2.617811394207  -10.183002826622
-8.038956288328   6.827694759303 
-5.306919035274   9.118171845894 
 1.627483245562   10.471007822005
 8.525072166611  -6.446790232407 
 4.423466592925   9.756145574447 
-10.586572455673 -1.950850019272 
-9.629023952658  -4.870285932080 
-7.144397712735  -8.144867233791 
-1.360556834570   10.782814821550
-10.588146246847  2.572892766941 
 7.410324606820  -8.045512456820 
 10.890147960219  1.367367334768 
 10.305202835558  3.850600157509 
 6.246221982545  -9.066478570857 
 10.975060787028 -1.809976986611 
-10.370204189047  4.072985320498 
-11.192585105980  0.551834465119 
-5.858488361244  -9.864958981903 
 10.955813747725 -3.453951047555 
-4.333437760393  -10.664076054273
-9.666064468825   6.276280022292 
 2.967979175925   11.147419487048
-9.699963847290  -6.383991217492 
 6.450159523125   9.680620558586 
 2.840440957745  -11.308155837421
 1.152321333832  -11.656234535910
 8.758911731741   7.834220054307 
-2.031478529652  -11.577517643123
 9.885551183679   6.384053201045 
-4.667554782117   10.808055078777
 0.090147395061   11.810481644365
 11.625679180476  3.089435641745 
 10.638404855485 -5.622610621522 
-8.705581437862   8.406517012701 
-11.420485312582 -4.057328784924 
-8.771970780959  -8.405223905208 
-6.652727017841   10.230374235267
 12.228162742332 -0.875005748146 
 9.898915195021  -7.258356234893 
-0.449258307228  -12.283355332778
 5.334219110599   11.104556816290
-12.241496861057  2.044140806503 
 8.000284835993   9.512652237050 
 8.198622049395  -9.472527863660 
 4.924048325574  -11.604609998128
-12.086964175368  3.786647354406 
 6.472434934636  -10.898147720548
-3.892870725564   12.132541574987
 12.517607847202 -2.428630925233 
-8.132177943278   9.925665072062 
-10.312334261856  7.708584874476 
-12.537201912672 -3.042472006128 
-11.645011786637 -5.555900294388 
 4.015553617841   12.311501471421
-13.018080945419 -1.443657083780 
-8.206782291569  -10.218383770310
 1.355674804633   13.045276051906
-1.439902853175   13.070823449012
-11.797806742996  5.901920805479 
 12.186028032254  5.147934548559 
-5.554233542129   12.048643922640
-1.873894996885  -13.176885982068
 13.313553325962  1.013874285211 
 10.071421757992 -8.780879830567 
-10.647035956070 -8.140462788358 
 11.688034080138  7.032201699626 
-13.665412721484  1.040308971170 
-9.785551715716  -9.602260281194 
-7.102286388256   11.736284170443
 13.709059073864 -1.389373976026 
 10.758933336104  8.639346954066 
 8.124743539437   11.295828784008
 12.855885095758 -5.340569744773 
-10.132018419284  9.557668297077 
 2.802322971556  -13.653853823278
-13.026236826058  5.033175731040 
-6.029612228055  -12.640491218209
 1.309950185898  -13.979977804406
 11.993622280202 -7.383947628667 
-4.095083802136  -13.519679559312
-12.106796954250 -7.298966932408 
-2.831645505005   13.851038381433
 0.108167910981   14.154048069387
-7.478434520500  -12.056760915287
 3.198398183854   13.833935172054
-0.292551112152  -14.200765212548
 13.576340061971  4.262742756423 
-12.281936671161  7.397993233765 
-8.913814011855   11.276589863896
 7.624153409701  -12.253472714819
 8.925369667872  -11.351327143281
-5.142264517518   13.503324724433
 7.138738459773   12.669164085542
-13.897978329496 -4.300052649282 
 10.216138128729  10.360313365513
-14.360470981403  2.554110731563 
 5.647137084085   13.480317149821
-14.548974885159 -1.478837957813 
 14.203314064679 -3.515201558464 
-9.483875742635  -11.240837650931
-13.455833664624 -5.972382228801 
-1.445273914294   14.706929683491
 13.258073653381  6.958436924163 
-2.955378715926  -14.685922925016
 6.542991495149  -13.480651648408
 4.962184972964  -14.144340308363
-14.467755088226  4.110550263736 
 14.876554798381  2.640912084033 
 1.962834086906   15.016157004492
 11.770023028001  9.763430163997 
-4.127824579219   14.726294032740
 11.603216680099 -10.038053361500
-15.387415501290  0.235780159756 
-7.253531347350   13.579645554499
 15.466011874695 -1.147515926612 
 10.680143288027 -11.305587028509
 13.617354134339 -7.534466485304 
-4.899149623200  -14.832632018152
-13.642623785356 -7.616504932574 
-10.344870453876  11.763011044996
 14.706400239401  5.573341663247 
 3.448746293141   15.388760866526
-12.847872938005  9.178664829915 
-1.147224568890  -15.756668525390
-11.586161568174 -10.849224209734
-8.298946192094  -13.567665315474
 8.518820229222   13.444311556834
-12.907713657295 -9.335519613338 
-14.754135026993  6.045874976721 
 10.212155015656  12.281994461627
 15.899776594688  1.530831822850 
-15.015962207237 -5.537755872851 
-14.133694787299  7.596331110202 
-15.844778311755 -2.686038012935 
 15.708694435565 -3.525602013545 
 7.272548916970   14.417602650228
-5.896894053266   15.103320995409
 2.936687496695  -15.976759714603
-10.521053210653 -12.378696425471
 15.472095121450 -5.058566166057 
-12.181837545735  10.848055443006
 9.429415358161  -13.323517813327
-0.893269260572   16.329176824504
 1.070889675761  -16.358113639208
-16.017607160626  3.520670029641 
 11.826656844273  11.410274508213
 13.375975693786  9.629919005912 
-16.529291130146 -0.948061089728 
 16.348218733406  3.216563421144 
 13.658549331928 -9.608367484794 
 6.424723152976  -15.447902307286
 15.326313067603 -6.746422442588 
-7.540659494684  -14.956013817577
 8.325884385035  -14.536893729438
-9.980111908009   13.456284737104
-16.221125803526 -4.536463066636 
 1.524703608351   16.824104412499
