 0.351094223753   0.026899362439 
-1.526430487206  -0.412563479588 
-0.257136025912   1.584400571006 
 0.728290944235  -1.569700369916 
 1.518882678513   1.154545938148 
-0.939407471369  -2.099416508298 
 2.284751854608  -0.934059129415 
-2.853351375109   0.580219620334 
 3.278788167941   0.251752880964 
 0.495605106395  -3.380992239065 
-0.898288363992   3.349945506467 
-2.328914371422   2.650140201934 
 2.706213494970   2.526477442747 
-3.539995452797  -1.137744808017 
-3.621485699848   1.874885035186 
 2.204317950074  -3.532250429888 
-2.243104087686  -3.756653944633 
 1.553624298656   4.167239155554 
 4.341037935787  -1.054506803937 
 3.779165758931  -2.499765995727 
 4.491322954907   1.402477279654 
-4.777243540958  -0.198582246205 
 0.007485151276   5.163162260305 
-3.575392342727   3.823059376987 
 3.062150499925   4.339777466764 
-2.088142174001   4.969900463085 
-0.690908456901  -5.348526056354 
-3.823059594962  -3.833402207769 
 1.759006815483  -5.294854314685 
 5.596511257782   0.128607209774 
-5.217064957030   2.601689908369 
 1.636320926260   5.729114658083 
 5.862244592237  -2.004115699750 
-5.729088591361  -2.398910860023 
 4.658818812075  -4.126729931872 
 5.043702147787   3.852868265378 
-6.221570156828   1.258521352644 
 3.600211289127  -5.276670088725 
-1.578262086829   6.440367659928 
-3.381488282827   5.732187933027 
-1.997637280454  -6.637290844058 
 6.844315620596   1.680363271518 
 3.355552306420   6.296056991706 
 4.604250944137   5.463593089493 
-3.906670132073  -6.117972331914 
-0.080672803123   7.261448871996 
-7.174294344487  -1.325681262308 
-6.668686692725   3.127050580843 
 6.684006047216   3.296663978107 
 0.844573551353  -7.523984959429 
 7.658890901333   0.205667431186 
 6.038452051444  -4.733869010943 
-5.022231961844   5.853920600247 
 1.483173195847   7.616289803382 
-5.621365073346  -5.352052748284 
-6.502276909038   4.618416533277 
-3.287818810269   7.321177096249 
 7.417163934825  -3.234455020322 
-1.690755795399   7.940385126146 
 2.668631666057  -7.818501888444 
 4.178662565283  -7.133453881744 
-7.586861393179  -3.379779729377 
-1.626723587476  -8.236446498080 
 6.098187092527   5.873536376358 
-8.247625181625   2.664990012082 
-5.124527922481  -7.033027301506 
-8.745484435930   0.308992336497 
 8.257671351404   3.061686625377 
-4.851459449557   7.362881989226 
 2.895021992878   8.406794612107 
 7.542786397456   4.802038727664 
 6.037212800227  -6.627664652601 
 8.855145805279  -1.733463576027 
-8.721019979509  -2.345053749546 
 4.348597106437   7.976729929370 
 7.506636401758  -5.179923140035 
 0.269531190822   9.157065566273 
 1.114288388553  -9.099385981003 
-6.684708828027   6.449226695002 
-6.618972286022  -6.621406635789 
-3.405510704630   8.858996158894 
 9.359523750782   1.953068466227 
 9.601218155997   0.098582920939 
 9.038147504908  -3.290143376804 
-9.603732180977  -1.050430114283 
-4.468194415281  -8.590746099412 
 5.386983243854  -8.052983317494 
-7.979619848361  -5.510592143532 
-9.583275658648   1.616064493236 
 3.879128270978  -8.919444123986 
-8.986831061225   3.978474714508 
 5.949073428686   8.137852327012 
 7.535057697023   6.782049072100 
-8.557240430248   5.476556649108 
 9.339433869217   4.183842718629 
-2.184496881671  -10.004554119767
-6.187979660115  -8.242216990377 
 2.085611477064   10.185142308478
-0.176734154053  -10.404810401928
-2.395356451569   10.147183399587
 3.705537811764   9.752836140246 
 10.299493020670 -2.151488278874 
-9.966486299987  -3.789336368492 
 8.223151889964  -6.935546451952 
-1.012828932741   10.863163106270
-7.621059198879   7.939610781517 
 11.021736467195  1.697633806482 
-11.115397024887 -1.115522586564 
-10.771391033983  2.993301790701 
-11.178458742871  1.278249579740 
-8.743802839188  -7.087568015610 
 5.226940257935  -9.985520308530 
 9.715287471819  -5.731027317557 
-6.069289713796   9.553827774681 
-10.118691966272  5.076659465077 
 1.243987480380  -11.388299022985
 11.467000328656 -0.872159236974 
 3.396765031278  -11.011526464631
 6.880915262826  -9.249559136697 
 6.092521221624   9.857723831749 
 9.185708736184   7.146391514664 
-9.305079354649   7.013744654610 
-3.740254292503  -11.045439131711
 3.185140608692   11.230145253379
-10.377145358472 -5.359535240553 
 1.480591398539   11.613188293239
 10.787765771337 -4.562728536852 
 8.068564295023   8.592383071335 
-1.299933842497  -11.843427391926
-3.853317603748   11.322120150909
-5.764803442912  -10.523918036780
 10.589571620126  5.675280575569 
 4.888589433920   10.996172446268
-7.539514068729  -9.412581856181 
-11.745823993838 -2.785632201165 
 11.606885315617  3.556132859890 
 11.696223770443 -3.293588172689 
-11.681686518917 -4.363523687736 
-12.507023867108 -0.481249665988 
-0.360133662799   12.634561253630
-2.231029481196   12.468652550747
 12.649630743448  0.766351810969 
 2.362135976265  -12.462924081519
 8.302540373136  -9.910734402864 
-10.558740445040 -7.553661214618 
 10.038876547107 -8.263285690307 
 6.139483259949  -11.479392404898
 10.779427298833  7.317458152544 
-7.675154885643   10.551329310339
-9.288944366953   9.226350323998 
 0.603050373286  -13.148611505534
 3.313063623204   12.773584196623
 4.528259127504  -12.416343431559
-9.533133970281  -9.166221627459 
 6.378874453920   11.599127671543
-6.335898596964   11.632979277744
-12.142923624842  5.301442195981 
 8.305310863865   10.325875488445
 13.228220823282 -1.257099618737 
 11.475735320028 -6.706270035202 
 9.935784388140   8.918118560622 
-11.533600098159  6.850646845684 
 1.558283851807   13.391007276242
-5.020441323121   12.534327845952
-11.928351737234 -6.485781287121 
-8.272999826848  -10.804016225321
 13.369073373567  2.616398849214 
 13.312805012480 -3.030016723356 
-13.488794379993  2.133478207006 
-5.343014121869  -12.654993343176
-13.225749732609  3.835297749413 
 9.802952632482  -9.775577454885 
-1.480527501826   13.770564598048
 12.711840353567 -5.530664436482 
 12.864790223056  5.389296420284 
-3.722049863567  -13.451562184851
-7.143996350794  -12.040841936122
-3.451805783836   13.579528221610
-1.569007054063  -13.952401294735
-13.341417921142 -4.594909379648 
-13.824397998849 -2.929042928168 
 3.023193041405  -13.935987954501
-9.261029751898   10.981178084714
-11.154942419684 -9.129144442749 
 6.087837337507  -13.104887007432
 5.069990143654   13.556283408716
-14.462097840707 -1.272762781352 
 11.281243593108 -9.209140621966 
 9.956797867048   10.630821812415
 8.673005383788  -11.724044817490
 8.550024876338   11.817877417528
-14.591912927706  0.628743575637 
-11.624711251404  8.942489535961 
 0.844536427625  -14.663998867141
-13.097586303995  6.656363551771 
 14.702381986759  1.123551717149 
-10.424893733403 -10.484418412316
 14.259394603027  3.967187924924 
 13.089690915591 -7.015887024742 
-13.541896982180 -6.150150245426 
 11.438872055381  9.589347508498 
-8.444443639610   12.321824479340
-2.812932673564  -14.844168673448
 15.126955777372 -0.841197515442 
 0.528879162695   15.145156015638
 12.908804327044  7.948207339085 
-14.990964081841  2.435511639157 
 12.622684361996 -8.505271689284 
-7.315925203868   13.388784073714
-9.555515564583  -11.954577452202
-4.963633094801   14.513838190087
-13.007672759007  8.160240974124 
-4.610395572068  -14.730060954006
 15.105588089045 -3.230458178236 
 10.843512406578 -11.260033673175
 14.812844851293 -5.012688810907 
-14.835261610004 -5.016969395242 
-13.665542964959 -7.682891252285 
-15.182289039579  4.090693666670 
-11.421810699240  10.855283008622
 7.288328147846   14.080010786243
-15.739663498956 -2.597101008855 
 3.265509637553   15.647244745336
 10.235030023267  12.345171688628
 14.686297727678 -6.529342254948 
 8.058884241212  -13.969464264424
 14.790265630088  6.567544846205 
 4.878363863090   15.437240008663
 1.171062478739  -16.148123570647
 9.851887561892  -12.875847913548
-2.907015208947   15.952127631066
 8.779929014195   13.655297162778
-13.015790064629  9.706610276339 
-7.292644944385  -14.513489830656
 5.482357100958  -15.294269773834
-14.424308355086  7.479529328741 
 14.094611281853 -8.145754570884 
 11.954678263217  11.084822986830
 3.179779327659  -16.007475098189
 12.481419426869 -10.523050627539
 13.137477437073  9.723903722247 
-16.318014330396  1.222402705840 
 15.714302951936  4.596868701465 
-2.035516055282  -16.273548132396
-10.242065191582  12.833800249127
-6.725614450009   14.982476083782
-16.410393326439 -1.113303037969 
-9.008788689172   13.773885503346
-12.453058762505 -10.810639157586
 16.399198724961 -1.933009379885 
 16.437433048806  1.932367182056 
-0.561668272096  -16.555376058569
-13.787525080693 -9.199104759100 
 14.489765359258  8.120099679954 
-1.181647190065   16.578698292249
 1.258603539673   16.582740257672
