 0.329874753987  -0.698858296529 
-0.274453181691   0.949862415794 
-1.312205814784  -0.541640945423 
 1.781153066251   0.765262645036 
-0.294956250699  -2.152064354824 
 0.764035092551   2.052657335149 
-1.730491576878   1.349932557287 
 1.364412259646  -2.222039583828 
-0.933952634764   2.817997734434 
 3.023017695147  -1.114173245194 
-3.246722763973   0.468669940013 
 2.440219230677   2.203510908372 
-1.543060689880  -3.293199736953 
-2.944934747342   2.246890405419 
-2.944765726698  -2.404024936485 
 0.492971421722   3.772402231552 
 3.930802628558   0.485467611033 
-3.958474188644  -0.893164127929 
 2.618140946532  -3.639990840880 
-0.445149710899  -4.462409009505 
-2.289719665322   3.939918292071 
 2.313838086197   4.088476737115 
 1.461329596250  -4.614765471075 
 4.464187746682   2.216993454423 
 4.832410716256  -1.702295875264 
-2.757935396259  -4.380008029597 
 0.430747781274   5.311293252704 
-4.109850535387  -3.544484558479 
 4.006535078193   4.008560138358 
-1.804615971425   5.383299073610 
-5.623275914033  -1.401768871839 
-4.346093773034   3.882021786982 
 4.031045732951  -4.220615642012 
-5.629676580737   1.592097701428 
 5.853687130430   1.045589321754 
 2.042203506995   5.701534540075 
 5.352425764211  -3.330892007235 
 2.408699971318  -5.903675888733 
-5.595199734465  -3.208011152502 
-3.300972821426   5.569664695555 
 3.575019944316   5.449878831984 
-5.725507202542   3.229161217798 
 0.480907810104  -6.580012544665 
 6.298311810811  -2.085641387658 
 6.696493750495  -0.614805586165 
-2.871209136155  -6.118752277788 
-1.310705657446  -6.743719061941 
-0.678665390380   6.892671938395 
 5.921326892656   3.652744204372 
-7.036873407884  -0.173380162672 
 4.155641578937  -5.858935110936 
-4.908000703288   5.287364997546 
 1.541307154162   7.188401978433 
-5.191390654306  -5.267323656824 
-7.406916170771  -2.133015581365 
 6.739046243409  -3.965412924386 
-6.298158952310   4.680574344745 
 3.397939440957   7.102256787501 
-7.730027988799   1.825019300305 
 2.446906596448  -7.566757150631 
 5.227809924686   6.016374614399 
-6.877208515091  -4.113580161617 
-2.195254799836   7.737498122718 
-4.198843625582   6.953962559922 
-2.397031509642  -7.892389302139 
 8.061367638571   1.881117819513 
 0.113457154626   8.412593547821 
 6.951907246002   4.754228194510 
-8.814892278328   0.724301352385 
 6.636358403699  -5.858389024093 
-6.618912284492  -5.909218423863 
-0.457226383667  -8.878306670382 
 8.895185617507   0.057561548988 
 1.443734888249  -8.855217512113 
 5.414654784705  -7.156286511400 
-8.959791967990  -0.958605440786 
 3.822599607411  -8.187593212136 
-7.814055304321   4.559804331058 
-5.428635129820  -7.262558375214 
-6.480086637719   6.343705841220 
 2.643430277843   8.697936466546 
 8.901305464279  -2.344049837754 
 8.301306212621  -4.136007002088 
 6.434916967518   6.973351625604 
-4.395549880848  -8.473296176685 
-8.944045404207   3.349098820112 
 4.810457055465   8.305044992219 
-8.475260810445  -4.558518014377 
-5.235603510635   8.108031922331 
 1.048550237146   9.613994047109 
-0.971923404199   9.711534131120 
 9.346784381145   2.895431777116 
 2.948100691120  -9.412209473683 
 10.068528159938 -0.997605514532 
 5.256187514641  -8.671121823557 
-3.862769772878   9.377214375107 
-7.197315454646  -7.431754379571 
-10.328711827845  1.226850504601 
-10.018637401230 -2.921671085482 
 3.921624422247   9.696523145496 
 8.684969645674  -5.833037400514 
 7.486465582875  -7.328108892959 
 1.239605292952  -10.588393928926
-8.794327719406  -6.041855737877 
 9.975187048380  -4.012262309266 
-2.359224231887   10.499950002157
 8.437978235977   6.875788856383 
-4.447909162589  -9.978554993949 
-2.398444843810  -10.660247847599
 10.921059716063  0.365265113957 
-8.310163038243   7.109033689835 
 9.384861860082   5.685269368845 
-10.859190693531 -1.642622825640 
-5.442552341795   9.598129180870 
-10.448114531685  3.637266809323 
-5.841104301662  -9.415445441903 
 4.405148000157  -10.172495705736
 6.143820837477   9.255098446951 
 1.905019931804   10.976359197700
 7.595012775992   8.356547689670 
 0.128978928588   11.306040958411
 2.799587391684  -10.967191278264
-0.401628558242  -11.356503448793
-7.681831215610   8.473179409387 
 10.577851662812  4.439382239309 
 11.149886597215  3.027767070170 
-3.841534976616   10.924119234678
 6.748998309831  -9.651277553646 
 3.620645361623   11.251802871730
-10.382865016012  5.802032969883 
-9.102174039345  -7.721562434052 
-3.838557743605  -11.372489237731
-11.692697841303 -2.905860782937 
-10.680919953894 -5.628320746254 
 9.679061211562  -7.220028586906 
 8.289914173501  -8.798260199069 
 11.936256657927 -2.063243287709 
 11.572357614405 -3.738441599300 
-1.822519196793  -12.055804694516
 12.078596213902  1.677372170763 
 9.464300206805   8.183611730318 
 1.133585478961   12.471927683568
-12.002456894345  3.641065155460 
 6.455494871159   10.756572746453
 5.423711781394  -11.324753591955
-12.557485023131  0.344983866882 
-8.676123595438  -9.233521588946 
-0.471733229131   12.706256204813
-6.330800471979  -11.075105480145
-2.934054470610   12.490400222387
-9.655626319540   8.486359303850 
 0.149795856437  -12.917590252851
-7.733637135667  -10.410800195485
 10.780293148103  7.233477568092 
 11.833125249781  5.360904487148 
-7.868989298295   10.348555143552
 2.955829332717  -12.781387865547
 11.327571856441 -6.655504968805 
-4.562089265576   12.332984517311
 12.674475479759  3.911748082068 
-13.116803164110  2.129294219071 
 5.598216818121   12.063428004419
 13.406669605531 -0.243767984692 
-12.207687553788 -5.587044732846 
-10.686516758007 -8.199886510236 
-13.093257991622 -3.792767934092 
-13.473789344679 -2.168366551657 
 3.488896514781   13.229271909738
 13.504425775761 -2.274011349816 
 1.632128384216  -13.615749463077
-1.872111745564   13.591458638014
-11.491446682966  7.538348183630 
-2.207102025544  -13.597722341567
 4.553251035049  -13.022686235957
 12.725503145240 -5.384236457261 
-6.329993943247   12.360136515923
-12.947395613804  5.035277125574 
-13.883342137766 -0.583160502029 
 8.767829168215   10.786888190947
 7.777173681886  -11.572445196240
 13.495153314568 -3.792762159939 
 11.376769552663 -8.190225472827 
 9.210820560592  -10.636466644559
-12.024352787223 -7.334411724626 
 10.788163238617  9.080607103833 
-6.095487425393  -12.750292956566
 7.340634056596   12.080687710234
-13.708347057606  3.610423065146 
-4.468053538092  -13.565455953640
-7.988286309372   11.873507454735
-0.608593420048  -14.300181285091
-10.331155866973 -9.948484536724 
-10.367921790119  9.920887215215 
 14.003726635867  3.164863291835 
-0.472850080095   14.356902590562
-3.978278435365   13.860523677116
 10.831015388201 -9.613343295757 
 5.326166521795   13.626014808368
-9.152828960377  -11.435080004756
 14.655526949938  0.976441076688 
 10.266223253744  10.598410922902
 12.829217740402  7.335665667126 
-13.970686319118 -5.266537385764 
 14.923930373270 -1.048751249173 
-5.847257877308   13.899481019726
-8.269840317252  -12.653295008374
-9.889464836513   11.451434385718
-15.031572616476 -1.883912719058 
-11.869073808607 -9.414175036614 
 14.049834562105  5.717102695989 
 2.171037919062  -15.021421892819
 2.296034001546   15.052196504305
-15.152939392682  1.708160373223 
 12.916134390729 -8.121959089967 
 8.895439948541   12.408941421506
 4.192186777086  -14.810907907510
-13.620886834584  7.218807513903 
 4.329820431520   14.840902074851
-7.802109731223   13.375401550674
 15.274238104304 -2.790561684177 
-15.543498249809 -0.204819498701 
 9.821622060409  -12.073365936990
-12.077197718542  9.945249421391 
-14.985897987609  4.534995720705 
 5.710258140679  -14.579129788314
 7.727228791180  -13.621648269067
-13.643210341122 -7.755657223113 
 14.093215297809 -6.925992177188 
 12.882832800533  8.983897856420 
-1.198964558191   15.669479362486
-4.915655496199  -15.042865832805
 11.879019924064  10.496070497797
-10.979801698755 -11.453060378032
-6.886096606064  -14.333782207040
 6.798703529159   14.376488109911
-3.089821965447   15.604464283197
-0.163146874287  -15.909466653567
-15.405362794345 -4.056714659779 
-14.827132737527  6.234534346147 
-5.163696105717   15.306611936051
-2.464943282177  -15.984020931060
 16.173172558752  0.453503494155 
 0.702566168171   16.178337313376
 16.069915818321  2.006998428288 
 12.279523438217 -10.711307207391
 15.228146150151 -5.866985538569 
 8.596125745538   13.879624435170
 15.955183512443 -4.193698886489 
 15.917754385138  4.669768692622 
 11.168667842252  12.284090277293
-10.516812300046  12.888672956602
-13.570598348560  9.669442780326 
 14.608609256839  8.134383599775 
-7.640169057362   14.978437296123
 10.119981593035  13.527232226064
 4.706645190749  -16.244541051418
