-0.590370080155   0.011362598584 
 0.176507794845   1.457084945841 
 2.081446039866   0.167471389161 
-2.029890932147   0.567528910120 
 1.413335216040  -1.646370626159 
-0.428178717605  -2.198330962179 
 2.888406886401  -1.345510198292 
-2.114373585797  -2.416062463286 
 0.929539533009  -3.114784945627 
-1.371482843675   2.989356340670 
-3.160207533910  -0.987789511834 
 0.124322229075   3.322245683401 
-3.058591559926   1.779563698371 
 2.774052273900   2.640425607552 
 4.094953774720   0.123288715196 
-4.111752898435   0.679326729005 
-1.244764344115  -4.189519095691 
 1.129772264097   4.468258476356 
 2.835080988309  -3.696047554952 
-4.251829345892  -2.176603470860 
 4.303571593053   2.097172066325 
 4.099623666196  -2.576051327887 
-2.054197386857   4.429629658701 
-4.056044596811   3.055009314435 
-0.318806079610   5.154014966964 
 2.909990592564   4.365567584650 
-0.297248577921  -5.384144414077 
-2.982808734794  -4.514414372537 
 5.309236217426  -1.151655688651 
 1.630510488542  -5.219980151706 
-5.282098633578   1.654850448188 
 5.580459880463   0.604420490605 
-5.754387986512  -0.429747038667 
-5.698415134520  -2.578257427364 
 5.430294378528   3.247592303331 
-3.852761369545   5.019866276182 
 1.504977393976   6.161284951022 
 5.297579080804  -3.495346228445 
-1.500844413222   6.248063338472 
 4.675338292735   4.559251413256 
-1.986686455613  -6.245043033477 
 3.928981618192  -5.448672476114 
-5.279490360470  -4.430218618081 
-6.945626570136   1.784278211875 
 0.382924002529   7.227433474487 
-7.061963284922  -1.599410937307 
-4.109522025385  -6.048816676034 
 7.211683473346  -1.362916324552 
-5.662803122124   4.702033774542 
 6.751152388424  -3.005631724766 
 7.390063413641   0.672222112873 
 7.148682182856   2.285317853192 
-7.576742870170  -0.166176841104 
 5.587949245853  -5.210462419486 
 3.341901275402   6.923905101457 
 6.250248260171   4.617243996666 
 0.360978041412  -7.915885102755 
-4.880890582999   6.321358878243 
 3.198199192533  -7.326373412128 
-7.236474779937   3.410732122774 
 5.446466059641   5.887743039641 
 1.775260527768   7.937205383686 
-1.150397829800   8.094677146735 
-3.471804543375   7.529091241892 
-7.858789417291  -2.962735554468 
-3.548513858534  -7.762988916425 
-7.216066676667  -4.725100036985 
-2.144833128522  -8.402646040799 
 8.315146304520  -2.635604667105 
-5.745521242903  -6.568210958183 
-8.640187570518   1.627702896756 
 4.691654017901  -7.646549787620 
 0.296382773824   9.003805850973 
-7.600077791093   4.981647960138 
 7.806395118406  -4.834300165824 
-9.024536717178  -1.713905100624 
 6.073413350570  -6.909951524390 
 3.973539678330   8.310288616834 
 9.212552409575  -0.792573330087 
 5.356074859058   7.655487271977 
-0.961994329487  -9.365680164197 
 7.949003466937   5.158795255891 
 1.888296141749  -9.303431741641 
-6.833903376764   6.599643265081 
 6.721414513558   6.767092832015 
 3.718265142393  -8.859535736895 
-2.294081587039   9.370779950751 
-7.515582160300  -6.197342482110 
 9.051696344390   3.621217154794 
 9.779972911559   1.396866775923 
-9.343979755551  -3.221426599496 
-8.948891036134   4.315490656764 
-5.299706283249  -8.446371185532 
-10.116777453235 -0.592268379303 
 2.085687218569   9.965336238642 
-6.381996150877   8.031700231118 
-3.988111928258  -9.532601892382 
 9.779441675006  -3.442254222291 
 0.212200358161  -10.389926898083
 7.568720727736  -7.149242797080 
 3.694806224480   9.879423987024 
-2.620941217697  -10.239553124443
 10.459465260105 -1.679990206123 
 6.277948842177  -8.601196139525 
-10.492445524888  2.154518427452 
-1.082512357536   10.741962370799
-7.516452409157  -7.799148788621 
 0.745786002284   10.830307157927
 10.441314144944  2.976400956532 
-5.128726507154   9.594678315192 
 9.119477349545  -6.226312556687 
-3.361397675673   10.527988112140
-11.108119454614  0.645726195521 
-9.876732102157  -5.137161062940 
-10.946866655781 -2.299498722737 
-9.093873370924   6.518739790582 
 3.445540251382  -10.694882403795
 8.153522058147   7.827375723008 
 11.298552117576  0.893636137197 
-8.998901839752  -7.120243869831 
 6.694598140384   9.465020321457 
-11.085407572917  3.657706759965 
 10.119981283453  5.879377753072 
 10.664446980615 -4.837147905986 
-5.671564698843  -10.328067496425
 2.999719385341   11.504048991010
 5.566110025226   10.509172855352
 6.100719393092  -10.229883556251
-2.337599795918  -11.756870137976
-8.906821970747   8.102324992021 
-10.828330792511  5.309513377215 
 12.058377863196 -1.409643657166 
 2.352942065164  -11.917460861821
 11.398317174842  4.408659991812 
-0.283852749235   12.224234062606
 4.843672091063  -11.274015973841
-7.215576389805  -10.070043485891
 12.264420508219  2.231125938144 
-5.982047389903   10.961777053205
 10.021482001126 -7.468713992874 
 9.130485628985  -8.677805111495 
-10.506588846722 -6.978335422142 
 0.272798643857  -12.633804511375
-7.412468486404   10.333360122403
-8.706522054791  -9.301879768446 
-3.709625568538   12.302606703309
-12.058967911508 -4.439847511245 
 9.653930063443   8.642072284304 
-13.045325755265 -0.249971076451 
-12.946091537380 -1.851754156051 
 12.604646949706 -3.492781618864 
-4.935383327005  -12.135124769628
-2.185501866674   12.935745391582
-12.605591651405  3.718401501735 
-11.156670638027  6.969389081814 
-10.097989234900 -8.584691381439 
 13.295444509875 -0.215169726676 
 8.489508582210  -10.269944161216
 1.004999011938   13.331743493457
-1.049501717850  -13.356943717950
-6.791201688058  -11.589746888747
 11.904425968581 -6.447623154367 
-13.437649358735  1.677877897198 
 6.148452054057   12.097256244145
-12.421022409591  5.691234214615 
-9.718066768276   9.670813561726 
 4.449146855829   12.996765632028
-5.440513563355   12.644150331806
 7.595147674716  -11.497939260352
 12.495115826945  5.817314524909 
 3.433160340809  -13.478846951892
-13.448378500640 -3.567065503356 
-3.948859452565  -13.354919034043
 11.568454841675  7.845328231609 
 13.456620715551  3.875809219577 
 9.400090408120   10.427982050500
 7.691634208503   11.780443950107
 10.796832242644 -9.050581307782 
-12.023179380619 -7.355714074529 
-6.899725264527   12.296577973678
 3.088647115369   13.783596161055
 1.864354407674  -14.140569765595
 6.331870760591  -12.834622625060
-3.792851163154   13.818808935018
 13.679188459193 -4.686540542306 
 11.039869870617  9.350737857146 
 10.103770996450 -10.381892311569
-9.971887583312  -10.554776334413
-8.382470755058   11.877037489614
-0.071486794001  -14.575138158729
-14.284210293457  3.039429795158 
-13.691744320555 -5.105935664014 
-1.945877735650   14.588773726186
-0.167494958581   14.718999344574
 14.666240016468 -1.432113065241 
-5.862014501872  -13.551559550076
-11.360219332402 -9.467215340974 
-11.525775294475  9.297928032763 
 14.831724286901  1.419261810105 
-14.827642110098 -1.564337745998 
 1.435598220652   14.851854697579
-12.809103359718  7.676429136997 
-14.946005948930  1.263781736899 
-10.289807339859  11.143915577945
 14.811575147211 -3.290799345141 
-8.745080293096  -12.409963432156
 7.538619566137   13.288051519418
-1.565447481709  -15.206708428382
-3.639552085037  -14.962013405728
-13.733690934943 -6.997981484903 
 8.479254692682  -12.908069789829
 13.987198906081  6.630718383810 
-14.705992276845  4.884003590192 
 13.204058565626 -8.246825834509 
 11.674154886211 -10.320640866286
 4.496494912186  -14.955785429495
 14.707529421938  5.291161718845 
 5.973210812648  -14.456961245440
 4.042827291076   15.115538091456
-6.252800745570   14.351330953554
 15.230507438362  3.702614350127 
 10.000191521565 -12.179179400954
-7.721846471965   13.782969697458
 9.218294308162   12.834593625393
-15.815228781416 -0.362105578019 
-12.967147457875 -9.099592261449 
-3.604161606802   15.457004350504
 7.420512635621  -14.038063647702
-14.551559721432  6.461042008111 
 5.584003832859   14.928437626091
-1.375162802796   16.143990278527
-15.815015351295 -3.564352181328 
-8.051245451391  -14.080969087376
-15.220079879147 -5.642407536054 
 13.281808199002  9.351971110972 
-9.636873321622   13.080134442053
-10.937256631329 -12.027049778638
 14.875742736949 -6.849184917658 
 16.381768308539  0.246158242469 
-12.801696653681  10.264808537095
 1.721772791877   16.373780489386
 16.421946463550 -1.271623802461 
 12.567889960708  10.676312964648
-12.190511718774 -11.118169956566
-5.390843577490   15.604766038873
 16.278951304251 -2.833061553964 
 0.877003633713  -16.533579738407
 14.387802891711  8.211824885672 
 11.510122857879  11.931624421241
-0.803477028460  -16.560776041606
 15.694897166208 -5.354120726660 
-16.478387988194  2.322943584113 
-16.575283903590 -1.810870457333 
-2.569763668479  -16.490426576062
 16.517452091675  2.896984701073 
 2.922437118493  -16.577160962427
