-0.592761766428  -0.153008622838 
-0.253585729041   1.433677709487 
 0.165399809282  -1.773529534525 
-1.887385044483   0.658527250071 
 2.175504228063   0.509512703247 
 2.258072221859  -1.406756570118 
 1.155290825637   2.493417506003 
-2.046103600547  -2.190645520195 
-0.548596110513  -3.096653052276 
-1.218710623062   2.900449012810 
-3.080593812686  -0.699554105977 
-3.074526660660   1.679634122748 
 3.693004498271  -0.637761039490 
 1.730886636424  -3.528013173772 
 2.032749710644   3.718050162034 
 3.301828579127   2.852395186101 
-1.957523848602  -3.910233386838 
-4.365214413562   0.879921760767 
-2.766981586069   3.572551384091 
-0.115573240335   4.531677250566 
-3.902467134498  -2.349343219391 
 4.869119244297   0.720988205359 
-4.931725340272  -0.680137117657 
-4.331546586325   2.566601675439 
 4.100193308062  -3.252716001164 
-0.321324344084  -5.259268532682 
-1.885665672887   5.063002047385 
-3.433019580958  -4.489560004576 
 0.897993376860   5.798035891296 
 5.830528975292  -0.707061472736 
-5.741790412507   1.734764103291 
 2.821553731267   5.295156186061 
-0.698536321042   6.164355481585 
 5.883948653260   2.152761475238 
 4.872836178139   3.974703894233 
 5.878698910790  -2.379872798148 
 4.176775284365  -5.027042650577 
-5.349758814851   3.838639988392 
 2.112940931124  -6.244088846648 
-6.617439684142   0.057236212771 
-6.173015139355  -2.436059924008 
-3.167897646820  -6.036933616881 
 6.886406180883   0.690907567136 
-3.405542597834   6.145064136905 
-5.180764311815  -4.791898140553 
-0.624087128786  -7.371558888501 
 0.833337140535   7.426496774440 
 5.123447924925   5.709061730335 
-4.922226445933   5.975775944307 
 6.544680201931  -4.254110652656 
 6.382159553537   4.525205909214 
 2.460518234328   7.436083917710 
-2.580272781983  -7.521075423313 
 7.400857632195   3.082504803519 
-7.475500896642   2.963860689803 
-6.989182555118  -4.118298684868 
 5.667702101504  -5.841007377566 
-8.119337840501   0.644052363931 
-5.107620060016  -6.379926835131 
-1.414310833108   8.093122616177 
 7.950538552641  -2.074046961314 
 2.640365393756  -7.868203042072 
-7.835160312791  -2.766571429852 
 0.909133829371  -8.334725325998 
 8.411982817115  -0.178808772421 
-7.104078362963   4.530075471417 
 4.296668486439  -7.330503346907 
-8.569880815358  -1.202391080147 
 0.119846264250   8.756060846597 
 4.543910746576   7.859683487218 
-1.899681047853  -8.911311177181 
 8.244882831122  -4.015267369507 
-4.207262124558   8.167085692361 
-4.541719044563  -8.056266814524 
 9.138466383222   1.575514116375 
-5.980986387651   7.086798646389 
 6.795142304308   6.402829606933 
 7.863474244235   5.121896659729 
-7.664919661056  -5.789407432872 
-6.423863180840  -7.174984943644 
-2.975813510226   9.237468978649 
 1.977169310849   9.572418909479 
 0.764349697324  -9.885099216378 
-9.918961213998  -0.177019722471 
 9.538499043524  -2.934015094783 
 9.954117515071  -1.072331352509 
-9.333285621530  -3.695603251755 
-9.669488995464   2.697920504784 
-7.871977074745   6.245610357387 
 7.518498271624  -6.686576861247 
-0.917302987933  -10.109243426689
 0.050277797758   10.317367978449
-3.866706650996  -9.582860384538 
 5.667849027714  -8.673478404300 
 3.472248817775  -9.791308335011 
-10.393585614211 -1.996205770194 
 8.862707369176  -5.797546355045 
-2.398981073580  -10.404656324889
 9.415976650653   5.159552717486 
-9.387369009186   5.308106772789 
 5.749425805541   9.222869991360 
-8.039619805725  -7.361406224634 
 2.126079590014  -10.773951489480
-10.888546043074  1.571676214263 
 10.521854093456  3.403844881651 
-9.320057409596  -5.953964524155 
 3.717083641209   10.512063483978
-1.967509710246   11.024501025009
-6.419798422714   9.209947015642 
 11.247941976646  1.129228312971 
-7.885972520804   8.220489599665 
 11.228104738755 -2.017010512587 
 5.236661569633  -10.169994433663
 7.633704633603  -8.578834482483 
 7.891973782024   8.372256847998 
 0.666220063075  -11.539564205638
-5.190584956433  -10.343352368940
-0.948088431656  -11.616343208295
 1.992628782455   11.485621100208
 9.322378747843   7.129017981719 
-4.627613956780   10.805634902160
-7.091968788759  -9.521631201826 
 11.348612268659 -3.550361272069 
 11.956544108823 -0.470190752457 
-11.979073711476  0.399823842054 
-11.470435542769  3.651478334505 
 10.866087958849 -5.238716446032 
 9.886060165041  -6.940761867194 
 7.048872560145  -9.972114097868 
-10.192704193103  6.773635505995 
 11.417843006865  4.822021518712 
-9.291317971883  -8.237165548485 
-11.202718118087  5.402274470820 
-12.415129747122 -1.148144984585 
 4.093779707570  -11.805039623460
-10.357580758679 -7.133516874732 
-9.591984657447   8.151858427638 
-12.432967325096  2.081864667249 
-12.361126424833 -2.934532380366 
-0.513673376372   12.709116650028
 7.137194285351   10.614931890894
-3.165160589733  -12.418091299041
-11.938648525859 -4.699032909869 
-7.076185874657   10.749307423328
-3.657921757289   12.339339506724
-8.600786050754  -9.587740470366 
 12.568907344454  2.856644919701 
 9.309455382085   8.928013901879 
-0.014290758945  -13.038966822110
 13.045165172048  0.915800794558 
 2.415977209257   12.944150136686
-5.749868040608  -11.854245568406
-7.228616655051  -11.051994126220
 6.568113398123  -11.471150516516
 1.956562475589  -13.121644567348
-1.694230127093  -13.213635618646
 11.561398755444  6.642141243255 
 4.093130068783   12.710953117044
 8.689897320961  -10.161567035610
-11.723069758545 -6.440350405303 
 5.893087810637   12.045283004844
 10.274593460003 -8.646231018652 
-2.149289711167   13.256614355009
 13.388549036926 -1.698255385785 
-6.250081034555   12.073998594584
 8.862129660009   10.483588727719
-11.562214718185  7.468874673866 
 13.059129147061 -4.589049805421 
-13.830575560213  0.810209400782 
-8.646070906551   10.834474373181
-10.204481109339 -9.459466451761 
 11.742230843357 -7.477967071384 
 10.912861750461  8.893159972614 
-14.099055701416 -0.831952523295 
-11.605635637789 -8.098568447624 
 1.452138406138   14.097479275850
 13.290617848678  4.954276131917 
-4.920774422315   13.318040791887
-12.760151281501  6.352733692714 
-14.085127718311  2.512684592627 
-13.745148126544  4.337941270685 
 3.990792596441  -13.863081980954
-13.670485904293 -4.818448907562 
 5.992292095106  -13.232784569421
-8.742495063960  -11.651036235980
-0.302313448108  -14.584125621680
-10.511793933187  10.154472499825
-6.900480175128  -12.972544764036
 14.454390558659  2.651698202367 
 7.957510933363   12.388634340661
-13.303982395931 -6.351918333452 
-3.383936581931   14.353496702023
 14.737146401196  1.115751120528 
-0.236306441537   14.802721258116
 9.146135211213  -11.678766970838
 10.837987581188 -10.147253190512
 7.598297116888  -12.849561609252
-5.540573038301  -13.931460721566
 14.783817574430 -2.561419423408 
 2.143516740177  -14.877947300790
-2.509144694205  -14.843972267952
 13.522089215083 -6.668182067493 
-4.128324051983  -14.559616212988
 2.987724541483   14.838970999669
-14.907348956223 -2.902526487718 
 12.583702843140  8.523866277402 
 6.387606799950   13.910279364067
-13.185331372928  7.889456309706 
 13.595167885303  7.240495718516 
 14.855986978436 -4.162950358703 
 15.425743852565 -1.012239250155 
-10.134723986947  11.719826199192
-10.875717093697 -11.093386811438
-7.639648640834   13.551522284933
 4.531295859642   14.916143437856
-15.197839009515  3.816972602891 
-1.688201815419   15.605472850963
-12.615173374620  9.354323671573 
-14.338151074927  6.540052356862 
-15.724430908131  1.175474149112 
 13.326938237592 -8.501787663442 
-12.361612579887 -10.019874577955
-9.100629544432   13.087633219539
-13.415572933096 -8.684639341579 
 5.501057804720  -15.006791724966
 11.470704270601  11.134787270173
 0.900022831879  -15.979087486853
-8.326044189206  -13.674050603635
 3.433743846986  -15.821367899886
-14.438919550296 -7.392142366794 
 15.780035273464  3.869126278949 
 10.972567091810 -11.994755377753
 0.476051729012   16.330836073326
-5.405220338572  -15.436899404706
 15.422104930428  5.491074930790 
-9.959230014643  -12.996245453708
 10.443807425644  12.671354382181
-15.389115418654 -5.766881401118 
-16.334400925044 -1.876629260971 
-7.164243952098  -14.816849850008
 12.959945648612 -10.218173393309
 9.065593824967   13.795006801574
 2.552152395790   16.314530663134
-6.550507450618   15.211318748574
 8.207550756618  -14.451191687502
 16.419978660735 -2.632980198456 
-16.633108508485 -0.188228606395 
 16.607556517438  1.246759519913 
 14.981695811107 -7.402431426567 
-16.371145349311 -3.836601487176 
-3.659304090552  -16.416270248101
-1.293019661138  -16.786551138067
 10.126847793900 -13.460873511318
-12.804098948509  11.025547181884
 14.251656913591  9.143176525753 
-14.715970405369  8.563766589187 
