-0.880959971691  -0.315310109630 
 0.833373141041   0.539885687958 
 0.614304231992  -1.023102301505 
-1.706638483653   1.016784730875 
-0.034643088323   1.995141518078 
 2.412387392092   1.123897836676 
 0.498123729888  -2.629695252536 
-2.347391762218  -1.541353795254 
 2.993561631483  -0.594451493559 
-3.425964106571   0.034515437183 
-0.789644736481   3.422422768017 
-2.487225254611   2.553638014356 
-0.997873863128  -3.424382805544 
 1.965201170497   3.288895511768 
 1.863630306585  -3.435999824739 
 3.150865598948  -2.476326062820 
 0.692545592896   4.120063943230 
-4.097736994115  -1.478218775147 
-2.832087813190  -3.364534329711 
 4.000907210955   2.072900691022 
 0.508754827664  -4.629071841834 
-2.174139742603   4.126948651593 
 4.813747932097  -0.831973556705 
-4.865708053370   0.726838707021 
-1.933031983795  -4.677176621565 
-4.638535338236   2.524803309605 
 5.262631692865   1.066088908870 
 3.927562317860   3.690964986208 
-4.697404216856  -2.942599819544 
-3.749305228478   4.216417357646 
 0.714427020238   5.703889724892 
-5.844128029788  -0.744311667324 
 2.080427978076  -5.584372850607 
 5.527052489186  -2.358432917997 
 5.341706058572   2.878918843870 
-0.682696531978  -6.131591838415 
-1.490262523346   6.118238556431 
-6.423326746118   0.663312442097 
 6.555148402107   0.194509037998 
 4.448353304822  -4.834620225869 
-6.282251550149  -2.232906382906 
 3.661877906344   5.615825495644 
-3.967062350461  -5.546046916221 
 2.007155862684   6.539379670855 
-3.556773686262   6.004255954945 
-2.267873256372  -6.626897286768 
 6.748985839202   2.230846322934 
-6.578248223606   2.702849891186 
 5.357073556402   4.770328332896 
-5.908860816170  -4.217016272726 
-0.126422999818   7.290932399559 
-0.099313904781  -7.514837931073 
-5.859469905946   4.797880366226 
-7.644591539206  -1.196720924393 
 6.202833373995  -4.664577394908 
 2.885220020757  -7.249887221764 
 7.771605581058  -0.802532975449 
 3.445483795254   7.210734237192 
 7.524794819911  -2.855018823714 
 6.974076531691   4.227191852628 
 5.438957380453  -6.118922242319 
-8.183846392398   0.448127268281 
-7.214574703899   4.139270302901 
 1.334471643146  -8.213499988096 
 8.500911866228   0.508248213156 
-3.293783777146  -7.856848621790 
-1.360537324622   8.501722694099 
 5.595381385966   6.579722771910 
-5.160349020965   6.996131818607 
 1.907235714210   8.503570462301 
-7.568674009962  -4.330704505146 
-4.897410763838  -7.354846040064 
-8.541836826304  -2.721832255384 
-1.714686231461  -8.852453132610 
 8.826281118418  -1.880404445526 
 7.742678216089  -4.735944787854 
 8.360462531967   3.642654838027 
-6.677560770974   6.337057753951 
-6.618744950940  -6.442806005750 
-9.012520125051   2.269609110125 
 7.252302611879   5.976305703290 
-3.575825549656   8.708933546672 
 9.148512897148   2.249586010945 
 7.138335270389  -6.339253456062 
-9.521500145383  -1.416903389895 
 4.269586084987   8.702000376048 
 4.649002994773  -8.512095436746 
 6.133418396845  -7.788537334437 
-9.915107556073   0.991534008280 
-3.227886049959  -9.468528411726 
 0.244353811561   10.008277697211
 0.637674384644  -10.032021643063
-8.325239562357   5.705571907246 
-5.351061506634   8.557428135159 
 10.107806192722  0.914123356468 
-1.674924088458   10.036380981625
-9.320415573164  -4.090293285390 
-8.612318238904  -5.444587418587 
 9.841808368656  -3.077088215048 
-1.066809352770  -10.294667273735
 6.325339749326   8.223206910743 
 3.403836921611  -9.867813917970 
 10.431711917090 -0.879907426692 
 3.288619762438   9.959834611430 
-7.067543753365   7.799121174440 
-4.953374120724  -9.383203280011 
-3.211671042715   10.211472094583
-10.726181246924 -0.422762251771 
-9.856201090866   4.327245397276 
-7.536000377598  -7.898284549037 
 8.809601959205   6.486881463843 
 9.791645037320  -4.985957045598 
 10.050461319516  4.828825597170 
-2.675263243483  -10.885402775981
 10.950992916554  2.437480543335 
 8.105959684368  -7.832357802974 
-10.860153130801 -3.169606273004 
 8.164832122356   8.019115085111 
 5.903155662984   9.817294590861 
-4.191970619408  -10.681289637422
 1.144364005285   11.432806435341
-5.559332698478   10.064974329178
 6.283388395357  -9.649082779654 
 9.302880147516  -6.885204748910 
-9.398851410054  -6.897053364495 
-8.774640383484   7.685118834674 
-11.618656133834  1.042479298278 
-9.877812471803   6.227896366590 
 1.803293509255  -11.594084368254
-11.428517638076  2.929455513760 
-10.590084969074 -5.269401589045 
-0.779392777679  -11.833614680312
 2.664815642606   11.597104168092
 11.879435953795  0.694175145513 
-0.315985204244   11.925174626839
-11.864719775497 -1.847909821489 
-7.537147973656  -9.441797604641 
 12.060298333291 -0.946447852630 
-1.831857479772   12.062353087430
 3.632581813644  -11.720058280012
-7.930829132808   9.389929163651 
-12.380341833726 -0.349641504526 
-3.941592816495   11.775628819098
 4.164582795673   11.720323259719
 11.673475599510 -4.838211350912 
 8.068741309785   9.745222291904 
 5.885966727077  -11.253270034822
-11.472486449976  5.486300250251 
 8.931917994649  -9.104341504083 
-11.974948055206 -4.582715332305 
 12.596711148113  2.468705804218 
 12.572669245553 -2.631738961590 
-6.705662253528  -10.986369979232
 11.120263655418 -6.497346262640 
-10.947866607016 -6.949667519786 
-5.746325440027   11.696301370859
-5.389123234175  -11.872607813871
 11.622361463650  6.001105171937 
 5.720376623011   11.823708589362
 12.526719826860  4.217307970194 
-9.789786889240   8.998186127862 
-10.364055746076 -8.409619332442 
 0.841830857776  -13.367704955492
 7.690873929542  -10.971716036043
 11.166400766958  7.483118743398 
 4.879607376534  -12.695590601924
 10.056999620339  9.240137084048 
 13.600818842829  1.307102662285 
 10.547553609312 -8.746117285529 
-13.460734164080 -2.603410933760 
-1.297895010069  -13.703481714809
-11.197632809536  8.005206504667 
 13.808849076767 -0.203592526006 
 1.547287902620   13.753701362089
-3.997182177957   13.276538890692
-7.779105309905   11.509669072065
 4.489800667925   13.201633581767
-4.445385441877  -13.234742346853
 12.619902007205 -6.075788829788 
 3.548120105779  -13.564409337316
-9.896836838032  -9.949616124611 
-13.886046423680  2.342268149577 
-9.226069305330   10.802949493619
 8.230157298097   11.606025414403
-13.218704119019 -5.476176405760 
-13.784616710129  3.884086341062 
 14.027525690269 -3.127145058865 
-14.360838225194  0.761041177562 
-13.328230817869  5.446993337383 
-3.181366992584  -14.099524587941
-13.943387513291 -4.149359004518 
 9.760887343044  -10.825185528700
-12.764328013293 -7.181955576351 
-2.145609756597   14.553846061854
 14.336054039000  3.375688033344 
-5.941272765189   13.489447863832
-6.015489007129  -13.502423876339
 12.738439683333 -7.574485195265 
 6.450479930353  -13.369765866020
-0.648425743576   14.863710380305
-9.367169120972  -11.573795987050
 7.977907343536  -12.607740929235
 7.007400625049   13.178774188333
-7.599999271545  -12.889011828450
 14.968363239356 -1.446835612903 
 13.226633443740  7.284636793623 
 15.088806589062  1.504484440416 
-11.398072941412 -10.043607550110
-15.191872840812 -0.592851070232 
 14.301271071745 -5.224300612470 
 2.107900636786  -15.212554538083
 14.470636344318  5.204049204984 
-13.432337574104  7.628134264828 
 11.516870782601 -10.312078836190
 5.523177744336   14.474598301245
-4.526996508334   14.863835130259
-15.259759233768 -3.026587888763 
 11.992637833911  9.927604744140 
 10.821577753502  11.209404860557
 3.377019925695   15.300782770838
-15.636230457083  1.588475189454 
 12.737501819233 -9.272792974226 
-1.292998489516  -15.707677358687
 4.072368184486  -15.268473806673
-15.434221978553  3.507343322023 
 9.779064983346   12.528737513985
-8.414369997062   13.489302084884
-12.987960923677  9.212628618092 
-15.062774401801 -5.213585575972 
-13.091974858909 -9.099243489259 
 0.464360241315  -16.041693844661
 15.796887325514 -3.003887896930 
-14.432778734235 -7.106996926631 
 14.593154024297 -6.836876720982 
-15.176527073884  5.565021656306 
 11.205527516074 -11.790794410412
 10.049527944504 -12.799769026604
-11.917249958473  11.084227733766
 15.754160715289  4.102992425101 
-1.965650325264   16.162217169100
 13.697945145578  8.861856744779 
-7.232608489483   14.671287480910
-4.242408968318  -15.869856178465
-6.352764129282  -15.181164560045
 0.782773303323   16.459851120409
-8.352185716634  -14.226875118293
-2.793068834319  -16.286581014306
-11.311228177397 -12.077526277770
 2.417056956093   16.491752544555
-3.649040140040   16.313656769368
-9.899998432354  -13.473614498667
 4.792691851079   16.020353734866
-12.540827525778 -11.193578029396
 7.928532697730   14.832121893661
 16.860530189080 -1.381766861937 
-16.918581339555 -0.721217438166 
