 0.316694758084  -0.174386127062 
-1.180701537647   0.056748366527 
 0.605905559475   1.335420742717 
-1.073082311243   1.578358453634 
-1.137654296944  -2.007202830486 
 0.828446921292  -2.290244005465 
 2.526054874851  -0.033459406826 
 2.141735347525   1.564219526269 
 2.226012997253  -1.586834227562 
-2.859019244936  -1.246370149944 
-3.116313606743   0.674854146626 
-2.027602713541   2.867254247200 
 0.381875351739   3.591327138392 
-1.377654901865  -3.509377435057 
 3.856806339190  -1.183659717414 
 2.838408981927  -3.111150374021 
 3.049294418013   2.910590735153 
-0.137933594157  -4.364622901645 
-3.819835346888   2.189928984541 
 1.546456297112  -4.240839169184 
 4.427437799790   1.313400131836 
-4.449050724917  -1.302157881462 
-3.225949630200  -3.610568245774 
 5.082578524786  -0.299069846887 
-5.083648905693   0.302987419600 
-2.692446272913   4.412329709887 
 1.870272194431   4.924415153810 
-2.080944787887  -5.236879971355 
-4.278456554286   3.669545041840 
 0.817211266758  -5.585772567065 
-1.310104637907   5.532987986722 
 5.039393073640  -3.016686055998 
-5.423530108881   2.307395515246 
 0.628090696306   5.874145558816 
 2.579130329246  -5.425096041778 
-5.232146268762  -3.033082980750 
 3.731104196839   4.786238872606 
-6.022990571395  -1.509650278216 
 5.690138118022   2.776050627677 
-4.584208504342  -4.638976794312 
-1.177004921214  -6.475649970980 
 6.524392747505   1.047635140838 
-6.682238485590   0.262993288752 
-3.426720091954   5.773928062229 
 4.228624615317  -5.612577537413 
-2.001823680852   6.888033858805 
 6.926790791948  -2.083155627490 
-5.258455950443   4.995214605657 
-3.282581978076  -6.472309344142 
 1.616904995221  -7.111308322687 
 2.744347936223   6.784809332164 
 5.623478195926  -4.793397709766 
-6.553455758640   3.430711898108 
-0.032162483119   7.485428230366 
 5.561873801937   5.091293513976 
-0.111828415181  -7.681233799672 
 7.733363663240  -0.516908033564 
 7.034984005882  -3.719272409801 
-2.186943064949  -7.667319127426 
-6.674271106939  -4.374250134707 
 7.356120203375   3.189617744370 
-7.730564233414  -2.189253233937 
-8.022092916646   1.161797105098 
 3.150411219873  -7.476460999287 
-8.116013478466  -0.367867618849 
 7.963848949743   1.747233183786 
-4.821199910731  -6.636573286514 
 5.176171559805   6.548970588241 
-5.025780437954   6.672352634021 
 2.292503132147   8.280018494015 
-1.608510345261   8.515914495512 
 4.705052089725  -7.433297011028 
 1.919864205633  -8.632066812400 
-3.204768126173   8.500078063611 
 6.720545722329   6.141283398281 
-4.067003219065  -8.145803948660 
-7.570932455878   5.195586900218 
-8.797537917872   2.757711523678 
 9.188811758438  -0.883501582331 
-9.157026669811  -1.519431401744 
 8.949048407783  -2.530326652796 
 7.811095238948   5.064993464709 
-6.922545015616  -6.269234625182 
 0.333788226595   9.374252835542 
 4.913694684176   8.070279434008 
-8.509265419525  -4.115865494750 
 7.420669806769  -5.963934732409 
 9.468829595630   1.091972459996 
 8.594605175118  -4.155854831314 
-2.474981444371  -9.354639366232 
-9.779634312896   0.253076194204 
-6.225293937755   7.616120026680 
 9.543421178312   2.719028594023 
 3.248239949021   9.576188481103 
-6.414085189253  -7.883619623912 
-1.080750698275  -10.130746892196
-7.819199636940   6.676598276378 
 3.884873277256  -9.532221693208 
 6.424437163255  -8.079411362561 
-9.959955752642  -2.905715896653 
 2.445903635959  -10.086877251787
-10.223651726532  1.903871435227 
-2.831223759704   10.028139297869
 0.947266852739  -10.377186274018
-5.026890499095   9.131906110650 
-9.495020984287   4.694325221008 
-4.005928885184  -9.850838565813 
-1.346875791424   10.575645292941
 7.140806630960   7.929731202116 
 10.529072768886 -2.645849156427 
 4.913341740158   9.844962738925 
-9.417038222313  -5.927615598381 
 8.797246331707   6.849898644281 
-11.139048518346 -0.814997346015 
-5.840302587983  -9.558370734098 
 11.239468426072 -0.180634358322 
 2.618953836114   11.058484314949
-10.475326534091 -4.454751526988 
 9.714925946714  -5.998186890240 
-6.578977150428   9.332413949116 
 10.602448180734  4.353413323066 
 6.547098138698   9.434436034765 
 11.256622144215  2.536836757483 
 10.726075937996 -4.283132938093 
-4.324519229613   10.760152531138
-11.161825862974  3.283881312614 
 10.139523331846  5.786752089959 
 1.882522820186  -11.634805053676
 7.762691391356  -8.877448253827 
-9.196868099551   7.413505152470 
 3.552073055009  -11.332365182317
 11.803662799471 -1.750156791698 
-11.843565567850  1.502585060683 
-11.505389080914 -3.245356647465 
-2.526865584922   11.710619632340
-8.698530119397  -8.352738954726 
 9.130293237095  -7.966447140944 
 5.147074425886  -10.972949438285
-0.269929691751  -12.125533892063
-1.785135099958  -12.019981621439
 6.495996976741  -10.271084810987
-10.812170691300  5.638122598271 
 0.078007722880   12.246609341520
-3.466483671051  -11.860184256678
 1.701165367162   12.301913493392
-8.250821545259   9.370655845811 
-5.950000659356   10.995015863126
 11.216821246589 -5.704783114747 
 9.252732385951   8.649291171496 
 12.124205878315  3.824953403803 
-8.107075465948  -9.816384024954 
 10.654209576868  7.245995119196 
-6.983686573645  -10.904994940363
 3.483074178038   12.506880836763
-10.891329379052  7.169960508705 
 13.088776339014  0.980472391819 
 4.625587912810  -12.391517070393
 2.719174426729  -12.959524596361
-13.231525390395 -0.680488227486 
 13.059950441869  2.569621371283 
-13.299428317550  0.961994343039 
-13.042110191270 -2.786679396135 
-12.343882470604 -5.057861264066 
-11.572710371156 -6.747660371113 
-12.669133764909  4.393558114618 
 5.708325761551   12.140194838866
-3.589679017789   12.948450777444
-5.845798010719  -12.100941037157
 8.767323565161  -10.203264614849
 13.518821955624 -0.877103727241 
-10.512742594825 -8.545742267543 
 13.260646341782 -2.820713531522 
 7.950399344308   11.010817723326
-1.714161250891   13.478943198558
-12.282954857184  5.951593464497 
 12.973725526822 -4.350396141541 
 11.556825972977 -7.572576073634 
 6.421494117316  -12.237058927790
-8.094444072181   11.221972246388
 10.213917110824 -9.385962564141 
-5.631228085136   12.688771743946
 0.839932284463   13.885628722381
-13.600675955518  3.054948653912 
 12.934838457727  5.302728292755 
 1.490776749286  -14.005489356083
 8.199391296314  -11.682414136721
-8.894153321162  -11.162899391209
 13.760778224920  3.898059958508 
 2.494547758832   14.106234520329
 10.560642642568  9.735317557942 
-11.207064926017  9.059303538264 
-10.210720597835  10.376354586993
 9.632093086622   10.982268467877
-10.296743121076 -10.382608128513
-4.378056594640  -13.962857444450
 4.025526965029   14.079833217086
-0.386120126634  -14.656751017677
 12.965054136225 -6.857512737154 
-2.412112618016  -14.476070984136
 12.601033483419  7.721622394930 
-3.065040468552   14.488569054635
-7.628083538966   12.767237103691
-13.350056032685 -6.745581812932 
 13.945346451481 -5.567005519081 
-13.955534665872  5.544941438927 
 5.906679512289  -13.843831778692
 14.983062973016  2.111598542927 
-9.536722904507   11.756805537685
 14.855407305942 -3.025018872459 
 6.582707982513   13.675289232728
-15.143855721070 -1.175717114188 
-1.438812260610   15.137391711303
 15.219137674789  0.486184211911 
-5.352618156132   14.332132392260
 11.919353325972 -9.605165420158 
-14.604028004801 -4.619608659427 
 4.358062063287  -14.737579020814
-8.235793142192  -13.000276372800
-12.703285907291  8.754021831601 
-12.803566055972 -8.674871393975 
 14.466539277258  5.468784235810 
 1.178057739105  -15.515437304694
 2.745777417563  -15.323853981269
 9.597693336716  -12.331064212169
-15.623623886752  0.884118919051 
-15.353835404882  3.067359102125 
 1.043452567293   15.626351085117
-6.979191184905  -14.032419145400
 11.063562560197 -11.272507554480
 9.275535719504   12.880425255246
-15.602685066250 -3.161481273296 
 12.481507627717  9.903175466764 
 3.356135200665   15.611917035544
-10.333656496458 -12.197830849933
 8.100877706539   13.824160395421
-15.314701593498  4.881181892396 
-4.214389800415  -15.514798780977
 5.025741274551   15.273690026066
-1.637135513073  -16.005209034903
 14.424764000754  7.130309755816 
 16.044582139608 -1.351877192373 
 15.536368757593 -4.805324755292 
-2.686414561793   16.055939231745
-11.320808296811  11.709598151811
 14.110209237803 -8.146389479269 
-14.576957059865  7.370365914180 
-11.685875953128 -11.462483952273
-12.858678610432 -10.329506144788
-4.794656619651   15.786194444661
 8.166106633982  -14.456212131007
-6.903352997241   15.102944507624
-5.850563936888  -15.568676251455
-0.872583186802   16.628986731391
-16.644044026764 -0.957262591183 
 6.329005672491  -15.457296104315
 16.513855874709  2.842959575447 
