 1.092443303190  -0.115408759687 
-1.443697982386   0.437220402928 
 0.578119488810   2.008418259752 
-1.946033569752  -1.039161539744 
-0.870477319848  -2.137990988900 
 2.157330310354   1.211474333330 
 1.361547265446  -2.785046550334 
 2.614342581239  -1.682422253092 
-1.505074532383   2.748044913537 
-3.261918850405   1.302583935751 
 3.505460919055   0.552059210520 
-3.485957207261  -0.701352340729 
 1.085472490533   3.515012111800 
 2.593482143196   2.960738305893 
-0.111278857252  -4.222289895971 
-2.793818242142  -3.224078454508 
 4.232988863829  -0.775912400553 
-1.179639041621   4.353318653595 
 3.939412581794  -2.474434734156 
-3.011050038351   3.694242113389 
 4.289713189538   2.094346742129 
-4.096106098441   2.565239301388 
 0.366252242329   4.911765193484 
 1.786687141536  -4.614966168799 
-5.035102637482  -0.831225402999 
-4.482565181384  -2.554712100251 
 2.136009962825   4.715121094541 
-2.155093499087  -4.711933285011 
 3.849219624342  -4.033395311291 
 0.218612247699  -5.907269272276 
 4.760413019094   3.536624391175 
-0.901651649527   5.912762051360 
 5.917227624176  -1.361654895334 
 5.936216166254   1.308583961174 
-6.032900507651   0.918990525758 
-5.616509847207   2.592801485176 
-4.661064945468   4.087240717247 
 5.533904615892  -3.012277587884 
-5.058661854344  -4.039027910023 
-3.178429362539   5.683386450064 
 4.330996103621   5.104590054005 
 2.967406803349   6.045397827900 
 1.220835341233   6.727948494209 
-6.831691627149  -0.538158018390 
 7.108308011669  -0.371723051343 
 3.871696217550  -6.039059361165 
-6.814962279186  -2.453480262513 
-2.279062706390   6.906100253399 
-2.407462998679  -6.908034868475 
 5.184855850922  -5.201711718929 
-4.332578917689  -5.978332783277 
-4.680846813158   5.720667215817 
 2.265690787972  -7.155972947226 
-0.403848877379  -7.510319660103 
 7.205496710311  -2.927206192699 
 7.784116459252   1.129008031494 
-5.726964824855  -5.417718601158 
-7.483234502048   2.495046484159 
 7.286591528059   3.264736518154 
 6.148991756369   5.288021534168 
 1.268096294160  -8.432291078882 
 2.381892334108   8.199249985242 
-3.732507561256  -7.679890214821 
-7.148987138766   4.706179600168 
 0.022378100592   8.617358897088 
-8.622515828909   0.066850422436 
-5.163450948392   7.142817421965 
-8.410365753912  -2.710087086893 
 4.403895276641   7.772660778987 
 8.925807970458  -0.428193593674 
 7.678544788288   4.761138454980 
 5.887982763828  -6.876003345318 
 8.706031799553  -2.785980970458 
-7.465723739705  -5.277692568855 
-6.822965794530   6.189905263107 
-5.669155089882  -7.278650162865 
 4.561743552786  -8.058629796963 
 8.888106682165   2.836499844051 
 7.717363615183  -5.331263068824 
 2.697656126894  -9.014913065523 
 6.134430889957   7.244711205087 
-9.183828060562   2.405286298938 
-4.337025760413   8.447759487219 
-1.939447113406  -9.458965999175 
 0.459453056038  -9.705487291892 
-1.436604275031   9.623831724900 
-3.549964942202  -9.207785956078 
-9.805232486397  -1.317135517894 
 3.976719547114   9.450889216498 
-3.427154712593   9.665172586624 
-7.669923688323  -6.858741318129 
-10.324558898608  0.546410278400 
-9.195477260756   4.750625569983 
 10.200848556980  2.103039029984 
 10.396732916728 -0.787873546786 
 4.076203387810  -9.661758031068 
 7.394758031437  -7.466288437610 
 6.039392642895  -8.644849242255 
 1.604974973186   10.448116162561
-6.699276023550   8.249376241758 
 10.328359457307 -2.736508641487 
-9.494953976284  -4.993130513996 
 9.561666875923   4.962291951240 
-8.408777759060   6.882396026226 
-5.730224665464  -9.247502223195 
 2.306154447907  -10.638794173001
 9.606971981776  -5.134184726848 
-10.506410256192 -3.315791630958 
 6.794957763064   8.708064312379 
 8.488608290367   7.208018231552 
-5.682910698800   9.605412666803 
-0.862999043313   11.253666060739
-11.164746125736  2.251035849509 
 11.483837259071  0.901024062354 
 10.821714919566  4.056580486073 
-1.621978969789  -11.450879529641
-2.444688473673   11.344932889206
-4.676875140063   10.721193899996
-4.285585418918  -10.903400745249
-9.957980518491   6.212369314417 
 4.712214666853   10.911194463492
 0.662454383267   11.873402241888
-11.931699008406  0.279453487204 
-8.302278971129  -8.598289424729 
 11.935071229193 -0.768427008043 
-11.355538950601  3.817178730989 
 0.897119727965  -11.960890845277
 3.573853550031  -11.466935731410
 7.761378898874  -9.193497321720 
 11.239093325162 -4.385049945949 
 11.804057235831  2.692796674199 
-11.150666706934 -4.765139021266 
 10.134898690753  6.881592620362 
 6.197203343196   10.574299615811
 9.826319900562  -7.406275663700 
-7.601438548474   9.684039594996 
 6.284892113451  -10.615123649437
 10.740649929120 -6.145317328503 
 9.025136749186   8.617816755672 
 2.650286014928   12.270566386555
-9.794965998707  -7.909548327769 
-10.885404082592 -6.416229925518 
-12.687393973841 -1.524215304410 
-12.300292843838 -3.514536021346 
 11.367250566599  5.869471746051 
-1.282499276651   12.753278522970
-11.600588014933  5.455039185859 
-6.549441740246  -11.027760331059
-0.704128695979  -12.854413174058
-6.582662426022   11.078626285732
 2.442412977925  -12.748844903381
-12.831215776710  2.292063906917 
-2.413252141128  -12.831774766950
 5.102843021823  -12.079853835333
 12.454079057928  4.168470665807 
-2.916669574877   12.827674237815
 13.003069667090 -2.259243821373 
 7.982098744434   10.536319470484
 13.212364530260  0.486404127969 
-9.815509127238   8.982976684762 
-10.923360361479  7.761062627320 
 4.050099455305   12.822781451051
-9.744233796574  -9.497241439200 
-8.690985573905  -10.596209917431
-12.366784041064 -5.939503549059 
 9.767459037156  -9.697986169848 
 1.857018625270   13.648323661014
-4.503150257723   13.038611716289
 13.217239368649 -4.393858091681 
 11.161478708647  8.374794056688 
 5.586600805819   12.845014350986
 13.666981316441  3.196147829109 
 11.142968918890 -8.572426962115 
-4.388710224938  -13.366690209340
-14.117675894378  0.358352113498 
-8.434353252248   11.355891063824
 14.181495283147 -0.804450739765 
 14.103312072447  1.759267127486 
-0.193041174891   14.228764075892
 10.133228416621  10.076085916824
-13.937990411333 -3.160299773071 
 1.544434959624  -14.221061508926
-14.221063030705 -1.614627664467 
-6.251194694734   12.908056564188
-13.191212721842  5.691649873870 
 3.690889641302  -13.889631110961
-1.082317368793  -14.360199591181
 12.894023402331 -6.481322181595 
 6.954024652581  -12.686222372309
 7.381828049571   12.506201670944
-2.852647766731  -14.295602946245
-12.714774375804  7.229088969212 
-6.827626252627  -12.948853143145
-14.377303134606  3.102063300772 
 8.466049712967  -12.030411812339
-1.675869719118   14.654423099170
 14.546706796763 -2.453076721020 
-13.855707992083 -5.126924721009 
-11.480336222420 -9.331266248748 
 8.803845300206   11.970220456016
-11.803402514131  9.075565446383 
-3.657568454208   14.456644881278
 13.294498607608  6.849874519624 
 4.534538585570   14.291479128676
 9.941522427191  -11.326743303494
-13.016066962736 -7.643928000287 
 14.429582243236  4.526402217312 
 11.185969031937 -10.244053856007
-10.062334036518  11.447470111061
-15.229452474628  1.767131796192 
 14.743461319769 -4.530303245251 
-10.689200382070 -11.210210119721
 15.529479842303  0.768011828655 
 6.370046277179  -14.242627001407
 0.949826740586   15.617667494056
-8.843088837888   12.911557931780
-14.197267912768 -6.637245845830 
-15.677668257552 -0.291107133489 
 11.616009675013  10.567376583156
-4.755582467838  -15.004096502465
-5.088137351227   14.948053663330
 0.984548159937  -15.772557685864
-11.481128584846  10.945636320337
 13.348201702235 -8.577770675868 
 12.786667990086  9.398071475127 
-8.765229573839  -13.265577922817
 3.309592553276   15.573363321907
 15.767137409653  2.404162231227 
-15.560074412740 -3.552573410889 
 7.924157057821   13.917062396957
-15.911113573598 -1.833763760282 
-13.060505719951 -9.273181575597 
 6.591253659420   14.726176064253
-13.501364174295  8.837915303433 
 12.696167717740 -10.018370793666
 16.127991187109 -2.047042880121 
-15.371016053811  5.306957455931 
-7.443524763094   14.482742765840
-15.439084443935 -5.205533159125 
-1.330671238560   16.294690438577
 11.093985986459  12.065562643900
 5.321495337798   15.657159930940
 15.449788500529 -5.977327230040 
 11.133122512633 -12.277849615252
 9.688787253406   13.449786989214
-16.590461629310  0.920622742579 
 8.435184969166  -14.346545152513
 3.126563710821  -16.367215606933
 14.897770761514  7.507347899397 
 15.018020443074 -7.464086443433 
-6.190285401548  -15.590194073562
 4.792198852689  -16.101321291052
-10.341031662894 -13.293092616316
-4.020863629006   16.354972368032
-1.809773199235  -16.830981764819
 10.076145638275 -13.612119151694
