 0.242939039785  -0.315431957741 
 1.572678688421   0.510700527690 
-1.702709157862   0.832814973137 
-0.952738869550  -1.934348542493 
 0.638167152209  -2.065564443208 
 0.868532801485   2.200865030185 
-2.745727268791  -0.489482150287 
-1.531276079766   2.785106778904 
 2.386902631760  -2.474797941851 
 3.410957287220  -1.371115198035 
 0.611681316100   3.911933175468 
 3.904457314316   1.024679281553 
 1.014644826170  -3.938841699929 
 3.043495979017   2.716856606155 
-4.211813334097  -0.977081998168 
-1.440285517399  -4.085265973313 
-4.114537059160   1.358085862098 
-3.698941735357  -2.414218168905 
 2.177084190248   3.991845472216 
-2.639568782079   3.979383545418 
-3.074859659852  -3.980536315715 
 2.627428630279  -4.441556579714 
-5.171275596810   0.188938146636 
-1.447999431250   5.199931950595 
 5.115949325483  -1.864677666205 
 5.222501515123   1.830520394944 
 4.124760928748  -3.757017958932 
-4.989232693123   2.645568770812 
 5.717043442390   0.354947082060 
 1.452760671715  -5.541789142642 
 0.584415953877   5.809032483987 
-4.275605922655   3.978936102580 
-0.626686579776  -5.879174720454 
 3.389619652926   4.992898614194 
-5.492363113734  -2.730365666903 
-4.697005836077  -4.083208086941 
-2.558624410961  -5.828585994115 
-6.298126073612  -1.055151826071 
-2.864990988062   5.843343369126 
 3.859124492735  -5.399373089353 
 5.748801818171   3.371555583883 
 6.695503964425  -2.055539604178 
 5.902962141442  -3.814732915868 
-4.283390666581  -5.672464768353 
-4.553702056751   5.466195049270 
-6.691068135625   2.490323385657 
 1.846104314328   7.086831552340 
 5.303036783616   5.081169560099 
 6.936571800098   2.427688156609 
-5.874196177608   4.590926487761 
-6.272092538110  -4.261217892429 
 0.538392714608  -7.645883939566 
-0.931669661177   7.613018763834 
 7.669529772628   0.475388373313 
-1.556006642916  -7.595906171552 
-7.886708859210  -0.291622942914 
-3.140243304265  -7.266808201228 
-2.628157277870   7.470851033739 
 4.764202814386   6.484935512686 
-7.708832562041  -2.665619108260 
 2.091358947462  -7.931031390113 
 4.860626356296  -6.618150857507 
 3.588397415527  -7.476249171779 
 8.286444620222  -0.922183839557 
-4.735027086952   7.016049136079 
 3.465148099554   7.726089536147 
 1.003204143298   8.510956423182 
 7.028404165372  -4.920573524385 
-6.104154886177  -6.119010766014 
 8.225590255641  -2.736456008526 
 7.737741118897   4.007737410481 
-6.287723570695   6.114442483495 
 6.996946919142   5.451896167242 
-7.538767540947   4.838203379360 
-1.888792571567   8.836856081379 
-7.659140642794  -4.876139642054 
 8.795028326096   2.653356023357 
 9.298459118434   0.506207400168 
-9.238315325710   1.215016866930 
 1.171324984853  -9.259212858510 
-9.342917758937  -1.120087195317 
 6.936278323709  -6.468333171126 
-9.098674392253   2.799252327119 
 8.596291183979  -4.326170310243 
-2.009879423683  -9.497228370687 
 5.668865145949   7.908734534944 
-3.356037652969   9.210396240195 
 6.885536394025   6.985162583609 
-4.109785939548  -8.911609330480 
-0.715243936180   9.852126716235 
-5.796681028321   8.091653872990 
-0.345081008722  -10.044243165996
-9.630014916050  -3.100566636451 
 3.192420100765   9.611810799321 
-5.990671292375  -8.166564121261 
-7.650147242469   6.802501600918 
 6.313686498731  -8.065793385401 
 2.707473047785  -10.129097839089
 9.425852125752   4.753996177075 
 4.293766893834  -9.715944966668 
 10.646937856324 -0.208655506554 
 10.590626472705 -1.722812295292 
-2.048771086216   10.624261647654
-7.742238526652  -7.637557788197 
 10.690866516246  2.102752959672 
 5.588835895408   9.413154055996 
-10.950327674373 -0.438613709672 
 8.146657415269  -7.358552251257 
-10.066209128100  4.441984034687 
-3.545319832429  -10.415904987317
-9.421268367432  -5.714043737176 
 10.286234009402 -4.107332926206 
 0.208126914430   11.259396535345
 0.964293870940  -11.251471421908
-6.103949421250   9.634825252614 
 1.713131993496   11.285184900095
 8.717773532710   7.421964821300 
-10.573295627734 -4.715902895466 
 9.535002463951  -6.741702466437 
-11.624372285678  1.264972403008 
-6.018324159575  -10.122122666612
-1.440034654449  -11.697429777048
-9.609566159579   6.931392472389 
-11.674284376717 -2.746359332473 
 7.487683520258   9.489537418808 
 10.891699448031  5.255955449650 
 12.103224722835  0.551385153675 
 10.196087425158  6.628469352330 
-4.813009272934   11.174487008635
-11.762834975261  3.206893779981 
 6.806822095571  -10.137033359503
-4.737031641705  -11.369648632423
 3.568688798517  -11.847765567488
-7.938417343717   9.556201057653 
 8.473961626654  -9.100630587739 
 11.209579278705 -5.499065458758 
-8.723275432241  -8.933048223511 
-2.440385343125   12.256863553665
 11.930087510324  3.974848131276 
-0.838395572052   12.552079308529
 12.452863525981  2.124036536037 
 12.081207360765 -3.806082150266 
 4.215789229847   11.952777356059
-12.691648692074 -0.698701511544 
 0.195383449382  -12.710618579629
-3.103011502947  -12.337209863362
-9.451873229866   8.533083395362 
-7.625481436217  -10.358030526515
-10.559714838497 -7.421112402170 
 9.329282979544   8.930758141065 
-11.461602197865 -5.976693102344 
 12.866556334692 -1.263838502840 
 9.983863443054  -8.294791602781 
 0.688235884378   13.046899448554
 2.214921335607   12.935179141260
 11.053682312418 -7.147099952429 
 6.135181244170  -11.671853840236
 6.407306882262   11.649397347767
-6.998946266313   11.417278702993
-13.343890883773  1.322024250041 
 1.794261861930  -13.292392406244
-4.347709703940   12.762821335715
-13.093177366126 -3.407066260683 
 13.530635093771  0.082421549609 
-12.222280755186  6.004121630697 
 12.177296687993  6.127205773788 
-12.931234275882  4.467500915328 
-5.914538591738  -12.390635489168
 3.727123145696   13.378849192026
-11.551160258619  7.723618362579 
-9.229149806028  -10.389231699054
 3.321955667972  -13.526907278819
-13.062149111564 -5.114899116779 
 8.324338253739   11.385028643663
 13.237371244483  4.889972446526 
 13.723724379582  3.294637154700 
 5.703712292799   12.977589726568
-9.479938819624   10.552931787849
-0.810459860009   14.203862586153
 9.575814444534  -10.623143715357
-3.235630646398   13.939748711137
 11.519044704605  8.495261313275 
-10.807365335577  9.390497330718 
 5.133201480986  -13.425540171104
-14.212965783077 -2.368752736926 
-7.423427505749  -12.389602776855
 14.086917219943 -3.213130757544 
-11.716589959365 -8.517370673481 
-14.498024527594  0.263869109549 
 0.218869262559  -14.615898787788
-1.815839471277  -14.510039410724
-14.257278227759  3.371285426589 
-3.549501633463  -14.217112573575
 0.965103518748   14.625441170515
 11.612331908248 -9.169017309117 
-13.231061959578 -6.647828202622 
 7.282840350859  -12.893764955846
-4.824523445788   14.207420032674
 13.698464386309 -6.167068911387 
 8.985766970228  -12.061642296731
 14.984340759304 -1.484389892359 
-11.152404514167 -10.211217643343
 11.001967807214  10.427481493977
-15.140109366819  1.676466575280 
 15.213703200970  1.081434016298 
-6.733637770334   13.712371913890
-5.094729279089  -14.438948331911
-9.264683873896   12.272362772841
 3.978977186413   14.877966473597
-14.726269122558 -4.516844914779 
-14.096503474157  6.283464167516 
 14.785453501747 -4.549228688346 
-11.055029879081  10.902601394892
-13.402112436400  7.851163674825 
 15.225268891331  3.077939317697 
 14.752270772847  4.969823015525 
-10.232979786181 -11.766208315822
 2.748531041413  -15.349597480403
-8.912792502597  -12.860654515927
-1.332789704907   15.672436868786
-14.914381860094  4.998749273937 
 11.574617930478 -10.777564411254
 13.547351725517 -8.216496270165 
 5.341630667192  -14.966163914190
 14.233025796034  7.137020072721 
-13.522748923057 -8.490828474285 
 15.745701733420 -2.892780855378 
 12.577217743543  9.954479164169 
-12.721354821892 -9.804084324673 
-3.293220629723   15.730562843138
-12.533730775946  10.061572799687
 5.607526596845   15.110387554602
-3.566471922957  -15.740652383267
 7.974371744770   14.043604939669
 13.677302581797  8.753941613020 
 7.062984765139  -14.727452948436
 11.043626482863  12.060835566406
-16.313294468502 -1.371764616118 
-7.140278288670  -14.810421379139
-8.210901663754   14.279023129813
 16.475616450038 -0.495636275711 
-16.184621974275 -3.164649932411 
 9.093706026956  -13.790481115260
 1.153434729562  -16.515445128240
 1.131205906417   16.531682941446
-16.379025130206  2.616980777536 
-0.371497511668  -16.605857081300
-6.320807864951   15.385328342471
-12.330627298505 -11.276402746322
-15.298773724340 -7.157134256143 
 16.289734133442 -4.513597975645 
-11.547812561694  12.364316518097
 2.845620382947   16.684453239039
-16.925403314086  0.199572998756 
 9.619109650289   13.933985258488
-1.987371280270  -16.824683293611
