-0.621238252964   0.180926181537 
 0.502109570031   1.199460346653 
 1.456257977787  -0.094792635646 
-0.079768258134  -2.324563199384 
 1.738379726608  -1.617542336507 
-2.489215992183  -0.060352717844 
 1.711660135942   2.137775952480 
-2.301541497039   1.627053381619 
 2.933695955575  -0.624038993807 
 0.098250419053   3.042265249979 
-2.577150331075  -1.949759563745 
 1.207876159551  -3.508886346197 
-1.712699016941  -3.404514995779 
 3.820914993833   0.718626106281 
 1.458092614978   3.683476662446 
 3.485611485418   2.256121831023 
-2.521714755413   3.503730096702 
 4.284895878941  -1.407048633615 
-4.123748808678  -1.860344159256 
-4.303143279976   1.592675328432 
-0.036009501891   4.813706179150 
 3.521207556705  -3.397858386242 
 2.190056830000  -4.745363695501 
-3.637951879325  -3.845882331726 
-2.347043340078  -4.790875969405 
 2.827708647485   4.589685350718 
 0.332546641815  -5.385217268650 
-5.474664246778  -0.589664899295 
 1.477472269011   5.468437503958 
 4.669769138569   3.372146134586 
 5.659431238221   1.681714890750 
-5.886846214479   0.946644835864 
-2.878147405107   5.230007296804 
-5.596935631291  -2.264352240701 
 5.941738155349  -1.211993129176 
-0.960748051532  -6.162955602311 
 5.346023146215  -3.350490151724 
-5.352307693269   3.823094095751 
-5.035590042154  -4.426837262720 
-2.825564124212  -6.229588254138 
 4.671692742012   5.033569370687 
 4.826615542317  -5.128314621618 
-1.319695947227   6.955518542608 
 3.340557568867   6.282595537245 
 1.969297236744   6.891865330510 
 3.487638353408  -6.320685276656 
-4.853422003890   5.579184992271 
 7.357467081144   0.960205585842 
-7.426589411011   0.479655522220 
 0.527980706985   7.453073038805 
 6.923403089671   2.857888597341 
 6.139874668481   4.505087864518 
-7.614741343825  -1.034989997759 
-1.685662547936  -7.549990087137 
-7.051828619793   3.292745657863 
 1.678813763997  -7.603018316066 
-0.058187022495  -7.808247292126 
 7.826560404895  -1.380381665304 
-6.426431467773  -5.198519333375 
-7.468180457451  -3.567906304605 
 7.811079413050  -2.968263335651 
-4.071468519202  -7.430820611555 
 5.283213719290  -6.642605487256 
-2.873587535715   8.027138673360 
 3.862212428481  -7.800889815153 
 6.853330831686  -5.487847364145 
-4.562668919618   7.535927897814 
 5.063826440330   7.338438808207 
-6.988166732893   5.551165322138 
-5.542305609714  -7.004932971849 
 8.895592479136   0.867102277973 
-9.199261525842   0.013810231726 
 7.180530822535   5.789533526892 
-9.040604972337  -1.833232834764 
-8.709555339055   3.040873292800 
 8.727638778290   3.077979225960 
 1.660285839673  -9.111975435976 
-1.798818499149   9.116643197603 
-3.016033307589  -8.836719597946 
 4.179530945316   8.579896822852 
 2.608693348331   9.216547203889 
-1.050713200989  -9.552093861948 
 9.586884167169  -1.374581779366 
-6.152204357718   7.511874009277 
 8.578948460517   4.574580501364 
-9.145467777372  -3.341339046442 
-8.505095886231   4.748072679619 
-7.049303918386  -7.015379879342 
-8.181213196286  -5.708433853737 
-0.483959450238   9.976967917995 
 3.510077660582  -9.402515583256 
 9.056129425547  -4.342651225457 
-10.025161738387  1.868149906337 
 6.611383921692   7.832052047064 
 1.284196681882   10.253917425818
-3.228639135772   9.913162939852 
 6.630797180939  -8.088487137441 
 0.206941795417  -10.476473309939
 10.511832096092  0.173819605287 
 8.391310972914  -6.482743142135 
-10.690588669901 -0.802510706472 
-4.680030097262  -9.648942375384 
-9.580344685674  -4.945471771854 
-7.664181478249   7.597357203095 
-10.520247441668 -2.414102161834 
-9.943769486469   4.282737130510 
 5.466058983441   9.440619791084 
-1.756642125586   10.804621041999
 8.252194286010   7.298176562147 
-8.971888648578   6.414045827955 
-5.966609657709   9.295510622964 
 10.734636851483 -2.698440745281 
-3.087023606317  -10.752493455181
 5.030905943825  -10.026340125747
 9.488312199550   6.003136844887 
 11.303995694540  1.590227566960 
-7.860359411530  -8.403533638646 
 3.795272433402   10.902634630993
 1.740368955346  -11.426115552865
-5.124553209025   10.566361966895
 11.147922852822  3.703916092089 
-0.814419008954  -11.732689606057
 10.269669566544 -5.768891558136 
-6.269408971773  -9.979268898608 
 6.738097259916  -9.701482724404 
 8.583844157933  -8.270132851342 
 11.984640810477 -0.375875080946 
 10.940924540015  5.190826905133 
 1.355168569435   12.117620173404
-12.363510248660  0.670899175049 
 6.753707523618   10.388817980067
 3.253471444816  -11.961546993193
-11.839302010079 -3.756429381245 
 12.290916734679 -2.065901355711 
-4.122039988413   11.776570986031
-11.224069846403 -5.492275189653 
-2.093855675880   12.335819503050
 9.877426730549   7.738652233762 
-9.991612833806  -7.743687562788 
 0.780830426374  -12.617162227712
-11.981553177174  4.113231500664 
-7.193046220256   10.496053434534
-12.513036253194  2.345563731934 
-9.760852636174   8.182000100983 
 4.800931563069  -11.801768369941
-10.709540736377  6.960401369677 
 12.289018087612 -3.638464266483 
-0.091956930190   12.835256437683
 11.750910122130 -5.220048165997 
-12.795050880073 -1.494612455136 
-8.366324195985  -9.863036377823 
-1.922399512377  -12.844068099706
-6.052157228978  -11.504692098688
 8.346217007316   9.983134986343 
 10.535448778980 -7.681309776064 
 8.244547566572  -10.157477593307
 5.353935014354   11.945764903656
-8.687058744636   9.877140027387 
-4.722861474371  -12.283105594678
 6.454313890372  -11.472428195655
-5.720474396828   12.016052441729
 13.144510564567  2.438417038640 
 4.110169946212   12.801192806078
-0.509116883160  -13.446302584287
 13.477237329561  0.117537040124 
 2.472293711973  -13.273443610534
 2.514790024313   13.459891780691
 11.703776695941  7.133250552835 
-12.423853213551  5.810710873115 
 10.220311252237  9.272337511627 
 10.218266681823 -9.333868896112 
-1.314482901183   13.802912188797
 12.620356643988  5.785725985975 
 6.919274248699   12.116716420515
-12.078194643966 -7.031390383513 
 13.212477857725 -4.838121145102 
 13.850778898261 -2.809728656074 
 13.461084479686  4.314593480178 
-13.756624392840 -3.260609441965 
-11.085530629011 -8.793456647997 
-13.331840064914 -4.833209017980 
 12.696613050236 -6.425027224204 
-12.180907359407  7.410530109529 
-11.308171757745  8.717349497866 
-8.514533884864  -11.497036330628
-3.968530056673   13.803938380901
 12.074311620783 -7.892867297447 
-14.090865716673  3.185068229154 
 14.378386472733  1.404422287721 
-10.099079827780 -10.341542590911
-7.635023850440   12.436965337645
-6.605981228799  -13.148753169481
 1.413858018872   14.671616537508
-4.421934110981  -14.078946622627
 3.770852211719  -14.273318973044
 5.639742600405  -13.659615566446
 10.060537106279  10.872739287730
 10.136290879649 -10.851562087064
-14.844538532585  0.507762613241 
-2.295902242922  -14.692381826413
 1.035826225621  -14.933914149103
 5.221797248820   14.118439693627
 8.848286519313  -12.198170473016
-10.836036611473  10.569696117763
-12.591091248393 -8.497081683671 
 15.095547144973 -1.782094766321 
 8.775916055423   12.416687896167
 6.767863852587   13.718473774483
 7.809891594810  -13.280788695546
-15.360809144009 -1.571550787477 
 11.731504532557 -10.126367372770
-1.028133082181   15.543944439685
-14.195115349882  6.440988765721 
-9.381478253295   12.453583180812
 12.029228461225  9.944596250837 
 14.504278038387  5.854245247900 
-14.975965713771  4.598717417206 
-12.091278599034 -10.000364737493
 13.085109400025  8.706012385072 
-15.298286078867 -3.692279432285 
-1.146675740963  -15.734009688078
 13.680942632737 -7.883190210129 
-8.217222314837  -13.527068900620
-14.024808710325 -7.348328556659 
-5.199195982385   14.988608088760
-9.668286943416  -12.581796553931
 15.221354618615 -4.567431181674 
 14.728864951746 -5.990315018768 
-14.808183475818 -5.807741633375 
-13.533314474330  8.365398428656 
 16.026535451290  0.885286359747 
-6.988356141351   14.504654315663
 15.896182235775  2.740999832511 
 3.436804057323  -15.773978085462
 5.485572659582  -15.236808690116
-6.146356804434  -14.988049526961
 3.884705038268   15.797590804382
-8.598302681605   13.836414793518
 14.428216688481  7.608102660548 
 16.058966002677 -2.974643995854 
 16.376288980149 -0.806158043574 
-16.196680008541  2.765185781494 
 11.731666580926  11.517186615317
 10.959353332841 -12.265003618164
-2.602589532161   16.259039221477
-11.295090938807 -12.065396133645
-13.213283476895  9.981590490432 
-2.781916661094  -16.337598321076
 5.423859352407   15.663467734259
 9.883374418706  -13.314771462526
 2.094893602308   16.513115761474
 10.529913129633  12.907926194885
 16.056804018353  4.540820595094 
 9.069023773813   14.108473912198
 0.065223606337   16.802377535951
 7.987426704865  -14.805433287334
