-0.492881717565  -0.548282531589 
 1.430669833093  -0.109391897143 
 0.167870053259   2.015458448955 
-1.440746460820   1.528255070870 
-2.353405958260  -0.177357182746 
 0.983088000728  -2.187325772351 
 1.652004583233   1.781130601456 
-1.576860871861  -2.007466699251 
 3.315965455914  -0.331158959124 
 0.903957532423   3.431541817188 
 3.281104222673   1.734850618814 
-3.682611925537   0.844861156152 
-2.905112347108   2.565081453270 
-0.620110595612  -3.855617345287 
 3.171541687901  -2.411546736280 
-1.716847035655   3.632181431412 
 1.519429570517  -3.983545369636 
-4.382674533697  -0.586198899278 
-3.930943753124  -2.190796220780 
-3.039799764703  -3.680138765740 
 4.725585187419  -0.909088233005 
-0.006270984263   4.990465359515 
 2.554288860236   4.532410510918 
 5.120067437747   1.304576545073 
 4.675102064543   2.783198735707 
-5.255197629694   1.808940828204 
-4.269396718401   3.615894475380 
 4.351701079325  -3.869543280398 
-5.470873439036  -2.107529569211 
 2.782478929405  -5.462747121674 
 0.809783485900  -6.107328332593 
-1.600140709221  -5.952561078090 
 1.000524441794   6.211101899183 
-1.055690101565   6.216802250549 
-6.505267780102   0.978316011984 
-6.538436834098  -0.866081180201 
 6.752954295155  -0.297586106153 
 6.343880728884   2.372454716122 
-3.072043483289   6.167392182832 
 4.372493536732  -5.451451951064 
 6.353570304988  -2.997326138449 
-5.982131888614   3.698372600752 
 4.883116097156   5.089362681295 
 2.519866536224   6.597750333456 
-3.430193159565  -6.388752686688 
-0.733545292219  -7.349858257484 
-4.844096388620  -5.585930116784 
-7.009023546168   2.569763767448 
-5.935919088980  -4.554344381182 
 6.384915671951   3.911824997777 
 7.497445303397   1.152000962683 
 1.201317011887   7.717923488301 
-2.281630181620  -7.692058804271 
-4.621348713389   6.566515819061 
-7.516270522145  -3.002546160195 
 5.858893911010  -5.694895177528 
-8.123544976769   1.549859884302 
 8.235035723666  -1.241557138758 
 4.216435697227   7.288099748731 
-8.430566141392  -0.774779675245 
 7.860881226271  -3.241350924018 
 2.652857197368  -8.082585864826 
 0.203506639159  -8.583109379983 
-0.412164946055   8.594973511288 
-6.074087031518   6.117196559175 
 6.509068284780   5.669493894903 
 4.851878042207  -7.144270951788 
-3.722807836847   7.904388077915 
-2.307629212659   8.579697213511 
-8.068417309852   3.797223814084 
 8.938959936895   0.663082837903 
-6.020420658854  -6.671970769958 
 5.770822862566   7.022774380446 
-4.643895854614  -7.831419491335 
 8.717849937164   2.711278104467 
 7.778199264031   4.833248585860 
-8.241611582613  -4.524649862408 
 1.476817105515  -9.392143637257 
 7.598803437709  -5.980744081989 
 2.405991324205   9.431734911515 
-9.198889287596  -3.336604919854 
-9.835435320298  -0.077684763814 
-9.692291240173  -1.728982706679 
-7.771303361019  -6.106321495970 
 9.624460790162  -2.394424457743 
 9.202973766624  -3.991374416955 
-1.337731347791  -9.970131518530 
-2.816388354072  -9.682718730278 
 0.802782801105   10.057138126942
 5.070548522066   8.793888404205 
 4.631409576930  -9.051187206886 
 5.981681296182  -8.311966338635 
-9.917672915011   2.820659210390 
-8.612914585383   5.831791248301 
 10.480036268439  0.427891553842 
-5.299050833247   9.156411568547 
-7.110723456129  -7.844260326626 
-1.490601937985   10.522098188070
-5.288847792843  -9.234753111624 
-10.550663015470  1.434455085343 
 9.101651527455  -5.566296887091 
-6.853614811432   8.194369069745 
 9.474536856746   4.953065231580 
 7.201761626074   8.011228710997 
-8.019371126732   7.233844375511 
-3.444172894206   10.301181981398
 1.080036504830  -10.843168842013
-9.955095211652   4.820049036642 
 8.880501604296   6.633220139957 
-9.424289460035  -5.873130145136 
-0.427706245224  -11.262967349825
 4.342539703229   10.509145444349
-10.979186246069 -3.105515990040 
 11.264209965002  1.950812749596 
 10.735050732087  3.941645814409 
-4.347008089770  -10.615248980275
-8.742177457374  -7.491360882211 
 2.725515910096   11.220814148507
 2.729052522943  -11.302261202772
-0.380394714936   11.625314107428
 6.714788976195   9.533014161736 
 10.556852246388 -4.981289988836 
 1.252327871962   11.682424382808
-7.118670486192  -9.362935977896 
-10.794122385436 -4.949148892083 
 11.886655740611 -0.456079243752 
 8.459776243972  -8.389006234103 
-11.919791014416 -0.207956037872 
-9.592336757917   7.079184774987 
-6.665275777463   9.897162842016 
 7.256597181200  -9.491918028897 
 11.816206698854 -2.047322552771 
-4.795417553156   11.046451161024
-11.430555825401  4.007609841070 
-1.824071808817  -11.991642982853
-12.039664924924 -1.725567992972 
-1.900206245107   12.030797790132
 5.837929940241   10.765471751623
 10.412099507308  6.539754216701 
 5.946569520950  -10.937637978444
-6.002654417800  -11.018668577586
 0.408722090037  -12.589714512437
-10.936155931200  6.296673180675 
-9.247265636602   8.641204001213 
 4.055176653008  -12.174023502912
-4.180824035217  -12.153225381595
 8.440053155762   9.781216214774 
 11.049449047767 -6.769442080508 
 4.030871158892   12.349574626920
 12.296342227405  4.225149324853 
 2.285521444526  -12.809605453964
 12.176713619317 -4.624451291337 
-3.749385050407   12.503181897582
 9.700221162370   8.752071191394 
 10.170045956550 -8.290579607933 
 13.239738726709  0.323893649660 
-13.126812125422  1.788862225090 
-11.238941712282 -7.018428879004 
 2.434697304777   13.110157903348
-12.317356680394 -5.236016023191 
-6.245296301433   11.880000720297
-13.439847347191 -0.975413843117 
-12.951470352767  3.862507470209 
 12.069427900718  6.089622723263 
-9.525975451168  -9.636666491747 
-8.067342105027   10.925490084163
 13.341859637706  2.882796403811 
 8.070905640955  -11.066492851947
 5.644405216444  -12.557855704200
-10.807743686742  8.535626761220 
-8.434472418983  -11.025020598141
 5.685879842354   12.735529459697
 0.165361851070   13.957710002273
-12.884792707812  5.515232489577 
 7.420782392832   11.974304354105
-0.050581969898  -14.126867976781
-11.249313638938 -8.576869570417 
-9.549394230664   10.473975362674
-13.944497220910 -2.576414285419 
-2.307886867527   14.071611205028
-12.200041533381  7.398443118436 
 7.145494207556  -12.392005844852
 14.136985743975 -2.450875748071 
-2.291970525807  -14.209549246025
-5.488478616545   13.395181520630
-14.499603664521  0.149354798928 
 10.544086850377 -10.048504666943
-13.987118519972 -4.108442256206 
 3.933630710233   14.108871485161
-3.908316014817   14.171056067092
 13.618463496936 -5.558198517371 
 13.831930395910  5.098527636547 
-4.045240775872  -14.181534513692
 12.535112153134  7.906124279094 
 9.137662377833   11.692471122715
 14.812397465427 -1.052022770248 
-5.549730882818  -13.809911839665
-8.255694795547   12.497343266173
 1.979015785707   14.852694125499
 10.468373651277  10.739489712226
 14.848981915868  2.356109382915 
 9.643342357261  -11.546900991409
 11.631646834306  9.595427703376 
 13.285120358547 -7.160244227023 
 3.945409038422  -14.571785044894
-7.726099766394  -13.103261530393
-11.173387462513  10.478016594382
 1.043455340609  -15.297012605406
 7.314504020413   13.488876430654
 5.913353595211  -14.185854045360
-14.848402493528  3.971975584569 
 15.411647303895  0.512979585603 
-14.424904134969  5.495181782619 
-13.685142169358 -7.163686579393 
 12.077466939638 -9.670559125280 
-10.972594568446 -10.937113712598
-15.309634390678  2.475003422276 
 15.106669841517 -3.729645676255 
-14.486824522670 -5.759051115323 
 0.049050002254   15.701120692128
-14.048394517301  7.181497491281 
 5.734168472587   14.726052976953
-10.372863626855  11.958717246831
-6.547835035316   14.469599513966
 13.301851743467 -8.695980439359 
-15.606499897975 -3.113871729881 
 15.791155927054 -2.191905739011 
-10.003822668773 -12.425778059378
-13.490417023159  8.623070361745 
 9.009733861261  -13.246920412642
-3.538164554019  -15.696862235499
 3.287628899677   15.786858234425
 3.043991342024  -15.837392380742
-3.446108124117   15.759844974674
-13.185452087200 -9.314629003207 
-16.169842933358 -0.479215771971 
 15.383337809766 -5.256512030578 
 13.262636313118  9.465230275780 
 14.634259250142  7.289583187945 
-1.698871885903  -16.265178242911
-16.322530873345  1.261809684886 
 11.005222869104 -12.321729733338
 14.772015612609 -7.435225094392 
 4.603359235001  -15.935191301444
 12.019463453068  11.435930684764
-9.646113685389   13.502101692267
 9.354773375794   13.751898837316
-2.147961481464   16.557774561022
-6.464676232008  -15.473459567625
 7.918361228196  -14.785943076249
-12.927640904545  10.743533823317
-8.392696386360   14.608603492565
 4.768786747900   16.198450829658
-8.097143711754  -14.858242533892
 16.432272074430  4.294613685529 
 13.447229569096 -10.415508918486
