 0.331503012922  -0.706738998062 
-1.346578868747  -0.627732609181 
 0.744482116358   1.824664396169 
 0.157341374998  -2.266880294289 
-1.269878808736   1.934732635551 
 2.132215218956  -1.185202210470 
-2.747601846298   0.474600885624 
 2.424466097666   1.394536482422 
 3.431111809171  -0.127694772081 
 1.587597581043  -3.255941257719 
-0.741303698728  -3.602957059151 
-3.656457277167  -0.945170170775 
-1.789315129905   3.403921194992 
-2.317498455193  -3.113819915937 
 2.593900517091   3.257263728438 
 0.803430634185   4.170969853929 
-4.066782787824   1.692972985095 
 4.063210980642   2.295997192750 
 4.771657345281   0.806236284539 
-4.884858200670   0.363152263011 
-1.169659890536   4.775259507746 
 0.296899917806  -4.955432970459 
 3.861791786032  -3.279997317848 
 5.175248144145  -1.654692252369 
-2.802896468110   4.701351687669 
 2.643321303019   4.822393978468 
-4.304505922067   3.428661973298 
-4.371313278064  -3.868266425691 
 6.029240783537  -0.248344558130 
 3.192351108301  -5.126616701730 
-5.625283892588   2.473472850207 
 1.599200272821   5.956810396544 
-3.373181928556  -5.168270941539 
-1.659964656691  -5.991787429978 
-5.711404564248  -2.509064493932 
 0.091834073523   6.327238490157 
 1.650500364001  -6.115396761581 
 5.470456207197  -3.221501443228 
 6.060977340022   2.116855207022 
 0.084191038245  -6.440902778721 
 4.260882769606   5.135036286088 
-6.714757127123  -0.907979818423 
-6.813878201920   0.932363827199 
-2.038795886617   6.747116488387 
-5.355606867814   4.603168924679 
 6.211656763304   3.675864853021 
-3.577216299590   6.479081078666 
-3.225338579123  -6.701335391177 
 5.359446011855  -5.269287748650 
 7.520422359995   0.176942648697 
 7.014627891983  -2.772506070034 
-6.911581669306   3.449504586440 
-4.983630570197  -6.080771036795 
 4.002678370381   6.779894649076 
-1.787860999661  -7.683281396887 
-0.130860296822  -7.941288590097 
 7.996914523107   1.628166143910 
-8.159274574512   0.179787200134 
 2.043541864628   7.923979573275 
-0.374869699363   8.176009322829 
 3.944478212712  -7.380537555893 
 7.010363529737  -4.632825924580 
 8.316263999230  -1.402758750052 
 6.179851018741   5.782568563793 
-8.022165000582  -2.745131543923 
-6.727773752483  -5.194807092995 
-1.991993816525   8.349684400814 
 2.539422727651  -8.356581743137 
-8.659104026982   1.981446138267 
 1.072331796061  -8.854863637144 
 5.481142150171   7.175994265562 
-7.459390666029   5.096463141483 
 3.776279557803   8.326797219298 
-8.105484772440  -4.251211466985 
-5.072918161495  -7.681825978885 
-8.477373797322   3.959096733279 
 8.686457669761   3.509376714291 
-4.763932977387   8.101291685766 
-0.821134828860  -9.414522207565 
-6.349815895297   7.039055985181 
 7.241393499477  -6.153744305320 
-3.012471039112  -9.052451893045 
 5.784315731813  -7.594746135076 
 8.001980322660   5.252716373864 
-9.604942975936  -0.846571674783 
 1.640310438080   9.546974587183 
-6.958765827360  -6.854120687310 
-9.786981296991   0.945287038141 
 9.823336597117   0.956208011874 
-0.137961863662   9.892163701077 
 7.424867390383   6.739021148408 
 3.791540119331  -9.553955442814 
 9.661510374614  -3.618587173970 
-10.154699792142 -2.302302520906 
-8.558220535577  -5.976372896636 
 5.253342439147  -9.028665107767 
-6.512477867990  -8.407380908647 
-1.682013316954   10.515984057085
-4.684108774369   9.602851067056 
 7.346527295161  -7.795680562447 
 10.532811227791 -2.029792918291 
-10.398080714884  2.673662188357 
 4.889794886373   9.586998711479 
 6.516277404966   8.606773390629 
-2.589094912210  -10.493763264366
-9.406788395874   5.439492956264 
-5.354301386009  -9.511466583019 
 9.035415703583  -6.306351536883 
-10.361865427437 -3.831379860880 
 11.121318483875 -0.624445902501 
-8.513997071261   7.262905425847 
 3.400953344460   10.700864311216
 0.935136769192   11.215696046123
 10.808354190514  3.193904197514 
 1.653782301269  -11.176092725337
-10.469879474266  4.360821804683 
 3.531008904080  -11.039887090260
 8.372263259297   8.025033262298 
 11.499504497980  1.840912717690 
-0.928631344493  -11.613400751416
-11.569218057377 -1.462162533113 
-6.158572509422   9.973659854814 
 10.576650250659  5.080979594410 
-7.881964047052   8.742347606845 
-0.722629840162   11.759690809342
-4.602005103245  -10.867053796408
 9.872353376548   6.510633883862 
-3.883767890258   11.174397938427
 5.412936863208  -10.593160348404
-9.870249406787  -6.750687108838 
 7.524749907260  -9.333382777739 
-8.970729701473  -8.016025709194 
-10.905580133284 -5.383786383626 
-12.162874370652  0.163675714942 
-11.973049026713  2.256143229162 
-2.495844081314  -12.134019574749
 10.744676491974 -6.519909003835 
 12.579681784486  0.337437643025 
 11.596623163131 -4.994256464867 
-7.506961293496  -10.277415529192
 5.191428471987   11.648003543674
-12.347742369111 -3.217670476590 
 2.746460740094   12.584031780406
 8.800035031432   9.479379835579 
-9.630819186316   8.661490963238 
 2.687824937109  -12.705386823776
 1.064269553573  -12.975569958956
 9.772285399167  -8.634931714784 
 10.357230219054  7.976961209624 
 12.748801542009 -2.947157156487 
 7.362365857061  -10.825417195255
-5.134388951508   12.047910797656
 4.612975010645  -12.264772157530
-11.539478794507  6.284704164779 
 0.977322864553   13.133976953395
 7.760895704882   10.643188131627
-13.081522994892 -1.818397257287 
 13.168120929374 -1.089899372988 
 12.472175296956  4.385881754663 
-1.936194477726   13.130663102947
-3.640272415086   12.768894481225
 13.096420580907  2.304785865230 
 8.842141831697  -10.113912639529
-12.494465864772  4.990693890946 
-11.762808120960 -6.745220133564 
-0.598087420075  -13.583202561316
-11.197196297559  7.905501111937 
-13.732020999520 -0.079890281096 
 11.951998105529  6.886640970895 
-6.751060271064   12.088790431627
-3.258465971062  -13.491087942292
-11.011976791620 -8.500082367496 
-9.367962235558  -10.290451506223
-5.811699294195  -12.686256382962
-12.888688119311 -5.437447405237 
-9.690062613679   10.206847314010
-13.724368559215  3.146871409682 
-7.214833283260  -12.101577316203
 6.742895560184   12.486763875031
-0.242621074203   14.240413817903
-8.653507498279   11.375044338850
-13.998041436627 -3.006084098356 
 3.988214384765  -13.767601959028
 10.908581885127  9.439901388279 
 14.464244368237 -0.093925572330 
 9.580336834337   10.923215911142
 11.585189024622 -8.854988788047 
 1.794484548527   14.489577205220
-14.526561284109  1.815740661679 
 3.483477675395   14.244230828652
 13.473413266772 -5.830141014318 
-2.027326109949  -14.544169868255
 14.372070271037 -3.137284549926 
 6.044498773509  -13.413392888687
-4.500526219156   14.024043348211
 12.601316363550 -7.639383709408 
 7.926949640948  -12.429895960565
-12.711740076969  7.488770879276 
 14.722709263706 -1.587706221407 
-4.655301778765  -14.057492900413
 5.406158364069   13.832787420244
 9.469912404067  -11.599346074619
 2.334508761254  -14.802379831119
-11.414808622754  9.720370162445 
-0.442492661023  -15.114363331222
 14.813419439215  3.142296732389 
-12.991318502406 -8.113541610255 
 11.236322583400 -10.414145298049
-9.937168755038  -11.714157684071
-15.422432519008 -1.042176744298 
-14.926331036690 -4.253652354398 
-14.912740380915  4.348859513879 
-14.295521418134 -6.080842891375 
-8.489696837562  -13.021441575952
 8.168188030643   13.259040958416
 13.203992500992  8.468781434766 
-14.331277439552  6.379482504927 
-8.784862809639   13.013209492319
 15.000573495096 -4.700755494841 
-10.123788072058  12.031578064836
 15.695522972256  1.073926685419 
-12.145097163445 -10.006848750945
 14.560521112138  6.059554625114 
-6.732187164621   14.286415854023
-0.859896901913   15.818487866047
-15.670865059860 -2.700458292366 
-3.228883017617   15.592371782093
 13.103537149805 -9.062581194149 
 4.062250406782  -15.410423543469
-7.382498113677  -14.304554834035
 2.044010448798   15.981665259131
-2.617277546810  -15.941436016982
 7.382942979179  -14.386764045276
 10.269870704139  12.612932158909
-13.835225963143  8.662547222664 
-11.803490260641  11.292284149826
 16.014580894762 -3.296237398757 
 9.110523574919  -13.603983910010
-5.265324888953   15.565219498826
 11.525788148790  11.713877746316
 0.197952178154  -16.473858877729
-4.784605969502  -15.770393257795
-16.519132460038  0.324478637183 
 7.096968433816   14.972335306220
 12.766683188290 -10.574745687333
 2.298530702934  -16.421589111873
 14.657461419480  7.795875212106 
 5.230949145701   15.850237834386
 16.636477625687 -1.600887237964 
 10.721896251178 -12.858890574909
-6.341815949986  -15.506172968217
 12.897942396885  10.793897085622
-13.871924100894 -9.546070540648 
-8.211626815066   14.836977776623
-13.360796837605  10.482311492483
-16.899430940410  1.864638420935 
