 0.276138639548  -0.350290084937 
 0.911871546993   1.720443771375 
-1.009631582239   1.968014946679 
 1.924373892144  -1.296706586581 
-2.405727620027  -0.114287288870 
 0.245868009548  -2.488322642454 
 2.613605923064   0.536460993270 
-1.997798803153  -1.771256957312 
 1.980649340596  -2.908401240663 
-3.321798170458   1.271453627094 
 2.506330053267   2.729218609525 
-0.040178180817   3.937215878370 
 3.699365559952  -1.477901467473 
-2.963135160983   2.914702318884 
-3.725138628844  -2.021707421258 
 4.261833437443   1.669567076059 
-1.690523865352   4.309083736129 
-2.974370826655  -3.572620673462 
 1.379898956861  -4.793330883064 
 4.985986697194  -0.195939504463 
-1.295772058804  -4.878200876529 
-5.032351298171  -1.159593846459 
 1.967272147714   4.822460115754 
 3.581238763577  -3.847859955405 
 3.991343501456   3.999292471795 
-4.531722834148  -3.386499855279 
-5.342613436183   2.338669915223 
-4.189850002368   4.122176276397 
 0.518154408475   5.920240958088 
 5.890310362424   1.075370936056 
-1.108363591583   5.913906358382 
-6.027039550112   0.974167572454 
-3.935484013917  -4.861913799851 
-5.879582263153  -2.572342972036 
 3.559652797101   5.444726935238 
-0.831625552240  -6.490190508205 
 5.985324679656  -2.711949545592 
 6.598063541731  -1.043435159947 
-3.790662406303   5.578860892807 
-6.653231167811  -1.138630505675 
 5.102828815582  -4.479519267682 
-2.391661019901  -6.545476757905 
 6.241129433354   3.108416300233 
 4.111992729834  -5.759351846992 
-5.736649002588   4.161433275718 
 1.970193023614   6.929320370855 
-2.318966460949   6.828485210575 
-5.786166901860  -4.445404915070 
 1.284409443900  -7.196199729996 
 2.841908843017  -6.822569945007 
 5.825731813389   4.669269745306 
 7.474304813482   0.193594848443 
-0.225698021652   7.544602483850 
-7.167697125143   2.817570673513 
 7.655118029200   1.952055930441 
 6.786766780202  -4.080967786952 
 3.711228238591   7.032102122128 
-7.344705193372  -3.588874278009 
-8.144044280670  -0.711931339182 
-3.884380835229  -7.286008621210 
-6.131423235295   5.791583786749 
-5.395140198827  -6.544663317067 
-0.432129294113  -8.605471017445 
 1.526368080968   8.482792467309 
 5.442275109885   6.720323223118 
 5.568721945996  -6.802493329650 
-8.796159497628   0.706254054418 
 6.830251484307  -5.749027432732 
-7.530542201455   4.869694606788 
 8.706859779058  -2.472490437654 
-5.304335945251   7.341305200790 
 9.053941180131   1.007308030736 
-3.469232591885   8.497209630205 
-0.799004445819   9.151712219415 
 9.133366879271  -1.007782678415 
-2.289082062837  -8.978687954074 
-8.794794309580   2.922886502900 
 7.870159960052   4.909313880632 
 2.681110118574  -8.900082109157 
-9.240946244690  -2.236188533413 
-8.858938011819  -3.974000125686 
-7.284866206898  -6.445893355958 
 4.739351451617  -8.495723278409 
 8.763467928433  -4.353880905811 
 5.273196491164   8.295953457906 
 9.334188825518   3.106494623863 
-4.029161000540  -9.081067211593 
 3.951193242159   9.268127507960 
 1.208825793016  -10.085503074358
 8.311575179960  -6.079798259753 
-5.637281206465  -8.621170205479 
-0.821446339252  -10.345676720363
 7.627616842888   7.091733595681 
-9.287889175595   4.756104138089 
-8.529898564759   6.078396918746 
-10.415603557027  1.418904156313 
 10.240865920555 -2.378302494083 
 10.586936129299 -0.209613828771 
 0.203398569094   10.623532547131
 4.043082769815  -9.888474979038 
-3.125048987062   10.235217261055
-1.502080128180   10.662019840185
 6.552752487838  -8.565253130035 
 9.217810701206   5.744168026476 
-10.966038621781 -1.112265615279 
 7.940403700818  -7.672814082646 
-7.891109011195   7.828115240274 
 2.304590790142   10.906705928016
-9.267027516057  -6.250020961922 
 10.286746243192 -4.567028252093 
-8.413999525314  -7.491817678491 
 7.312256926236   8.584672516681 
-5.446373821779   9.979659377585 
-10.324880458493 -4.905624732657 
 0.351390750876  -11.441595493861
 10.427308831636  4.749495152016 
-2.061638904749  -11.397604176032
 11.384944587571  2.179865630879 
-7.145109536953   9.270283442685 
 9.822990412376  -6.365012847291 
-7.364592419761  -9.188313292323 
 4.868281192543   10.854486670069
-11.530349683623  3.228912279668 
 2.785653741718  -11.656692695209
-11.974986100563  1.180923720254 
-11.768481264798 -3.112282689300 
 9.774696058889   7.326825739642 
-4.678202345536   11.311343125124
 4.905713955048  -11.291733130823
-10.914264239427  5.714930027659 
 6.426396941698   10.528829851137
-9.388617680708   8.084137161369 
 8.855476706007   8.676731307288 
-4.063382804362  -11.768790189568
 12.482044145064 -0.637718416700 
-5.551475461756  -11.213085346287
-0.572574533075   12.625741439942
-10.016677801753 -7.717313762549 
 12.455438221782 -2.669787895451 
 7.354863939684  -10.408489244784
-0.744739908912  -12.753746670601
 8.016154397780   9.947654824974 
 1.143863059102  -12.745982069049
 8.901340458295  -9.303461268600 
-11.465377827581 -6.034737469483 
-2.328445644841   12.749739204884
 1.187060631288   13.039538121372
-7.474082348399   10.752400637205
 12.176867758249 -4.819512398927 
 11.512925258231 -6.359183386309 
 13.123882870724  1.255186248300 
 3.922586336312   12.624116721141
-13.083603049152 -1.980982250647 
 12.497235332500  4.384362883850 
 11.873188260835  5.886940309250 
 10.800853262640 -7.719180762865 
-8.844227490321   9.927785236806 
-10.905074263885  7.704472508241 
-13.452670334892 -0.085430573283 
-13.122880446087  3.050524724482 
-12.610917968825  4.759297426041 
 4.482137366911  -12.758222462578
-12.650099836510 -4.952984208580 
-6.460265169639   12.063334203422
 6.463204322616  -12.127130153874
-4.907771309024   12.846745194058
-11.535480527242 -7.566886296622 
 13.445880504966  3.094373412780 
 7.553506999063   11.560966657626
-13.358316564836 -3.583724718490 
-7.310231100625  -11.750563024715
-12.302880075288  6.356395456047 
 5.820943956036   12.572433450662
-13.785958354129  1.667549504878 
 2.665486515246  -13.676019662916
-1.903698660461  -13.869692761713
 9.473931038728   10.355389916246
 10.546240627758  9.303523386990 
 0.308186342897  -14.060255503101
-3.482579781920  -13.694952795443
-9.768637089617  -10.248069966731
 14.247554571419 -0.588618898815 
 10.666597965386 -9.530844106162 
-0.559180861186   14.372253224197
 12.385797026628  7.365229243181 
 8.856372386438  -11.433505125750
-8.853730286209  -11.445891666814
-10.581639207609  9.936881518831 
 14.140720513407 -3.281899267939 
-6.336287333734  -13.083714550278
 2.427902649591   14.411354674341
 12.740557216216 -7.305918182491 
 13.836061075799  5.200811969823 
-13.397361244194 -6.278448594937 
 4.992934034417   13.934970637403
-14.829029661669  0.564550827891 
-8.413690965800   12.291376433454
-3.018279393095   14.662242184541
 14.169260354220 -4.844094513212 
-6.323616085604   13.592136756166
-14.964676260797 -1.135994446436 
-11.823791390260 -9.543970452635 
-14.516682660911  4.631307296086 
-12.649160264395  8.535502254517 
 8.242512249196  -12.890318369524
 6.528283237986  -13.859664512440
-12.951374189383 -8.194382993027 
 7.664838821820   13.365984532284
-0.399433767834  -15.442226766729
-13.977990442550  6.602146265442 
 15.304804905492  2.184757398328 
 15.370754270068 -1.845258324591 
-15.252363918274 -2.709458393736 
 1.129301480986  -15.457071847484
-2.782451369627  -15.253228813195
-15.367455176230  2.297308977324 
-7.839505921069  -13.447832983552
 3.895340577196  -15.104360142227
 0.926780136047   15.681305337929
-4.675393403916   15.043877583745
 14.285003522536  6.684617947289 
 14.236192073691 -6.809392579113 
-5.765868560385  -14.728799713962
 13.153090774615  8.819768669776 
-15.295591980346 -4.387259778150 
 11.689838039480 -10.877709054775
-7.974669381030   13.863210851131
-10.080542479292 -12.423562084011
 15.545306781751  3.808429544015 
 12.693233938211 -9.754795118588 
-2.024487533793   15.918063505539
 12.429215711105  10.199848086807
 5.601499379196  -15.077426260176
-4.263635655007  -15.553892283921
-12.200352630511  10.692964079044
 2.899279505642   15.965023689851
-11.093382837958  11.844372972651
 2.479627449750  -16.157021232718
 16.408403822171 -0.133207527320 
 15.854388930414 -4.315073615926 
-10.070676597703  12.991513346716
 10.730519255244 -12.454651366281
-15.110245180577 -6.643673995310 
 9.932366767763   13.185020264195
 4.670214148758   15.858754796322
 6.094252781490   15.384413373990
-0.318194773391   16.588456854386
 11.838686489542  11.631233416315
-11.894977359032 -11.620641307644
 16.642605809945  1.364212223553 
-14.374500111037  8.696926238731 
-9.433032751308  -13.914475847043
-13.552145837401  9.994158096858 
-0.160994202339  -16.971194832545
-3.492770505907   16.614664437355
-6.706895751011   15.637774408303
