-0.662197123086   0.904020966814 
 1.162575258747  -0.506554513638 
 0.873877573375   1.156188195883 
-0.331060006024  -1.702323709060 
-2.185487285374  -0.080858358897 
-1.832793354157  -1.552822322561 
 1.133581588660  -2.481293469867 
 0.652210349980   2.777401989880 
 3.004439567112  -0.839205668843 
-1.900092284112   2.514849160773 
 2.529454757281   2.142882175196 
-1.796074724694  -3.209754487888 
-3.461088652915  -1.441091498344 
 0.160094147217  -3.917341613437 
 2.004048111176   3.603008831749 
-3.405764426020   2.482559242048 
 4.072505304540  -1.908484378219 
-1.240905108417   4.337880906380 
 0.555475384108   4.609807189144 
-4.546002005030   1.098902426238 
 4.694598056573   0.730781069144 
-4.758850231112  -0.634640315573 
-3.515634405034  -3.308997432742 
 2.632215518869  -4.053045771646 
 3.824007983341   3.449982858655 
 1.378946675944  -5.083355699700 
-2.924661647616   4.468095552606 
 5.006691254736   2.446537249508 
 2.301437188311   5.311435725059 
-2.395381119210  -5.307669302775 
-5.436361055886   2.445016477067 
 5.817138734672  -1.793331020856 
 5.028140254981  -3.486785582125 
-5.462429096322  -3.107135084930 
-3.939025214939  -4.929819826862 
 6.465570710252  -0.375793294235 
-1.665282566267   6.446429269050 
 5.237956809051   4.120152530275 
-6.688701791670   0.873470669501 
 4.171278464825   5.318789877601 
-0.851993571358  -6.713540046744 
-4.684520177666   4.896216844315 
 0.724538684323   6.780766090168 
 2.962702174449  -6.414652554392 
 6.627094399380   2.645030407879 
 3.050182688063   6.678525090117 
-7.001641809683  -2.250383363820 
-3.373640765216   6.588678290227 
-6.442868471471   3.752412764781 
-7.576634798349  -0.363095803114 
 1.324900757036  -7.522248096780 
-2.748823874319  -7.149551468233 
 5.067500753082  -5.900111866209 
-6.996257757738  -3.789464773200 
-4.915251313730   6.420955590093 
 7.007216055981  -4.063331444634 
-0.564608291003   8.156576848110 
-2.450838150219   7.870332225640 
 5.884264704453   5.782973847928 
-6.324290159179   5.303103826081 
-4.668193146777  -6.860034121515 
-7.859055759449   2.771478809309 
 2.304435050213   8.043244125784 
 8.154501358260   1.890171331309 
 8.318906674741  -1.208122962995 
-5.954461523832  -5.951067724554 
-0.134342131325  -8.597920783624 
 8.163375734446  -2.819367556083 
-8.664655234329   0.950254000352 
-1.881587264901  -8.517796245649 
 8.112612104761   3.454428324897 
-8.778428751726  -1.358473938859 
 8.871971991038   0.560362747363 
 5.099606787921   7.301851171437 
 7.305352331006   5.252226441836 
-7.948168310997   4.524400932492 
 4.450944602706  -8.037993468618 
 1.269520599398  -9.256743957585 
-7.976945908944  -5.007662040857 
 8.493438442363  -4.283937346112 
-9.094908121617  -2.830017709996 
-4.228331719578   8.581980131796 
 2.884529132937  -9.186635534893 
-4.199822132329  -8.751759521295 
-9.265352500451   3.325179078817 
 6.620776432899   7.329030981699 
 9.644502241679   2.146211002484 
-5.725579780099   8.084286533876 
 6.343114826041  -7.664402487460 
-7.254104058638  -6.927309472019 
-2.805529054504  -9.708814793533 
 7.876807059143  -6.414390343450 
 10.001848289071 -2.184480613127 
-7.312010324359   7.244200436326 
-8.378703103628   6.035037408654 
-10.247116428373  1.441126295742 
-1.332833773999   10.263970526741
 9.411230839308   4.413321097428 
 1.163150775041   10.379977007088
 10.514842937591 -0.730483784683 
-10.586677919507 -0.227189926586 
 3.760292199378   9.965414556895 
-9.486975252609  -4.980624512155 
-9.566117683551   4.843350866567 
-3.783948588115   10.093399433632
-6.525115363457  -8.583859696269 
 0.793743951329  -10.783524693949
 5.857793173265   9.176594967804 
-8.763472434076  -6.683582513994 
-1.053012235602  -11.079768170522
 11.126633945825  0.940455350275 
-11.020818440224 -2.131030596288 
-5.789586529172   9.624691803935 
 3.113123260337  -10.825990245507
-0.095342399210   11.331592091972
 8.081797922839   7.961988211818 
 10.830837427396  3.406890226671 
 2.779358210806   11.193407170098
 6.673464911545  -9.493733883235 
-7.618199517153   8.784317236698 
 4.710693429486  -10.651790400854
 10.736463692468 -4.672645470451 
-11.099690375574 -3.959647115185 
 9.854485123633   6.503119614155 
 8.444788181497  -8.360540150770 
-11.647115661617  2.491391688671 
-11.284149030285  4.008184111016 
 9.926941911625  -6.881841750469 
 11.801614381654 -2.653007606425 
 12.018305151767  2.188348067471 
-10.396778408416  6.474314612410 
-3.728092457102   11.690313758672
-12.252987982335  0.844101144196 
-10.369430642540 -6.627200686367 
-4.840445925634  -11.431101088594
-6.249174084519  -10.736748877075
 7.645107129734   9.841963217264 
-1.873820167875   12.331802989287
 2.497492704903  -12.223507225777
 5.674280579497   11.129003398849
-9.311537214368  -8.365726624937 
 0.055838620685  -12.561006350427
-9.794153690135   7.910413616530 
 6.280049453468  -11.041670103857
 12.698064318722  0.796923236634 
-2.756066185811  -12.477439982851
-12.602674665430 -2.148853375185 
 12.759503882092 -1.264859585078 
 11.335438973320  6.045066557996 
 4.194557806423  -12.150117255263
 2.185881289180   12.672339388109
 3.693527978500   12.554467798893
-6.283784609641   11.491813088368
 8.233595220733  -10.187247429836
 9.136290259486   9.407304795548 
-13.158941410199 -0.546319368482 
-12.809949876509  3.503408179426 
 12.669315813001  4.168017591578 
 11.657408583903 -6.483253528779 
-0.427527176910   13.384532798924
-7.947176611619  -10.921464338832
 11.271356854339  7.652870413393 
-12.417256409464  5.649115816200 
-9.874552364080   9.430790365237 
-11.045092730509 -8.041710486614 
 5.711392062721  -12.511159829277
-6.165445749838  -12.302038866661
-5.216703875812   12.847466772687
 2.423551565985  -13.752678623519
-13.942211232995  1.100853145638 
-12.671059059906 -5.976485886119 
 12.957951393827 -5.394974736484 
-13.507309844525 -3.825091216614 
 0.771341713296  -14.042237716111
 10.407133592701 -9.504837974305 
-8.532155562385   11.299358616332
 7.783527658679   11.843348121646
 11.457780372569 -8.410115167119 
 10.820624279931  9.236792402364 
 13.100345020101  5.653441712151 
-11.817816643833  8.215303852452 
-3.717231406175  -13.918929653196
 6.314056438408   12.957018720655
 14.142631712741 -2.893139507540 
 4.757030534020  -13.683477620998
 2.249874922664   14.389421321162
-10.621243781035 -10.004982003087
-0.924298026912  -14.593885493028
-14.428297665022  2.594842529297 
 14.594450530816  2.115168975600 
-3.617835407089   14.328591714871
-14.790576614537 -0.288808248951 
 14.301375673311  3.845646149234 
-14.077883317877  4.647325582646 
-1.979848701142   14.702279403390
 13.015944001550  7.174005242188 
 7.176668431777  -13.017481901047
-7.838106158681  -12.653279282787
-13.051793725963 -7.494879359390 
 12.313193564480  8.739679044338 
-11.390788291895  9.912031660164 
 8.699819644899  -12.396647154481
 15.185902960481 -0.274903219427 
-5.559551699308  -14.141396663436
 0.266865846003   15.210768210425
 5.248026851854   14.322863109693
 13.757386272826 -6.711832573394 
 0.449135456165  -15.509470127658
 3.488467809946  -15.151229831660
 10.486153736263  11.482599437830
-7.623854434738   13.583060145510
-14.072916453767  6.680738118694 
-15.463635454357 -2.009578689474 
-14.850406702169 -4.815677652205 
 10.242735712414 -11.828057352408
 15.007377256823 -4.630796667266 
-9.382060964595   12.614317295979
 14.761067441044  5.539175454496 
-10.621914643276  11.674360771770
 3.329641510807   15.456098949326
-4.986400204347   15.019710052591
-3.355241202361  -15.550526242975
 11.957522031396  10.531023249956
-14.602747729214 -6.396857523703 
-15.874210865057  1.490091182248 
 7.776157296931   13.968535739665
 9.139175237169   13.248218323476
 1.606132990801   16.020321464798
-1.412403929490  -16.043365018837
-10.371050097940 -12.335687786962
-6.492341612342   14.758862395338
-15.752870603404 -3.576390697405 
-7.218013630406  -14.455589488829
-13.844166829305  8.349734918265 
-13.441932210131 -8.985395167204 
-3.391734070570   15.848323788172
 1.972676401973  -16.091990283385
-16.292336735278 -0.718189755237 
 14.025183239645  8.439085446170 
 12.408988693249 -10.733250071236
-1.899249964544   16.312649050925
 16.000272801707  3.719372106963 
-12.928116564762  10.165906011656
 16.427270616241  0.862065069787 
 6.643232457109  -15.087890231090
-15.433412502565  5.820798249380 
-12.464983005693 -10.882426150279
 16.564239870718 -1.826911254485 
 13.911829923580 -9.291114772756 
 6.738437407170   15.372888500403
-16.332107194595  3.952696183429 
 15.725709301155 -6.006341674490 
 8.435306931778  -14.591844246331
 5.390659841950  -16.154313386124
 3.873806422443  -16.651002388540
 16.932584188504  2.486432088240 
