 0.137748561771  -0.249939860739 
 0.709990976524   1.163790812384 
-1.478524404636   0.231578731156 
 0.763761501357  -1.722154329006 
 1.847458675454  -0.671140611422 
-0.361268916241   2.389770020740 
 2.314635237063   0.889208791588 
-0.588864042803  -2.410154525858 
-3.021450433936   0.412844805887 
-2.963180828362  -1.246769477060 
-2.706164030629   1.954410958111 
 2.707847729961  -2.172183000636 
 3.588758380555  -0.073837351719 
 0.873361305269   3.754289837215 
-1.670957179206   3.663363440757 
 2.534252599796   3.339464705519 
 1.874883375443  -4.200926220832 
-1.505347683660  -4.389324041091 
 4.569347865345  -1.240437467299 
-4.696741762557   0.716882418761 
-4.535082522748  -1.553314198324 
-3.762967670356  -2.970406221841 
 3.292179451715  -3.638161141243 
 0.309363655571  -4.913724939526 
 4.878692574234   0.705632989177 
-4.379718139332   2.267918325895 
-0.188768629882   4.955980348661 
-3.763169555537   3.686459834677 
 4.937498593158   2.224116054728 
-1.716550213373   5.172500815495 
 5.126129810956  -2.667892091466 
 2.160246355704   5.490372720328 
-5.971223884679  -0.765505501550 
 4.149180768726   4.564205945391 
 1.751035449597  -5.936484530516 
-4.525505853711  -4.338483394881 
 6.373698228182  -0.179276516872 
-0.092301055784  -6.418569680271 
 4.788537884799  -4.323573689207 
-2.474934710531  -6.048140720988 
 0.959092139286   6.483694938134 
-6.310904844992   1.819778407121 
 3.335513814472  -5.765081240303 
-6.179514203914  -2.917510277100 
 5.892998445875   3.759768262338 
 6.577410394363   2.388514557892 
-0.620730218250   7.142864767112 
 6.907952451219  -2.301250721268 
-7.275056542798   0.371734907141 
-4.239702084391   5.963409424735 
 6.333581967759  -3.852511444274 
 2.468490775689   7.037554537276 
 4.143166333597   6.209694628501 
-6.126764995625   4.274376064559 
-4.475926643492  -6.209921872703 
-1.245019883389  -7.556288210664 
-2.421000885118   7.465139041631 
 0.816171260795  -7.841485846786 
 8.057543351843  -0.785607133244 
 2.629727158145  -7.752079004129 
-7.832186504668   2.460427952490 
 8.151545732210   1.073158169821 
 5.737207190046  -5.889715695961 
-8.356738638102  -1.108661785229 
-7.031556594368  -4.778121067878 
 7.439465550106   4.344371923475 
 6.381139415721   5.808006679328 
-8.288769716355  -2.739662263462 
-0.505669202198   8.802986894332 
-8.809689382883   0.632411738434 
 7.326661333676  -5.045537801488 
 4.584487933486  -7.644998453995 
-4.374334201027   7.821581098587 
-5.820359154229  -6.930806107108 
 8.843527005819  -2.389156419028 
 8.804789663810   2.622042480487 
-2.880286973394  -8.739328651551 
 1.727449306610   9.055169615613 
 3.988331697755   8.354971677200 
 0.124470761298  -9.415499845596 
-7.235459323145   6.094657682111 
-8.492595034255   4.283128572295 
 9.639729361693   0.281156885190 
-6.223209547581   7.458927697057 
 5.921088732162   7.743864659087 
-4.442516605115  -8.753032345260 
-9.823185201534  -0.649619964504 
-8.670691274486  -4.853277303812 
-3.148393442264   9.434765975022 
 8.177978229945   5.733466557379 
-1.542746167718  -9.870046328544 
 9.260013517211  -3.846375238358 
 3.289589390748  -9.496167276999 
-9.903785304189   1.958662722664 
 7.456801997665  -7.240251414432 
-10.023186917804 -2.865632527344 
-9.865966294971   3.549001098932 
 7.490655998128   7.382225126109 
 5.385738061900  -9.071291103433 
 9.571248682179   4.464912525953 
 10.356547850236 -2.181750435003 
 0.925777209841   10.570138397692
-1.680633788073   10.499255310822
-3.744192868734  -10.181227150401
-5.077417761164   9.621590282988 
 2.320548878183  -10.672546047504
-9.505577949440   5.392559516289 
-10.963612404612  0.436091379142 
 5.708572793169   9.427486700857 
 10.665723682559  2.792584033992 
-8.279611844233  -7.392905822021 
-7.151728207309  -8.555821729472 
-11.128545710843 -1.818227737203 
 9.976921157407  -5.357408490562 
 11.390155827402  1.327476207168 
-10.418122417877 -4.815654448229 
-0.704339831673  -11.486101547127
 3.005977621390   11.116564225991
 9.193166758003   6.971052298333 
-0.581180603587   11.541610305985
-9.000443818381   7.249150634571 
 9.043320289755  -7.210383129921 
-11.448247496871  1.957744419671 
-9.585570501337  -6.590715725960 
-2.993397185293   11.307937162940
 11.673455995201 -1.442655926810 
-6.350803119174  -9.946034131807 
-11.392551317819  3.521675404939 
 11.186120489086  4.272594367678 
 4.340576536224  -11.240697375883
 1.081302730939  -12.051155468378
-4.862143402533   11.216325692537
-4.812707682040  -11.290285342476
-11.188347923638  5.070343000637 
 10.654928608706  6.269435138058 
 7.514485000854  -9.831846300173 
 0.840262277485   12.372992032600
-12.405386722534 -0.448107928158 
-7.734346212428   9.747360981954 
 4.827808574964   11.473524104584
 8.137656637389   9.436256835277 
 12.082123278366 -3.128505850142 
 8.882382379414  -8.779259966731 
-8.763428891424  -9.029227844181 
 12.587259106294  0.278638047484 
-3.444395216915  -12.180474942790
-1.983833127243   12.609354240121
-1.706743914106  -12.689213908051
-0.184898789841  -12.931606765333
 2.519884457749  -12.735264991136
-10.701646747458  7.427882398540 
-12.465601332139 -3.785692833520 
 12.601454833728  3.472572674546 
 6.344536831766  -11.436090597249
-9.521746601830   8.974446252372 
-12.955612153318  2.049311290492 
-11.035064817279 -7.123362196538 
 10.076760930874  8.465827527118 
-7.868290361643  -10.623268400192
 6.583298679965   11.467121727876
-3.988216456018   12.621807955897
 3.830745853259   12.687961014805
-12.147162291290 -5.462570486675 
 12.539520406722 -4.608060691921 
 2.054453598890   13.271278576950
-0.468944442615   13.493556728656
 4.558564813597  -12.790091726790
-13.587058879511  0.567527200224 
 11.693445076234 -6.950892778753 
 13.583149344719  1.565906442016 
 1.170213855044  -13.667765073787
-12.958587445668  4.556278792724 
-13.499409696423 -2.645900830346 
-4.962250487689  -12.854817684883
-10.264988289800 -9.254316574175 
-7.075560866842   11.881043468249
 8.766244223974  -10.813631883329
 11.752600172947  7.575305938855 
 12.565754557915  6.137121552831 
 9.993350207019  -9.787880399074 
 9.868134839827   9.998114688292 
 8.245251675535   11.403103570039
-1.234069670862  -14.121766390485
 14.123938752597 -1.321323690345 
-6.822298693873  -12.477735591175
 14.084027670935 -2.846378397100 
-9.177442705384   11.069494948156
-12.914097027963  6.470105749652 
-14.424824646729 -0.876768003595 
-9.378564644179  -10.996435267917
 13.820381093655  4.391992813851 
 3.374769205013   14.126636292584
 11.552980576328 -8.816190436276 
-11.788316469516 -8.589612984033 
-10.459487818339  10.191636679261
-1.591526743973   14.616453394389
 11.607666095702  9.087025584066 
-5.900536249019   13.515181655448
 7.569926759360  -12.663025927768
-13.980009450106 -4.841832343416 
-8.443784000852  -12.180946146788
 7.190958628344   13.119395927539
 14.323584252273 -4.525724318081 
 5.812201754459  -13.963772032415
-4.788190766114  -14.378306800151
-15.009962281232 -2.318458442119 
 2.179648750002   15.033752998519
-15.166455068618  0.981134706110 
-4.399639496729   14.586235949023
-14.885676703119  3.254960368711 
 5.963544155996   14.067963019130
 13.394097633281 -7.360623807493 
 15.176550057344  1.828502809825 
-14.538890635604  4.850114479051 
-12.911631763380  8.306641118147 
-3.018903017331  -15.056933571703
-13.597945449562 -7.172517292675 
 4.135899441426  -14.857143251347
 0.248908307504  -15.520119267436
 2.137536279834  -15.423864001171
 15.581598117116 -0.036122949934 
 9.785491712546  -12.127274602338
 9.745682657047   12.260304836489
-7.072425584214  -13.992399738382
 0.204165371850   15.682464171587
-12.242625688917  9.905443933412 
 11.519497136189  10.764251411967
 13.418142680703  8.278171631822 
-7.931000001915   13.689409604719
-9.468549954334   12.830349963354
-13.305883557975 -8.884209396543 
 12.093673089425 -10.478760263531
-14.812176515036 -6.120637723525 
-14.721411367547  6.451018003485 
-11.434897112883 -11.313894981041
 15.046787219310 -5.840850244743 
-1.553086827429  -16.178282634680
 8.642185798136   13.765379291197
 15.127380797415  5.971414830077 
-8.920343905282  -13.653456665678
 15.818106830635  4.199137719666 
 13.883256650188 -8.819456398556 
 8.232766549047  -14.242955921361
-11.668239782657  11.719635284076
 7.358763011760   14.894492735363
-1.067746126504   16.619569828018
-14.412264981709  8.347708044759 
-16.602719681306 -1.391469863527 
-6.169412712671  -15.493762736711
 11.344082612532  12.298770047521
-6.381428224231   15.479367851315
-10.902889536600 -12.797248741663
 13.484981267068  10.081065166916
-16.017020819702  5.296798527010 
-16.182904939978 -4.766777742519 
 16.747626367305 -2.101073745752 
