-1.028329057892  -0.185181019767 
 1.076720209181   0.985089799671 
-0.525112141804   1.365636022469 
 1.757522019993  -0.378361624327 
 0.266903338967  -1.834626196602 
-1.654315062388  -1.553404017063 
-2.046337349717   1.474764664448 
-2.899839392644  -0.066108417201 
 1.667918765967   2.476519762020 
-0.021427455729   3.128256721632 
 2.847349964994   1.482455118469 
 2.979064087312  -1.809305015155 
 3.656150528029  -0.166362636895 
-3.361671536927  -1.669483285397 
-0.664432999832  -3.800800544421 
 2.374240281415  -3.337357663447 
 1.025286226648  -4.068326972346 
-2.798575109060  -3.161506948402 
-3.832648584607   1.875754845484 
 1.082098682891   4.267241236680 
-2.484000361025   3.726139904864 
-4.490027960955  -0.591735792793 
 3.395888750345   3.084148265042 
 5.216455091148   0.011431311320 
-2.011235755215  -4.927502563780 
-0.082078358280   5.342766007576 
-5.247213941165   1.016344956961 
-4.076072840383   3.573662344128 
-4.935448173542  -2.307214603179 
 4.311120553733  -3.334061073368 
 5.020054576113   2.281173796485 
 2.158268181847  -5.298803392076 
-0.413402556810  -6.090154797476 
-6.087273222562  -1.071830657289 
 5.979191346810  -1.765905052260 
-5.712562553700   2.506410318466 
 3.210299032207   5.451881429078 
 6.265951246727   1.307592058952 
 1.104859705313   6.325502300950 
 6.751497568783  -0.216369308326 
-2.808273298113   6.162329804881 
-4.242148716347  -5.379037030264 
 4.861894057191   4.829155806339 
-5.439863866188  -4.345589260420 
-2.172086656318  -6.626415393638 
 4.745756252007  -5.149511265759 
-0.613370184336   7.136628201043 
 6.716795819209   2.776592527465 
-5.468364973356   4.868086428105 
 2.520734983512   6.907985062569 
-7.382821787800   1.065090785613 
-0.861850271720  -7.580803730289 
-6.783304447206  -3.628715367292 
 6.182469059390  -4.634685462508 
-4.560562357883   6.260679413259 
 7.036322221111  -3.265536728356 
-6.781648495316   3.769800249426 
 0.670103671373  -7.774597535630 
-7.692585037992  -1.514450889061 
 6.477081837910   4.448444944642 
 4.343973649512   6.562660086741 
 3.992365392085  -6.804092341648 
 2.606390669652  -7.524309527366 
 7.937035965447   1.785180069415 
 7.944228535331  -1.760518272896 
-2.343370576859   8.047051851509 
-8.544418179206  -0.061141623678 
-3.181053975883  -7.995382976693 
 1.566383241721   8.474565521483 
-8.270675441710   2.613364647322 
-0.010678296791   8.691052275128 
 6.272340741433   6.321309505575 
-5.291278331879  -7.259081925442 
 6.494560658176  -6.226309971461 
 0.009991339751  -9.162706467990 
 9.150563716101  -0.527315100666 
-1.499442007533  -9.147359083543 
-8.039383081211   4.676024069195 
 3.865239352532   8.464267847166 
-7.848669655845  -4.998396379511 
-9.248864440728  -1.623627627775 
-7.024717978577  -6.277437120211 
-7.052742591250   6.269574092796 
 8.657954785342   3.861802897335 
-8.863319083842  -3.391602786114 
-5.918967804678   7.488118222332 
-1.437523983274   9.444853124214 
 8.883387977091  -3.554040712842 
 8.155865969487  -5.069716542713 
-9.601280893210   1.525879172024 
 6.018371275255  -7.668388306028 
 4.589421414834  -8.628190799271 
 8.195428015399   5.355929150684 
-4.857001649592   8.612038965891 
-2.991138152112  -9.535632838370 
 6.065987378781   7.989302941640 
-9.315060524311   3.806272737221 
 2.842496443309  -9.727176359181 
-4.729073552184  -9.114566776371 
-3.134156527267   9.852113549811 
 10.341377904171  0.745577946290 
 1.232781901279   10.470045411324
-9.380837218696  -4.931046660601 
-6.457651775383  -8.414576170337 
 0.525751988438  -10.633499289574
 10.421615781554 -2.382618986643 
 5.325301349037   9.313004904846 
-10.851925949389 -0.678626385727 
-9.317924073201   5.674136678725 
-1.633353085203  -10.886138172145
 8.822933876745  -6.615040981161 
-8.793722389392  -6.675223349735 
-0.941215406848   11.036199332158
 10.829840561292  2.391046922412 
 7.513335549967  -8.273271534948 
-10.844030538713 -2.915461027041 
 2.912122309575   10.934286498459
 5.756046405128  -9.744491056551 
 8.539882095616   7.503185797002 
-11.347446387213  1.653701980975 
-4.408605820582   10.679883400475
-7.509911916780   8.842887998185 
 4.439000571597  -10.775842055987
-6.056934783674   9.981009966673 
 10.549755116434 -5.035092494919 
 10.564537101952  5.068908041517 
 4.769274099729   10.803793345503
 0.359850466303   11.865826008821
 11.833834202121  1.143568754508 
-11.149136692468  4.260030614959 
-3.721727661186  -11.485286144054
-7.686713393162  -9.391999971959 
-0.631962009193  -12.170944441830
 3.000383556589  -11.817560393666
-9.434919626485   7.737377229927 
-2.446114898830   11.979829664074
 12.252784320972 -0.419680300826 
-8.980293004413  -8.351675466584 
-10.735649386834  6.248414616439 
 10.277443075502 -7.256494722729 
-6.436439403394  -10.831136254229
 8.918761024674  -8.951374901048 
-12.670934701001  0.048180920728 
 7.863933179264   9.948837825067 
-10.347489381890 -7.352051423283 
-11.823950060395 -4.852960442645 
 1.722730383265   12.668985808818
 1.671552981663  -12.687794171421
 3.978458597800   12.191505752623
-0.856355497348   12.803040356031
 7.495621273123  -10.489829379192
-12.693109677900 -2.941400508827 
 11.344678943948  6.499385249808 
-13.015805540500  1.601625132141 
 12.884672079442 -2.544598380365 
 12.367239883641  4.635934354038 
-6.487281786697   11.511723493150
-3.126347559611  -12.888731092745
 12.656817594429 -4.335212574318 
-4.419600944192   12.649303907403
 13.391408549799  0.980551216215 
 5.686309540653   12.203807859497
-9.662088316597   9.403333445382 
 7.052228866284   11.558114104646
 10.562474543587  8.528978612504 
-12.951151952930  4.174733847102 
-12.410240876435  5.598837223148 
-11.801095498108 -6.800877217394 
-9.355855655414  -9.953717216725 
 0.427115340699   13.783932111191
 13.508549064916  3.078093165391 
 12.274609762148 -6.426545681444 
 5.540033798510  -12.710299597065
-10.989900276288  8.560695535583 
-7.994100921555   11.460483489032
 2.753594870320  -13.750735993826
-6.201142823710  -12.685165511470
-11.203369897886 -8.672507068472 
 10.301105506326 -9.835066606285 
-5.925509126858   12.965014616758
 1.337370578341  -14.271308326960
-1.126378359682   14.293062331756
-14.186254119292 -2.105483337172 
-12.311161503290  7.387906862661 
-1.068920745495  -14.349338691446
-3.308214752263   14.045264865841
 4.863351143350   13.625540175806
 9.365894276291  -11.035845121582
 11.918783079462 -8.339825421030 
-13.262857292442 -6.167586486301 
 2.852541545488   14.362760054963
 14.255957437608 -4.142220085035 
 14.744217701760 -1.953848768505 
 12.438954840793  8.172549418910 
 9.413720549882   11.550190597108
 13.978599451866  5.162559626938 
 7.235908454195  -13.031748365096
 13.412438665187  6.592389615253 
-14.804343941534  2.245661466881 
 10.874738549615  10.303497020418
-3.175525146089  -14.658745558675
-4.763842186153  -14.276833572749
 15.053916997684 -0.380354115595 
-12.990137651199 -7.780342370149 
-15.134449246683  0.642998626363 
-13.622257984278  6.628022824112 
-10.330626654474 -11.094923030578
-9.617321232199   11.773279688029
 3.865469017996  -14.764676024169
 6.865294389201   13.631179907645
-8.947645864934  -12.393180742879
-14.598716661687 -4.810920944300 
-14.746153808111  4.489047955059 
-15.420688099596 -1.112588198707 
 14.223322580994 -6.118138956104 
-7.425699054391   13.612155941371
 15.414477458492  1.848959439164 
-11.488613076967  10.473972304246
 8.608604694981   12.988338887913
 0.198229675559   15.584249658775
-7.773103984490  -13.537407414602
 9.319993652120  -12.661873564655
 5.615371595956  -14.701653810884
-2.116613963921   15.657118948741
 4.222828621826   15.257891874726
 12.506525690121 -9.757706969838 
 15.287736222452  4.420138109166 
-12.943699836712 -9.620051570164 
-15.829614428702  3.357027277004 
 2.587665010106   15.977211251108
 10.978088963231  11.953666314148
-6.082365133504   15.052666344462
-6.661795691017  -14.903838113072
 11.195527046103 -11.938424852742
-0.759094431335  -16.354473480257
 13.903371189774 -8.675277712115 
-2.526703822873  -16.202870880060
-16.055673762639 -3.444368810640 
 13.214066426121  9.785244057401 
-13.692164971580  9.134923814346 
-4.369538050096   15.873605965877
 3.262580188308  -16.145653805215
-12.087312735196 -11.219799352669
 14.480581817708  7.969047283779 
-14.791946154221 -7.380108333238 
 16.047307029446 -4.017159488026 
 6.096855746012   15.445413868067
-16.688106324361  1.011692634093 
 12.427738034362  11.244742485568
-16.657947083570 -2.000154811088 
 1.691855642355  -16.744581338734
 16.751093552454 -1.959535255375 
-15.847381654318  5.790979053108 
 15.761780473318  6.040578919577 
-10.397391394229 -13.313005941272
 7.153960118527  -15.376140599078
