-0.287329742016  -0.228178977611 
 1.126020840360   0.319893717827 
-1.483826005514   0.828419375308 
 0.039935353294   1.935416580029 
-0.699621722340  -1.873065448476 
-2.069672057747  -1.024712577712 
 2.471720681658  -0.566882064876 
 1.835987742599  -2.092802652745 
 2.515998058949   1.963505969956 
-1.040610729115   3.170466897026 
 0.601806590840   3.386361607273 
-0.882781738730  -3.506377254285 
-3.615873250634   0.752923050919 
-2.931827315528   2.330420711266 
-3.632687275712  -0.947088834853 
 0.821855171281  -3.846698324138 
 3.559284751344  -2.035683458456 
 3.960279713394   1.360134803207 
-2.914004687212  -3.081717854301 
 4.247756783296  -0.122856939050 
 2.072711938636   3.776293515562 
 2.487667641506  -3.674734473271 
-0.164798537973   4.714083972627 
-4.208906630349   3.150935621265 
-0.017384661720  -5.338109914516 
-5.008801951518  -1.870098899904 
 1.798026306387  -5.193558777241 
 4.055408383008  -3.837752980063 
 2.047064011480   5.289939409511 
-2.527487074183   5.212782180025 
 5.697525468582   1.088988366652 
 5.554140479728  -1.779466754265 
-5.873505856769   0.687719682151 
-3.520468666612  -4.890516582875 
 4.439839844845   4.310858952557 
-1.932842577913  -5.968187615559 
-5.065091894823  -3.978545040530 
 1.068373034371   6.444921036386 
-6.480195927402  -1.229113162132 
-4.063219920982   5.313247169572 
 6.274247069773   2.652179998972 
 4.256439333982  -5.329303643170 
 6.957653456769  -0.109375129501 
-5.390491541934   4.593306633006 
-6.559992543349   3.044657655104 
 6.453181159547  -3.380198166186 
 3.586346865873   6.358670269186 
-1.887602055026   7.221982253699 
-7.318186550353   1.518093163841 
-0.262474995375   7.552737796038 
-0.295338502024  -7.688025342203 
 7.520391745063   1.705158662728 
-1.815295710623  -7.498564575417 
-7.791596961131  -0.146916105029 
 1.767168590460  -7.721059600439 
 5.557516393362   5.710079709695 
-7.635521430158  -2.426298863570 
 6.601159991671   4.556225836035 
-4.011844382539   6.949873847715 
 6.121384056464  -5.221384713362 
 2.384019328472   7.687986585150 
 4.065829981877  -6.963587427693 
-5.321382992238   6.170035951712 
 8.555558139091   0.040518035820 
-7.034934188928  -5.078370067027 
-5.383416840113  -6.873287451855 
 8.459630496978  -2.180892027093 
-8.271436307119   2.912834658268 
-3.842510971628  -7.992702786288 
 4.087514553251   7.930513595922 
 8.083821837182   4.137882534156 
-9.180096477064  -1.921043531445 
 5.952649171083   7.257860887479 
-9.287565084158   1.493130963383 
-8.737206066375  -3.494268804198 
 6.773595075738  -6.599575566512 
-8.313636643918   4.527049042738 
 1.075749358971   9.412131619000 
 9.409782059096   1.852385502802 
-7.675963180425   5.886425534156 
-9.693338614405  -0.320241590349 
 8.013185668803  -5.487898838935 
 3.724083296030  -9.011127797864 
-6.399840158514   7.374368459204 
 5.787327655313  -7.876307787755 
-1.908879686062  -9.650964193201 
-5.210703731349   8.440734539081 
-2.975584677754   9.539203963934 
 1.338192452042  -9.916371816172 
 3.269452867893   9.460899301581 
 9.368228913515  -3.897302590134 
-9.721863942062   3.296099504520 
 8.446682903076   6.061615172850 
 4.999900475296   9.148647412772 
-3.892911703315  -9.676952651300 
-0.492709332846  -10.436968858150
-1.474146017532   10.353008712236
 10.616110219238 -0.337967664558 
 10.550739819484 -2.248304136229 
-9.628218834694  -4.978321300854 
-10.727664725206 -2.254244125131 
-9.717670329082   5.090284076763 
-8.714077292209  -6.673061486173 
 9.731855205488   5.220731135625 
 3.061160137832  -10.611506724763
-7.608336815249  -8.070261238465 
-5.797179235380  -9.492644733159 
 5.387101245674  -9.758935620264 
-4.641253664844   10.167524201885
-10.572797562705 -3.768785776518 
-7.775348650466   8.234665839373 
 8.390534145962   7.629583459068 
 0.218582507406   11.358818149389
-2.989893265545  -11.066833194980
 4.398335826636   10.586605619684
-9.052583099954   7.034455660703 
-3.216661269888   11.019899937119
 8.132024790423  -8.218927838285 
 11.270650248424  2.622553686336 
-11.592776493764  0.268989720255 
-11.455257380491  2.200297869160 
 11.114090562085  4.143430095866 
 1.711459057737   11.819432619006
-6.681827493042   9.933448896733 
-1.168248460484   11.949312045233
 9.725710097766  -7.051764722335 
-0.593055326038  -12.042550503550
-11.489254201471  3.890810409497 
 7.994048293772   9.456290705149 
 12.248551854325 -1.875161749735 
 7.324484247440  -10.045275071491
 2.055810327880  -12.269235041846
 11.050666997866 -5.752246045685 
-11.312973214050 -5.242598130099 
 11.875689190635 -4.324553863544 
-5.579168052773  -11.347532736734
-12.427306438947 -2.413367762327 
 5.624625124037  -11.419430885755
 10.095049514390  7.785884881049 
-9.114904989667   8.938327657654 
-5.395249028153   11.643895035475
 12.826545800974  0.472896743446 
 6.658927091671   11.021678185118
 4.215810402845   12.181696645665
-10.508154825712 -7.516067079077 
 4.127257692259  -12.244887127607
-3.072907825752  -12.602961990132
-8.021737142813  -10.237070829280
 12.837441975838  2.487403583679 
 0.533826801610  -13.120593873489
-9.480438397970  -9.207291841620 
-12.920973607715  2.858690399953 
 11.924949901714  5.797653351919 
 9.922417584726  -8.885281715321 
-10.679872338834  8.199221350196 
-2.022551997507   13.325829643031
 12.810845120445  4.245673619923 
 11.391628434009 -7.308647825090 
 1.194639784677   13.485183912982
-4.674266656148  -12.768948300980
 9.922081046272   9.385563907048 
 13.276392595565 -3.230912816256 
-0.874552372972  -13.703455108041
-12.312207561186  6.164735534029 
-7.385814244908  -11.669471422495
-3.770078315085   13.314196645187
 8.453355897937   10.993275639159
-13.874728394884  0.101898294228 
 13.912574112430 -0.584871390736 
 11.697198290869  7.687420944076 
-13.141439724575 -4.819808422840 
 3.011990633350   13.896595273715
-8.946946604841   11.062306491964
-14.139596394536 -1.828301729603 
 5.858575392902  -13.032859650349
 5.451194171896   13.217345549515
 7.240402844699  -12.344053534161
 13.390137091389 -5.085998539773 
-13.527789252598  4.713931560234 
 14.249240810973  1.651460469513 
-5.963331712737   13.093518036525
-6.283334614271  -12.967151372967
 7.042430153551   12.634532281546
-13.040932054700 -6.317583477785 
 14.116286091766  3.293326542647 
 8.777441161344  -11.615855322790
 3.443387170897  -14.156226800045
-12.359390923564 -7.742400786802 
 10.222050882229 -10.417520606049
 1.625350213338  -14.597382421747
-7.597650222035   12.599057931588
-10.884594617376  10.056180419757
 0.003835925421   14.864126074248
 13.163193639713  6.979159758735 
-14.775222658642  2.275912523632 
 14.844139013050 -1.802708480731 
-2.280680456457  -14.803462511771
 9.959257593465   11.201807326931
 4.490263923969   14.419322938945
 11.760591743081 -9.565350567708 
-9.137165656502  -12.120741257254
-13.955090281627  6.159957499380 
-13.236005561424  7.644004372354 
 13.640824102623 -6.917364299569 
-4.566234685167  -14.600826199028
-7.912823392672  -13.092977170249
 14.154945284136  5.804691272247 
-11.498346195995 -10.097982639421
 15.099832555345 -3.449120666622 
-14.998106693873 -3.917741662531 
 1.693997020755   15.461626880015
 15.596578696424  0.262733563570 
 7.121280996041  -13.903730485820
 5.295113604917  -14.767648041891
-15.491327348140 -2.490757997175 
 6.636235447942   14.260820054302
-2.660364882172   15.502699218345
 8.686353664926  -13.164037171957
 15.630251076172  2.279739859980 
-12.844167628803 -9.286967689248 
 14.821904090128 -5.631209605706 
-4.774268827638   15.136354674678
 8.077580359675   13.726501416214
-10.673732414990 -11.828161613502
 13.334032202974 -8.761609375166 
 15.354492730048  4.416879419741 
-12.649808960425  9.770268415374 
-15.249373833268  4.829381852630 
 10.130019355305 -12.428570538060
-16.116576825377  0.607667782955 
-6.477579580115   14.789995060669
-0.314858109814  -16.155769766087
 12.715055203015  10.096975262869
 3.308052000330  -15.948614561169
 13.821484851899  8.693006381743 
 1.426575402522  -16.287140275728
 16.331140312926 -1.386876167706 
-16.425995801766 -1.146028390267 
 3.017666756096   16.291208445474
-15.304292939342 -6.366713453341 
 10.865459556473  12.540283117406
-11.112517211745  12.333559517806
-1.781542288823  -16.521719344970
 5.768359099608   15.624282340991
-0.762273812930   16.664519606525
-6.646882501536  -15.312978990176
-9.732511305615   13.611362729888
-10.172891119819 -13.300657403592
-3.898218380938  -16.464345266147
 14.956480982251 -8.011337648543 
 7.005916994355  -15.456718074277
 16.923991990275  1.459672697218 
-8.602495789486   14.668074348932
-16.856260103890  2.329404468976 
 15.493911265165  7.044345798976 
 16.659691714368  3.609107927208 
