 0.740688367070  -0.337745076000 
-0.439639014220   0.745734510191 
-0.475506905505  -1.685229154303 
-1.988253269092  -0.026020117860 
 1.192480542030   1.598364105001 
 1.788226141319  -1.597628490695 
 2.556664873421   0.899001569510 
 0.045945062455   2.955099979399 
 0.291054246453  -3.071127442364 
-1.967775203516  -2.493989313701 
-1.771904052704   2.949373228262 
-3.683992551771  -0.615719025946 
-3.489293309392   1.392059574138 
 3.823164332414   0.056336347021 
-3.614615780010  -2.606951929467 
 2.465318919688  -3.771596972511 
 4.407332526540  -1.363498258772 
 3.719393330259  -2.919022115342 
 4.557745968883   1.634625537342 
-3.737049447817   3.168084954136 
-0.832817868792   4.858872799498 
 3.103707909609   3.955845392037 
 0.613144133096  -5.008182812880 
-1.592784874255  -4.817782614151 
 1.884235941616   4.888365354243 
-2.399485517204   4.733536195462 
-5.018091077062   1.810459329194 
-5.390210751333   0.275310919211 
 5.497327871046  -0.010361383829 
-3.435269184173  -4.551972879759 
-5.244445301783  -2.275325989566 
 4.780444546287   3.414457465956 
-0.046014796442   6.221268052042 
 4.411945748452  -4.600304823568 
-3.981705460397   5.036225615349 
 3.238005060008   5.582868405523 
 5.894874661862  -2.763444132077 
-1.749099998685   6.340673692394 
 6.481080243119  -1.380561902854 
-6.576742921135  -1.436750925653 
 3.199447729074  -5.964539289888 
-2.573832037068  -6.274371593879 
-0.312316109049  -6.802083984201 
-6.447630909550   2.292004935846 
 6.695123131570   1.980825574618 
-7.088369406810   0.127265738202 
-5.826736460350   4.281251457537 
-4.130595817824  -5.947100955551 
 1.128816140575   7.268145285440 
-6.487925783403  -3.616481238612 
 1.902907158185  -7.330719193106 
 2.755928651891   7.121593599742 
 6.346492417083  -4.430775773247 
 5.242070021995   5.760944760828 
-5.662862088599  -5.354333050395 
-3.046166585575   7.186688307735 
 6.840370279910   3.770566197065 
 7.814403311204   0.065908909974 
-1.483608083318  -7.812547498535 
 5.085542705036  -6.136257886360 
-7.874857235809   1.479875055205 
-4.485646781700   6.763224585053 
 7.517338146732  -3.086889439320 
-8.088279825637  -1.537237506267 
-7.510464369546   3.381890766657 
 8.079523637969  -1.645445955441 
-3.510256533596  -7.657861918650 
-4.975545180170  -7.248617344007 
-1.065986494408   8.745537741605 
-6.650521771634   5.824982576343 
 1.063330574135   8.869053417674 
 1.009661368439  -9.001152848283 
-8.009097570548  -4.352316710975 
 4.135624758810   8.143189461207 
 3.773948478640  -8.407734475875 
 6.928192854390  -6.132438184881 
-9.260563626613  -0.450637533686 
-2.665414866732  -8.917163363811 
-1.153311184951  -9.298520499235 
 9.213060517588   1.958422987202 
-3.202638669157   8.873171455022 
-9.237122970190   2.406317644287 
 8.532464064605   4.435073175362 
-6.948500876044  -6.666295041897 
 8.491388290668  -4.886991328486 
-5.829655080905   7.885795925477 
 2.998974297397   9.346292393511 
 6.103330596176  -7.721683983151 
 9.661912652061  -2.681895876930 
 7.862632262761   6.241169560941 
-4.735165210515   8.916796763182 
 2.615583190205  -9.792373374343 
-9.747964769971  -2.954156756688 
-2.046970841398   9.984297472310 
-9.288141656317   4.481626127223 
 10.362505783918 -0.318887599719 
 6.679960257866   7.997588432034 
-5.316594050509  -8.975106640219 
 0.292952683346   10.603019211118
 10.225650971417  3.117747324371 
 4.644238413055  -9.635453677762 
-10.682360693767  1.041670775791 
 8.455970984701  -6.708597151564 
-2.117028433969  -10.592728518895
-9.223545361491   6.003060480450 
 6.117822067256  -9.228033686233 
-10.724062123653  2.905731098350 
 10.334175660518 -4.178298891380 
 2.446073891771   10.897345200530
 11.021533982471 -2.023043332372 
-10.333550249881 -4.445876828572 
 11.123512342187  1.859992424311 
-4.369716776298  -10.397016656889
 9.778282117635  -5.784354285721 
-8.949770176618  -7.009869749926 
 5.453593508755   10.047847400484
-3.747189476098   10.831770759856
-11.266589205605 -2.142654978385 
-7.888210782704   8.349950469399 
 10.477693064865  4.726734128659 
-0.044192126158  -11.529834209244
-7.643110553003  -8.640457015114 
 3.824335302712  -10.922205531059
-1.055424688079   11.551264509949
 8.699888968165   7.864134510487 
 2.266441828681  -11.561537838883
 9.919555597975   6.659015389575 
-6.128695193630   10.269837446055
-10.883548272242  5.182946702172 
 7.925292329542   9.185268799366 
 4.157946208274   11.482921152506
 8.961467010668  -8.342715387699 
-12.246987689680  0.645270314513 
 5.655210307210  -10.911051006308
-12.355722559303 -0.915811109149 
 11.959128706443  3.723977650454 
-5.860665592089  -11.096486982644
 2.130021372472   12.372471480869
 12.021028634904 -3.626560483783 
 12.615346070507 -0.445002600655 
-7.977778341016   9.904325439306 
 7.907622741386  -10.001424857735
 11.276012634367 -5.980380105826 
-11.627909116243 -5.328296286361 
-12.568414727507  2.607789829499 
 12.698217932975 -2.150183297776 
-0.966719771413  -12.843237338722
-0.233122699871   12.951610716947
-3.928005424254   12.377806684399
-10.862996332379  7.218541840662 
-2.653204494180  -12.847719363793
 13.111262993782  1.151062794358 
-5.506917950524   11.984672385043
 4.377236169811  -12.499983939590
-1.762459934755   13.167046550565
-4.671650211451  -12.446016351516
-9.799655499674   8.983772924031 
-11.042834449120 -7.402985398545 
 1.412420788490  -13.242290067465
 13.145046755063  2.679028634499 
 12.383822964985  5.241782473546 
 6.733300677041   11.700959544221
-8.419652680068  -10.612512028262
 10.218527854218  8.993609879443 
 3.541678776639   13.158234276104
 10.854247557619 -8.388019573702 
-13.096252816810 -4.113489785196 
-13.556934256913 -2.419588338643 
-13.740106946320  1.197385622374 
 11.863487002227  7.109182629781 
 9.504088010897  -10.089895926978
 9.250259192798   10.332112321546
-12.544228569448  6.025180190063 
-13.220644893648  4.401042925641 
-13.952585381529 -0.371473241749 
 5.205275622006   12.963546302920
-6.377657706248  -12.532927281238
-10.173915354398 -9.835894490298 
 12.962618030505 -5.691781678212 
 6.345309912855  -12.784674747769
-8.401359045028   11.627320123629
 7.802235079436  -12.045139224169
-14.096940551325  2.894285284996 
-4.098677258677   13.903132076810
-1.526964771569  -14.427720498112
-12.631072925431 -7.223998326223 
-0.402809076295   14.566184001175
 2.085503220305   14.507848267058
-5.890251821383   13.484818695279
 12.605958482187 -7.597939408805 
 14.042839904732  4.436294190760 
-12.568390778125  7.678742626215 
 3.451630810900  -14.322147658256
 0.012487424110  -14.739545513793
-3.210566632760  -14.422996271599
 14.782641648550  0.761144342829 
-11.424943062124  9.428230365266 
-10.483226390993  10.636986998971
-5.214086448314  -14.011186365867
-14.906105321440 -1.579208075042 
 14.439417995485 -4.243452126209 
 15.048524057914 -1.405831397614 
 1.847018516064  -15.026299603512
-7.715674410630   13.070366530001
-13.848380219079 -6.258191609272 
-11.753659218923 -9.717227787342 
 4.739798545461   14.522032137923
 11.674842701059 -9.890717168990 
-14.642523092666  5.126530993775 
 9.193968738889   12.547913162355
-14.086816609052  6.708977882057 
 11.890457978581  10.126124676335
-9.258411856379  -12.612175727366
 15.457293812824  2.889557472365 
 6.224788459156  -14.461029408125
 13.547771200848  8.070815149250 
 14.629911074705 -5.893880161855 
-11.189562798237 -11.130803539385
 12.978254689655 -9.056958403085 
 14.579250705854  6.176883736112 
-8.086996159767  -13.618173307577
 15.568382470230 -2.964271062964 
-15.808233655932  1.243884715023 
 7.936491429738  -13.866569788819
-15.474984936378 -3.977838843518 
-10.016358404500  12.531732257268
 7.700902540258   14.089079230280
 6.319288501292   14.767614746431
-13.115250920443  9.292994398123 
 11.014868691976  11.759171637628
-4.207799916014   15.564393072354
 9.808559524060  -12.825619386336
-15.882203614717  3.039722912155 
-13.285939770219 -9.274602286365 
-2.555598122771   16.042447499631
 11.281932444900 -11.730444078385
 14.479834673607 -7.445548255916 
-14.167855337979 -8.039053970599 
-4.056036355724  -15.790143085742
-12.192295035747  10.846694658225
-16.129766290562 -2.612698782290 
 3.041673776108  -16.059023374919
 15.618941715493  4.846590085299 
-5.925269229725   15.321704158135
-5.918502239557  -15.376337944184
 16.488218857500 -0.433721847734 
 0.315653213419  -16.521321925739
 4.199736002697   16.002404388133
 15.842059868292 -4.854698804563 
-14.415128719452  8.289099042928 
-2.108987980558  -16.509655985874
-15.644927778270 -5.856579904767 
-16.700985989816 -0.764352510187 
-7.982059117346   14.710691184212
-16.234427602781  4.889209174086 
 13.366915864831  10.604928737346
