 0.554002730452   0.174280936503 
-1.149976917215   0.013596258134 
 1.937551070420   0.895772538290 
 0.090339947861   2.176961967704 
-1.675969187970   1.437994654234 
 0.607188941247  -2.126559592854 
-1.911189753052  -1.417217181217 
-2.867120490636   0.003096257524 
 2.771434157770  -1.133851768580 
-0.490031139784  -3.189274641261 
-1.439379011287   3.018391932792 
 2.102634965209  -2.604105461341 
 2.504347272220   2.484049159220 
-2.164706778106  -2.898279139065 
 0.064052627283   3.916628983284 
 3.988845977837   0.212607293727 
-4.035581086208   1.489369933248 
 3.971981636580   1.983126095787 
 1.359474819115  -4.257535441032 
-4.339066346414  -1.073148228399 
 1.902897176456   4.303311688599 
 3.438500223172  -3.398266490262 
-2.453214563485   4.260336142398 
-0.287848751131  -5.037201471152 
 4.519418441670  -2.321110331835 
-1.780509199595  -4.817903064210 
-0.880566321372   5.131698733601 
-3.913617909942   3.701520322404 
 5.300774303246   1.225138452892 
-4.375696545731  -3.281338680420 
 3.047985120510  -4.911455960167 
-5.173909132099   2.604131802434 
 5.051902217369   3.029455984587 
 5.725984579227  -1.403877859555 
 1.695838186676  -5.723101624884 
 0.708987521856   5.948887994999 
-5.748912119408  -1.747268835335 
-5.893710718261   1.179599063717 
 2.671368921913   5.609137229142 
 4.391187040411   4.404076017835 
 5.078859204427  -3.789731919406 
-3.250354060395  -5.485884966496 
-2.997442015257   5.676399808288 
-4.649261767286   5.190165531556 
 6.752002041266   1.868597235816 
-6.214349362864  -3.281006827238 
-1.877636707592   6.809818013892 
-2.322101309053  -6.720304592546 
-7.191040041004   0.372516419897 
 0.614829056207  -7.190010668183 
-6.095489578075   3.894975018963 
-5.085790746126  -5.191091008975 
 7.294324806570  -0.445786732439 
-7.216272890511  -1.163174422546 
-0.053630743304   7.444861674863 
 4.610818384864   6.065053057299 
 1.442421923320   7.627416709031 
 6.758249212758   4.167351685328 
 7.606441919427  -2.375300845860 
-7.466445324946   2.785325070011 
-4.137817762535   6.832494188421 
 6.832154239711  -4.401031092395 
 4.060668747054  -7.207670435131 
 5.847497199773  -5.852490678675 
-1.857466770524  -8.153490177537 
 8.349877522039   2.456111773916 
-8.686390160783   0.615083336474 
 2.374499817372  -8.385747345951 
-0.177092976990  -8.784816666533 
-3.815978726298  -7.915451610652 
 8.789805356979  -1.062551415083 
-6.485834133835  -6.043946176699 
 9.005230057342   0.471844632319 
 4.097717444546   8.088444845437 
-0.340159001943   9.076976957790 
-8.714930665333  -3.034844021559 
 5.506774049715   7.407282197982 
-3.151391818882   8.682307634857 
 7.017129622355   6.089932042833 
-7.376228740247   5.780997738896 
-7.960408346334  -4.961209947047 
-5.482214445728  -7.612673317817 
 9.020352201188  -3.331397153821 
-8.792847991269   3.947774917263 
 8.292704254547  -5.012874963862 
-9.800243011628  -0.645927767719 
 8.979535607672   4.064892287303 
 6.605363737991  -7.337260514597 
-6.063285742744   7.851571084397 
 5.294699147914  -8.392397954425 
 0.863851641418   10.100151955213
-3.941932165881  -9.422952458279 
-10.163991045298  1.321417420501 
 10.048062572734 -2.199746006717 
-2.099162131747   10.083700585091
-0.391193255035  -10.296022403383
 4.082738060775  -9.474389667914 
 2.537247065612   10.012409373487
-2.561203800871  -10.038788450265
 9.983730594418   2.816496380698 
 2.688890743030  -10.119740161521
 8.787320967443   5.711425895498 
 1.190988536468  -10.452388393868
 5.080928647039   9.346564145291 
-6.823588779618  -8.305306791184 
 6.598890617507   8.513661568001 
 10.778198093461  0.115328987079 
-5.517328352320   9.288688427693 
-4.108830126677   9.996625183393 
-10.337727689831  3.191112682130 
 8.740313454413  -6.445504151903 
-9.623620049274  -5.360069947950 
 10.557850920217 -3.666087665542 
-5.633857430613  -9.655600828450 
-10.756019630020 -3.134587561007 
-10.128461384474  4.795298627132 
 11.126256547234  1.806448998401 
 7.984140350345  -8.035341898060 
-8.424531161196   7.702219971928 
 11.348336569656 -1.290253206938 
 10.356507333876  4.952343725968 
-7.061567193854   9.058545511028 
 8.636635004569   7.645958809191 
-8.701233572421  -7.573659632805 
 2.260949937746  -11.591932919119
-11.777798272649  1.107529680727 
-11.855264599789 -0.829054454599 
 2.894587041465   11.529317526973
 6.281282277719  -10.138788483525
-10.093612949832  6.369398182498 
 0.331980287318   11.947903158871
 4.957413759404  -10.900385662204
-0.503679541945  -11.989666710425
 11.523167451309  3.357018777864 
-1.725382884901   11.883671727007
 5.102372654427   10.932740021205
-11.180832289154 -4.722346183715 
 11.855872060778 -2.811936432499 
 11.004380403536 -5.460100200898 
-11.655101733664  3.957440976922 
 10.301653350313 -6.811904279040 
 6.631719890248   10.478028789419
-4.371298573853  -11.713826185785
-6.846077694666   10.669987469474
-12.447189670422 -2.508032109809 
 1.825934656649   12.606787903106
-7.488165027815  -10.310898305150
 10.731978101292  6.909373888317 
-5.319228621762   11.613787179238
 12.816858173521  1.290137824630 
 0.790224163951  -12.864325588705
-1.944988059818  -12.766026677722
-10.964960532527 -6.846957371279 
 12.859883188201 -1.677339740865 
 9.950206351120  -8.389099558055 
-4.035039084929   12.422080652786
 12.459709856427 -4.198937560087 
-12.904616431854  2.612031563491 
-5.995534117754  -11.739548534241
-0.651974322621   13.249253245620
-10.095162131478 -8.627299754956 
 8.363715610661   10.373837490157
 9.831273024252   9.048616467389 
 7.929513522901  -10.776146559628
-11.001344624793  7.802174835777 
-2.530756155368   13.273901815261
 6.090949894153  -12.132643999955
 3.530374409456   13.153241263213
-12.046676952896  6.373893667402 
-10.063524235529  9.193344286342 
-8.431698610282   10.729085986439
 13.677221990990 -0.105338307485 
 5.739941196096   12.457448981636
 4.648140244883  -12.905089870582
-13.727702611216  0.157496299588 
 2.553499112956  -13.501414828397
-13.696738413224 -1.621914806107 
 9.597086920804  -9.939018469981 
-13.329994716801 -3.832178103033 
-12.996514284734  5.013813859470 
 12.752570490765 -5.676405030650 
 11.456777725021 -8.021892234322 
-9.436548438309  -10.373934226025
-5.029095467084  -13.104442788883
-0.236821749667  -14.056788271584
 13.755887064121  2.942163879703 
 13.076314072071  5.542170828293 
 11.394457422278  8.593639561023 
-7.527996683939  -12.184717850092
 1.022092156393   14.328142434400
-3.594667247884  -13.931025755612
-14.340615095841  1.900963919722 
 12.522485293021  7.270848940894 
-13.142363359374 -6.249585795838 
 10.017914691177  10.604755070240
 14.347718521525 -2.917969800676 
 7.339324410593   12.707683378073
-14.191428826312  3.795574791439 
-5.930646287966   13.500327507274
-1.449859039188   14.709843723743
-11.035959734451 -9.964287766578 
-7.505384336976   12.842275186883
 7.851875081243  -12.644709601474
-12.556724021445 -8.059105447400 
 4.836307385705   14.118605303905
 1.112601672727  -14.983856401318
 15.075127294931 -1.389212567463 
 3.372310303639  -14.871945984066
-13.708901198959  6.694376596040 
-15.086427917784 -2.316379325333 
 15.188104321002  2.183360372588 
-15.375616728601 -0.732240117302 
 14.734391288386 -4.477271780069 
-9.554127064563  -12.102169593408
-0.136298581379   15.444073293644
-11.127615267353  10.722050985152
-4.913411327003  -14.667365752665
 14.735576161369  4.735234328635 
 2.221704109903   15.382771187596
-0.281305780714  -15.594442395741
 4.873518311102  -14.825023219354
-9.218446023156   12.601057225327
-13.038092838925  8.603946547757 
-14.931557996732 -4.662888958845 
 9.430741952464   12.570570593774
-15.534367787502  2.897286075317 
-4.983993171111   15.044347364935
 12.217280027849  10.131221393299
-7.000978015739  -14.272035229115
 12.074242049438 -10.355114969572
-1.837916574000  -15.800440368234
 13.007937627373 -9.167454492505 
-3.505155046173  -15.632135441733
-2.559663183488   15.834516993387
-15.313777448042  4.941436739756 
 14.859131986862 -6.184067100280 
 8.414245864247   13.756785361868
 10.487195092962 -12.277714270772
-12.578819531723  10.161407815615
 16.177921620944 -0.199905270158 
 11.462542971021  11.444740429924
 14.137124722532 -7.932361753788 
 7.160073263136  -14.552827285158
-7.062655664965   14.652759393256
-14.760397557888 -7.054987083267 
-16.356656238370  1.580312840468 
 13.788880137093  8.985711455765 
-8.879708735568  -13.891553460113
 1.573082589564  -16.559207560603
 8.838012049504  -14.092085416421
-12.798032823570 -10.698076871454
-16.242840286587 -3.900845670356 
 3.455953416156  -16.395659566986
 16.238104848593  4.508761505885 
 7.267220772164   15.242899131662
 0.690888814682   16.874677468072
