 0.143727612901  -0.748350032290 
 1.235092048926   0.838275336554 
-1.418002865870   1.365075463584 
 2.513459045310  -0.873084133263 
-2.665375914366  -0.597453173974 
 2.591314094120   1.513897787885 
 1.280486020854  -2.760723761693 
 0.373938050115   3.066457889859 
-1.542685553253  -2.678014847814 
 1.941910890931   3.071850547316 
 2.842750218779  -2.374979436607 
 3.719091956981   0.380847565835 
-2.701732485679   2.925243796741 
-3.660760352400  -1.841939401551 
-4.118989497974   0.118458312307 
-3.853280009756   1.849894601582 
-3.038231108160  -3.227533268548 
 0.254443211297  -4.440350048833 
 3.483782312293   2.836676432704 
-1.387835159319  -4.276222724279 
-0.925222054068   4.806229621327 
 4.510184764539  -2.016303372623 
 0.812489511730   4.905895859198 
 3.292314031941  -3.862920123122 
 2.802561905532   4.598013594705 
-5.502093098696  -0.540086220367 
 5.585107925383   0.693899933402 
 1.925777100775  -5.300022883798 
-4.645747381257  -3.258691873692 
-4.154561494405   3.983064725321 
 5.852255559181  -1.102045405789 
-2.011061818555  -5.697919869480 
 0.513951108933  -6.073373042769 
 5.340670960766   3.007893323778 
-3.633068213564  -5.097096864991 
-0.409095454290   6.386252737966 
-2.926645386720   5.777187440082 
-6.363456186879   1.702911537605 
-6.401856100345  -2.256157462122 
 6.212558081673  -2.806024537196 
-0.962421034504  -6.805933980040 
 5.398880365809  -4.269563283989 
 3.092826554690   6.367547435351 
 0.972930087795   7.029565998748 
-6.055944744838   3.760541835465 
 7.191968359373  -0.027837064639 
 3.570429439803  -6.492810540220 
 5.307924354418   5.223977394534 
 2.196705400053  -7.196336601091 
-1.771593764977   7.331475155475 
-3.473423052229  -6.739000858830 
-7.622171519690   0.219045598975 
 7.458295248888   1.638783028863 
-5.988275061344  -4.840562961281 
 7.475453605944  -1.962930637275 
 0.389318824876  -7.755507199886 
-7.348335773634   2.884818565224 
-5.727629268926   5.512068547621 
-5.209282332358  -6.322295271059 
 5.996849635616  -5.675471712308 
-7.431425082897  -3.629276588781 
 7.089261786246  -4.407046988173 
-8.221931992294  -2.118507543231 
 7.540087026491   3.943680502903 
-2.296204619949  -8.335506706507 
-3.415359671520   8.087980763005 
-7.512581198228   4.612115280922 
-5.145938468969   7.210188557002 
-0.188938829692   8.857854677552 
 8.950506023516   0.530084130337 
-8.837649075320   1.752885622142 
 4.202828855095   8.005282600858 
 2.848568642107  -8.591744628934 
 6.896373946034   5.873143977208 
-1.695889231176   8.899871642803 
 8.509879369564  -3.285268502510 
-4.883794487147  -7.815078325149 
 5.605227405637   7.453864354066 
-1.011153249010  -9.422366358606 
-7.897656573685  -5.301197403175 
 9.306056952141   1.988873766819 
 0.804624840638  -9.504989653013 
 2.315179206349   9.338833410771 
-9.582252272278  -1.227584526677 
-9.699393557335   0.424174225174 
 6.825906816120  -6.967831561564 
-9.105698482372  -3.511980292205 
-4.000836767547  -9.082531858433 
-9.303586655291   3.509616670409 
 5.636170953075  -8.217813324132 
 10.056813068550 -1.114847412887 
-7.409201535800   6.987405610754 
-8.953979974861   5.247557367588 
 0.304392954407   10.469506382064
-6.124035048788   8.523448633327 
-7.077559965115  -7.900206230850 
-1.755661263327   10.510343114369
-10.406559014574 -2.535987659925 
 3.959063568750   9.972231194629 
-3.715525241174   10.099565984311
 10.069841331611  3.845678027117 
 10.500571245503 -2.620791445437 
 8.375117278589  -6.955879740995 
 9.392566708833   5.616443397241 
-10.669884024140  2.845954690713 
 5.061846484551  -9.878998119998 
-0.635663389036  -11.108492988593
 3.516979513821  -10.583933067790
 11.123244581557  1.024021861639 
 10.009883447024 -4.984701742919 
 2.743805181366   10.880171616168
-5.271486379046   9.990556244912 
-5.065478439667  -10.145536677945
-11.314320905567 -0.853711580842 
 6.796074666708   9.105809750223 
 8.470112141550   7.600117340358 
-11.408874855631  0.974888239699 
-10.115019169487 -5.408959360658 
-3.195787454510  -11.133097579643
 1.826924185097  -11.449450052337
-10.577432285792  4.753931663040 
 11.291845794396  2.736778240594 
 7.890140040480  -8.824342251340 
 5.724816349440   10.400306820288
 6.660280707702  -9.972788475928 
 11.963678118566 -1.257745246877 
-8.876933458721  -8.127345735728 
 11.355270803626 -4.027159635974 
 0.737293579963   12.028428395891
-3.050471044673   11.662836570571
-7.550931787741   9.509522847924 
-7.648933310051  -9.445598525499 
-1.172162501439   12.180223221924
 4.313717774140   11.493147686234
 10.896178444112  5.720164476155 
-11.714857313247 -3.923826432584 
-10.203327929718 -7.217266385526 
-9.908898969269   7.771350626436 
-12.400731880004 -2.318391489945 
 4.400110620048  -11.860725098287
 5.845551644848  -11.285963229239
 10.249562073737  7.524554936547 
-12.400392220715  3.546981883392 
 10.527701739517 -7.554889010473 
-12.919852131326  1.043148551532 
-6.886620813532   11.046968804889
 12.779242936143  2.483549920924 
-9.286440961510   9.187918884146 
-7.184036130841  -10.960319133574
 7.074330254560   11.171202852590
-2.090400451815  -13.060349465161
 0.949064255442  -13.228624285651
-11.796684153470 -6.110444692274 
 8.458153557662   10.266062248056
-5.743966878652   12.036488585018
 2.726899113785   13.075437173297
 12.831518263285 -3.752651522427 
 9.546136279554  -9.385615408249 
 12.359972353140 -5.299355036447 
-9.049091478792  -10.071155842424
-12.004759262903  6.399468779130 
 12.835596801578  4.620510303419 
-10.358802169174 -8.896963391714 
 7.382816440018  -11.511590162204
-8.521109987343   10.707866629587
 13.687206795709  0.922024244376 
-2.588483344621   13.508897401163
-4.509839573238   12.997298900398
-0.650612906791  -13.773863180083
-0.964198525165   13.782687780901
-13.277530106025 -4.315306036530 
-13.953619390702 -1.214253763739 
 3.842447183741  -13.487138697096
-5.286647894847  -12.998886172029
 9.951483924709   9.926737168967 
 14.113336584141 -0.737752821868 
 5.525129289141  -13.019667723612
-6.728035744908  -12.541953307336
 12.436420267818  6.957754308944 
 8.861825120065  -11.176383159784
-14.012210041385  2.945574879390 
 2.496294678759  -14.163347886565
-3.738551754674  -13.901827293878
 0.775678313867   14.491751787823
 11.492140717168  8.902908355161 
-7.493956010254   12.546142018680
-10.290225197075  10.379622933103
-13.826770989207  4.814353834847 
 14.423822568585 -2.529029404737 
 6.736159736103   13.048975797243
-2.119679506224  -14.571680113977
-14.689544193608  1.593788300797 
-11.949742237243 -8.732748535703 
-12.053124413097  8.620534585339 
 1.028189042944  -14.812968161323
 13.627802865542  5.948178138739 
 14.331513834904 -4.036911558430 
 9.411828759499   11.538572010057
-12.952390427795 -7.357190573075 
 5.348919480332   13.926762241086
 2.771067011540   14.759349533882
-6.320222813985   13.625743751127
 11.575651762740 -9.580281282119 
-9.577992034962  -11.717043730537
 12.938887281295 -7.909894142819 
-2.111530194498   15.054834689690
-14.170965313358 -5.587246238154 
 14.184982559140 -5.920646215823 
 15.077843866321  3.019171731172 
-15.131697346326 -3.154280090141 
 10.555935995170 -11.355017268509
 8.302188200857   13.103469930150
-5.709670780494  -14.528569356295
 6.394494427585  -14.263194524188
-15.655775749083 -0.591634666874 
-8.326016359262  -13.297158174271
-9.241374294749   12.816625591750
-13.644078045049  8.045765743624 
 4.727810469327  -15.122558094955
 15.791144190538  1.597899032957 
 13.859682748287  7.764516863324 
 15.918412842789  0.069208221161 
 11.202785701540  11.318398603233
-14.444409194146  6.714496552044 
-4.426387627625  -15.335921537542
-15.709539052620  3.190061837166 
 12.886918291972  9.540766129800 
 15.964742133767 -1.614829881872 
-0.974790035560  -16.019719692508
 2.419547470588  -15.881954994696
 9.696659161958  -12.819553359381
-5.698208303831   15.029861510144
 1.703196746227   16.050422088917
-11.765316829543 -11.075428751365
-4.046382216094   15.643522525036
-2.829629026660  -15.912226217666
 15.511024949524  4.619957436842 
 5.002260640584   15.499933823703
-7.263683287352  -14.606616030202
 13.097760180290 -9.751892086474 
-13.173520483958 -9.874538799926 
 16.161130245900 -3.259396216783 
 0.118088522822   16.487433529355
 7.440675467721   14.743287250051
 3.444289218921   16.170107127954
 8.696989137744  -14.093289133903
 14.669505296923 -7.811644421467 
 0.713549408744  -16.605398838593
-7.395215238332   14.903081433535
-15.877303046011  5.180481207117 
-16.238272112641 -4.331825756163 
-13.804447020088  9.596277768660 
-2.481799968348   16.666581463524
-9.885339641822  -13.673579641364
 12.435448870238 -11.493234961380
 15.506885719386  6.878042771533 
