 0.973532400388   0.284011369262 
-0.875262017129   0.558513908741 
-0.855669599490  -1.126369106654 
 0.917049832276  -1.612481068073 
 0.429354190895   1.986621528464 
 2.551405655425  -0.176906342185 
-2.316822533162   1.679055873449 
-2.902027259019   0.104841637220 
-1.025399147559   2.769699200185 
-2.607229748351  -1.499975442245 
-0.673632571035  -2.945633675452 
 2.435854846478  -1.956907081968 
 2.824785018591   2.375468964474 
 3.821670893747  -1.175684735559 
 1.220886949897   3.929076451479 
 1.335654323190  -4.062757915946 
-3.173828236277   3.001496130766 
-1.515453965787   4.265442404787 
-2.637819896695  -3.810489997217 
-1.026329744999  -4.548370639770 
-4.626221913930   0.587800961889 
 4.693912499344   0.189747035009 
-4.686242969615  -1.785755851841 
-4.913680767283   2.200095248205 
 4.933700061124   2.607608681880 
 4.156141044921  -3.892048573722 
 3.203882893712   4.715185465084 
 5.320691692697  -2.438268886054 
 1.952367583736   5.626333587029 
-2.566844772951   5.394219208170 
 0.878751661876  -6.004573802403 
-4.859878701338  -3.906433224065 
-3.660575280318  -5.084933081321 
-1.828646957360  -6.089640181591 
-4.110626181490   4.882411685787 
-0.090397312798   6.388570126163 
 6.409419078316  -0.208806738430 
 3.467995032867  -5.449732659203 
-1.584982926157   6.540900342305 
-6.286303653252  -2.746258627896 
 4.921905520910   4.885459646863 
 2.282397744773  -6.555997243120 
 6.635778333525   2.082935766578 
-5.620707463319   4.146008384988 
-7.114473902900  -0.479937783976 
 3.621407429251   6.235581382979 
 7.165214065724  -1.627424698301 
-7.188464844840   1.594683181662 
-6.767717621912   3.070662060779 
 5.533501866075  -5.101104561775 
 6.448646667096   3.980863157001 
 2.333269766098   7.234339218292 
 6.895410614976  -3.349840373813 
-0.008023527304  -7.782627708105 
 7.816023713625   0.391248403013 
 0.200735861844   8.027841130477 
-2.457222003605  -7.717241781864 
 3.585872004264  -7.306699232217 
-4.471255278470   7.103781860787 
-2.358478330351   8.087495534950 
-5.020537181913  -6.829718763255 
-7.507472514102  -3.983359860648 
 5.408597607630   6.559539199843 
-8.215629044141  -2.268994848820 
 5.457525222179  -6.668916640110 
 6.686583539383   5.474306433408 
 4.040740023230   7.756044930723 
-8.795089948230   0.413478681416 
 8.787550474944  -0.945250604232 
-6.886594529266  -5.546495420101 
-8.467278539818   2.704382942855 
 7.319634315208  -5.081937229737 
 8.802876106335   1.675105346118 
 2.114280806447   8.733086170974 
 8.263900467602   3.530245553331 
-8.071780199734   4.178492991677 
 2.153294356976  -8.862627435890 
-0.826110105649   9.195256414732 
 8.895074772801  -2.499626414286 
-0.798194122539  -9.329731212478 
 8.501667164234  -3.983048643056 
-6.440841997019   6.866456218343 
-4.606370182574  -8.406731930655 
-3.225611088386  -9.051815227156 
 0.698996472420  -9.657062026978 
-7.836435653252   5.793445387958 
 7.074394647770  -6.783957424799 
 1.080151228569   9.829384557570 
-9.326155086722  -3.296745196421 
-9.769460190893   1.669111943912 
-6.691826785157  -7.386896002719 
 8.440722103768   5.328045121366 
 9.983345981829   0.178650790944 
-4.717651170478   8.926573214305 
-10.119527302485 -1.652126719927 
-8.017684945105  -6.537101676108 
-9.730784936208   3.587635771792 
 6.258889517046  -8.374036826916 
 6.875747716882   8.111258246898 
-6.163934599280  -8.800434169236 
-3.723566323730   10.119761799582
 1.855558791259  -10.626628351940
-2.221426975082  -10.572293115776
-0.559154973891  -10.888495361943
 5.807552323591   9.231100280448 
-2.013797602939   10.733129297971
 3.645930150180  -10.311648839601
 10.886768676852 -1.812491097866 
 5.283758844115  -9.784309108293 
-0.014326812411   11.147135193999
-8.664999328079   7.074559902377 
 3.556605639961   10.613227480004
-7.554673880149   8.285140961722 
 9.472998395573  -6.049099273223 
 10.487487332908 -4.052829456393 
 8.105922359504  -7.901310931661 
-11.362670847986 -0.097719727359 
 10.870372335405  3.509048518459 
 8.423371567385   7.744487909221 
-10.186258574347 -5.242407407220 
-11.253243811382  2.161969664399 
-7.799397124077  -8.401111953456 
 11.498468318734  1.081216645851 
-11.161604594317 -3.222778399152 
-10.560563271181  5.085769136777 
 9.870977129443   6.350518979611 
 1.911709280687   11.671472269876
 5.250909789410   10.669775185325
 10.935395916244  5.008154312265 
-9.349233613123  -7.628628016847 
 12.090210750875 -0.623358568710 
-5.111752716268  -10.974700091625
 6.927294480128  -10.159317512735
-2.452184401034  -12.068315450124
-6.814533186291   10.271423496857
 1.571595152162  -12.257654709580
-5.231493619878   11.207542853275
 11.064917202693 -5.652858010824 
-10.440408519696  6.746638412399 
 4.782528088289  -11.479049926811
-3.513393984783   12.043693673488
 8.286829153211   9.444770329339 
-12.505841264103 -1.394248081176 
-12.581573922868  1.097348845720 
-11.948534384096  4.127646525872 
-9.792914517294   8.126467109877 
-0.406671985726  -12.730037114082
 12.464848060280  2.669296754430 
-7.257038382061  -10.501852838017
 3.308553683191  -12.440182549142
-12.645520973623  2.764425403162 
 0.249345052651   12.963894847023
-12.279452186990 -4.291125067263 
-9.032012690872  -9.367255085877 
 8.601987358338  -9.825750522034 
 9.699314518154  -8.763315373344 
 10.542309722428  7.730675191532 
-1.591843553666   13.042213689302
 12.555694598870 -3.890544213595 
-10.847352820595 -7.430676430787 
-8.577816545195   10.200684100931
-6.393211626040  -11.831750731972
 13.309276513533 -1.990922540076 
 4.557972397603   12.684503783837
 7.891971848172   10.946762500386
-3.980032622018  -12.899145877475
 1.906425236588   13.384866152765
-12.293048630747  5.629024001302 
 11.136976296844 -7.897761771422 
-13.701117623421 -0.257530821169 
-13.461178101007 -2.696631884400 
 12.646023108267  5.470301008945 
-5.223452789196   12.884477478798
-11.415900685754  7.940805855074 
-1.830213523806  -13.813666239649
 4.668123273017  -13.136252901870
 6.488324119120  -12.385992279498
-12.624997349145 -6.035778327415 
 12.088758345130  7.075179206382 
 10.108089999148  9.773691669511 
 12.931794892571 -5.538084862603 
-8.612526338650  -11.166378558400
-7.017677099918   12.237235895895
 14.185500004804  0.916814767329 
 12.420662677008 -7.093411521007 
-14.308659434119  1.154190832210 
 1.694366452896  -14.345043547437
 8.359880310045  -11.793092648322
 14.079188368599 -3.406193781443 
 6.846243436237   12.775663719071
-13.646011117765  4.950978582394 
-14.168342019598  3.307249252828 
 0.297801969621   14.597674957942
-14.531504244145 -1.541462487504 
 0.154971474649  -14.618053553598
 9.911516432985  -10.774124203608
-12.763478705067  7.217959717844 
 11.279638234916 -9.395626506825 
-3.321962278045  -14.331970164878
-1.502482597015   14.661891599964
-11.038150407295 -9.975727628388 
 14.817607882400 -2.029482162382 
 14.115033730913  4.960123671390 
 14.735326235066  2.645672435143 
 15.005212531342 -0.467434961653 
-9.411451706133   11.711328566336
-4.738682353296   14.305676643701
-8.081307970255  -12.724934623225
 14.368511997565 -4.880605560948 
 11.717138539374  9.742208810819 
-11.025264558536  10.523040812247
 5.140331022490   14.372987638692
-6.478012721577  -13.833647102928
 6.044599159914  -14.032673946744
-3.024462806433   14.997566407841
 13.710809990723  6.831405338666 
 4.540519816523  -14.687590897584
-12.551003949087 -8.914138260705 
-4.909431618891  -14.672924505073
 10.859075446870  11.078079818915
 3.169666350200   15.225401928406
 9.781158245995   12.169538157578
 7.793001255903  -13.532983767311
-15.615021260730 -0.345499181602 
-10.019588577207 -11.982130411940
-7.913979764827   13.549215094012
-1.878150160015  -15.581092558097
-14.853049841195 -5.076391458701 
 8.187351467417   13.530263809747
-15.531031743462 -3.071704884618 
-6.516762428714   14.429826628849
 13.900504432448 -7.815276680412 
 6.657239448350   14.501631691376
 1.732323679154  -15.914466024017
 13.220160265003  9.111025928674 
-0.745993651466   16.063116787817
 15.657546851133 -3.706088491756 
-14.156469339552 -7.715204114963 
 16.147684095823  0.919240608702 
 9.594373139726  -13.139642557598
-16.182201148207  1.872225428394 
 3.306235408801  -15.952691111706
 16.300776411500 -1.725254151456 
 15.031478978027 -6.571938638428 
-12.519322917512 -10.652889500959
 1.727958241512   16.387645991289
 15.256783066752  6.345029916344 
-4.250923853881   15.973478946293
 13.439211008047 -9.625224466015 
 16.027705603885  4.144112530102 
-13.495379215418  9.626177373101 
 0.069890592746  -16.608041384091
-10.965155888038  12.630311747636
 14.674293422141  8.131426021631 
-15.416078985674  6.629456690972 
 5.821298251485  -15.755731974353
