 0.033630781595  -0.400114558194 
-0.765364620734   1.124982271702 
 1.990742961065  -0.246386661623 
-2.135094410018   0.251728575943 
 0.931639809758  -2.195893485237 
 1.063445780470   2.193261949229 
-2.054632064958  -1.496510529912 
 2.441036875142   1.554673363659 
-0.323321816405  -3.030545081728 
-1.503145656355   2.712603120890 
 2.886696207513  -1.696647012502 
-2.898860669599   1.816490432884 
 3.570880911833   0.470832744545 
-1.953835586308  -3.034356226171 
 0.100427694410   3.814639014452 
 2.067787516067  -3.273361721950 
 2.482693903522   3.139762244711 
-4.318766866021  -0.089087872431 
 0.432611983377  -4.462691104500 
-1.603138112017   4.215712571798 
-3.842651267197  -2.632113845194 
-4.455749925956   1.560272723352 
 4.389714912249   1.861829888166 
 3.549298781920  -3.515185202083 
 4.846397086886  -1.479668686443 
 1.635761415224   4.824361111724 
-3.376453485223   3.868880701113 
 2.252303085710  -4.992757958741 
-1.378585067059  -5.366716343762 
-0.884396667366   5.582833766768 
-4.190668503062  -4.292374493446 
 6.015111558938  -0.264674371635 
 5.874986213985   1.452067793163 
 5.174855298056  -3.184769836987 
 0.584822408777   6.077769130243 
-3.058671769243  -5.308448936479 
 5.344882289544   3.033959164693 
-5.747836375515  -2.236689844864 
-5.693521384386   2.424180534130 
 4.366080289777   4.460614052523 
 0.149758764675  -6.440335701371 
 3.319075168473   5.795821817450 
 3.665085031270  -5.826437312205 
-5.470837657979   4.267402298122 
-7.058776721831   0.133883125726 
 5.126848600392  -4.878808198193 
-3.521926424932   6.236437821096 
-1.323964372116  -7.076539696328 
-6.057464120760  -3.945736772243 
-1.853273473119   7.041931603441 
 1.779912506787  -7.254025010325 
 7.112020905979  -2.327242659340 
-7.363954368426   1.618719177274 
-5.084796962370  -5.653910709123 
 4.871139749435   5.957924796548 
 1.397522796260   7.730853462072 
-7.696775086041  -1.585515436662 
 0.391828423511  -8.152941429583 
 7.087386065777  -4.074900619370 
 7.237279041767   3.878541130417 
-7.531805688126  -3.283895958018 
 3.739218387987  -7.332173256458 
-7.684849384351   3.174943952401 
 0.019912192494   8.345718252305 
 8.355275093857  -0.782263194116 
-3.094234151328   7.892974431965 
 8.301390674138   1.955695038266 
-6.163691828759   5.900294580991 
-6.626798045317  -5.556048672536 
-5.182073414928   7.075343703977 
-2.023399634776  -8.562128150912 
 6.671724621180  -5.781898240071 
 3.280107350731   8.207444572901 
-3.694900819110  -8.036971423452 
-5.832828988531  -7.162079498750 
 9.264011626599   0.627650009680 
 5.973018242795  -7.227878489768 
 9.070144201440  -2.508890226503 
 7.435583730590   5.770472310356 
-9.340110919755   1.645913374474 
 6.431988090083   6.999867656012 
 8.913755160019   3.359579086579 
-9.406575207734  -2.380580943139 
-9.793795282431  -0.120046692010 
-4.583227253628   8.665777944008 
-1.014124255404  -9.764108199310 
 1.108483619582  -9.754699525263 
-8.031804651211   5.715639228467 
 4.343604254254  -8.875225878735 
-2.129898687244   9.704347208994 
-8.223531150601  -5.614368280748 
 0.787179241826   9.947349850121 
 5.391336237846   8.409248440583 
-9.151566981833  -4.030264554821 
 9.057579256432  -4.642829139960 
 2.715149111325  -9.823379311710 
 2.708799763389   9.862315748891 
 10.038039833167  1.990492513059 
-4.037527420707  -9.528074210556 
-5.489721368536  -8.796908478027 
-7.422707500198  -7.252713552068 
-6.507846897382   8.095794375744 
 10.447862252311 -0.303887523076 
-2.623361980138  -10.143393440785
-10.010728130275  3.129013510555 
 5.933230392786  -8.742030327205 
 9.576500279071   4.717714074227 
-9.632540443091   4.816535986454 
 8.636535871488  -6.689844274274 
-7.991432805503   7.598921741363 
 10.367094270378 -3.908819561661 
 0.010080944928  -11.124955364013
 10.909090991637 -2.395236944753 
 8.951805988280   6.754092437130 
 4.291010201467  -10.391992153733
 1.866397993176   11.114904362159
-11.018034595131 -2.462368472669 
 7.160887374038   8.765302327016 
-3.592982661656   10.735096240051
-9.302206202246   6.656628396427 
-0.169447778256   11.503078766937
-7.171996775173  -8.999537234650 
-11.510254050485 -0.913924666116 
-10.628728285640 -4.601178062855 
 5.915088505383   9.972158628513 
 8.026142433795  -8.530477562115 
 4.368179445531   10.884389420026
-1.465421497868  -11.641114950625
 11.372358853637  3.086526555115 
-11.776812743418  0.602280728816 
-6.830461979484   9.622844093025 
-8.627534830101  -8.375187845679 
-3.027457381927  -11.654729356895
-4.795079558173  -11.067687831022
 6.299634799164  -10.290280818042
 8.807262546548   8.253337048066 
 2.970323488176  -11.709062571118
 11.995516772166  1.680801746096 
-6.262505288451  -10.459470032860
-10.694078974994 -6.391791684457 
 10.149583018061 -7.228942286228 
-12.327481318304  2.400453062431 
 12.565363538554 -0.351400852040 
-10.974649440403  6.180347280598 
-8.841786804245   9.009971444465 
 0.136578581243  -12.668001324858
 11.627267544987 -5.113668233309 
 10.316436549772  7.466872985363 
-2.789141341432   12.451865805234
-11.830841571310  4.932735763499 
 1.698827141167   12.723743679292
-12.202393905358 -4.121928170675 
-10.124315450606 -7.980487358618 
-5.748052514473   11.686828313916
 7.137251641279   10.905634667408
 11.589490034539  5.995477133227 
 2.020640773814  -13.062043749842
-1.258457274202   13.254066013979
 4.306379028444  -12.649352110383
-8.025060032885   10.708233819069
 12.830021320617 -3.817316067554 
-13.247111143806 -1.965159948978 
 12.986448565178  3.272950805467 
 0.265493184349   13.430649494474
-1.695308353456  -13.337943024828
-13.457860230047  0.764056038889 
 12.623175676850  4.762134812502 
-6.108806585699  -12.046327202633
-9.490020097731  -9.662898312633 
 6.110033804420  -12.122693441699
 13.433083003802 -2.013315056108 
-11.041489978669  7.959203887409 
 7.504501028803  -11.413569147140
 3.322877716943   13.362543487698
 10.551670246221  8.951780500833 
-11.627532956880 -7.700132193742 
 11.512458892414 -7.970432973449 
-12.587194393906 -6.278730340129 
 9.520928509780   10.374831926313
 5.262681727038   13.078210259684
 11.775126947965  7.867296871457 
-7.384261249329   12.091284070192
-8.756139310190  -11.209820107938
 6.978580167655   12.445495139769
 14.194684028678  1.660150343028 
-5.144062052102   13.350137112652
 10.119792801025 -10.118736683362
-10.520672924740  9.750440389016 
 14.422040593740 -0.078979482475 
-13.928418871315  3.745791548406 
-5.239076037791  -13.448833167240
 1.487143383365   14.383736924533
-3.503895779669  -14.035060996681
-0.528336072086  -14.509171974470
 9.180306618003  -11.301949581696
-14.023583866834 -3.924978712301 
-2.419593204145   14.470298047184
-13.527893145438  5.832470499093 
-14.760623763639 -0.343863554702 
 5.362888673140  -13.796205195044
 1.002199739988  -14.853950677381
 13.149765991087  7.129943359575 
 14.809704184683 -2.849548296814 
 8.597912100190   12.410838693952
-8.136022393225  -12.744662894100
 14.680098618621  3.737324168551 
-9.319921442453   11.967348082252
-11.861763209175 -9.455168154164 
 8.122683174206  -12.890392956587
-4.001624236781   14.717453376768
 13.573167516068 -7.014941233871 
 14.369554616871 -5.203058538756 
 12.064568444906  9.398989415984 
-15.123439476315  2.444446123598 
 15.387207296517 -1.358446294273 
-15.259907828312 -2.463518109998 
 12.646859973946 -8.955642255211 
-13.621887759351  7.414443305949 
 3.609860080603  -15.104684378433
-11.117406208962 -10.860192918067
-14.356747197256 -6.055990740308 
-13.591030391994 -7.681545364788 
-12.167214154649  9.817216387556 
 4.920781324245   14.872175707008
 15.586068526500  2.496078037799 
-0.619461528595   15.783819728167
 7.185617006419  -14.084479267739
-6.548553547070   14.428477411326
-4.619661466477  -15.216961221153
 2.124861992108   15.768503526204
-11.021143584925  11.487377567820
 6.725361521852   14.488110907821
 11.000370496703 -11.601446848051
 9.671325972987  -12.746906931803
 11.482097017531  11.185164543486
-0.719168986513  -16.057938689610
 16.054919170204  0.840548750335 
 14.683480449119  6.755227575944 
-16.173543616959  0.434257072477 
-15.619099494782  4.296598693418 
-7.806554788638  -14.260175883319
 6.048490921637  -15.138051749183
-8.504432006496   13.909114487160
-2.414359305381  -16.204753465644
 2.188615276648  -16.295608203273
 15.592213335610  5.241074693932 
 14.264169352292  8.487225448342 
-14.041689463287  8.875255852068 
 14.178252001403 -8.674337299572 
-13.140929737997 -10.310133998676
 10.649782706473  12.924343333658
 15.648643970094 -5.996625754259 
-6.641208636005  -15.390783297053
-4.707397978340   16.089171074640
-2.077824195250   16.659963889478
 3.479754672971   16.429784909781
