 0.593102712257  -0.523519596982 
 0.833055637456   1.029672918781 
-2.111386779298  -0.700668803048 
 2.366736680666  -0.667774565966 
-0.192060870268  -2.472052862960 
-1.761281055366   1.954072471019 
 1.654142989388  -2.299915895873 
 1.567797283537   2.586580904077 
-2.078933733106  -2.357646516322 
 0.008953192199   3.309860231829 
 2.855911394972   1.732068295419 
-3.985013764609   0.096133982592 
 3.999002233214   0.446080859651 
-0.471530469707  -4.065840195000 
 3.991874112569  -1.231061586487 
 2.169349024387  -3.709658164915 
-4.065325713203   1.610871233211 
 3.415940933727  -2.847369434438 
 0.995183575979   4.521022568797 
-3.370141212659   3.192621241421 
-3.509641793117  -3.163645903405 
 3.754816420996   3.047394151574 
-4.770198562251  -1.757914029431 
-2.596635982256   4.534966106741 
 5.313292587646  -0.471910973213 
-2.024803612370  -4.996979086796 
-5.465791388944  -0.283516298111 
 1.967901454498  -5.228019182087 
 5.472355957944   1.291431507401 
-1.259103235184   5.488947079644 
 3.012721952358   4.815950929066 
-5.580527916311   1.429003252509 
 4.270594973740  -4.441255670275 
 5.532682845038   2.810521146615 
-4.352068033337  -4.445988162072 
 5.838314696759  -2.185244426786 
-5.561262847637  -3.118672331176 
-5.253602958852   3.862364507885 
 1.012392217270  -6.482590122206 
 0.437591488292   6.610576517084 
-3.037784182784   6.055701076534 
-3.294546444607  -5.939746427652 
-0.714903698415  -6.860161692639 
 6.847216089375  -1.064352414799 
 3.612478709285  -5.916810962413 
 5.870987612538  -3.979402117820 
 2.806051663610   6.518616861298 
-7.175843680975  -1.325397135617 
-5.857077381600  -4.665900838703 
 4.995768198803   5.618964309131 
 6.382238387629   4.080811663052 
 7.566992548845   0.545602186678 
-7.087992391723  -2.835801683701 
 7.328846659573   2.545052325499 
-2.405139587487  -7.453907516428 
-7.641617985364   1.771350088773 
-5.283128148313   5.909670464441 
 1.456002092673   7.813190759938 
-2.677249196692   7.514580481448 
-0.451009223580   8.018907214688 
 5.511104177803  -5.846701118727 
 1.885015100358  -8.081691174024 
-6.699794362209   4.980145484164 
 3.409421437813  -7.654132377629 
-8.395912469293  -0.207912006215 
-4.236518644189   7.312964799263 
 7.122719011964  -4.822618558952 
-7.831628446094   3.702178371951 
-1.219538363770  -8.755315366464 
 3.843673047373   7.994381520033 
-8.691135265284  -1.960509321598 
 8.805370815844  -1.921709618269 
-1.830467617509   8.838638136378 
-8.036391053421  -4.139719842191 
 9.059375867566   1.054096373729 
 8.523830175371  -3.525769612629 
 6.869261409009   6.223686196711 
 0.507414677603   9.290048626149 
 0.606505746147  -9.287081813584 
-5.707874982330  -7.389454606588 
-9.055430644002   2.299943593073 
 8.923247138435   3.013908909282 
 5.120405049534  -7.956909407704 
-4.015055687442  -8.690878244600 
-6.408944012747   7.197571269902 
 2.145020712099   9.403631130328 
-3.887029489083   8.902591947813 
-9.811435764079  -0.710008201971 
 6.969863469975  -7.048020572872 
-8.542063754377   5.167444994639 
 6.164435875816   7.863482492150 
-7.699070872028   6.417336839357 
 8.727013200565   4.959164568839 
 2.286958784877  -10.025968492419
-10.110628655436 -2.458806220182 
-7.990182969837  -6.706371551926 
 10.469114548390 -0.886285324388 
 8.374324719209  -6.503366301652 
-10.549744853060  1.079870217926 
 4.397598187486   9.656985922480 
-5.826210727544   8.908416656193 
-0.377129837786   10.680477321242
-2.181359787518   10.516683171770
 0.270422766630  -10.750025265171
-7.118867801845  -8.130005357151 
 9.602491371034  -4.973622169271 
 6.624972701770  -8.595156194355 
-9.625774309795  -5.302355280189 
 11.007514190662  0.768844605603 
 4.026091202163  -10.302181615576
 8.084886091569   7.558174773966 
-7.539986956654   8.259640395982 
 9.161153183196   6.504301294912 
-3.887445526702  -10.560575106385
 6.085325036002   9.476842801254 
-2.317477923051  -11.080865684651
-11.362353147385 -0.302445478695 
 10.744473286671  3.733822180685 
-10.075918040413  5.382385104199 
-5.465709494413  -10.084966505164
 5.533260877401  -10.052084034281
-9.342307303594   6.716132041403 
-10.986669748355  3.423405462875 
 1.010799349403   11.501877975679
 10.322849323041  5.434294349797 
-4.476757614636   10.776023045440
 8.472084467568  -8.091266869971 
 2.625309959713   11.453336590054
 11.326933597269 -3.457424911456 
 2.122164392023  -11.722984906693
 7.809232890744   9.109797992208 
-11.723225602389 -2.846145011175 
-7.041620976666  -9.815543049722 
-1.876807565769   12.002965419808
 4.486540817012   11.293955359326
-11.967114270318  2.270156833339 
 10.096178803158 -6.871972796949 
-8.472295033288  -8.833830865109 
 12.212680141435  1.987660030279 
 0.572427831738  -12.491264788329
 11.193655814070 -5.640981929782 
 12.555993236068  0.484520797575 
 9.855435321170   7.874024643874 
-11.650215922744 -5.095664840224 
 6.677833380776   10.857260893844
-5.010564424024  -11.764088743910
 12.750923690365 -1.572756129862 
 7.116468015355  -10.782206598877
-1.530564627891  -12.834219414239
-11.182828521241  6.537265527545 
-12.942927083826  0.956881540141 
 0.459656063057   12.977817795864
 8.500578530654  -9.877039436028 
-10.882488357927 -7.196251148006 
 5.071244629645  -12.125569664178
-9.604066089867   9.007012448273 
 11.685637365920  6.250175110562 
-8.330026924707   10.389210516148
-6.892429024148  -11.433292305455
 9.534121482971   9.351426759277 
-3.724032916574   12.829232075633
 9.949711823665  -8.939638268559 
 12.811567637943 -3.860805150724 
-5.180184043715   12.387262270018
-12.404457477851  5.284201375798 
 4.279178521444   12.847112109073
 1.764607694550  -13.431260334893
-6.591277371127   11.836146358810
-4.128807917323  -13.000933279826
-13.231287767302  3.911332461507 
 13.897856854152 -0.464430262653 
-13.526700842508 -3.407558781445 
 3.389989645425  -13.571774227888
 13.059232018903  5.035444621318 
-0.025261799967  -14.000352225295
 13.915467941544  1.834588747985 
 13.581217225088  3.545141427887 
 11.597786476434 -7.981142369893 
-14.024031031876 -1.297234017183 
-13.987317333742  2.036946539619 
-12.439987666867 -6.758578583853 
 6.445839393847   12.613831244826
-10.990641161391 -8.988265176170 
 12.992029294050 -5.794985568388 
-0.227338283351   14.348183680683
 2.648006723169   14.133778556460
 8.386386724690   11.888232709977
 8.301288414208  -11.976004153806
 9.594014173144   10.995436400296
 12.199795887348  8.208113350677 
-11.165675546015  9.588575925985 
-6.456298321253  -13.248987174046
 7.009916269420  -12.990978519492
-2.327708891352   14.638446153442
-6.337817673076   13.403850188921
-8.054717805912  -12.489813537609
-9.338196985995  -11.576344704714
-3.500691915222  -14.483023485269
 14.937329223838  0.703078083087 
 14.520010948702 -3.576046338337 
-12.410252968295 -8.360219170061 
-13.428104718233  6.622183387242 
-10.603100073892 -10.604250387606
 13.301112829415  7.008614332725 
 2.496436379208  -14.891673027555
 11.063929765870 -10.279745489336
-12.374356902756  8.685797517141 
 14.983706750646 -2.040135097518 
-14.017471744612 -5.970876412499 
-7.978846816665   13.007746944315
 0.946311158559  -15.247998167054
 1.621313628711   15.260862128301
 15.060803657664  3.149807708701 
 5.015036679897   14.590450878676
 4.340715209871  -14.833120380079
-15.125780150900  3.263780712640 
-15.472928271137  0.648538606956 
-3.967798901980   14.984376078447
-9.679486372721   12.171212995178
 13.787152164820 -7.653290738725 
 15.757990252936 -0.649372568007 
 3.521161668783   15.421022954828
-2.122044142880  -15.677551971219
-5.212212300594  -14.968804515659
 6.521794058501  -14.513058755263
 12.109875850509  10.375790765510
-15.844454158042 -1.853908935497 
-14.022303229391 -7.639350472459 
 11.073075311291  11.518708735985
 15.089013856906 -5.357958606850 
 10.771740774357 -11.888812737867
-11.747685136734  10.992600286779
 15.415515499234  4.623654282470 
 13.106053975684 -9.392024048310 
-15.802053084474 -3.367156467947 
-1.559428320968   16.097458393154
 8.500531318529   13.793492598676
-7.324679101570  -14.482317514579
-0.000616124822   16.237431526650
 16.166089851366  1.625389838217 
 15.042483352367  6.183513307568 
-15.287123216286  5.584446776183 
-15.548841159254 -4.975836488106 
-3.703739318272  -15.971392580630
-8.753340464030  -13.884492517956
-7.101266175375   14.869218602592
-5.611169371995   15.592680535320
-0.528183292951  -16.576519938131
-13.260004857440  10.062092664438
 3.482960869733  -16.355769206646
-12.196056729249 -11.442869502935
-14.015500598147 -9.145157364854 
-14.804553209530  7.861449757064 
-16.856809128987 -0.403449916643 
 7.525293491401   15.106092455981
-10.423424842967 -13.316503615298
