-0.646708123079  -0.559744983132 
 0.771852820789   0.630860050802 
-0.797892682168   0.981784216796 
 1.041440673793  -0.903994710503 
-0.113299119353  -2.001744464777 
 0.415184118884   2.152165100772 
-1.841306753360  -1.563146322831 
-2.543947840462   1.467654953149 
 1.219247806096  -2.700230198758 
 2.818906729261   1.289971319555 
 2.032344471211   2.615884992565 
-3.407710096202   0.195490650358 
 3.485026650441  -0.140155213442 
-1.809540085209   2.990382123547 
-0.682322980137  -3.736119369175 
-3.490873821208  -1.525651260602 
 3.718057026862  -2.182780132474 
 2.693844471185  -3.375438346236 
 0.891721588938  -4.263906583770 
 0.922189322811   4.406003778469 
-3.561045679018   3.192522907062 
-3.676919511845  -3.105108606707 
-4.662614205368   1.331409135078 
 2.548678875271   4.138401658162 
 4.337449965568   2.239571021853 
-0.913151386602   4.892165933923 
-2.224777338014  -4.506931913247 
 5.231616182847  -0.485275235594 
-4.899148158125  -2.160156604198 
-5.375090520119  -0.011069790355 
 2.255572233216  -4.999951632042 
 0.451197372614  -5.724901320957 
 4.239102654728  -3.915125736945 
 4.285085475158   3.920999589653 
-1.329281343198  -5.785912171857 
 0.959212186613   5.966775752488 
 6.031081791332   1.333015359258 
-3.809142349741   4.976771604896 
-5.039676558466  -3.749581853456 
 3.530393789281   5.373990368292 
-6.246869044657   1.685637220739 
-0.555265284295   6.447130487354 
 5.968517540021  -2.961082239769 
-3.561621062048  -5.671537876782 
-5.651462905677   3.821716944226 
-6.875661064153  -0.881162559313 
 6.843966946124  -1.254947400635 
 4.024507555884  -5.680472428765 
 2.566627852045  -6.533385861198 
 7.152354923002   0.252881651832 
-2.755808225614   6.701070417446 
 5.564978480539   4.703262824215 
-6.860072948946  -2.582826949887 
 2.242139586594   6.984099926258 
 5.782337420967  -4.669817669181 
 0.635571392602  -7.432131045179 
-5.526232409585  -5.255909578575 
 6.712953497608   3.686180709050 
 0.813117540246   7.863816566077 
-1.875347129993  -7.689469173359 
-5.335497542325   5.868079085879 
-7.604152567274   2.733806394969 
 7.730312108168   2.530202331698 
 5.469814346770  -6.225184483654 
-8.307683332544  -0.151200653311 
 2.240808761135  -8.196029187685 
 4.917949022629   6.960728190098 
 4.356251444118  -7.378668188344 
-8.404649937702  -1.728212140439 
-4.081583419024  -7.547987782488 
 8.656352283467   0.607885036326 
-4.184293047475   7.610941450671 
 2.409002103288   8.499600169241 
-7.191917486945   5.162099644824 
-2.873322317426   8.423108331173 
-0.333813715599   8.951686589674 
 8.214850744864  -3.648658221871 
-8.908676631670   1.922057315257 
-7.812183610780  -4.759172871115 
-5.560685945686  -7.284256383038 
 8.953444275273  -2.315081509950 
-6.979598263794  -6.298832288451 
 7.444797673145   5.756132706515 
-2.977598399604  -8.982739572628 
 7.595215648218  -5.651908855396 
 8.668472525738   3.946791219333 
 0.488985410737  -9.524627298281 
-6.996080616558   6.722993884392 
 9.660523797354  -0.954832418065 
-1.559086601108  -9.613352224074 
 3.545670931216  -9.088522453201 
 6.044121775675  -7.690660542739 
-9.599508463553  -2.679741717335 
 4.058506400724   9.132719901824 
-4.222485338376   9.166849266723 
-8.966138300971   4.668548467023 
-10.132324066094  0.210746064671 
-1.595418915593   10.044557649778
 9.786286718896   2.823311580900 
 10.139165106726  1.188824301167 
-9.690721631804   3.249943984150 
 7.244999955608   7.327280399541 
-9.523136935183  -4.330289242381 
-5.973563868893   8.633155836893 
 2.030396378766   10.377024780769
 7.953231749933  -7.142740999411 
-4.435735813681  -9.729144854333 
 10.483930133483 -2.434531227865 
-0.728264482710  -10.947569241135
-9.087759156860  -6.171233227160 
-6.860473612521  -8.648193912455 
-3.498767769261   10.504776777947
 10.348878933231  4.313129437721 
 6.667356369800   9.018735560738 
-11.082929510518  2.019987290312 
 9.451134792115   6.138495051433 
 7.139285086234  -8.770512130015 
 10.092134441683 -5.174490273129 
-11.323090926703 -1.182913567786 
-8.211416169829   7.921671784629 
-0.266832533293   11.465915309310
 4.076092461132  -10.751138973496
 2.488913767857  -11.280430730062
-9.337915188845   6.823621656639 
 6.043623764750  -9.862192311712 
 5.243883407838   10.452713865704
-2.927982776630  -11.397978604866
-5.223703548627   10.577252445383
-11.800480408642  0.454608416623 
-8.548754413175  -8.300541296071 
 11.337990899115 -3.754882722259 
 11.866938694236  1.422995827886 
-7.393407285141   9.433105272514 
 12.062339062602 -0.283355703584 
 3.871463457220   11.444738739929
-11.582653820607 -3.906379537223 
 9.213348454599   8.196238575458 
-11.672595636114  4.051998004306 
-6.830782006840  -10.450539480769
-12.340580376143 -2.329209415952 
 1.367616673862  -12.600788800710
 1.719808890047   12.563391342749
-11.098202197897 -6.345842824930 
-11.044182284021  6.464208096825 
 10.036003380577 -7.999129910174 
 8.027583726438  -10.039660568253
-4.645482401468   11.989834576352
-3.113727551904   12.492398633490
 12.242738963907  4.186995234180 
-0.269093167315   13.000208752198
-5.245482222786  -11.963106960318
-12.996137006739  1.396093390775 
 12.759557226155 -3.003424982693 
 8.053500439583   10.419099678005
 3.241913667510  -12.792409055970
 12.033430180416 -5.446320935944 
-1.202834570005  -13.173054705991
-8.629587852519  -10.086237042776
-9.361740900590   9.433005747839 
-10.578633982750  8.105294058762 
-12.972472412742  3.128387890367 
 4.937108579767  -12.399428017110
 7.115707356310  -11.293276582922
 13.337858763212  0.621565376608 
 13.191638212223  2.148581908593 
-7.263204378432   11.246466463617
-13.415130036843 -0.556464226000 
-12.424656360025 -5.242284256728 
 3.171555880940   13.158773609107
-10.193524463019 -8.917215749107 
 4.737233929079   12.777101561393
 11.358131032706  7.876463236175 
 9.914490621183   9.656911259047 
 12.218738543637  6.574723997489 
 13.901424120833 -0.906393745779 
 11.872777953713 -7.362726915448 
-12.816446746045  5.670766230180 
-11.689758372512 -7.813053209545 
-13.861828901537 -2.554236100325 
 1.283806899440  -14.123131668988
 6.440165019061   12.641147105652
-2.461191642806  -13.995755520712
-7.833519330579  -11.913667608090
 1.072053159316   14.277972870573
 13.838230448786  3.692490188355 
-13.761285986228 -4.070119437996 
 6.617480073222  -12.746101946668
-1.037042908436   14.339023921019
-5.416467011348   13.372765568730
-6.557311692871  -12.970165361605
-4.818120182829  -13.755629136632
-11.018190904865  9.639254223502 
-13.965977215587  4.399387707244 
 3.806043216101  -14.196173861993
-0.523932273526  -14.717395915701
 13.564650005931 -5.747076520924 
-10.435631859257 -10.473646522588
-12.763741896055  7.480208801578 
-9.726715920308   11.160856741227
 14.747211303247  1.516996414865 
-3.566777775840   14.435767816297
 10.314929873900 -10.731425730149
 8.669437699254   12.175977515466
 14.508952373989 -3.734020057147 
-13.845680416944 -5.829322887122 
 5.670767968258  -13.923914282604
 3.487214938870   14.675554072281
 9.136743378863  -12.110125086733
-6.909808170343   13.577869212798
 14.414682955651  5.119424233646 
 12.189675551563  9.297521446405 
 12.445043437542 -9.048895984184 
-15.425099458271  0.398716627133 
-12.175033246389 -9.533117736752 
-15.359464502014 -1.924771488313 
 0.139845101256   15.557990488777
 13.849572247667  7.108090748417 
-14.225719371440  6.611257422313 
-13.273632575821 -8.365593220119 
-15.443776393790  2.770496174665 
 7.878548035845  -13.609613692945
-15.351219476148 -3.458994680220 
 14.003653325516 -7.328448631825 
-10.140722772385 -12.167694864762
 1.790639501402   15.742763544891
 0.473327145402  -15.839059047619
 15.517010942267  3.377383687169 
-12.936268149386  9.280998872832 
-5.402128237850   14.979371603170
 15.837042883319 -1.942075492694 
 6.269179636213   14.680575863346
-11.312605759805  11.312510911861
-7.590247026326  -14.112010042355
 11.041646134843  11.618989735390
-15.162967591705  5.308312522884 
-9.306654717309   13.100211202965
-9.025403329382  -13.337700414814
-2.700586196439   15.887641326103
 7.765650166889   14.145985926200
-4.585721141919  -15.502525558129
 4.545475977056  -15.552620385494
-1.716937195409  -16.257984792187
 2.060732965316  -16.324617090914
-14.699919034999 -7.414761779893 
-12.109802593129 -11.160993221637
 9.912108656769   13.210939120996
 16.564856969972  0.725534830490 
 15.402355397863 -6.158662671928 
 6.409524272999  -15.309438213351
 16.191859026811 -3.763771661380 
 12.499755074881 -11.049111437737
 4.794027508455   16.020304518109
-6.184922615594  -15.547972561559
-7.357256566344   15.051437738943
 15.757854893551  5.846459537880 
 16.668636362870  2.364298738909 
