-0.299662943402   0.534331436271 
-0.811355775505  -0.888429916336 
-1.775797517308   1.007184047964 
 2.122826043331  -0.594094027157 
 1.103085221319   1.957939145772 
-0.667526633917   2.148651400934 
 1.144483025935  -1.983282880120 
-2.375964081596  -0.515970967301 
 2.345572006304   1.036697765723 
-1.435366765758  -2.389582635620 
-2.004565949582   2.837483813323 
 2.857940231148  -2.224657731299 
 2.599240594896   2.643229135243 
-0.425209724977   3.705534057167 
-3.490830993277  -2.418583507044 
 4.169050130293  -0.949794038948 
-4.100367251563   1.402018964990 
-0.162143186257  -4.418766184502 
 1.746284937643   4.068584484036 
 4.479091999910   0.628468018376 
 2.213965602995  -3.946582074077 
-2.093795584015  -4.424354510577 
 0.456208980143   5.054813527126 
 4.445151615680  -2.543116390068 
-5.243701161155  -0.179095813690 
-2.266661973453   4.813748284038 
 4.635894387087   2.739717125232 
-5.144856158125  -2.214270878484 
 3.555720364230   4.345456603663 
 3.872455191850  -4.163655801722 
-3.606946562054  -4.497986433867 
-4.014260803361   4.221114881791 
 5.978850716462  -0.974966831348 
 6.073923017782   0.713086111336 
-0.352693441605  -6.275654283573 
-5.846586752292   2.319285168713 
-1.214090210412   6.196056459898 
 2.706664314425   5.963614307976 
-6.603470577012   0.468729676715 
 6.260430559285   2.264072521471 
 2.087770491638  -6.436511371378 
 0.592756668836   6.745659828337 
-2.859685251352   6.200000755928 
-6.784421429455  -1.173699739650 
 6.462778346350  -2.568356110928 
-6.134830318523  -3.367883161388 
-2.438724182877  -6.579437455073 
 4.831561481730   5.301439214832 
-5.368488420324  -5.174731662233 
 5.342904305179  -5.207214632535 
 7.645118916202  -0.364359643832 
-5.881460850877   4.941910252031 
-1.895150136546   7.536781255079 
-0.067375039262  -7.795822624541 
 6.629881698946   4.469443083310 
-4.358146987825  -6.808487348398 
 8.053098809892   1.123191329516 
-4.399849314498   6.859315678708 
 4.668639605608  -6.827735903290 
 1.369795048415   8.180978638309 
 3.136564158922  -7.813163232982 
 8.129715882234  -2.263221334471 
-7.395585537000   4.200788671516 
-8.269694118420   2.449883769771 
 1.691648556294  -8.546203530983 
 3.607769413898   7.930996486950 
 7.492623411955  -4.454023982579 
-3.369246840025  -8.168261822708 
 6.566745442151  -6.234002744245 
-8.236291235932  -3.965074583924 
-9.145489756437  -0.236433291836 
-0.951101120090   9.148822587504 
-6.525866965756  -6.548663317827 
-8.974832618763  -2.254957191967 
-2.633155551017   8.907436762655 
 5.852213641412   7.234048753855 
-5.911181226442   7.229492079437 
-4.437421527254   8.365999741819 
-1.356972340947  -9.391027895589 
 9.485236770044  -1.173339140353 
 8.874709409565   3.593148172125 
 9.557551639457   0.983398087003 
-7.298848333331   6.258781767803 
 7.215544721064   6.458217263665 
-7.859353115644  -5.744569261597 
 5.605945285649  -8.085866108711 
-9.091955538628   3.780409408590 
 9.093832205181  -3.807038874046 
 0.520399104607   9.936903715273 
 4.359125359934  -9.054226594945 
 0.419177797422  -10.175255126617
-4.714649944493  -9.085876218594 
 8.708351792806   5.429996721784 
-6.172141367726  -8.205085856249 
-10.216820940518 -1.294349217382 
 10.013604872145  2.449348575761 
-9.731590973110  -3.589243399855 
 2.692188745517   10.020985154906
 8.180727886305  -6.712241554619 
-10.272585682634  2.769749012794 
-6.037217874753   9.034290998465 
 5.497716208704   9.438671344453 
 1.924376783888  -10.831933316837
 11.063508888582  0.202428847226 
 7.066117532317  -8.537341591177 
 10.876842891073 -2.393638260307 
-11.090793383099  1.155419690771 
-7.701971218601   8.141568028248 
 8.101909454282   7.763979121844 
-2.017134555169   11.126774637312
-9.171097364106  -6.617222114234 
-9.110124216467   6.725290688568 
-3.606239174768  -10.750781378198
-4.261916748651   10.524007776917
 10.028107649328 -5.410186299007 
-10.198611945524  5.122794225784 
 3.445172285490  -10.929117339461
-11.117298601370 -2.955610600982 
-10.430769775325 -5.054432149999 
 10.956685167439  3.835940076501 
 9.465454280538   6.863119038494 
 7.244251079869   9.220210991356 
 10.405327315469  5.471646264604 
-2.213377866335  -11.553795412518
 6.387530509376  -9.946367542701 
 11.691631824458  2.181101141698 
-5.897568828338  -10.415361652061
 11.922372874970 -1.126064534027 
 0.212235271065   12.049525510732
-7.259440128282  -9.629593717789 
-8.764556013102  -8.361050027906 
-0.802103847205  -12.144427904685
 9.131913153462  -8.185552407958 
-12.260825151428 -1.080343646234 
-7.260083213017   9.985912186095 
 5.163617511582   11.322034604188
-3.821593389814   11.977177907738
-12.388791600060  2.204761155038 
 12.665985674089  0.204941997408 
 7.949735146535  -9.898006622816 
-4.908956349229  -11.788213519484
 5.173299867224  -11.717186693253
 12.365946251478 -3.350318525190 
 6.653096624159   10.951684383886
-11.178047826883  6.310533168871 
 2.882484591088   12.518637697660
 11.344963528996 -6.180193355994 
 11.873427195063  5.109453476040 
-10.974090527152 -6.965864030404 
-12.619077646902 -3.119523043890 
 10.612800462218 -7.512784439119 
-11.956059621924 -5.200190187618 
-12.468804315757  4.008723995688 
 1.377959634239   13.040841458589
 11.011620288854  7.291257594237 
 1.619326201837  -13.113980192200
-9.905567262134   8.807842643163 
 9.318982535631   9.546617457689 
-1.965601828054  -13.245712809449
-6.805074595636   11.551232976844
-13.414444918059  0.139943102813 
 12.512836276506 -4.847499745861 
 0.064894094691  -13.519601591261
 13.463979711378 -1.670188638736 
-3.904294071282  -13.053941025324
-9.962032259277  -9.312985937832 
-7.538278073369  -11.504001292323
-8.956242788591  -10.505659846985
-11.249820541793  8.092945432982 
 13.451642762144  3.356357537417 
 3.722180838731  -13.375302922530
 13.824197560135  1.600483117825 
 10.600394142778 -9.030260996166 
-5.678131555906   12.750633164606
-2.087255338148   13.815388377912
-8.454501876542   11.163911678836
-6.258866775022  -12.586950373338
-13.996986501557  1.890941597579 
 9.325281935020  -10.729455623925
 7.625852821179  -12.017098149368
 7.937451135361   11.897380638934
 14.314745891392  0.001403873171 
 6.354119689481   12.856719917818
 13.459793307914  4.956550887780 
-11.764452204436 -8.322399566107 
 2.369534307792   14.296099183996
 9.247834382634   11.164913988447
-14.162203089650  3.671670224862 
 12.613490712498  7.476193379686 
 5.097175449055   13.792625032693
-14.577443838336 -1.999016382314 
 0.270595107266   14.720820626522
 14.262469904879 -3.759343509275 
-14.223405423874 -4.103365485631 
-13.073098423503  6.976654802053 
 12.818592995596 -7.503516051456 
-10.244857898065  10.773878204267
-13.246314281454 -6.834372439354 
-3.093303074099  -14.583781824923
-14.919967245205  0.157227488660 
 5.466518718342  -13.889454939011
 1.899917340304  -14.807033353310
-3.611072209971   14.533908458751
 0.277434500612  -15.156044059099
-5.634520109346  -14.146002785246
-11.810605482452  9.708765223947 
 11.045173724772 -10.616341607963
 9.185258773373  -12.280826305614
-14.426433134620  5.294239944876 
-1.278426652827   15.336658791075
-7.068206103978   13.704601422966
-12.841282084604  8.552940707318 
-5.400414282854   14.471396357134
-14.387925065209 -5.622527325170 
-7.539287310265  -13.489891469319
 12.329332232017  9.380740564434 
-10.107501863032 -11.742570993062
 12.635547667761 -9.067533051605 
-11.820741089644 -10.188907793078
 3.438602707333  -15.248017566294
-9.807253996243   12.322723041788
-15.643846533097  1.945646394849 
 14.329714519122 -6.621247246591 
 7.617250952269   13.866134824186
 14.661521348070  5.975335948776 
 1.703549652933   15.768406326731
-15.831683571133 -1.126757299888 
 15.637853920049 -2.765392782067 
-1.808810660077  -15.820530178232
 15.958123514408  0.481367887630 
 10.563943010704  11.992547101454
 4.804609738911   15.278936028201
 15.885412672683  2.110999453797 
-15.736761674750 -3.278611746167 
-4.495868693845  -15.537015916870
 15.523643776595  4.558002627531 
 12.014642340114  11.107911453286
-14.558019870479  7.593407707106 
-16.037608628083  3.599871870927 
 1.615027866950  -16.385115720779
-9.671496770721  -13.374770697103
-3.622519196732   16.113544259019
-16.514628665443  0.442344469651 
 16.503685106799 -1.275471336755 
-13.584855161144 -9.515425139686 
 8.513166377699  -14.319512198721
-14.465219490527 -8.298443840823 
 6.330637381501   15.442673182863
 14.375770833085 -8.497149142949 
-9.122114837400   14.135657026780
 16.090514664639 -4.977451194607 
-15.976163886052 -5.391060109068 
-13.564600599089  10.024038921246
 9.229320121391   14.117709931321
 13.097391938955 -10.681215189672
-12.208390381668 -11.753907305232
