-1.084819184420   0.484190436608 
-0.055912591743   1.615096533606 
 0.960349086260  -1.381664734542 
 1.635621015766   0.506636998610 
-0.833091040853  -1.838851031817 
-2.292909512173  -0.856464834095 
 1.453993287911   2.267303230838 
 3.355537720173   0.298802349710 
 0.032767896381   3.372381606603 
 2.729883581963  -2.029439523949 
 2.917598669443   1.815759249397 
-2.327960507733   2.772285584803 
-3.471559367992   1.331876175428 
-1.597969606004  -3.525989950606 
 1.257521183315  -3.804704908664 
-4.059353102842  -0.860714285380 
 2.527258486634   3.512637936908 
-3.264814869864  -3.105996670345 
-1.240337314537   4.388702036545 
 1.224986242469   4.422404639419 
 4.623307170481  -0.585945100210 
 3.028117494584  -3.694115507721 
 4.756310343020   0.934578891056 
-0.664731564547  -5.046305906783 
-3.884492647436   3.671019353497 
-5.297353008360   0.864977159913 
 4.935988144929   2.496529064610 
-0.151494062628   5.609864597302 
 4.774320598018  -3.008161202646 
-2.737962241292   5.061107713945 
-5.151495354963   2.634141701298 
-3.287847157573  -4.888465371965 
-5.893054448468  -0.759190598132 
 4.258297082698   4.280429480150 
-2.039679277422  -5.765122178327 
 2.301189429832   5.762840145216 
 1.305196352087  -6.075515823060 
 3.489971284588  -5.160143565585 
-5.080264981347  -3.622051712490 
 6.250545610734   1.387064950363 
-1.695683947829   6.214277823362 
 0.947502595110   6.635491589977 
-6.450442864001  -2.152373746411 
-4.230727797101   5.472257382632 
-6.722339243698   1.786450092088 
-4.749349014908  -5.331489986230 
-5.679751766649   4.408487966133 
 7.245282017018  -0.124622699607 
 4.254410181339   5.958899266460 
-7.373492014928   0.060163184477 
 7.193299534899  -1.654399518925 
 5.732561435138   4.722449006410 
-1.051691553453  -7.402821054505 
 6.652952037946   3.449678990205 
 5.110914759240  -5.728500187192 
 6.171457178390  -4.568170238181 
-6.878419556970   3.461726367153 
-6.544726279725  -4.088968400011 
 2.888488802413   7.245708523735 
 3.480713638494  -7.058156624824 
 7.613701480349   2.060695124480 
-7.908850058889  -1.675690987127 
 0.007616990327   8.180302503899 
 1.588587533978   8.105221310003 
-3.396192517665  -7.691069696689 
-4.803741824287  -6.978530150077 
-6.116279214081  -6.129208211011 
-3.571096998480   8.061014268297 
 8.189781058399  -3.375147867550 
-5.510056643035   6.938695209465 
 2.458888438621  -8.580931807814 
 8.801608522001  -1.719348504625 
-1.160269833659  -8.961707427438 
 5.878363737223   6.865505245037 
-8.762922117884   2.360655029782 
-8.452656197452  -3.491885936376 
 7.716451498863   4.926543163372 
 5.020352679470  -7.675031111048 
-1.896754675030   8.997226628268 
-9.205745356256  -0.031105927963 
 0.734948162572  -9.237142282302 
 6.535180932862  -6.591256585970 
 9.277824366921   0.676790488294 
 7.567274958416  -5.472247843572 
-7.600054506666  -5.499992610129 
 3.880123396149   8.801949449561 
-2.705873260191  -9.372404976300 
-8.939517236019   3.983717716682 
 0.335989993654   9.806714227022 
-8.089844666388   5.590601525186 
 9.570117520744   2.544233044379 
 9.334943095095   4.243633383285 
 9.842667200638  -2.948978433060 
-7.201915547872   7.506403540701 
-6.102600573538  -8.476707303801 
 2.175872597684   10.249359711277
-1.217274302779  -10.472600145234
 10.613138765371 -0.419612262145 
-10.238256165980 -2.851108337844 
-1.700685832717   10.512149141635
-5.591476316851   9.112091008047 
-10.293895394198  3.069064998502 
-9.561160520039  -4.938524339794 
 6.474431230596  -8.616094491168 
 1.087267020210  -10.734185050615
 4.337195643601  -9.889607328465 
 5.462648366483   9.342074760570 
-4.268918827100  -10.101520094684
-8.101446453433  -7.416092940309 
-10.941451888716  0.980858359231 
 6.928142031046   8.559235837341 
 8.686933692741   6.904650897449 
-3.699340108048   10.466559971810
-11.053547870570 -1.285468172938 
 9.772708428965  -5.702807276089 
-9.319052559402  -6.436603971563 
 4.266059587943   10.648972511972
 11.288380176578 -2.411434573699 
 8.248153781471  -8.080089126312 
-10.284160760237  5.283560439707 
-9.561365357745   6.669191184613 
 10.985862311591 -4.070129612899 
 1.519818665931   11.684108859960
-10.992967644066 -4.422604989784 
 2.985318363566  -11.471675230620
-6.018583411432  -10.249734787207
 10.530830889242  5.559755429150 
 11.874253942066  1.036478375845 
-7.030225067003   9.656727905901 
-5.265811216245   10.769978674797
-11.363005682782  4.183565843485 
 6.547642703875  -10.197147283764
-0.975523056865   12.223457669415
-9.105990038406   8.228848579513 
 0.416301674196  -12.271253407496
 4.758790173080  -11.382166354681
 6.195068209880   10.815371294135
-12.048364480257 -3.273598054018 
-4.568960099812  -11.624476620191
-12.514041535164 -0.219607296676 
-1.212104719889  -12.488115306686
-3.085413223239  -12.176288002095
 12.025853993278  3.790028268879 
 9.597239467619   8.219009606728 
 12.753183609395 -0.852767038688 
-3.840123118403   12.285709227380
 12.672996943113  2.324738004443 
-12.839242507449  1.374765932305 
 8.708056959926   9.647221966035 
-8.059999923023  -10.223285923640
 11.716843910408 -5.778108214350 
 9.217548799461  -9.261289034735 
 0.701144488496   13.104782736832
-12.783017882073  3.156851538382 
 3.736472689488   12.648021303722
-11.365884796565  6.709887833091 
 2.257172168141   13.044532562731
-13.066260776987 -2.166073294034 
-11.248969671316 -7.127163050367 
 11.160411059947 -7.271657128689 
 6.332533012648  -11.743056424745
 8.049634237266  -10.648081585994
-12.354980353607 -5.056627125248 
 12.606157183496 -4.465922996449 
-10.235458618654 -8.804418532773 
 2.147429277950  -13.402162518806
 13.355298547011 -2.521424767048 
-6.411390654550   12.026275584074
-8.315177533746   10.822446314229
 4.589418105237  -12.877408268714
 12.420795288366  5.854819960006 
 11.430125111059  7.656384450540 
 13.742770769194  1.168558645378 
-9.827284005770   9.760180826802 
-12.881783615076  5.186806418595 
-11.163781735618  8.293551331350 
-6.442502127088  -12.359623657078
-0.948479798614   13.957610257328
-0.259930939448  -14.161329364749
 13.522605380225  4.318166559186 
 5.198548811311   13.347436117784
-4.392135181269   13.710967065445
-2.592326719655   14.174997558037
 7.773893793626   12.144951627377
-14.408380312876  0.974013328632 
-14.454866432811 -1.119670774850 
 14.272631952095  2.927240015335 
 7.738767077467  -12.408468945230
 11.326143149475  9.251930819917 
-10.336286273895 -10.352408554281
 6.171726653490  -13.272610870895
 14.086955592818 -4.014544399017 
-13.944299933957 -4.544005665154 
-12.726126504352  7.366330605861 
-14.385635550048  3.300798689185 
-2.407737224559  -14.588461764225
 10.892936001049 -10.075807871263
 9.139776052534  -11.729197135013
-11.767848348215 -9.150090238756 
 14.814194491549 -1.846627349076 
 10.290926622722  10.870994581025
-4.166204762991  -14.386885423427
 2.839349538919   14.712780912526
 1.308981791414   14.940573830406
 15.052399804838  0.170552073534 
-11.348080325835  9.972039867099 
 13.967748185883 -5.763273606122 
-8.613393404744  -12.443616364314
 13.430967845713  6.983222319497 
 12.857901356861 -8.000544973261 
-14.813684661680 -3.309828925761 
-12.973212427969 -8.130766177284 
-9.052396560862   12.412762091141
-0.406642721805   15.414861902998
 2.703836731738  -15.263866915792
-7.455724594282  -13.594625746810
-6.568478666077   14.073862887566
-10.440441852587  11.570298579677
-14.000017155719 -6.999715372306 
 12.406154878423 -9.562648309533 
 7.277532424726   13.906361881225
 4.289843856860   15.098161268657
-0.440892922519  -15.735940251171
 9.826469345780   12.382266086968
 1.092342957971  -15.802696796372
 4.292070163252  -15.294304944468
-12.931181393157  9.230445238052 
-15.882834148450  0.569141905622 
-5.819274268670  -14.812598120101
-10.554339833748 -11.913937604093
-5.152011451146   15.244426939663
 6.107399982928   14.910292500947
 15.660233667160  3.914249323827 
-16.100763005102 -1.388048720402 
-15.232492319436 -5.435987469903 
 16.038528863186  2.433615981433 
-3.460112403774   15.887009821253
 8.347833847445  -13.988042127830
 16.298734556631 -1.117047213034 
 11.758962659713 -11.345238810323
 8.811233144433   13.834082474443
 13.384850817207  9.499059877866 
 16.396656109050  0.911725053433 
 2.429754015084   16.248317222802
 5.892885706836  -15.370515803421
-1.912469566373   16.364019775832
 16.244017293016 -2.818918435699 
 11.553007883622  11.789608860863
 15.860648922915 -4.585041246188 
-1.823929319901  -16.424298417563
-14.403640160085  8.206798528614 
 14.425704188692  8.186750030348 
-15.956198003334  4.613215346121 
 15.320330765306  6.452747465512 
 10.681452962737 -12.744092256700
 15.023562253237 -7.242626337449 
