-0.601787679699  -0.791529746012 
 1.329662545199  -0.126816618956 
-1.186886873252   0.893186003828 
 0.104865834011   1.846151276105 
 1.675696096004   1.337642167822 
 0.956907928881  -2.117316593614 
-2.285947386522  -1.977606718450 
-2.267412175807   2.008720465857 
 3.064669113156  -0.261506261390 
-0.811369989803  -3.079060360927 
-3.257372842741  -0.193330863966 
 2.629897744440  -1.949140305668 
 3.262191162370   1.515953141623 
 2.010250348653   3.305579281056 
 0.697050930357  -3.844228537883 
 0.261891564201   4.240255436384 
-2.237498706371  -3.720694167549 
 2.762119010589  -3.459026919465 
-1.789105997577   4.122419516195 
-3.960114199272  -2.251515620658 
-4.185189965607   2.207244397982 
 4.722316822680   0.364267123923 
 3.650600160312   3.038185850268 
 4.511547079915  -1.547153024509 
-0.974430399623  -4.894318651943 
-4.924669634249   0.865760893089 
-4.915185257536  -1.001942993470 
 1.943502412255   4.915648118826 
 4.503928754778  -3.128146088774 
 0.574037890453  -5.463805443708 
 2.420031590104  -4.970829529185 
-3.701228702152  -4.144680577815 
 5.142167042964   2.545263167768 
-0.728714870665   5.765068235087 
-3.083687477069   5.019001211584 
-2.607358979067  -5.283170709408 
 6.030720867804  -0.467968448546 
 3.592103290285   4.968721437209 
-6.441974837370  -0.315303352972 
-4.801273467131   4.380212280553 
 5.064307855056   4.253685560462 
 1.675755823907  -6.519073075971 
 1.642679554089   6.583823037495 
 5.137475619214  -4.592865386809 
-6.205371896372  -3.017294197811 
 6.636734310015   1.905164934601 
-6.721373764652   1.698678471756 
 4.019784533766  -5.718654440886 
-1.967576530162  -6.751592909865 
-2.082530245000   6.749002745693 
-4.523856974832  -5.491298734393 
 0.382511782980  -7.319261809455 
 3.391415631063   6.512073868978 
-5.756581970504  -4.632310845301 
 6.774309654161  -3.060764948158 
-4.689812431954   5.985857810069 
 7.736925336643  -0.183642290982 
 7.591748652491  -1.692392981992 
-6.854431605424   3.802554986860 
-7.612141648552  -1.885071145431 
-7.872217580816   0.437461948538 
 0.318600023340   7.912172745030 
 2.968434976838  -7.346048609530 
-6.215737235873   5.235420311392 
 2.633783543157   7.871714452331 
 6.943149917982  -4.558898301290 
 8.165742367244   1.530400591775 
 6.878624059205   4.709412097779 
-8.024646494253   2.589688135700 
-1.593969881327   8.311108979994 
-4.441870769437  -7.411794167687 
 1.777209364829  -8.600119409525 
 4.486447966280   7.603899262580 
-6.671463675751  -5.878172794155 
 5.345223988040  -7.228409935191 
 1.545848580781   8.973709414508 
 6.324517967808   6.642871794444 
-7.891896770692  -4.812257354179 
 9.136767251553  -1.746687697953 
 8.904091494118   2.926452289327 
-4.393620290842   8.323604977801 
-1.223649000828  -9.347235343996 
-9.440616258451   0.002708128440 
-9.281430976623  -1.732840006978 
 9.438474176587  -0.261673956816 
-8.365098328531   4.599106850681 
 7.335012869381  -6.163493162005 
-3.766801160281  -8.953894969735 
-6.355726566973   7.349478723523 
-7.663153854638   5.996642321492 
-9.057506393354  -3.678795956451 
 8.385564931580  -5.068680138012 
 3.637893104824   9.249902029525 
 9.361756290570  -3.537517374202 
 0.192697297193   10.086142519713
 4.667511807752  -8.953879821536 
-6.208295809006  -8.019037215724 
-2.012205897028   10.036224314782
 0.540738788227  -10.304345469776
 6.132614034794   8.316334912978 
-7.527329254308  -7.205484969409 
 7.068261132839  -7.810902752458 
 9.439471501467   4.712038588568 
-3.556038424581   9.945338744979 
 10.324946424696  2.294058837670 
-10.295272206468  2.571521064231 
 7.837231254524   7.186608471915 
-10.609853079425 -0.993007295896 
-10.619427902923  0.998452925743 
-9.916263928942   4.249494538655 
 10.907769082500  0.871524052856 
 10.749586955996 -2.088766436678 
-9.225411800234   5.920047534330 
-10.591148798092 -3.029389435036 
-6.013803900196   9.275193203563 
-0.816176477320  -11.026698209491
 8.740888313868  -6.917581367913 
-9.363336079879  -6.118316724240 
-10.111366513546 -4.815135770231 
 9.201115216717   6.467723306030 
 5.354946138455   9.938836124115 
 3.541136921480  -10.789871200684
 11.442745957361 -0.545392296849 
 6.789359207457  -9.367754503594 
 10.051683208716 -5.769715639395 
 7.550363822875   8.822153170938 
-8.666061739815   7.747562307062 
-6.365744704963  -9.737415075357 
 1.637916029032  -11.579953333298
-1.066745083325   11.654073717563
-7.870061381806  -8.706654840306 
 1.254577774858   11.768584290368
-5.311760552804   10.657209467476
 2.839054047734   11.575517392110
 11.167030267604 -4.265682572944 
-2.775289029856  -11.636268738971
 8.220453387321  -8.783247992117 
-4.291030031126  -11.255054113613
-7.967512394630   9.240637337360 
 11.840990192517  3.393244655755 
 0.304508506330  -12.331796898464
 12.225288654821  1.716177068944 
-12.184225996056  2.080313453740 
-12.073493849001 -2.653472076831 
-11.667946702074  4.233521894683 
-9.866010537974  -7.597588365010 
 12.196959042350 -2.833137654058 
-1.316997920887  -12.462226959739
 5.536906110926  -11.291157724418
-11.744976378538 -4.527254950413 
 11.495880461013  5.135601264337 
-2.654319473889   12.324923172122
-10.904489948565  6.330034300896 
 4.365437825904   11.854685564013
-7.076335514660   10.491770996903
 2.915186160507  -12.470863051349
-4.562957813583   12.070239678925
-12.995049402214 -0.047968779054 
-11.385623487068 -6.596265409499 
 9.432925692902   9.181201833949 
-7.042274112254  -11.309601726508
 11.024660351039  7.594401627166 
 1.651121002626   13.287932892095
 13.420052367755  0.114821619850 
 11.453635789877 -7.011334962293 
-0.099811601343   13.431054077831
-9.656011094725  -9.370052871324 
 8.524442797985  -10.428043597339
 9.961537774501  -9.131225064474 
-2.985766233150  -13.237022522266
-13.495517423164 -1.955359216828 
 7.636887333574   11.313854505364
-8.602936359345   10.599522253389
-12.614168172683  5.584289143087 
-11.256388135309  8.062125554414 
 13.681023584163  2.520887828841 
 5.724237032067   12.733445188414
 13.915819688283 -1.317064732783 
 2.229751877749  -13.857668047461
 5.012854225156  -13.132304121120
-13.648668132719  3.398023377000 
-6.296220106809   12.654588234321
-3.890780614342   13.659377491564
-13.404955563453 -4.757033328558 
 13.014699583182 -5.763700124596 
 13.306667512930  5.067424767217 
 12.443551247013  6.995179959545 
-10.202555372387  9.998664097648 
-7.683415351545   12.059866462673
 4.031661634749   13.742704566155
 8.029334778455  -11.943201167939
-14.384583711053 -0.722912831387 
-5.125306191742  -13.476833945139
 11.242544212759  9.161452945913 
-0.339006536146  -14.663828959572
 9.359253938280   11.319748271703
-14.306199049420 -3.360700816342 
-1.969808635208  -14.648735300387
 14.235164830656 -3.982562448914 
-14.685234500542  1.690127544709 
-11.763214456647 -8.975055521012 
-9.730964564326  -11.192711530188
-6.730959198605  -13.231196080749
-2.682281783317   14.624274748854
 7.007058909774  -13.143943413521
 12.115262337614 -8.747052382170 
 9.625968351368  -11.657768907387
 14.554341902283  4.119745494551 
 2.885305590836   14.849842462522
 1.066768339695   15.150182249751
-13.894307927969 -6.222217128371 
 1.149096158017  -15.196319840906
 12.752451245203  8.707376986523 
 15.406194608408  1.334543521157 
 7.845177004020   13.344254297937
 5.856848776228  -14.398892122015
-13.553157554556  7.677355576797 
-9.230257963257   12.568958289272
-9.188808712587  -12.611259060393
-7.344402016448   13.782487168541
-4.226082016133  -15.041455223968
 15.625593897141 -0.891596319260 
 11.167237864599 -10.976184311323
 14.739264050598 -5.425975744643 
 15.517191173011 -2.577318574622 
-0.751296244802   15.733827346166
 6.502767883984   14.363323273801
-13.691068560601 -7.895476639514 
 11.148058236045  11.229098974982
-12.464141067853  9.904255118231 
-15.120581861333  4.987077893394 
-15.906616404332 -1.133668210199 
-15.296962295145 -4.647809457007 
-11.134100193188  11.560231635999
 4.679133799150  -15.374921669901
 2.810507657310  -15.828622638876
-5.028525104761   15.338415215912
 14.862343169619  6.366227457422 
 14.336485569075 -7.479620190264 
-7.885130041328  -14.212321010659
-3.469727671085   16.022127093760
 0.114788446430  -16.426677983781
-1.399478916690  -16.369209048423
-2.953757784995  -16.161466049246
 12.863407783015 -10.231327622692
-12.216895839103 -11.069253564081
-16.399652077096  1.950829132587 
 4.264054872576   15.966871761219
 9.554768628799   13.512256737284
 14.585299888014  8.081377826640 
 16.711950650965  0.179305336335 
-13.451232629414 -9.960303899708 
 13.344075815143  10.151485594571
 16.371667560083  3.880434178285 
 2.003303555109   16.720486769707
 7.724763551993  -15.050129251941
