 0.229922016091   0.005869753100 
-1.148373050656  -0.761194210001 
 0.006227103811   1.683554489147 
 1.986519396583  -1.390930937318 
 2.506056866798   0.211301370602 
 0.386179928926  -2.618507175493 
-1.253571551268  -2.414736516056 
-2.595674273100   0.866666027538 
 1.801745720648   2.069669049356 
-2.710714620948  -1.017058725068 
-0.695609197065   3.211813349438 
-2.529711781719   2.552582284302 
 3.450616165786   1.445003546327 
 3.732103297634  -0.793487393044 
 2.279542525957  -3.494596230637 
-1.164942049169  -4.151027172256 
-3.901405483198   1.919672182326 
 1.426876981645   4.162174052764 
 3.373489110164   2.976081519048 
 4.166084870334  -2.746027856087 
 5.014762933481   0.328091303801 
-3.906028389155  -3.190501010264 
 0.205561771192   5.060942462839 
-2.586400984447   4.368904528280 
-4.805250412896  -1.775072585686 
-5.057304401140   0.820977806507 
 0.011591157105  -5.216842806098 
 1.673407300190  -4.943486924634 
-2.867108731485  -4.630730815711 
 3.265890627972   4.577919572693 
-5.298770709054   2.757844319386 
-4.355028217078   4.148842962713 
 5.927926193002   1.529482081308 
 5.193618109193   3.404125178816 
-5.543733984044  -3.106385351072 
-1.315373373336   6.255838929841 
-3.133319032300   5.766206514447 
 6.610881837474   0.066960420853 
 1.611363635782   6.414227535418 
 3.085553841856  -5.876651735569 
-6.588085347637   0.955642083883 
 6.546711953768  -1.558000937449 
 1.410074077601  -6.587809065066 
 5.334588504321  -4.309936631987 
-2.187054444629  -6.626582189342 
-3.606756528823  -5.978416974169 
-7.091065249864  -1.281222125632 
 5.077447982271   5.284582853300 
-5.106802991832  -5.301527138073 
 6.579803946242  -3.349931404149 
 6.825690078358   2.868995424446 
 4.590414225779  -6.019909784038 
 0.649597784614   7.647304341703 
-7.224703876574  -2.818558435108 
-4.769428295814   6.126539538325 
-6.434368837541  -4.366317819699 
-0.889056143627  -7.851987633883 
-6.051253887663   5.332686404026 
-7.418189248034   3.199648096031 
-2.642570975618   7.791797319630 
-8.088710192129   1.590632487648 
 0.732900990764  -8.231593900419 
 6.840837804385   4.671779670045 
 4.895240129904   6.778698604081 
 8.393227801231   0.071343689073 
 3.435624049602   7.676820544443 
-0.874176901761   8.373372483018 
-4.260182542012  -7.421182969197 
 2.853056452769  -8.106586031383 
-8.591933030121  -0.539584803589 
 6.140459685783  -6.142041241561 
 8.436160631126  -2.325378279125 
 8.643579028496   1.635295107542 
 7.828686255000  -4.256003623300 
-2.241668394069  -8.657734981621 
-6.295239973967  -6.543265452122 
 4.931647096976  -7.635692729095 
-4.680621169945   7.808638866653 
 8.567399082477   3.253378890956 
 6.640053625686   6.436066672991 
-7.931283010489  -4.848304392940 
-0.284305168968  -9.486595647294 
-7.614296341263   5.891625782210 
-9.353475414855   2.472953566521 
-9.149475804827  -3.450978687387 
 2.253984320939   9.520326654852 
-9.736575401387  -2.046713190128 
-0.667099436292   9.951406008150 
 4.199120222826   9.090661385489 
 8.792626502361   4.844229346930 
 9.317232900909  -3.843937465890 
 5.635378635777   8.357870520063 
-4.651879033073  -9.008475492863 
 1.796362147419  -10.099595426103
 10.270551886927 -0.078605242383 
 10.017782167270 -2.458035867548 
 0.853429182244   10.294305950085
-8.359651000840  -6.316393982019 
 3.539657196359  -9.905191155835 
-6.997145755966  -7.925003398107 
-3.521912537032   10.038990994295
 8.075903394909   6.961599785409 
-7.041861273765   8.060327941215 
-9.521317589940  -4.996437054921 
 7.727099448290  -7.534024265884 
-9.574726274066   4.986529539806 
-3.684057402020  -10.164894511677
-10.778600706965  0.904895823970 
 8.824193278179  -6.336663065907 
-10.846525190866 -0.640880278806 
 5.208807023889  -9.611659899943 
-0.906431042644  -10.902605592793
 10.868965253181  1.766486681289 
 10.445590148460  3.516828402739 
-10.543041849592  3.610145787688 
-8.657268648670   7.114023909754 
 6.720068576009  -9.085213012736 
 9.985256656274  -5.293316044775 
-1.464496437527   11.339834615871
-10.835863456529 -3.788461677591 
-6.178758784274  -9.741651382275 
-11.336799181878 -2.241016642287 
-6.261946281087   9.733245973960 
 5.577176813654   10.294300046358
-2.422680149345  -11.472343041968
 4.113534716008   11.060816956089
 2.901080933363  -11.455568468415
 1.484653567793   11.763731030449
 6.963681626279   9.646553907115 
 0.893058014644  -11.975226327497
-9.343551397872  -7.694282512945 
-3.102586882884   11.701401472476
-8.410793348924   8.784068808917 
-0.262922238381   12.267468415292
-4.931696710776  -11.273460367746
 8.926246609875  -8.479688574625 
-11.038470108742 -5.497297795314 
 9.618306527699   7.783348954201 
-7.763456458092  -9.704319446822 
 11.983185099837 -3.540457108352 
-12.498732188693 -1.052855371853 
 12.509702625944 -1.628459968744 
 11.868734121063  4.426946719582 
 8.829112796614   9.174708655334 
 11.110235863147  6.268660330517 
-4.968824883795   11.850450854196
 10.964606435682 -6.706937463948 
 12.934213358903  0.342584381185 
-12.179934330615  4.394718603663 
 3.076128139254   12.588943164602
 6.737320597221  -11.091216637784
-12.978754942369  0.469899885372 
-6.558201599486   11.257490995948
 12.780949233882  2.632917103754 
 5.164113157759  -12.061757761799
-6.673354488129  -11.313531942060
-11.322686118033  6.685935908031 
-12.467327532658 -4.188922753076 
-1.179429507390  -13.149070996016
-10.990424010827 -7.330788289048 
-13.080906976041  2.195482368299 
 12.059561797995 -5.581556767553 
 6.299611623598   11.700767326797
 8.449851582522  -10.258414028367
-10.106902782839  8.735815737594 
 3.072076047058  -13.096858307248
 7.927764868801   10.870790164605
-9.390958911453  -9.673759758009 
-3.924371908781  -12.933779220352
 0.588469275046   13.654667599113
-3.823610693415   13.171078266402
-13.496393936944 -2.934026708889 
-1.219770606128   13.846715273058
 4.687964902603   13.120242187325
-8.265985149164  -11.274541936013
 11.110626979490 -8.489379175697 
 12.694294371731  5.873308606528 
 14.059565184244  1.402090418303 
-12.452614607313 -6.827393273292 
-10.945538959357 -9.093347471803 
 10.208960918707  9.960712301829 
 1.897192164819  -14.173820751926
-14.294750672255 -0.639524756202 
 13.549973356480  4.612553260918 
 4.721864819593  -13.526704868124
-8.477089321477   11.561121408965
-13.440351392643 -5.372486157273 
 12.094176682685  7.971681371606 
-5.821983606735  -13.335637537526
 14.559505253682 -0.035976195370 
-10.029578340912  10.556681480935
-6.370742737382   13.172824526255
 8.813200663161  -11.729041765563
 14.020601452282 -4.430989180298 
 10.500002525807 -10.345681417003
-11.928285885245  8.767538874746 
 6.505685314236  -13.322590716036
-12.813197188345  7.535543241136 
-1.218089310265  -14.831193615588
 12.798593007315 -7.733014979202 
 8.093412692958   12.606439914510
 9.662998065929   11.473720655773
 2.553118865382   14.786756380955
-13.735616301128  6.103330461424 
 14.631335464866  3.446465088249 
-14.978418195337  1.670698573315 
 0.624196727712  -15.062182417172
 14.952284223089 -1.935846758137 
-4.651132377924  -14.384109588251
-14.604849031078  4.141846344008 
 3.358427309063  -14.895275037510
-10.989146220528 -10.730147158921
-3.157083819874  -15.031604188010
-2.140222480733   15.319114887330
-9.584921039237  -12.153426866209
-14.801700436988 -4.547745083015 
-15.202736199064 -3.101801191072 
 11.944153860886 -9.911772311861 
-13.022029704123 -8.627461772532 
-5.310491126803   14.762451135988
 8.528808603822  -13.216207830120
 11.849178672282  10.395236291505
 14.732196597683  5.869018565389 
-7.951470603974   13.721623483650
-15.904038727572 -0.950148770839 
-8.124657128510  -13.896021344398
-11.586639761427  11.224206457977
 15.670664040449 -3.845700119048 
 14.626860089851 -6.817799272829 
 6.161668837397  -14.936420848011
 16.145242218515  0.697492735106 
-0.315168807184   16.180127059243
 14.132312406272  7.898634041994 
 6.734517124437   14.744297305103
-9.926791913800   12.855333548578
 10.015128511958 -12.788751827122
-13.419934627427  9.175677643459 
 11.580149787794 -11.419726666397
-14.796469035731 -6.823337341928 
-15.984844982965  3.236250676532 
-12.637428920820 -10.317399538656
 5.072190854727   15.553338063962
 13.671397679986 -9.041869135953 
-5.860861524434  -15.335703044503
 15.508764882529 -5.436365275693 
 16.305532837063  2.311717993527 
-1.114458381438  -16.440989902248
 15.950715041349  4.286372239856 
 2.029280932431  -16.403481385702
-16.607157054633  0.708697967221 
 10.078686583552  13.219794607997
 13.753427347044  9.383337536116 
 16.705015733602 -0.727322491338 
-15.720929692732  5.824325994181 
 5.199651230799  -16.097341697445
-4.818535414776   16.336890090022
