-0.385603838976   0.621959107642 
-1.314683233856  -0.695195661039 
 1.549999458509  -0.538867577237 
 0.627613823666   1.781156511083 
-1.291133701262   1.974098393320 
-0.192693549146  -2.383336014122 
 2.352760523504   1.747870091477 
-2.671365958203   1.368361754629 
-2.264564426600  -2.037523049934 
-3.232489923028  -0.089128392851 
 1.490014745282   3.117121566625 
-0.070545395169   3.502339931058 
-1.979189327909   3.530278010238 
 2.658471157506  -3.056599626641 
 4.061785046252  -0.479008546791 
-3.805956188554  -2.138618881566 
 3.886772764697  -2.104160189330 
 3.991375167732   2.445355313999 
-1.343800712053  -4.562260301516 
 1.238637209021  -4.745620100724 
-5.152233598916   0.924739416818 
 0.249231850481   5.299928521366 
 1.733090109583   5.055571476554 
-4.676929991159   2.722916744156 
-0.142716495116  -5.472256187370 
-5.368201999676  -1.179068239628 
-3.142193099580  -4.753999424662 
-1.314694693231   5.620302699394 
 3.996494564189   4.328164112823 
 5.946825903996  -0.336084350367 
 5.676368030786   1.813443553218 
 4.095206983127  -4.373571153124 
-3.649828005004   4.787625757358 
 5.612484887348  -2.653849208674 
-5.529427368871  -3.155105756720 
 1.774935934397  -6.219000475323 
-5.133357768870   4.345356773860 
 5.916286262842   3.415177817614 
 0.867411043565   6.848786107431 
-0.722344674708   7.149832405149 
-4.654442011763  -5.595987377519 
-2.392603381985  -6.907043980295 
-7.316704638116   0.197914261558 
-6.704677124095   3.113892228782 
-2.401687726179   7.053983845431 
 4.748225828276  -5.763713196879 
 4.276261245875   6.189566290865 
 5.481955759372   5.241902306552 
 2.777336293953   7.080616188555 
-0.974555010928  -7.582589961175 
-7.534230974562  -1.712078513690 
 3.018553808464  -7.251337187747 
-6.200073635477  -4.887882715604 
 7.824063946163  -1.706411696556 
 8.112132851711   0.553629582124 
-3.877836017540  -7.147099743537 
 7.526125403430  -3.251724013692 
 7.835972582822   2.438481600427 
-7.993281402615   2.052845950730 
 0.347896188888  -8.317958754784 
 6.997499769337  -4.785467851938 
 0.514565377180   8.469017596560 
-4.705107682602   7.080480114836 
-7.482352797656  -4.091488972494 
-1.076793038641   8.717753674080 
-8.133782282522   3.706898777037 
 5.141724324387  -7.388242255172 
 7.922301021866   4.387020725061 
-6.943457352356   6.030380104091 
-1.943792414178  -9.051876420869 
-9.050058050359  -2.378345929687 
 2.645357973659   8.976095343379 
 6.655500429713   6.611140615257 
 1.621085225425  -9.243719892398 
-5.409281537908  -7.671214411909 
 4.947655191956   7.995362507568 
 3.185671028445  -8.921171777546 
 8.502544368187  -4.412254242353 
-3.303970841619   9.187306057292 
 9.265313470424   3.480653964476 
 9.776650181575   1.598471918853 
-9.989763410928   0.233739450217 
-5.899987961014   8.065098191390 
-4.305395244158  -9.123575399678 
 8.127509016221  -6.073687282731 
 6.926080857662  -7.454334461999 
-8.873614892392  -5.022671709869 
 10.172301833058 -1.746722919896 
-9.031569332126   5.009575089516 
 9.750558316526  -3.541209940246 
-1.058948312253  -10.367906242765
-8.180182014535  -6.563232318652 
-1.321745489889   10.417119135365
 5.096825161712  -9.182544471763 
-10.277719334451  2.604503661701 
-3.134214344516  -10.194561783514
 10.667742788122 -0.153225167845 
 0.535996739129   10.668762808176
-9.936630882935  -3.928356972719 
 4.684207189964   9.629062530529 
-6.896545299689  -8.528953046599 
-4.625562676428   9.948267117607 
 2.663378253535  -10.696850483994
-8.759655564349   6.788081656470 
-7.637189639316   8.116704883802 
 8.857673159193   6.998018293763 
 11.247599689837  1.304291850815 
 1.272706104469  -11.261583589770
-5.806620243356  -9.791086372009 
-11.252446937064 -2.286617324375 
-11.449905492979  1.227459150110 
-10.531796383125  4.713713405808 
 10.537340476996  4.738200769373 
 7.236284956773   9.034479736091 
 10.534517131887 -4.927584238697 
-6.171254734695   10.045611945229
-2.411822158206  -11.560944928296
 8.070903524753  -8.622834655134 
 4.592476673692  -11.031527380947
-8.467151080617  -8.442299745598 
-10.598987491071 -5.659154877900 
-0.604441187908  -12.053844717981
 11.785936942579 -2.702457315541 
 10.359686530934  6.289301770299 
-4.477718037897  -11.264425529913
 2.147556654492   11.964117461072
 12.154688464760 -0.456181356134 
-12.125497714851 -1.037176193891 
-1.162201258040   12.122482469200
 11.733669342212  3.593434818295 
-11.594234811161 -4.284160327554 
-3.995997543001   11.849413983524
-12.292147684058  2.505422169337 
 10.204347367697 -7.314660121434 
 4.308163975829   11.801435776294
 7.341707050449  -10.230434353715
 0.751326011946   12.579601266729
-7.351618601293  -10.312104641852
 9.891676897207   8.156990154627 
-8.972907163319   9.220225367456 
 7.324396561168   10.591836913544
-5.645200304024   11.638065521570
-10.364633990991  7.792797886753 
 12.900036686718  1.420942542542 
 5.994681538357   11.525438113922
-10.917854098590 -7.152155620872 
 3.778930941137  -12.513081082671
 11.484679655475 -6.250504332941 
-13.054822611655  1.037634079401 
 1.168962252245  -13.059756758831
-12.916215409997 -2.850026485479 
 9.150613495763   9.668990354565 
-12.152542388632  5.636172778867 
-9.117600298070  -9.832865631317 
-12.792227491144  4.122843260958 
-2.173832011526   13.272039475741
 12.155411656517  5.834197558555 
-2.377804287398  -13.283048348712
-8.584964250453   10.671100691086
-0.507111136386   13.724090709872
-13.709311774879 -1.294566686976 
-6.018581655000  -12.404992956627
-12.999582660803 -4.849121020508 
 10.322971064350 -9.296310912203 
 7.231216907850  -11.914893978958
 5.782460479950  -12.688040859721
 13.926009822307 -1.233151582316 
-4.278925016695  -13.391066904095
 2.848970421537  -13.774379325671
 13.772985790578  2.913774483513 
-0.978846236008  -14.063577876651
-3.674320589688   13.651284604939
 2.923403939032   13.835429192809
 13.760671547227 -3.321067583619 
 8.662026451630  -11.200627304016
 13.361047929694  4.809647266911 
 14.215350666496  0.371277217698 
 5.065892598019   13.294095784717
 11.537550384706 -8.375053459948 
 11.386685982482  8.606090949793 
-7.436712234136   12.200796117971
 13.287477209645 -5.398630820687 
-11.469247430884 -8.616471986180 
-14.272855380077  2.447346004893 
-12.663716379503 -7.074119126304 
-14.506548845367  0.127315366988 
-11.773229499170  8.595328524340 
 1.321189808933   14.734057983640
-10.874271623841 -10.041346489366
 6.935795296268   13.114433535377
-8.149899842863  -12.458539773229
-9.399748997543  -11.569959185592
 10.251819577195  10.889886363304
 12.907290728956 -7.602499051955 
-14.738964792995 -2.737807947669 
-5.293169170766   14.030294609743
-13.483672834591  6.959731920262 
-2.666543317871   14.965443371225
 9.237827849019   12.124752354012
-0.844827948122   15.247555392854
-14.698064350917  4.146151150149 
 10.964275777485 -10.674976925670
 1.053969321883  -15.303338864898
-11.539287533397  10.146810660781
-6.665050707290  -13.864879222414
 14.686808086805 -4.578667585716 
 8.134426654219  -13.191204189099
-7.047760798490   13.806842867285
 3.953414395634   15.002720545951
 15.456520157069 -1.586090290488 
 6.491104599174  -14.129850104806
 4.845343839245  -14.795836239546
 15.512834606273  1.479053632784 
-1.880586668838  -15.493278880103
-15.607612883803 -1.274820602173 
-12.957437148120 -8.823665784102 
 15.203657459472  4.039602688898 
 13.635208027577  8.020994491089 
-15.267824375816 -4.363546365062 
-10.250973450773  12.141270280050
 13.009718602237 -9.248111192742 
-14.555024811990 -6.676839675176 
 10.348500613061 -12.355895976162
 5.461676066629   15.191756429732
-15.999471308748  2.457175701903 
-3.379944504410  -15.844410741006
-9.453286256864  -13.216264018806
 11.800457983556  11.270048271726
-12.477520936493 -10.573611943501
 7.481031137144   14.616299827312
-1.850016998039   16.377344768380
-3.876066206499   16.027019423816
 16.268906875384  2.775682517869 
-8.784017058821   14.003650438825
 3.421908768132  -16.196361071141
-5.951978430501  -15.452319585718
 3.114758580879   16.284779863636
-0.073190676518   16.626976052800
 15.020723211382  7.140081874398 
-15.505170315573  6.105324377055 
-14.769972519313  7.736721602602 
-11.514889692170 -12.123805081748
 14.416922096223 -8.474508835276 
 1.623452833953   16.660760177464
-16.737532264255  0.729004599614 
-13.558888111734  9.908692023323 
 16.244614951548 -4.306370107225 
 16.811557274443 -0.244461236113 
 9.107144057656   14.189238983632
 0.297526260622  -16.858677999989
 15.719815458896 -6.103469436610 
-12.625644944752  11.184924591242
 13.233200913049  10.540709206969
 9.364715636407  -14.092169321900
-16.627090556216 -3.196663090931 
 1.933267148019  -16.827817155510
