-0.114300348014  -0.364419954979 
-1.312373958386   0.549463077799 
 1.489988093763   0.219230404488 
 0.230522272441   1.603784732675 
-0.169506094087  -2.337472835219 
 1.610148926237  -1.735276922371 
-1.328089315437   2.191292670468 
-2.721293743875  -0.687659793638 
 2.538829789810   1.303905494014 
 1.661515741132   2.571829732602 
-2.880590020833   1.321481146153 
-2.471801497544  -2.406716108302 
 3.226832487021  -2.315964298054 
 0.990834557173   4.064742135049 
-1.102783702556  -4.133667463266 
-4.293111025530   0.051408819918 
 4.061740123020   1.442090905103 
 4.255271743591  -1.156522342523 
 0.795727808135  -4.397565746935 
-3.988992433002  -2.294986008070 
-1.488210459573   4.550356275557 
 2.515546414696  -4.256040628522 
 2.888530258536   4.041262792458 
-4.662795091151   1.798624475375 
-3.215009981430   4.231614645985 
-5.169550943505  -1.236042882574 
-0.205689634506   5.355860630249 
-3.789699282479  -3.807627852414 
 5.517809884726   0.667936524675 
 1.453425855346   5.586519632082 
 4.881919953614  -3.141711443702 
-5.811543381109   0.474215395325 
 5.413498450489   2.711843803593 
-3.084048962840  -5.256683216318 
-4.723212423326   3.898407614739 
 3.737501579240  -5.136418678851 
 0.234972753236  -6.426831826700 
 6.546108469540  -0.754417920637 
 6.187784575341  -2.358193636862 
-1.328723044861   6.531124507690 
-3.509059111000   5.781819370639 
-6.541437995173   1.973907148564 
-1.677508849137  -6.634146211019 
 3.441320037567   5.952042375321 
-6.158282391658  -3.154472598581 
-6.883645150512  -0.843448817198 
 2.218001136265   6.915934518515 
 0.150277572963   7.314912276409 
 1.840944694767  -7.148720540491 
 5.498861569601  -4.949802861664 
 5.424215650941   5.174917348147 
 6.996191985984   2.955505337988 
 7.529058861085   1.075814474583 
-4.508638760249  -6.240692488324 
-6.268478623181  -4.864004347005 
 0.524220258412  -7.921091280531 
 4.025281500638  -6.862011693691 
-3.049747832989   7.490845109299 
 8.083301031138  -0.457604379376 
-8.116750694554   0.192450868644 
-7.691020163841  -2.758418400538 
-7.210364398996   3.883565184778 
-3.024103418540  -7.756581091273 
-6.550568816940   5.274941474150 
-4.649344333206   7.040241844883 
-8.187102420359   2.476120472779 
 2.940064948818  -8.170785071962 
 5.553806416646  -6.696095180522 
 2.256368820256   8.528573151044 
-0.897341596316   8.813492666154 
 6.896939433903   5.602118610788 
 0.774272740751   8.863639453338 
 3.807159637224   8.076693987528 
 5.875342539445   6.768354070572 
 8.381342730412  -3.257225063609 
-9.034431722575  -1.178970508822 
 7.431908942895  -5.341530299266 
 9.219297504994  -1.502171846718 
-6.648811803241  -6.633136873106 
 9.150401357589   2.324957912362 
-1.423389765930  -9.371482309367 
-5.132806603604  -8.034277299972 
-3.081486776656   9.039640517286 
-9.627826010525   0.696587950143 
 8.341697695771   5.145189389171 
 1.788991867047  -9.730393350291 
-9.212717246376   3.632650949384 
 4.923805035412  -8.674277621958 
-8.923902915761  -4.820896503218 
-9.729255963982  -2.891382553316 
 1.655303618834   10.099378717078
-8.427608475116   5.899119813727 
 10.300050673290 -0.149367627535 
 9.534803346478   4.090805323140 
 3.412747588585   9.808564742278 
-0.145502538242  -10.391012170079
 6.427724548215   8.251923900071 
 9.646950290708  -4.102575432646 
 8.136977014215  -6.746902722215 
-5.762974061448   8.871788378533 
-4.123727276235  -9.751660477913 
-7.569115605816   7.574287517532 
-2.201481838716   10.606335361754
-4.361263495441   9.954605183681 
 7.222298034009  -8.164522137918 
 10.848904449283  1.318056363462 
-7.917394591287  -7.705589565022 
 10.691463197822 -2.935533306904 
 9.443585955524  -5.811785291927 
-1.792089682524  -10.946873093761
-0.364272569472   11.178905199875
 5.064907874897   9.983990465330 
 8.800801998841   7.036388664768 
-6.016560572076  -9.583687635925 
-9.352858215271  -6.378692624277 
 4.253834770723  -10.535094178071
-10.941196431575  3.211372381170 
-11.389474575138  1.084494674838 
 5.655269314007  -9.990847514656 
 11.424981609158 -1.349060754389 
 2.598560206850  -11.215111078293
-11.553323720741 -0.459398142168 
-11.350921025265 -2.296391469929 
 1.104753476816   11.620834951460
 6.676057470747   9.738509428475 
-7.421831998825   9.190755739682 
-7.512534150906  -9.187307038706 
-3.777648950769  -11.442454830596
-10.827620476020  5.353404065091 
-11.322391088126 -4.328086359241 
-3.702178318465   11.570021006306
 0.809225592978  -12.132623945052
 11.370484114506  4.444918810691 
-9.181726314204   8.109722979535 
 11.964800709323  2.692879021881 
-5.669825148847   10.919919956449
-5.306859994962  -11.103696312262
 8.482807229965  -9.007350393745 
-2.278363904491   12.170073178981
 7.248667160045  -10.071374105389
 4.323243805173   11.650407676501
-10.995545362538 -5.867876178805 
 9.672531706897  -7.893876799913 
 12.492661835006 -0.116129994376 
 11.059548249146  5.986294077277 
 2.736776066992   12.354869274800
 11.771608202821 -4.812606556490 
-2.619217293231  -12.520689102621
 10.050682269312  7.939266744932 
 10.839388581423 -6.884662376675 
-10.609610430242  7.287882619549 
 9.065464973014   9.235287639194 
-1.024447533665  -12.917832270926
 12.913198675462  1.435787052171 
 0.345962088936   13.125111201727
-7.286404175830   10.928636577854
-13.136620219631 -0.045977840819 
-9.355230569392  -9.303645014372 
-12.740535559150  3.438862391662 
-12.891819815749 -2.944236982882 
-13.220773580863  1.485649146603 
 2.413726325889  -13.252045449164
 6.898456675443  -11.630538100008
 4.651785266384  -12.726128584218
-8.446103578038  -10.689324977763
 13.589670286256 -1.605996474999 
-11.183001291607 -7.900803652496 
-6.593612781755  -12.006618785751
-4.930513945925   12.821571150336
-1.726470538914   13.708245813014
-9.942177945143   9.648596623381 
 11.763816138736  7.392669716060 
 13.520964802474 -3.311531887759 
 7.121376300850   11.996744686900
 13.330441309702  4.216563648406 
 13.821434238243  2.729466942685 
 12.702837045752  6.166168877314 
 9.163525475791   10.788320115542
 5.263548651991   13.144980727930
-14.102016683200 -1.532290000131 
 9.730175062399  -10.435446115054
-12.403532698534  7.093132200045 
-12.820270541153 -6.327666557603 
-4.927446723990  -13.453712867091
 13.543243925939 -4.855557769423 
 2.464657257036   14.182219763125
-13.537622960773 -4.902004650150 
 11.346985073610  8.865744096422 
-3.354473020596   14.005637981953
-9.186564383577   11.113806354793
 1.420064952031  -14.446100941076
-13.367043080376  5.660861222781 
 13.019536609005 -6.559733049878 
-10.940334149213 -9.667174435976 
 14.621274036503  0.267376451774 
-14.637026730779  0.272288783370 
-1.270957332448  -14.611849934710
-11.954291818344  8.625412140943 
-7.985190338478   12.457098501351
-0.079816905253   14.805040433902
-8.247703522890  -12.308684636299
 3.007356180970  -14.671322092252
 11.547522551588 -9.552845697226 
-6.769963215704   13.411052176557
 5.985606994714  -13.860683672223
-3.252964653666  -14.766989597168
-10.088024819229 -11.355617503878
 4.043851846269   14.656754787286
-14.709764975225  3.859277321110 
 12.813234844588 -8.211159106145 
 7.900148359199  -13.138248705518
-12.962370433474 -8.226849233594 
-11.315061466999  10.444231348091
-15.002996161126 -4.230625935379 
 6.479262230759   14.291610286287
-4.406182867258   15.118913813252
 15.695749871249 -1.376852220318 
 9.533932172626  -12.549599676199
 9.318316543574   12.720786071088
-2.730679113366   15.598079810538
-9.562373786498   12.636485790773
-15.790870653739  2.290474831876 
-15.701586705818 -2.868639127272 
 13.238844263363  8.960538838204 
 15.802868362797  2.547414230503 
-15.105841761451  5.331262496709 
 1.452680392141  -15.961643581503
-11.658141581752 -11.025341355808
 14.603451583964  6.651269065269 
 11.982958148388  10.675769385772
-1.096613860409   16.029001152572
-8.185541096871  -13.836517989822
-6.601012447245  -14.684154135542
 15.461330564729  4.586307661321 
 15.187764354852 -5.479590107453 
-5.965257874973   15.026138303071
 4.247240184112  -15.615646337314
 1.832997576911   16.120566247759
-12.902327343836  9.852875767558 
-13.020711326414 -9.757385564364 
-14.580977320214 -7.268324099480 
-16.370816000743 -0.159718362029 
-0.510510092264  -16.434147487340
-9.937875754431  -13.115476356190
-2.082700685764  -16.324452440594
 11.152238720415  12.108828655039
 16.239568107566 -3.367050481005 
 11.683458641998 -11.784331124942
 5.438807686906   15.690936288781
 7.503519520407  -14.852159275573
 4.016819508373   16.186313546890
-3.884742515127  -16.228376831164
 13.594880770951 -9.691923525291 
 14.815035093003 -7.701340376822 
 8.093095342887   14.630573431974
 0.459093569555   16.731383738290
