-0.821105594433   0.480811376568 
-0.436593020028  -1.038432790739 
 1.514166563702   0.447537567005 
 1.209688781306  -1.669676013835 
-0.146372521880   2.222221140217 
-2.170042562597  -0.932932413161 
 0.066092168434  -2.676283455214 
-1.742140906030   2.165727869793 
 2.480208635434   2.021050860452 
-3.146874195587   1.455401242142 
 3.555269895125   0.724625586563 
-2.704778336704  -2.431452960177 
 0.477587682114   3.647350346227 
 3.507857928189  -1.456972927964 
 1.734308204344  -3.721358699906 
 3.054080841183  -2.915974421451 
-1.353006042853  -4.017132790398 
-4.353336512574  -0.109494276969 
-0.697523885983   4.628885625953 
-2.632624547910   3.965657086946 
 1.783433774250   4.429325402746 
 3.618847290388   3.134513078776 
 0.768694168030  -5.069520624509 
 5.248664619099   0.724931511717 
-3.924204912807  -3.588318401738 
 3.285586860535  -4.576405130678 
-5.049137549028  -2.510011791824 
-5.058034610594   2.551589305192 
-2.328686215425  -5.180891743187 
 5.078659229181   2.729056810474 
-5.944900911319   0.148297862973 
 4.808129789838  -3.715163829496 
 0.372250740987   6.144647716933 
 6.148427018086  -0.847949323957 
 2.834491740760   5.655687194120 
-3.950047649684  -5.132875562361 
-3.308521633307   5.665751535779 
 2.768162275809  -6.148578462750 
 4.631460974102   4.912438691765 
-0.914086128009  -6.690704642457 
-4.848984195975   4.778623161594 
-1.669753312173   6.613386486937 
 6.263938033614  -2.857766852194 
-6.652355809769  -2.510812683679 
-7.122422806290   1.136180157075 
-5.950103934359  -4.165293112834 
-6.449212502035   3.456489056335 
-7.245917770461  -1.125006167432 
 6.585202602859   3.255285176840 
 5.120811357805  -5.287816886425 
-3.384493288240  -6.578872317115 
 2.162501852294  -7.537712887267 
 3.864188826823   6.824002299957 
 7.769881627510   1.173383516534 
-4.875193254550  -6.322567264078 
-0.326048853539   8.074729556285 
 7.890435571131  -1.757469458802 
 0.132575682260  -8.083356704243 
 2.279857052682   7.812188155858 
-4.025659157143   7.116590994178 
 4.506158436260  -6.831481893562 
-1.910527838991  -7.967791646475 
 5.562580460247   6.093568942324 
-7.441826426268  -3.842798675887 
 6.867877205994   4.916265173232 
-8.448175737928   0.260544515132 
 6.813759470951  -5.419144549522 
 8.363293966345   2.971699721419 
-7.688351043885   4.452355796144 
-8.768856257995  -1.600001904868 
 8.023424253738  -3.922322890243 
-4.290764948707  -7.835098779152 
-5.534878197832   7.352986904154 
 9.230183486936   0.808842391128 
-7.435085227011  -5.564498775853 
 4.340290382352   8.315206446358 
-1.903441951966   9.207758439175 
-6.850312631105   6.478619464231 
-6.344452539006  -7.011917457624 
 6.021319225668  -7.388148656968 
-1.105732512989  -9.499139104268 
 9.423899439199  -1.992065880764 
-9.387533695567   2.195126413152 
 0.023531885677   9.650849790247 
 8.437879926427   4.787369773483 
-3.514277257874   9.049975105765 
 7.107420665604   6.642973629880 
-2.632577591267  -9.509267191476 
 2.125841331975  -9.674848089929 
 3.975098749595  -9.162128589625 
-9.590695371295  -3.015238441028 
-10.269079803424 -0.500272631997 
 1.976750568613   10.112161589487
 9.994415259591   2.727641793771 
 6.534281633949   8.045499556343 
 7.535930996922  -7.230552671476 
-9.735278683697   3.801299095314 
-0.013616691705  -10.544592414248
-5.824608320544   8.828060597086 
-6.148298523226  -8.622477955520 
-9.289979523511   5.320164980661 
 3.786208432978   10.054732733201
-9.183390610097  -5.757638472132 
-10.777326549599  1.503038394475 
 8.797693553578   6.500537453447 
 9.514897064380  -5.484565801219 
 6.801653202112  -8.725761504663 
 11.011761900857 -1.387465417098 
 10.532375937358 -3.536151530982 
-4.685772782872  -10.131261271372
-8.574786962287  -7.188669615331 
-8.172821738408   7.729307262969 
 9.960746136990   5.483422399556 
-10.520951914199 -4.515911270160 
 5.382757529024   10.105818826619
-5.192491232525   10.207016703119
-11.309750923503 -2.111750968721 
 11.497024491410  0.449526188030 
-3.749710856892   10.889675981579
 5.669155192937  -10.064902762278
-3.378607302220  -11.105313856353
 0.123199130654   11.757387403718
 11.672306143446  2.254109268901 
-7.481467287208   9.248776221467 
-1.597647382970   11.873012604544
-2.052007972747  -11.824576395347
-11.286873734151  4.142009173771 
 4.363060423184  -11.203969460556
 7.174143447559   9.737934159651 
-8.433649103992  -8.684125221629 
 8.596761460659  -8.575096169538 
 1.234980956784  -12.091525852737
-6.985298115492  -10.009797104228
 11.159716449293 -4.975547950276 
 9.925103756544  -7.213205350219 
 11.935735353099 -2.905311383108 
 2.161667419848   12.104422279523
-12.038195084584  2.702374260755 
-0.568749733987  -12.399043781361
 4.102670436649   11.745775236478
-10.918352003758 -5.975566679929 
-10.156583930448 -7.293643621553 
 9.095167416041   8.614708312994 
 12.485366530574 -1.041892368771 
-12.545140926771 -0.057902284571 
-10.829980313177  6.436613694857 
 10.235612802911  7.400095024244 
-5.874892770923  -11.264656612136
 12.193271639514  4.413597329126 
 2.961986986399  -12.647606161687
-6.197331214204   11.467826137190
 11.509230925870  6.128423555801 
 6.638572205190  -11.263714563718
 13.145177470936  0.465425634915 
 11.409260033775 -6.822531659995 
-13.205752433187 -1.951730587313 
-4.286031060994  -12.647079595651
 13.204822653151  2.071158425527 
-7.879916622980   10.799456684352
-9.811229518910   9.094046327426 
-12.826705584550 -3.826744612587 
-8.529333333660  -10.382029149004
-13.391673602863  1.503908135651 
-12.396363739964 -5.290264793021 
-1.630334971657   13.471277901927
 7.808686093512   11.135187462892
 5.429801440759   12.487961092375
 8.754900462195  -10.435304447452
 13.008473251298 -4.308307993468 
 10.376790315154 -9.013457393052 
-1.378105561680  -13.757969088489
 0.016359431458   13.836000766032
 10.702360131764  8.845740317808 
-3.158927212362   13.637610000276
-10.788938046964 -8.967945816389 
 4.007517960434   13.447417993166
-12.693650025434  6.009944333226 
-12.112926908856 -7.124708237638 
-5.845186773908  -12.858665844077
-4.700514363898   13.326316757874
 9.569535561259   10.538549010151
 12.104421881264  7.724740439216 
 0.539247857414  -14.365268530667
-13.846814006664  3.867872314048 
 14.258947693409 -1.931838652174 
 5.372746710095  -13.386598300894
-7.744668625025  -12.316836392414
-7.590650564766   12.415504081875
 11.915490897045 -8.367144033589 
-3.492817730699  -14.185919283018
 1.568461758575   14.539566837618
-14.623061164083 -0.421259395681 
-11.503110074257  9.059888724850 
 13.195389415514  6.373970749138 
-6.261534953953   13.315868265819
 14.721757590354  0.076414911354 
 14.075331067256  4.679241059863 
 3.410390257234  -14.480298427883
-12.789602857843  7.622006593361 
 14.605906081164  2.928034057577 
 7.375761844368  -13.006949071186
-14.883287565606  2.013155288479 
 7.249944495206   13.168382044822
 8.784112916135  -12.313192214569
 13.378845772960 -7.095449172173 
-9.497901223867   11.867868514933
-15.077880508112 -2.298358741147 
-9.838185003529  -11.662538790556
-5.212203417502  -14.347491059545
 14.344886474111 -5.343673844224 
 14.854534459010 -3.753230126634 
-2.751067131532   15.082597488089
 2.063313160483  -15.291210213004
 5.927532229626   14.349281501041
-12.143609303107 -9.678100023149 
-14.946673223189 -4.509314798691 
 15.613485964982  1.337959636384 
 11.945741200899 -10.310464911677
 13.608230191397  8.060014620555 
-14.181323280200  7.013771031593 
-14.903232800789  5.324951298478 
-1.275129237798   15.824789594659
-0.457643625938  -15.875275117478
 11.338882424795  11.129575318278
 2.559778230806   15.686428022203
-7.351405600106  -14.116017402257
-13.088342674633  9.093752211023 
 6.761496942186  -14.457538841895
-14.747295718377 -6.130623881194 
 5.181002473511  -15.173315569249
-8.163224248994   13.842678265254
-11.905186813418  10.868391857570
-2.416054546049  -15.958383878026
 10.159617082752  12.545708581027
-4.280077297343  -15.573494418308
-6.592006338740   14.784413685491
 14.818839871242  6.587654689986 
-16.199741746886 -0.967009496651 
-14.110323792185 -8.033311518148 
 13.823379697519 -8.557017362701 
 13.134151374233  9.662020109393 
-11.862099951952 -11.200354531515
-15.892960566347  3.796867369082 
 0.349627573730   16.418123256447
 11.486264506083 -11.798060693916
 4.888820379509   15.783721771740
 15.749834517827  5.178413859151 
 8.445096533880  -14.352542816453
-9.923725140535   13.412542581860
-16.591715163048  1.944776438280 
 9.880204098984  -13.502634968992
 16.444987844771 -3.087485025570 
 16.404240401229  3.339963004652 
 16.011910485989 -4.899078489631 
-5.250510559187   15.903619710080
 15.368180939546 -6.697651126757 
