-0.441606489641   0.382239912449 
 0.916108334450  -0.531941017768 
-1.285798564682  -0.929782191154 
 1.018996204104   1.286206517093 
-2.050230294316   0.487660457886 
-1.326953631568   1.833260784323 
 2.632658277559  -0.054305349712 
-0.851996554959  -2.628801211573 
 1.664470146625  -2.604046817050 
 0.436217275452   3.199452721192 
-3.084021532482  -1.533759690042 
 2.725261875323   2.143027209199 
 3.047470789859  -1.686160188546 
-3.604678384771   0.364692145621 
-2.327132488932  -3.146764502042 
-2.214145793342   3.639706716478 
 0.274621980153  -4.578959836750 
-3.625504990240   2.855046980120 
 4.556219070558   1.073935660149 
-4.714468042147  -1.168943751920 
-1.011092694173   4.751542831807 
 1.050410179315   4.747825647783 
 2.244442675500  -4.374825737615 
 2.575824017831   4.277576738087 
-4.854809359047   1.697121502145 
 3.901441422299   3.514734284484 
 5.137131675669  -1.362836098428 
 4.408317395709  -3.110970427670 
-2.994473805637  -4.637628869133 
-2.568102438287   5.120822152172 
-1.123627303751  -5.729778894607 
-5.131090180365  -2.924723553953 
 1.572980026897  -5.733137583720 
 5.461820590461   2.579941629372 
-4.494646822778  -4.289453125693 
 3.649265864863  -5.188961061263 
-5.628013212340   3.005113892990 
-4.166746613804   4.874060975138 
-6.466998835352   0.326285168744 
-6.427019413787  -1.394657414467 
 6.452208160729   1.423571501148 
 6.010451478202  -3.263311892440 
 6.875901089984  -0.128155668163 
 1.609090545551   6.726686434763 
 0.574694418578  -6.930861031748 
 5.830702355247   4.060159523892 
 6.906945088576  -1.920761200629 
-4.298495779979  -5.785220839342 
-0.078111769322   7.207338297180 
-5.858751861847   4.551933373362 
-2.338465889466   7.243800782438 
-2.161184424647  -7.331759404383 
 5.003742623709   5.906628578704 
 2.211444205784  -7.497922308021 
-7.364525069837   2.722882020522 
-7.337900034941  -2.853970675065 
-5.813076972903  -5.432049809287 
 3.693191159177   7.064289290165 
-4.371194168276   6.738674203806 
-0.725637655163  -8.043332653670 
-3.708431117542  -7.221696762441 
 5.901340154697  -5.745051461002 
-7.084890555953  -4.405293728147 
 4.729835817263  -6.890407099600 
 8.035038852633   2.603639829848 
 7.472756469673   4.078452497017 
-8.538656828021   0.533785031857 
-8.682430785158  -0.991376745141 
 7.500458120804  -4.596055950560 
 0.047280923794   8.851997899274 
-1.488908228037   8.737876376585 
-7.975955568270   4.172043775234 
 1.774654981919   8.829516089546 
-7.215404517758   5.550732791784 
 9.054763288534  -1.641785992435 
 3.669988345280  -8.482794891968 
-4.001855638659   8.390960582494 
-1.778827386103  -9.221591790503 
-5.792686893567   7.440249888017 
-5.104911759800  -8.037634279968 
 8.892260646410  -3.453129678339 
 9.542874506125   0.088600402363 
 5.806985519984   7.635756622035 
-7.191654104077  -6.432769113195 
 1.648053133122  -9.624174566779 
-0.004411128593  -9.782925316138 
 9.680029954289   1.606563375190 
-9.547017809341   2.404833429090 
-9.643259418719  -2.151089413223 
 5.227292275085  -8.407569833598 
-8.631798017136  -4.853720892767 
-3.777829505488  -9.238747380197 
 7.550541536018   6.575780483718 
 6.898992575464  -7.273250653520 
 3.723621917818   9.474981563387 
-0.843827266923   10.199792244890
-2.948365530581   9.813603460255 
 8.730710053357   5.448898617591 
-10.443110374095  0.070395502344 
 1.461063668085   10.383206026164
-9.827991130698  -3.657791868965 
-9.107544593399   5.356997823275 
 9.766834432191   4.312623217955 
-7.968156062292   7.181214524862 
 9.300258236400  -5.436809524098 
 3.148769951812  -10.326949329686
 11.085933567873 -0.547577945347 
 10.328227155801 -4.133610373872 
-10.470465962334  4.052625379502 
-9.018726812262  -6.688599895939 
-11.149497872749  1.813636149151 
-6.986450989279  -8.907111799780 
 1.208534558279  -11.271167638191
-5.294325403133  -10.033849114315
 7.992229821659   8.062719313874 
-5.538188441779   9.936707210728 
 6.103516320872   9.629081248401 
 11.209604499162  2.285957044091 
 8.889579686733  -7.255838383960 
-2.423210054056   11.299515428897
 7.080071958338  -9.310877772486 
-9.496056273206   6.905084971212 
 0.104007497244   11.751541273694
 4.962678573899  -10.669710327290
-1.537189976284  -11.747409112432
 11.580602909563 -2.592403346145 
 2.405518737647   11.671084684043
 11.896922142162  0.777242521744 
-11.772950724168 -2.409697287820 
-11.147295461571 -4.528979080642 
 11.469216158041  3.893504856370 
-10.505583306849 -6.068173643534 
 10.121032739122  6.735544688487 
 4.041894778751   11.499978095929
-12.198708162041  0.358796727258 
-8.545350921449   8.775530006543 
-3.932074152655   11.609845033924
-3.577802813543  -11.814024235198
 10.341455910942 -6.859319675776 
 2.355037763451  -12.249080525538
-0.033230526362  -12.586675875766
-9.630788690334  -8.229656686708 
 5.840611684573   11.334724439145
 3.916438108309  -12.145715792724
-12.673082131603  1.891793747566 
-7.610877065885   10.366110237415
 8.629316998949   9.623263679151 
 12.323736835334 -4.145858065647 
-2.211943913429   12.873863106518
 7.053559716944  -11.055007268696
-11.512705810969  6.356803640487 
-7.325549641222  -10.940029230050
 1.813407796056   13.073637154565
-5.811114148740  -11.919855535320
 13.316904592830 -0.630457329339 
 11.773132767845  6.273961067060 
 13.068409793819 -2.818572531877 
-2.283148353840  -13.184122835888
 0.296995562945   13.379999386063
 13.044708053521  3.103326472609 
-12.801592355297  4.004376471819 
-9.282630913299  -9.716836419874 
-13.405712451969 -1.459845463200 
 5.905461436417  -12.161394053179
 10.477935169268 -8.598549514710 
 8.622535083909  -10.465684226386
-6.256214869313   12.052163269941
 1.536731941865  -13.520494218472
-11.654799412559 -7.161819590930 
 7.738795961694   11.325504502407
-4.523741521694  -13.015933231030
-13.455194766883 -2.993422343788 
-13.903434436050  0.581318411551 
-10.658867409708  8.979716753356 
 12.954428604347  5.173712660600 
-12.889668619194 -5.495138565388 
 10.895463646374  8.854340329697 
 12.423080906999 -6.572434417766 
 5.932044118112   12.846578786277
 14.112267295542  1.139695808875 
-4.442521024396   13.539405251578
-14.172822961084  2.137742951668 
 3.804841580030  -13.940675334138
 3.527064688170   14.030907926840
-8.670406493429  -11.655587319788
-7.260194204357  -12.669286071593
-13.632567535747  5.370537324986 
 14.009232299398 -4.651763509348 
-12.116232489722  8.526071604665 
 14.537949375581  2.893713167254 
-7.901729028482   12.549865566771
-0.282843122510  -14.830334901053
 9.985699387934   10.983954913089
-14.844409697643 -0.613634205790 
-3.365122641426  -14.480982975521
 5.483905124487  -13.833772497664
 12.416180426272  8.336907101922 
 1.830693818614   14.854232043050
-10.375588842175 -10.863618735832
-10.229310164106  11.004327660496
-6.389762023179   13.631561512663
-12.002463197315 -9.156278442459 
 11.757174879310 -9.530535634575 
 2.641844734895  -14.906398274425
 8.992804543298   12.216761173972
-1.819286577151  -15.072367206436
 14.553416094852  4.622381217072 
-0.627790615447   15.274924103619
 13.542136390761  7.158291302419 
 8.196117757544  -12.989944006673
-6.236391302276  -14.036958665549
 12.967870406202 -8.299018679387 
-15.383796524296  1.133554871066 
 15.520181830455 -0.652979080921 
-2.123244086349   15.399760382362
-13.982510143118  6.841839217044 
 14.269223363111 -6.414905948773 
-3.629788258428   15.252208723147
 12.156816142305  9.906506663996 
 15.326919680661 -3.353469826901 
 11.172241828512 -11.043019936188
-14.039398475034 -7.138809023077 
 10.052079328522 -12.155506644011
-14.924317140452 -5.179269896989 
 6.453171919642   14.469117328113
 1.171665941776  -15.800649546803
-4.790696116706  -15.209264274587
-15.367015835795  4.457962923663 
 15.994179450509  1.012132620751 
-9.968046939289   12.562652609404
-12.628538713189  10.024964496000
 8.103647168257   13.998454997296
-15.820723417971 -3.826313220253 
 4.905318980175   15.546346909373
-16.241289011173 -2.270931116213 
-12.501612586218 -10.668493520235
-9.038286689262   13.743773453915
 2.334894654424   16.338771770062
 0.729452221509   16.489050070895
-16.517323680841 -0.253746409869 
 11.231308876558  12.129617051650
-6.774562153076   15.088991161827
-0.538618456831  -16.613258094731
 15.204458667398  6.771001780812 
 16.546584647150 -1.952715128207 
 3.973302021539  -16.183840497097
-11.165476619329 -12.396028334925
 10.084379457603  13.322057836171
-8.719097216989  -14.256902126949
 16.452756908623  3.089281970468 
-2.226492255339  -16.693946075603
-16.714701941421  2.154164279430 
-10.164937958380 -13.560293424427
-14.012359252203 -9.543371458643 
 7.482474701490  -15.216755154604
 15.011911829378 -7.896011761070 
