-0.980811509177  -0.534011964910 
 0.703984012564   1.032050592046 
 0.686542652026  -1.079228030626 
 1.879689972914   0.022564792727 
-1.890276019744   0.682203528072 
-1.171185856299   2.156788704998 
 0.319734613359   2.526970679227 
 2.509189550021   1.478221922028 
-2.727915805174  -1.089591042631 
 2.804978317893  -1.174111521526 
 0.389264216331  -3.071691821028 
-1.442478538101  -3.261290359617 
-2.423904892821   3.007308135189 
-2.881682873009  -2.593100858834 
 2.070528626984   3.358826668290 
 2.856657426297  -2.799421458457 
-4.238745729613   1.226667805346 
 3.887520106242   2.369355814296 
 0.942523529547   4.490875046698 
 4.576717094153  -0.372149049313 
-0.662613950880   4.587544926003 
 1.188844999249  -4.792821291294 
-0.865164890352  -4.893329161852 
-2.423089511092  -4.575424583561 
-5.027165100340  -1.448665547841 
-4.415489577476   2.994658557436 
-2.540063028428   4.737445605818 
 2.843197073500  -4.786274876595 
 3.851714724335   4.071888420746 
-5.669948032733   0.383813100755 
-4.766574676320  -3.400618655039 
 5.101767142811  -3.014824975065 
 2.679553847078   5.320411063580 
 5.350467977650   2.903096041863 
 0.415004082225  -6.135351493736 
 6.146912471496   0.254601865589 
-4.067051742001   5.009110593908 
-1.561206819089  -6.379213739793 
-3.496876071325  -5.689123927472 
 0.607486716086   6.658237123016 
-1.485006752575   6.717073671458 
 6.736117520217  -1.404346031426 
-6.761370779830  -1.376402634497 
-3.029078220903   6.297092921387 
-5.049710582833  -4.933712293377 
-5.703071745030   4.227364590927 
 5.286423271812  -4.763323561181 
-7.262774460398   0.612637817788 
 2.724474750087   6.840848681958 
 6.856339367660   2.695130531482 
 4.259989915350   6.046301220416 
 2.144869384152  -7.121695144883 
 4.016614687337  -6.425794464107 
-7.132720812418   2.577299854140 
-0.302346033857  -7.610622404545 
-2.926496637489  -7.081756609036 
 7.657893413781   1.330161797023 
-4.524322009974   6.578070085763 
 6.982883401981  -4.006337893852 
-7.074597203270  -3.877684361941 
 5.964066240936   5.455600508256 
-4.731500336969  -6.617760510458 
 1.817693884581   8.043400712826 
-3.429405302687   7.763197528311 
 7.421815455788   4.137463080166 
 8.582323082451  -0.953361510813 
-0.847178879936   8.720704486946 
-6.201102243229  -6.242426553686 
-8.662736684041  -1.801154500555 
-7.216922870170   5.144014979866 
 8.559847124334  -2.606331619136 
 9.052423606853   0.514689780103 
-4.016473763762  -8.133674184136 
 6.177537207545  -6.651238261707 
-0.628879333903  -9.099557706105 
-2.548177749467  -8.822347399722 
 0.776479820722   9.212142605005 
 2.642308238154  -8.870115815244 
-8.548003370159   3.551471590511 
 6.099743089485   7.075942985833 
-6.145774412271   7.162852874950 
-2.287608527572   9.174456018506 
 9.017532258439   2.868700866609 
-7.950365834340  -5.154474694781 
 4.587074438678   8.373204517890 
 8.606375562348  -4.371792604355 
-9.620373212739   0.944399221851 
 0.806234356338  -9.724690275648 
 5.151925965183  -8.334276579149 
 3.502364122774   9.473793572582 
-9.009425805015   5.045334286162 
 7.849005218852   6.719413958467 
 7.919936319344  -6.672849726826 
 10.353311570413 -0.741796978486 
-10.356397261759 -1.048143456514 
 9.003437408129   5.226233443413 
-7.714462066721   7.094985593928 
 3.849618171092  -9.764078314040 
-2.037183021724  -10.344899317470
-9.919417530680  -3.583381588002 
-4.517927210698   9.538253495418 
-7.446621683729  -7.519975417326 
 10.181964658050 -3.185016208553 
 6.240177330429   8.865005843003 
-3.758313823171  -10.170796433289
 0.992368958495   10.828277083895
-6.609325079334   8.690011397829 
-5.994555155869  -9.260194803926 
-10.238200260098  4.148086599253 
-0.623141530669   11.070941338473
 11.043640216958  2.124169871616 
-8.898772140510  -6.878978153454 
 1.306666514933  -11.178283051537
 10.196100416564 -4.810027045692 
 5.174895911027   10.171047266689
 2.942831412946   11.043745046158
-2.438555818509   11.179232253989
-11.316425932691  2.450282885593 
 6.926373063353  -9.317108304750 
 3.117360461021  -11.206453293830
-1.087088576049  -11.609515884685
-11.677378707930 -0.080127082462 
 9.383867232071   7.032293393354 
-7.713106680823  -9.063255779507 
 9.425826574768  -7.309396442697 
-5.774052840672   10.465019144205
-10.008518970602  6.539486492786 
-10.868303355029 -5.093404697864 
 8.310965455887   8.681467491720 
 11.428866253652  3.807978670029 
-2.835372895208  -11.714412223320
-11.953327830134 -2.320844985020 
 5.266800578226  -11.164768106349
 12.040060813772 -3.272470220027 
-9.571637693561   8.009319410329 
-4.442840364606  -11.686537220168
 0.290280693533  -12.500676309382
 1.636718654091   12.402078808920
-8.578418290729   9.246017434598 
 0.090464608996   12.627334609032
-12.576263954719  1.550829412924 
-12.103524060140 -3.898077870052 
 12.804254520918 -0.123221381307 
 2.433919485514  -12.582105125792
-7.269347919813   10.607209658444
 11.343997169507  6.088015760386 
 11.855374981773 -5.037190020944 
-11.767820871660  5.289427408221 
 5.069775179217   11.884836709369
 12.809944351863  1.707936246176 
 9.562467778299  -8.841164839466 
-7.139002693833  -10.896564494563
 8.027954039350   10.263214385943
 4.113057105894  -12.386761206898
-4.834002733304   12.156272852997
-9.287313649159  -9.231018846334 
-12.614769228484  3.520412705014 
 13.037535109693 -1.853078668894 
-1.817155198336   13.075512544677
 10.731991097605  7.777189906955 
-5.985037547910  -11.864551992138
 6.940575546042   11.402249336604
-13.289804097220 -1.330628200313 
-1.061499764108  -13.391516830993
 13.016880005943  3.372371995904 
-10.845779350369 -8.017752741088 
-3.404491353253   13.103376696383
 11.627708255069 -6.984523251642 
 6.817063822887  -11.835652451621
-3.207460518879  -13.311575973208
 2.709518137827   13.452017426870
-11.186562223649  7.947619846799 
 9.745800380668   9.857175303021 
 4.289266437128   13.214761260949
-13.933865417009  0.799701372086 
-4.995543211295  -13.106266703338
-13.285679461043  4.898035509755 
-6.249646120960   12.783388665490
-8.836277135234  -11.194019219898
 0.357744080406  -14.261148066308
-12.514943044630 -6.900184752654 
 8.717408079245  -11.345223564571
 14.279250875301  1.016015286162 
 13.864109380237 -4.007254274118 
 11.597114001235 -8.607365620464 
-7.450125739869  -12.378409973745
 13.567188210077  5.059677883799 
 1.025399995998   14.459219777444
-13.538668114938 -5.212731579689 
-12.958295746842  6.679680632831 
-14.320531280762 -2.870857375038 
 5.209172851404  -13.684201129827
 12.224819161076  8.068519196096 
-8.443026746501   11.989890661697
 10.625961345244 -10.243966604022
 3.202379997104  -14.449348851433
-10.828227936282  10.121820598224
-14.460935528510  3.351602227526 
-2.941963786310   14.564432047370
-5.091135689325   14.023280317784
 11.561995799819  9.545844667586 
-11.989779681535 -9.020867540217 
 8.631471480767   12.318893299786
-1.415954331320   14.975249692674
-14.952069485593  1.903750576381 
 13.645217305191 -6.460469419990 
 3.138409095481   15.001701828336
-11.151102321870 -10.583415919838
 5.121422975734   14.495909263283
 10.037250557137  11.676203132472
-14.811085347787 -4.302885151509 
 7.284418285477   13.655921443107
 15.470675432463 -1.237975942629 
-10.081672298705  11.830233285848
 1.487582180630  -15.517323640876
 15.067745064878  4.160975617484 
-7.765957231076   13.585916477594
-0.427187164542  -15.648747303101
-2.754487428101  -15.418591078120
 15.387454285328 -2.958998803950 
 13.879520923513  7.455874906662 
 12.185582320539 -10.011283040402
 13.194670115653 -8.655840282531 
-13.458127554196  8.315010268175 
-15.725116795762 -1.796762658427 
 9.516569044096  -12.647042867044
-8.832013156475  -13.196028206211
-14.216156606344 -7.150310256243 
-7.303647042196  -14.191655447543
-15.977458142277  0.100984407761 
 15.750918703717  2.768654288259 
-15.315963381239  4.699451229074 
 15.394006907149 -4.532650798281 
 8.115454665464  -13.855495793903
 14.952351302624  6.095526412809 
-12.713976069219  9.980475288133 
 11.284499275400 -11.654746633715
-4.706507917722  -15.547201352362
 4.796607410013  -15.572550402298
 6.324370772794  -15.039502790795
-4.392979746232   15.792190382345
 2.023188391863   16.277949285616
 13.180755788230  9.807255547689 
 14.581951062068 -7.658283387432 
-16.219306163976  3.324844776921 
-16.466361081184  1.727012746944 
 16.572739783601 -0.054223010096 
-12.965232808092 -10.405773160013
-14.275271387311 -8.678524310131 
-15.799081529867 -5.442779956750 
-1.648218618496  -16.672524392150
 11.834636620279  11.898752945958
 15.596097314865 -6.226934698425 
-16.494607648437 -3.221729454740 
 6.282039927039   15.628958037883
-10.922777960260 -12.869876583558
