 0.651487580282   0.311917290094 
-1.284080371003  -0.134326462582 
 0.931145782403  -1.426936424157 
-1.325030253997  -1.954909426384 
 0.675876980999   2.324145403789 
-1.322013953114   2.257403469650 
 2.418787664824  -1.010384030350 
-0.068182994246  -2.946210854111 
 2.335769349115   1.859398805735 
-3.361680497467   0.360694158715 
-3.229307802787  -1.512202484790 
 2.518122572032  -2.529458690801 
-0.405951647027   3.907565431298 
 1.435314116511  -3.706491119331 
 4.188174246347  -0.215239856165 
-1.472384722100  -3.954504624183 
-3.384776827991   2.675105052269 
-1.972897213899   3.864188390284 
 1.547821061836   4.063624276808 
 4.239886462216   1.856070861136 
-0.194226240403  -4.864675889713 
-5.122575582273   0.586001801045 
 4.040548604523   3.399935342402 
-4.080346744613  -3.396238480077 
 3.001258031685   4.542612424010 
 5.210043596061  -1.801046009882 
 2.094961449202  -5.172308642450 
-2.799362901419  -4.850414186242 
-5.111973849867   2.467799602189 
-5.431582396543  -1.690528247190 
-4.079292641425   4.020804021170 
 0.406068175144   5.749844326684 
-1.717533801799  -5.998846762233 
 4.731678557448  -4.306675224984 
 6.210484769679   1.841893381346 
-0.322008318745  -6.694848341785 
-0.995724898918   6.669834764730 
 6.769722090322  -0.723616403904 
 2.669642550714   6.280212445672 
-3.016415058602   6.244242776889 
-6.922375833555  -0.770257790353 
 4.040441076109  -5.682994929683 
-4.457120123820  -5.427694066598 
 4.655413449006   5.356006770072 
 6.055106573976   3.771912577616 
-5.801353649864   4.267777784165 
-6.726448574692  -2.614251547620 
-5.698795835909  -4.526502496688 
-4.604802917449   5.876887508294 
 1.066781132128  -7.648862646031 
 7.691620293207   0.784451182985 
 2.952567734369  -7.187948972244 
-7.724807973376   1.467203480993 
 1.162710921735   7.785998989535 
-3.104027987597  -7.246817133210 
-1.200961357899  -7.987130211391 
 4.299749007580   6.869510133133 
 7.037711357821  -4.055214673591 
-2.184721284231   7.873475789042 
-0.274144024290   8.218403610804 
 5.486726590975  -6.192081442249 
 2.736961294163   7.860426142349 
 7.803292583304   3.080793197701 
 8.200417028485  -1.946626014933 
-3.753761668076   7.615575129887 
-8.424958885171  -1.124598293377 
-7.521692091149  -4.160581240237 
-6.256007381152  -5.923588197243 
-8.060948770117   3.340403367270 
 8.821910602368  -0.414825323993 
-4.709305350853  -7.487811530610 
 6.051098354182   6.652031920990 
-2.685209738399  -8.740773727882 
 8.489290611655  -3.513985131432 
 7.787458164955   4.908279492691 
-5.940845876996   7.039105990545 
 4.789329291380  -7.956636317671 
-7.302565301730   5.787204499563 
 7.081736755003  -6.208835096909 
 4.529654125121   8.365344639872 
-0.877024212492  -9.496680103570 
-9.380579263447   1.800924063123 
 9.519104235054   1.049919822165 
 0.807928071147   9.544330844381 
-1.850410951378   9.418276578483 
 2.748199273002   9.396663295637 
-9.863688329874   0.321477655455 
-5.055009556251   8.537831139091 
-6.451534501064  -7.633293967053 
 2.661967024699  -9.671335922399 
-9.990974617317  -1.636480766870 
 6.434804333777  -7.843654438465 
-7.881360154341  -6.400604616297 
 10.181240247082 -1.175350381170 
-9.613394543241  -3.554877812992 
 8.576539399324  -5.677390214883 
 9.973183603500   2.843088433329 
-8.966866783252   5.265001422444 
-5.091329529176  -9.086654529687 
 1.163582972283  -10.429109355979
-7.589171757245   7.294245595581 
 7.299526095765   7.770045473281 
-10.219614874929  3.428074354450 
 10.013233244808 -4.080912563889 
-0.906537878028   10.803125066338
-9.426314777576  -5.675957097493 
-3.584032278071   10.404852490833
 4.536118807339  -10.037408187074
 9.029589381813   6.537589125550 
 2.428622152330   10.891776484659
 9.981279265868   5.064247174719 
 6.177952439492  -9.408296138929 
 4.968879950621   10.146027154614
 11.292414988062  1.036075335834 
-11.364083290050  1.029142191299 
-6.643836774635  -9.322428160119 
-7.084069572368   9.004784789668 
-11.477476947709 -0.486412909768 
-2.963073127721  -11.129576120975
 8.973482746576  -7.253734614511 
-9.239696099903   6.919969468554 
-0.039160947146  -11.561428974636
 11.506948712539 -2.647925026308 
 2.661923028379  -11.541504461377
-11.378395314567 -3.402683530148 
 11.245735284016  3.873067252137 
 7.381092396041   9.337159027932 
 0.233339184692   11.929895328936
 10.610607702216 -5.542562715652 
 4.065603226495   11.346851812965
-8.718392423228   8.433349811726 
-9.853528537262  -7.151442189330 
 12.200351484420 -0.189925297932 
-4.910509321778   11.181457869283
 8.530974941193  -8.776097443522 
 4.212928277074  -11.539429146013
-1.874159353816   12.160877172853
-11.545149551844  4.403243016890 
 6.405794423893   10.716324840922
-9.222627428667  -8.542575803905 
-3.427186901635   12.167481739255
-4.546942324107  -11.819992903843
-12.591296980135 -1.608627076223 
-1.387798676507  -12.643731763952
 11.278935855772  5.888096273953 
 10.309004666479  7.545740997695 
-11.627317626739 -5.404288097727 
-12.500057429726  2.879389025748 
 9.292407805790   8.862866500025 
 2.792828059522   12.552740577115
 12.127747982830 -4.659839288345 
-8.207098871614  -10.080659773884
-6.964123086835  -10.985956275278
 1.764662022271  -12.897747763220
-11.092393525125  6.968446778925 
 6.796551698847  -11.226171793499
-7.022382222170   11.109012863330
 10.959135909752 -7.337649413822 
-10.253502825762  8.571622247744 
 13.267171087879  2.039385244648 
 5.592121607079  -12.249512793388
 13.146487305985 -3.133899199819 
 0.996050463444   13.539608824831
-0.160646196276  -13.578511720807
 5.783338929171   12.365315375190
 13.101177343164  4.047390876153 
 9.937815946378  -9.459493086633 
-11.515277827571 -7.483677878991 
 13.789635484064 -0.227762433215 
-12.633446436796  5.609619843591 
 4.429272205105   13.167878929871
-13.129280855934 -4.814269648431 
-9.138608205008   10.638493013767
-2.639758127830  -13.778387036384
-4.368097676122  -13.370078785893
-9.731300486126  -10.184507540156
-14.072024726987  0.744685357670 
-4.824049232368   13.275809584952
-3.055434857833   13.808596203959
-13.995082858369  2.244792505518 
-14.008496145506 -2.281210791531 
 3.298056104255  -13.819584030727
 12.330355172055  7.131685752882 
 8.670416264125   11.363252704903
 2.695992670149   14.093180065921
 11.719302752086  8.612535128460 
-0.595740826081   14.563989983045
 13.690021324813 -5.026369982714 
-14.019418299967  4.070795274453 
 10.674650901795  9.962155496018 
 14.543356109504 -1.532777332008 
-6.865616551728   12.949374684800
 13.394273933277  6.035268649024 
 12.248348029864 -8.205545838736 
 8.959502030549  -11.728044876668
 13.087918086958 -6.898965148853 
 1.209301632407  -14.749998566130
-6.380604864640  -13.408509335324
-11.562676873909  9.367213370937 
-14.881085493117 -0.811875509238 
-11.991948252114 -8.908999143093 
 14.583553719751  3.398588422919 
 14.559525688584 -3.660025457522 
 5.600038568004  -14.037851279884
 7.601247467309   13.098047199302
 6.215264691266   13.912847290891
-1.370743069095  -15.182445109871
 10.645573656902 -10.966411712825
-13.447954713058  7.283626376628 
-8.530468701769   12.712498482507
 7.865188493227  -13.148532479122
-14.068688813026 -6.169482201824 
-9.513871224696  -12.078414765555
 15.282848934158  2.001934819835 
 1.903365260114   15.429755445730
-5.390055369888   14.667085353899
 15.625493026371 -0.216520529100 
 3.963426488831   15.132839437336
-4.813242427133  -14.887980427324
-8.060465418164  -13.434298671490
-15.685652400348  0.598326843618 
 12.154291279004 -9.953096521005 
-10.751679417556  11.605006419561
 0.029795107774  -15.827960982889
-13.416887274362 -8.425949956073 
-14.957363022880  5.259583019140 
 14.563164151272 -6.342804757295 
 10.221346922513  12.203339440089
 15.760857697218 -2.691508578800 
-15.342613972653 -4.502688519274 
 15.278342989840  4.753923148304 
-3.009982748135   15.834264860960
 14.212797041764  7.628619657896 
 11.791512584227  11.049616965162
-16.023318434195  2.196666956506 
-2.928709405570  -15.953759240050
 13.994867219060 -8.323607073742 
 12.948694690793  9.993846055946 
 0.107618667329   16.414728732753
 3.930144674001  -15.987779834594
-16.404043952290 -1.666372474495 
 9.666281493767  -13.365899518705
-6.789007414378  -15.086754960352
 2.259969473592  -16.408041953528
-12.269861061715 -11.148515776670
 9.116370562098   13.869246009741
 15.977445762782 -4.631944705265 
-8.721143869152   14.203392674779
-15.099564309896  7.163034185343 
 16.681376036991  1.304485465077 
-14.260861372713  8.784242624311 
 5.581023207437  -15.800698791903
 7.535498588156   15.010405798495
-12.310957906473  11.445702105724
-13.330520535492  10.276934299750
-1.266639221672  -16.791610069797
