 0.258914152421   0.102887312264 
-1.382818812355  -0.485931815829 
 2.131904200304   0.939731461498 
 0.396799783298   2.327344129898 
 0.753642278919  -2.357854175770 
 2.212808432066  -1.125618725284 
-2.392449442760   0.692300023600 
-1.492984222932  -2.135053316721 
-1.312574589728   2.262723127969 
 1.895580672029   2.434629970387 
 2.368489773973  -2.630444908971 
-3.785799589289  -0.802958896750 
 3.717302730324  -1.158445089086 
-3.333337705075   2.014264641427 
-0.276320604936  -3.886633876308 
 3.965519831204   0.916413740022 
-1.869479854680  -3.698767184114 
-0.942904654467   4.068033645943 
 0.798445615074   4.315854121553 
 3.244019020741   3.254025736696 
-3.916624955685  -2.935036277282 
 5.338710881239   0.303355122348 
 2.562812716089   4.800969588994 
-3.280653811300  -4.396127389307 
 2.133138169987  -5.111857221609 
-3.480066490041   4.374548249323 
 4.576361166127  -3.250081998545 
-5.621965736138   0.064666726673 
-0.807317065712   5.565319133807 
 5.390411788736   1.838588836689 
 3.727864431564  -4.668813456786 
-5.502724069344  -2.395716033476 
-0.331279776254  -6.175347167491 
-2.289361421145  -5.944102030437 
 6.320961866200  -1.301961708427 
 4.601652575112   4.617625765799 
-6.259882225419   1.844652322227 
-5.570488379525   3.436010878454 
 5.647758104364   3.336492910319 
-5.034570856371  -4.471757211284 
-6.694875605501  -1.226580412622 
 6.850098674776   0.124306968458 
 1.790861830935   6.661053189174 
 2.232928442098  -6.613439874557 
-3.991504757402  -5.908511657787 
-2.633017689868   6.638116200192 
-4.470696578778   5.927075475614 
-0.991560400734   7.429824018626 
 4.633654510273  -5.906012817134 
 7.354200151535   2.241460864027 
-2.205899361579  -7.539132435576 
-7.902960062639   0.207359506244 
 4.781931585973   6.314331450360 
 7.168649890490  -3.400249875901 
-6.820746333030  -4.083312236162 
-7.926174663016   1.732390095478 
 0.852775934116   8.096203644323 
-7.187733141847   3.940134055300 
 1.586674031004  -8.071716272780 
 8.055943056006  -1.997858561772 
-7.914168797236  -2.675984944968 
 3.254095603413   7.717429151841 
 8.393484123388   0.891159152764 
 6.805926078516  -5.156072757470 
 3.647107312922  -7.863695426982 
 7.197065905257   4.906887495256 
-6.194884726752   6.158119986975 
-4.063528019668   7.813773096587 
-4.284861492145  -7.797883846659 
-0.404262709299  -8.906530410393 
 6.457827330300   6.217892503836 
-1.953576295849   8.798408502341 
 9.107613003130  -0.725958580271 
-6.724960115164  -6.234889861043 
 4.730914172463   8.071199571631 
-9.317565834374   0.852284879705 
-0.094114534148   9.362571145026 
-8.668152368068   3.548272038893 
 9.033480265226   2.638410659417 
-5.556036691098   7.639627394912 
-9.422337019140  -0.770743097589 
-3.203025603868  -8.929567295588 
-8.765871922028  -4.026190169867 
 8.750574062400   4.199478967506 
 6.605715452061  -7.118620652797 
-9.436308313270  -2.334133244693 
-8.078565563902  -5.432808745762 
 3.713928523178   9.188720230630 
 2.978060428016  -9.469909427476 
 9.198880720459  -3.732363969427 
 4.915873601883  -8.689224884508 
-9.791446078495   2.348678990518 
 6.420442988547   7.939438099862 
 2.269837999254   10.049979479951
-1.892978478995  -10.160814024202
 0.892129901005  -10.362709530804
-4.750856831026   9.327155538068 
-3.213701769737   10.022337362202
-5.061575504093  -9.250182481374 
-1.218913700392   10.514460931762
 8.874917271299  -5.828411904486 
-9.296255974114   5.130623870412 
-7.045771814426   7.967996425813 
 10.616570180318  1.002652287320 
-6.682875889643  -8.477212125500 
 10.567862518910 -2.400115848390 
-10.859401305390  0.438726653278 
-10.170251850476  3.844412749423 
 8.285835639326   7.050663730103 
-8.742113527493   6.535499359314 
 6.646948052329  -8.696474818890 
-8.162590616464  -7.403355571622 
 5.536277412134   9.649189963470 
-11.059090675741 -2.332563563107 
-9.434697470326  -6.281866993822 
 10.829333563367  3.527353112515 
-4.194676474400  -10.593270943880
-10.331208549872 -4.852541432409 
 8.570763575885  -7.618068761799 
 10.386740446399 -4.872598765755 
 3.953741773762   10.821187263669
 5.780113113172  -9.999462106416 
-6.448842549982   9.620215004416 
 10.021710250078  5.882382896913 
 4.494163637569  -10.792247254269
-2.456019333756   11.451811823403
 11.704426862680 -0.639397652090 
-11.594497775631  2.130272532656 
-1.427986576526  -11.784897810566
 1.139644688051  -11.870572596434
 8.148674625459   8.773373780030 
 1.218875190801   12.016241662850
 3.218631187137  -11.672443196549
-4.149737279847   11.383800844414
-8.187077898249   8.950329588633 
 11.990514523363  1.959305839855 
-11.726388012575 -3.706176390150 
-8.129970416793  -9.249487027289 
-5.913072887968  -10.848041429995
 10.338231625936 -6.793265479920 
 9.646781878146   7.744927974812 
-11.345942555554  5.073047149361 
-12.427499908175 -0.812065721983 
 8.478681549082  -9.191794534830 
-9.850566810020   7.707591889427 
 11.997506954399 -3.680322397276 
 11.572122684915  4.958064525030 
-12.073717127097  3.721076560675 
 7.035392842058   10.701022416837
 3.247939261372   12.502332184802
-4.863897249580  -12.014570104471
 5.171869304617   11.949482447765
 0.054644074245   13.059575190706
 12.856343890367 -2.355341543561 
 6.091035456676  -11.585736949268
-12.864092631149 -2.581061837046 
-13.048182502358  1.700045891735 
 13.188139856957 -0.244647172505 
-6.324095452274   11.588126249343
-11.681628309239 -6.198050122277 
-2.761976006568  -12.954081159647
 11.822113954087 -6.046988892265 
-8.259140026839   10.517399454554
-10.146099691735 -8.804979572822 
 11.757049323893  6.596470644258 
-2.517308852068   13.279045804279
-11.868561604792  6.574242279124 
 8.708571526372   10.465440382845
 1.008814233694  -13.585262928952
-9.698525440547   9.626504516226 
-0.725923115133  -13.660471683177
 3.968221265551  -13.137782182301
 9.962850014224   9.467516662711 
 13.743696738916  1.188645987859 
-13.169604445177 -4.140943285990 
 10.913721308554 -8.516862869879 
 9.957890452494  -9.674784035521 
 8.627988502978  -10.908226784139
-9.331383238462  -10.354705886891
 13.563484994209  3.361674557546 
 13.325856159174 -4.586503966239 
-8.026210122203  -11.615241159931
-13.802800429812  3.104988201970 
 11.251462373965  8.690566951469 
 2.668037334845   13.992179066512
 7.220137011972   12.295564576277
-5.720023907822   13.089565236802
-11.712666860423 -8.178543123502 
-6.777865639718  -12.638760332975
 4.588530686737   13.755720792765
 13.479703915205  5.412791186419 
 14.491127230027 -1.183944483720 
 0.276601086261   14.576810673193
-14.585537450466 -0.280582665251 
 2.665164842999  -14.358213297169
-7.955522634369   12.304582469657
 6.101822264849   13.396928068157
-14.659780839932  1.414697446016 
-2.034343250148  -14.646993093075
 14.515692442291 -2.902235341266 
-12.373840652211  8.274399137479 
-11.046805354658 -10.055538070870
-14.210164014651  4.919678842689 
-4.690304798339   14.303387910696
-1.222139299621   15.034524265643
-14.958035901385 -2.051080224725 
 12.750833851689  8.109333576834 
 12.571719861140 -8.440318752067 
-3.259231791600   14.864914910553
-13.807059060155  6.417446951306 
 7.518587563542  -13.254212734079
-9.498955311859   11.939915060099
 9.443619830170   12.042242881101
-4.682701436898  -14.597518073131
-10.907874273804  10.793502422291
-0.378840243381  -15.358128939159
 5.527549275602  -14.350333068532
 15.386915300933  0.247368675702 
-9.929969859597  -11.823967539384
 10.888514473370 -11.006919008297
 11.341520632620  10.859703701375
-13.177331625157 -8.553546521396 
 1.358957862881   15.690400601396
-6.400244278786  -14.401112519200
-14.358532622085 -6.545651481566 
-7.127948258978   14.137674587723
 14.268627444159 -6.957489216940 
 3.686512391539  -15.460568535398
-15.684259777626  3.295779646479 
 15.425271580928  4.397988143660 
 12.543672876921 -10.045456522355
 8.399303268942   13.732472194507
 3.412112539841   15.731959579950
-8.662277666588  -13.579025448812
 12.772270269909  9.814973791564 
 10.215759960653 -12.459385658532
 16.094087691822 -1.388287200428 
 15.915502882577  2.779149586152 
 15.154642321084 -5.676420899204 
 14.587838802423  7.032736714220 
-15.720710534585 -3.896816902263 
-13.924810735945  8.292640983924 
 4.916979317104   15.579315034079
-16.373110259120  0.394563083159 
-12.657270110232  10.491375911949
-1.594363648707  -16.367355258405
 15.998976468583 -4.016081560254 
 1.742013694987  -16.433803757263
-1.840367013819   16.458566009563
-11.108108537054  12.328799734824
-16.459165440654 -2.221277977001 
-15.435454685599  6.241157627739 
-3.927667083354  -16.214822024182
 6.474141381441   15.389821393506
-8.868876704987   14.174410117989
 7.547581278315  -15.000953689571
