 0.856504127866  -0.885496497517 
-1.162031667608  -0.921887372316 
 0.154731669487   1.636492310244 
-1.405002703226   1.389453886758 
 2.175192163232   1.061475153085 
-0.090457096039  -2.643216472723 
 1.963322792098  -2.131729613350 
 2.923609988190  -0.455778327669 
-1.842926562246  -2.378568085822 
-2.993548297141  -0.692875308082 
-1.056488319839   3.120603216149 
 0.708808513214   3.284483277506 
-3.430559946484   1.143422241490 
-2.796443841503   2.795313374122 
 3.360330837553   2.512689857015 
 4.444953457804   0.677477495216 
 2.350021968904  -3.835308721942 
 3.620376201556  -2.886860801991 
-2.042731947726  -4.171618231513 
 1.872126107843   4.357711404053 
-1.589647445658   4.533132879087 
-3.842911307455  -2.923342794272 
 0.383838992119  -4.924430647937 
-4.336214661495   2.677674878276 
-0.121068092419   5.175125341879 
 5.041130481591  -1.744650116618 
-5.466117020478  -0.245565209809 
 1.898850800232  -5.280713981557 
-3.095040479545   4.814853206175 
 5.501979521548   1.785175660616 
 3.718771711505   4.500146666304 
 5.955251533361   0.284565625124 
 4.963045999319   3.460188943952 
-5.417503093318  -2.815951457725 
-1.930159876014  -5.818532676836 
 1.078174143123   6.153350785915 
-3.881871228230  -4.895545229682 
 2.584246348868   5.768933742890 
-6.246264131812   1.228981737840 
-2.527915591159   6.364075227594 
 1.646474405264  -6.788859278613 
-5.327930647723   4.562599200857 
 4.828798727811  -5.124117107289 
 6.693362063388  -2.192113127189 
 6.042043040404  -3.952836231032 
-0.439066614430   7.331771317943 
 3.326633308079  -6.578605563406 
-7.264765163230  -1.296724549653 
-3.714207151530  -6.396953050748 
-4.529041849837   5.870523289732 
-6.711649457079   3.335019712127 
 7.338073845189   1.573917229165 
 0.302804187446  -7.626850152412 
-7.825403071509   0.600852555643 
 7.957310871776   0.013421600575 
 7.398184035968   3.094717895064 
 4.764724262484   6.479800188916 
-2.353432047158  -7.692517066893 
-3.821771814353   7.200084756758 
-6.470268893604  -5.096602389842 
 3.440455415070   7.666985218548 
-2.129713823587   8.139610087189 
 6.698052266755   5.109750377055 
-7.813421242909  -3.294268474080 
 7.779646568277  -3.687473376527 
 5.544854907188  -6.633514092283 
 6.810726812180  -5.435299492590 
-5.961911395580   6.377016252736 
 1.400335363752   8.661978251191 
-8.317033397834   2.935601594940 
-1.080997233069  -8.773034762175 
-0.287923599400   8.859546494164 
 1.573313298735  -8.742318659035 
-3.830921579950  -8.047626111009 
-8.946257038527  -0.750798472969 
-5.867367875744  -6.908538086045 
 3.171587160362  -8.528021043396 
 8.859193235613  -2.616391020297 
-7.607463331584   5.473428704737 
-8.015588101713  -4.871111999318 
-9.120457082333  -2.355380432061 
 9.629912151375   0.189041658448 
 8.914754687463   3.825770535573 
-4.012463695695   8.898337542654 
 4.802276913673  -8.636578189825 
 5.608764616571   8.378460375409 
-9.157834645529   4.272935495302 
 10.003734516893 -1.474580608375 
-1.525833084988   10.019115443477
-10.125271089528  0.516160739227 
-9.835372274100   2.614317686417 
 1.045599838013   10.130767523581
-5.406571261846  -8.690649684461 
-7.850310486368  -6.583904518348 
 8.646878240985  -5.526119269608 
 9.563026624630  -3.966329132284 
 8.125174130049   6.432801632445 
-6.090858511564   8.435900697621 
-9.553729961638  -4.135314903863 
-7.407698518547   7.320073846561 
 6.336925086073  -8.307983214500 
 10.120670541426  2.628183314429 
 2.210526485957  -10.270555341839
 7.877931023063  -6.951178639595 
-2.313475072221  -10.285341121690
 0.683301000531  -10.574189537103
-6.936779647805  -8.104256079960 
 7.272772013967   7.896228540787 
 2.574615846300   10.458252454337
 4.231967953253  -10.029633114004
 4.102504118114   10.134816353343
 9.582180971795   5.454983583128 
-11.001780904553 -1.413272905763 
-10.706570873509 -3.064409299613 
-3.786722893740   10.517869952775
-9.606669500905   5.734591829591 
-5.434099536642   9.822445382181 
-0.531921112369   11.243597547442
-9.780784098701  -5.803226943260 
-3.929614100181  -10.722662187114
-1.096706360672  -11.385065897935
 10.757649978370  4.040607186848 
 11.492471957989 -0.038235693931 
-11.419337994077  1.803848530364 
 11.486783537378 -2.220439532704 
 6.619358581290   9.655441231056 
-11.735145205477 -0.016245540892 
 8.185434933644  -8.434980212826 
-9.169361251038  -7.514964119011 
-9.333963797612   7.384600181082 
 11.621066995124  2.671960174561 
-10.957594885654 -4.776820679599 
 11.027692927030 -4.678419967867 
 2.084153767192   11.884017854688
 0.786536609212  -12.082770419213
 10.081845253419 -6.763480998987 
-6.727676396579  -10.179974603480
 7.264692906341  -9.871098471654 
-11.744647839409  3.555500222566 
-7.656461329114   9.599377923727 
 8.226993868070   9.136108474622 
 9.389072544906   8.130492844487 
-1.776628969511   12.316501341839
 4.349967796380   11.684829407597
-3.019692241900  -12.111016115846
 5.796921249058   11.230664099862
-5.564392844973  -11.368009790785
-12.316028919096 -3.107006222570 
 9.707378434075  -8.287011342274 
 11.306837286241  5.962266712315 
 3.330747944055  -12.346367397096
 5.966835159941  -11.372598046240
-11.343637533623  6.075943789719 
 12.927765242741 -0.817124099125 
-12.927259283436  1.593257553582 
-10.798821934906 -7.369633613306 
-9.420701940337  -9.102930062947 
-8.322391126865  -10.132761812036
 7.660321329930   10.820552303876
-13.269237262013 -0.277630344823 
-0.128013086067   13.297398245557
-4.692604697302   12.495831014407
 11.052131224615  7.510065903232 
-6.415853674275   11.887615790860
-7.724633435380   11.123042703496
 13.520383872751  1.008849762995 
-9.069876938378   10.110238354082
-7.069982643560  -11.685853569815
 3.779299657528   13.125312609388
 9.079226446594  -10.248832907516
 0.289141122025  -13.715019395813
-12.968007070907  4.526841875253 
-11.487483399199  7.575763347137 
-4.078251298406  -13.183209921223
 12.924636573464  5.070239158597 
 9.416016672965   10.237774635590
 13.582513648840  3.001286393241 
 13.518942342514 -3.414860176294 
-13.850897260243 -1.861414587643 
-13.103182693495 -4.880265548554 
-1.254683326972  -13.934380123084
 7.922419719571  -11.548573065890
 5.484883288788   12.918719861142
 5.616729149919  -13.027316885335
 1.847480388290   14.128264476760
 13.320467452589 -5.173691848464 
-3.084301182139   13.959637305982
 12.189412205946 -7.542204721304 
 3.026457865141  -14.021159160843
-2.795699165712  -14.070224887843
 10.878572934741  9.356835283379 
-14.344387151633  0.999533473729 
 14.465936864679 -0.654384807592 
-14.200459929974  2.980084734984 
-14.111789762807 -3.394280858036 
-11.600711593653 -8.798078219367 
-10.183324769865 -10.423522920221
-10.671161655116  9.932351903476 
-8.979833026808  -11.628050492177
 1.585047309355  -14.672411841758
-5.890891763980   13.564655221181
 8.036305526330   12.436951113296
-0.539654936160   14.863396934148
-13.663701089837  5.914020046900 
-12.897297338347 -7.545782295846 
-8.676175420464   12.403607171432
-10.004524699135  11.362700125494
-6.959081519091  -13.462936359610
 13.480320319519  7.011202199961 
 3.148527447883   14.879883110697
-5.441664136130  -14.202626853894
 9.616025496010   12.016785599923
 11.781356649677 -9.908682675821 
-12.857355232655  8.577847286017 
 1.072315968956   15.448125666447
 15.141267552585  3.264558298042 
-14.815535611786 -4.729309246886 
 14.836495458726 -4.733207981889 
 14.060133774478 -6.709735171529 
-1.427865285736  -15.589034787676
-15.501303405842  2.226576934185 
-15.474633227135 -2.624214662047 
 11.368393369282  10.867292725898
 15.730157813674  0.382268186076 
 12.385998149636  9.723273206609 
 13.100027644191 -8.741189875962 
 6.067360723995   14.556566594347
 7.480354333787  -13.939944188369
-3.877169491685   15.368720643520
-15.838091280206  0.686364574140 
 5.233519629339  -14.971148803158
-8.792926260382  -13.203609088200
 15.652036572452 -2.621867620500 
 10.967520251104 -11.592779794534
-11.711638038571 -10.841782219715
-14.340477221927 -7.059426263098 
 9.061643441968  -13.168519694028
-1.573962300197   15.970802830112
 4.580508006654   15.484074269389
-11.561728286595  11.339679930475
-5.634247707770   15.197347406553
-3.010006586641  -15.995561675430
-15.565290064384  4.863738771396 
-4.617143841376  -15.652088257586
 15.296984615863  5.710383050241 
-12.836148307638  10.140533682435
-13.434959818016 -9.339570570515 
-16.364973197636 -0.725900193424 
-0.100124804531  -16.401802348467
-14.392705903138  8.060205838976 
-7.914907210841   14.514291465489
 2.389406201317   16.363207720801
 14.364504872130  8.413296156872 
-9.526708119302   13.696972293906
 3.931168804222  -16.216520318606
-0.262377817616   16.720978240969
