-0.287378926870   0.270288343150 
 0.451158351332  -1.155118828234 
 1.264631618816   0.963717870547 
-1.143592972758  -1.425454961532 
-2.489478695220   0.949243984887 
 2.321015490607  -1.309876897879 
 0.641406762209   2.612479853455 
 0.844153841074  -2.638851988235 
-2.947759859704  -0.549825280640 
-1.873248734467   2.360974130169 
 2.688856487229   1.967616115369 
-3.011985922790  -2.177133685205 
 2.423729210239  -2.936224180300 
 3.873495755328   0.388466146292 
-2.049126069265  -3.396446773166 
-0.338207794985  -3.997835772498 
-0.952818487598   4.196186222968 
 1.983862661519   3.956014019912 
 4.296117055788  -1.389960229077 
-4.371262768780   1.305561058729 
-2.477946614217   3.842976721831 
-3.785697546799   2.888034418749 
 4.410345715167   2.302238562250 
 1.160034599185  -4.882238966050 
-5.282101276372  -0.260351800963 
-4.946532812594  -2.031294033604 
 4.658694907588  -2.932906820501 
 2.758289405702  -4.851271426878 
-2.770574749280  -4.847209293279 
 5.613569057381   1.190021281973 
 5.743762379402  -0.421409016348 
 3.467725079231   4.603976457445 
-4.411761537580  -3.820673658060 
-2.177181424652   5.459713469099 
 0.589007253525   5.862610965385 
-0.847878632710  -6.011753449586 
-5.336152726056   2.987174547689 
-6.027674961922   1.480119341445 
 6.090099854690  -2.226063636845 
-4.517611182339   4.870932145351 
 1.654994213299  -6.564593203956 
 5.883594272332   3.649738153884 
 5.531912321054  -4.257996208844 
 4.046073454981  -5.704019028525 
 3.199585655918   6.327690739062 
 1.416934316786   7.151113585513 
 5.025985052486   5.316785276323 
-5.663964037584  -4.709974631269 
-7.457394277648   0.425638375425 
-2.984942353660   6.903949089632 
 7.532743142394  -0.227009057131 
-0.965296860913   7.512348680819 
-7.341734608863  -2.210631988659 
-6.435877339041   4.183445789025 
-2.557210031533  -7.303463059191 
-4.419930316877  -6.663576046135 
-4.920799418370   6.372351918132 
 7.395357196472   3.269322208044 
 7.532815973971  -2.968505391517 
 3.753790822425  -7.254795016144 
-7.714143588853   2.728883538456 
 5.793477547534  -5.963461919182 
 0.036764947122  -8.447834926323 
 8.315931680174   1.517421238689 
 0.229796233583   8.561094774828 
-8.614745657072  -0.785866640050 
 5.662532833316   6.714367183556 
 8.767835545435  -1.339929557219 
 7.537546722524  -4.820973081650 
-1.514032739934  -8.875072390933 
 2.638024915720   8.672933538444 
-7.944627497170   4.439619255590 
-3.725593330507   8.312561727225 
-9.133433765333   0.641238299407 
-7.938702654436  -4.602436089162 
-3.643840981178  -8.422012614966 
 2.069920865765  -9.133595637371 
 9.429650800508   0.213418798412 
-8.882569830547  -3.390143819940 
-2.243917588914   9.273054757676 
 5.051307065061   8.117458683202 
-6.750389510731  -6.828672591966 
 7.190406644732   6.396451698441 
-5.207097820448  -8.192873275458 
 9.140453330815   3.307704213269 
 9.135565126009  -3.326100402644 
 8.427503611694   4.925936861696 
 4.730415539051  -8.586636936429 
-9.189670840611   3.480317911094 
-7.562749995950   6.384761207962 
-5.750264648439   8.069539917666 
-9.715081791853  -1.970913535009 
 0.398108789239  -10.093078430590
 0.561541095090   10.172867741575
 7.192616072321  -7.381040468903 
 3.537690014291  -9.745211973177 
 4.058573455481   9.551775355969 
 9.028945604538  -5.150339981774 
 10.221004260514 -2.018953078685 
-4.589996592697   9.545200367530 
 10.471301217271  1.836283949824 
-1.431220233664  -10.624275653047
-3.851048743150  -10.138480618179
-9.273661794331   5.687766999547 
 2.656126672751   10.627299989691
-3.212992782578   10.522065793050
 6.643914878463  -8.846827273046 
-0.963170913309   11.114717570864
-10.030447274545 -5.041791163916 
 10.417175560723 -4.237988122151 
 11.247820394289 -0.024428189799 
 8.759732303839   7.161181024781 
-11.074995961496  2.524953333669 
-9.164223406436  -6.759487388433 
 1.503424384964  -11.290700923452
-6.339158258447  -9.527893819715 
-11.492151188818 -0.837430835836 
 6.622819318480   9.460696402484 
-0.187674613002  -11.613770081750
-7.571831891529   8.817174665210 
 10.211757928109  5.598453600924 
 7.962303529868   8.542145326757 
 4.852520668243  -10.651258334509
-11.904859043385  0.739626309818 
-11.521191105108 -3.199404953610 
 10.419592868131 -5.877885374648 
-8.208254033386  -8.757111603579 
-2.381865756721  -11.792021739354
 8.508922731609  -8.581098985849 
 1.658091813679   12.006205906947
 9.570345019399  -7.500811861921 
-9.155710530572   8.108785096883 
 3.644904571869  -11.683908173246
 3.696402122261   11.863469021808
 5.445154002562   11.241821565740
-11.424345824687  5.108179173773 
-0.271029034053   12.520741361346
-6.592261038300   10.659335117658
-4.432315187013  -11.770385502558
 11.620552236631  4.812550974128 
 10.376959997927  7.151207023234 
 12.173597864124  3.315524174613 
 12.045586495528 -3.786338263812 
 12.611398202034 -1.610467623761 
 7.002080054981  -10.639827748554
-10.543545021569  7.257927962327 
-5.354811958961   11.663754609147
-10.213067950723 -7.873012659700 
-12.103777079120 -4.691972572068 
-3.940815707610   12.429159084859
-6.573259743818  -11.348157706305
 1.176752593673  -13.075701116960
-13.053426974854 -1.423545477592 
 8.382931293698   10.118773798168
 13.108039723082  1.528258605694 
-12.912466733917  2.985722133790 
 5.788643102981  -12.070716340923
-0.301856901798  -13.389271331905
 9.982153148570  -8.971340860460 
 9.964610050244   9.040309107945 
-13.437870322515  1.056403101543 
 13.554684838894  0.065967831982 
 11.436642681604 -7.315835358737 
 12.199424438022 -5.978753777565 
-2.410895472768   13.410877444678
-11.681953922507 -7.036516088961 
-9.278990081212  -10.016190619348
-2.884465831837  -13.390709661760
 11.965219376657  6.777693660189 
 3.329692867413   13.361409219696
 3.835230914215  -13.314096291190
 1.114229018799   13.833669074933
 5.366852235080   12.828107747848
-10.132103078654  9.621402476598 
-13.520792876605 -3.531192508861 
-13.032539862234  5.243797793891 
 13.264000781375 -4.906048247512 
 8.085343588492   11.605066659985
 9.606330709284  -10.427726464215
-4.559533461811  -13.473134351780
-12.982830602351 -5.964172713880 
-8.132014946017  -11.828318741782
-10.991187512769 -9.295252652158 
 14.358825617886 -1.402897340814 
-6.460136505416  -12.918486217056
-5.416054204309   13.477735615764
 13.809235706930  4.555708325611 
-9.374453962732   11.132783933240
-7.024289112019   12.765444038108
 7.519709158801  -12.528662312014
-3.765464388520   14.190855557822
-14.499419812775 -2.345551660260 
-14.527852280103  2.397763246656 
 9.906175857983   10.920414819736
 7.038893591343   12.959849754904
-14.741822448435 -0.833475433756 
 8.958804282431  -11.823360829060
 0.744129382262  -14.818374891078
 0.018569035737   14.893222199451
-12.624022075049  7.915219827008 
 14.580178605323 -3.161492725292 
 2.730468287506   14.775459121639
 12.202878142191 -8.774033394840 
 4.905828191432   14.261656337809
-11.879320233818  9.396242361668 
 14.889558156374  2.814854443831 
 5.411324147595  -14.164171880829
-3.680090062093  -14.710965495084
-13.670153943336  6.684546467873 
 12.663825078419  8.630406740757 
-15.315382587659  0.983056523906 
-14.911163665463  3.907375045004 
 14.119059369209  6.235807260386 
 2.550542441704  -15.239297457890
-10.950779180507 -10.942788877798
 13.994107566289 -6.774778090960 
-8.578260477102   12.989275804637
-2.261768948177  -15.426633686719
-5.582692911563  -14.584701050114
 15.562612994601  1.413662417452 
 8.974953625735   12.851112049813
-11.037112278685  11.164598293063
-15.132385383335 -4.316214946229 
 11.957022768433  10.316914224812
-7.937445973871  -13.677272541895
 14.834990334089 -5.500891564369 
-6.782695383343   14.311398485337
 4.139837726350  -15.287449724576
 13.657845015028 -8.378389206768 
 16.042527662732 -1.263453732423 
-14.887178643648 -6.141654208029 
-13.660105443953 -8.600068842733 
-2.571140906230   15.980709214182
-4.769822603410   15.489228648502
-10.355762026702 -12.472403662197
 10.511988858706  12.376854277753
-0.800183378756  -16.282571747663
 10.003969140681 -12.903359680139
 1.176612253927   16.381105702216
-12.451848856830 -10.737767935584
 15.735187614942  4.880214696133 
 3.426094889097   16.115622596281
 11.846513777699 -11.471700711736
 1.414597716872  -16.452240571102
 5.831179176690   15.492003797771
 6.610137220545  -15.226108258755
-16.434194142404 -2.387771972700 
-16.629929270369 -0.433517027406 
 13.096852487217 -10.286494416881
-15.811307400908  5.416653458491 
-15.020711555592  7.347748354067 
-16.559423857239  2.462366435804 
-10.225913483025  13.346375599518
 16.450696176979 -3.481699351419 
-4.712954895118  -16.178896790402
-14.223463391752  9.128421804517 
