 0.706951511535   0.260147180064 
-0.707585086774   0.847952651558 
-1.559604892602  -0.643494638898 
 0.496888343161  -1.685603958227 
 2.251373376898  -0.215973270362 
 1.204665310443   2.319585982241 
-2.078080762591   1.824857346755 
-1.673968700158  -2.463316159428 
-0.182392100727   2.976198962941 
 2.639064799572   1.431687360782 
-3.236130640576  -0.012095612175 
 1.788213183074  -3.116404988545 
 0.148413896964  -3.595463464362 
 3.558985154626  -1.505192230083 
 4.034716996616   0.320041302286 
 2.868918734793   3.038216540383 
-3.967194062283  -1.466107117736 
 1.559775957170   4.130436272132 
-2.012883133346  -3.948899291122 
-2.724357553271   3.758559794934 
-3.896785341557   2.769455003700 
-0.237591843982   4.890344884059 
 4.269346821212   2.422103895259 
 1.282766925591  -4.957684210359 
-0.253470811164  -5.138711097430 
-5.118698652902   0.880027155861 
 5.129559514832  -0.823657424957 
 4.798384358601  -2.469488072231 
-4.126056809730  -3.480205665551 
-5.749950006556  -0.804775339967 
 3.529741834619  -4.640629486692 
 5.703572808158   1.526832811153 
 2.820010597940   5.238263352822 
 4.321518725699   4.293704680643 
-5.552986139220   2.908544274901 
-3.269419219131  -5.372724910482 
-1.737858885210  -6.080542209049 
-4.274345375964   4.736069317725 
-6.122334292507  -2.323162722043 
 1.700773412782   6.331089365618 
 5.739939915956   3.405554162499 
 5.512886019831  -3.790756632542 
-1.368782981043   6.584637873863 
 6.747196165244   0.446334947334 
-2.962448810584   6.100416679349 
-6.642683230473   1.856046112837 
 1.914690145962  -6.904968172731 
 6.696127052152  -2.836443845195 
 7.161934755681  -1.395128736184 
 6.990840649766   2.485973993516 
-7.445311815195   0.454197389418 
 0.351404768985   7.463731475622 
 5.578944684966   5.148587998463 
 0.042252242295  -7.596598843723 
 5.157802769897  -5.581975286904 
-6.254111504930   4.444007841311 
 3.482111458986   7.046539155999 
-5.397232425057   5.784839430334 
-7.742194818313  -1.654899127458 
-6.619549478293  -4.519398205353 
 3.915239118909  -7.073392143889 
-5.293527248641  -6.180100984925 
 5.029718197726   6.579993056516 
-4.453144657602   6.986836685621 
 8.417097209123   0.203023730604 
 7.211836762940  -4.404696019640 
-2.135813444313  -8.258147712584 
-7.639432310806   3.852870689907 
-4.200564389388  -7.499255956618 
 8.475149722021   2.121460290867 
 2.626009561608   8.340010816384 
-0.441921549111   8.824287076139 
 2.956316371046  -8.360920584396 
 0.449373163062  -9.054554463013 
-7.247514549174   5.579878453870 
-9.155877293058  -0.692456130031 
-8.334501964409  -3.875287736966 
-2.857685191613   8.738839723964 
 7.618247351917   5.175708388122 
 8.829499906073  -2.654191740621 
-9.033509165091   1.898156015669 
 5.874094603246  -7.186655992873 
 9.289450596819  -1.110253070571 
 4.288308820324   8.353906122407 
 8.559406943250   3.862017061127 
 1.020428144588   9.487624200441 
 7.459220455179  -6.132792511256 
-7.517566456742  -6.183823267152 
 9.813308627647   1.075806936907 
 1.845393711535  -9.708302400699 
-9.533898532936  -2.795242614569 
 4.997656598189  -8.644416671058 
-10.016674970921  0.690653202154 
-4.455306047025  -9.029077633411 
 8.920110771460  -5.069834307934 
 6.929417750432   7.613193899307 
-1.462198187209  -10.193966741000
-7.069056288711   7.534058523994 
-2.186154915199   10.171289893243
-9.097118751715   5.161282821678 
 3.356867837688   10.021398005026
-6.845866371406  -8.115097540765 
-5.799289790772   8.909333018029 
 9.229078727699   5.344124325608 
-3.715292752146   10.079791793291
 10.426040344000  2.735919442493 
 7.023456113617  -8.205493859917 
-9.128976392897  -5.869103610322 
 5.837171350268   9.160430237955 
-10.853281882781 -0.720961389763 
 10.981276310264  0.035491723940 
 10.499308002588 -3.406068566830 
 4.593894443108  -10.121884483345
-3.649885693534  -10.530996153848
-5.990914469124  -9.451293190620 
-8.826107179719   6.920510682494 
-11.035915080903 -2.292866583474 
-0.639593989297   11.269540692513
-10.470800661123  4.400323135160 
 2.918433612210  -10.980629595562
-11.220484763492  1.929770656128 
 11.319838181181 -1.878774660836 
-0.780543361812  -11.550715501626
 9.695506193155  -6.360474582572 
 4.980256113387   10.481822739679
-10.910551552184 -3.962163467395 
 8.787218845912  -7.618761462779 
 10.624453893523 -4.987708339368 
-8.688129449920  -7.924917404299 
 7.779629551210   8.891112337248 
 9.220325768951   7.434142260877 
 1.033406950289   11.867317346655
-2.286022975703   11.821176499824
 0.683524675103  -12.096136641607
 6.681780773890  -10.176631391591
-6.478070059572   10.384472515850
-10.389424131805  6.734120720747 
 2.184645900731  -12.311255957067
 3.046053383605   12.149257049703
-11.000333500683 -6.137445937290 
 11.735502531651  4.825437688543 
-8.509144323400  -9.441358300334 
-8.456312608459   9.500905214959 
 12.196562658615 -3.814801916171 
-12.778487785743  0.296602042545 
 5.676675094752  -11.474180568881
 12.819783217877 -0.524310927540 
-6.263227458821  -11.201516443540
-3.075303672011  -12.485474169346
 6.454072808156   11.127873725100
-0.455936567008   12.875928941118
 10.307906763350 -7.752478227606 
 10.747217756943  7.176624598882 
 12.905160672771  1.188997289492 
 12.880462809835 -2.070202970053 
-4.979232403136  -12.100021526645
-12.117738657005 -4.967549478226 
-12.636678742031 -3.468077493362 
 3.872318060058  -12.587799182974
-12.835654703050  2.981877949122 
-12.179627611431  5.271127294363 
-10.114427097152 -8.648301537617 
-3.913261706822   12.726075871844
 11.539005925798 -6.716121435980 
 8.627055092085  -10.196062084115
 1.822677423229   13.237693414933
 5.329345433203   12.295215309733
 12.931850081642  3.549247274139 
-5.401076297091   12.397904421373
 10.203088854940  9.118967848467 
 12.156174479131  6.316212189677 
-11.205074880344  8.004618891854 
 7.444656427092  -11.586026856173
-13.725462158800 -1.429938918732 
 8.797540771111   10.690069336442
-10.183194835310  9.419935459573 
-8.464231131044  -11.072590259576
-11.605683881480 -7.865704009432 
-14.009327240216  1.533453233232 
 4.096714716698   13.517516061184
 2.630567722289  -13.926546204981
 10.312425987768 -9.785240641872 
-1.624944508984  -14.137950118533
 5.890398472295  -13.018573924076
 0.218677626679   14.295541192193
 13.676887795594 -4.238193646530 
-10.124672771493 -10.185336693666
 7.914465896589   11.986538425658
-2.630699077668   14.145001186352
 0.002833150003  -14.410221681932
-4.002831863610  -13.850890794967
-8.381645252765   11.753139320396
 12.005678683558 -8.171528561700 
-7.129698003027   12.683342740804
-7.666092744484  -12.405265422104
 11.709085705783  8.722496631787 
 13.272796161760 -6.095294113390 
-13.195869102072 -6.299911564671 
-14.063709506883 -4.050038333568 
 14.692487805435  1.708291371873 
-14.908289705220 -0.312010773873 
 4.111516610540  -14.338716507384
 14.696454202937 -2.590820936199 
 2.985039133427   14.643777795849
-10.062298421354  11.088368091030
-11.593278127625 -9.514215200607 
-12.780432528575  7.850800876319 
-14.793639575090 -2.543613837784 
 9.939992538768  -11.308619969682
-1.211556632763   15.009575000604
-11.729411483236  9.462302997580 
 14.693223720880  3.604795018428 
-14.020791215291  5.904230677365 
 8.134739213334  -12.922758605422
 13.187998708002  7.815124185567 
-5.968988028740   14.153712715677
 6.497009006525   13.926361705394
 15.386711845981 -0.239889006516 
 14.200055834787  6.110956481312 
-9.638112097633  -12.177890042838
-14.951910144103  4.603431136256 
-6.514940333970  -14.291330194888
 1.054624866714  -15.682589805376
-0.960771444115  -15.710611787093
-15.624976131079  1.908017858514 
 6.517582765487  -14.400130625400
-9.613668773009   12.615511502769
 12.179363932889  10.247167386437
 9.354482844592   12.920019734566
 10.563531401424  11.965387968794
-4.373121178726  -15.376026333730
 2.921223721006  -15.736806853200
-15.220984385575 -5.037122946001 
-3.984489555446   15.566728751369
 1.124591385978   16.112165906212
 13.970483999252 -8.107904286487 
 13.104442811694 -9.449683702374 
-8.720718250971  -13.705129679248
-14.955502844989 -6.526454802956 
-11.564041086231  11.543152368576
-8.142319106878   14.191415594263
 3.947949854273   15.913119963642
-11.605913973564 -11.581675458663
 7.939544274321   14.348223837699
-16.349573438767 -1.325020959121 
 15.695893910420  4.809804684514 
 15.892034478306 -4.199512797848 
-2.709453342217  -16.232230947127
-13.421617686690 -9.554265539829 
 13.589135294171  9.346031073494 
-14.833935215188  7.242513868476 
 12.418222713063 -11.020197974296
-14.517356109042 -8.070123576887 
 16.375459446048  2.779932545984 
 15.588416637058 -6.017203523732 
 4.774361547854  -16.058134682221
