-0.165821636319  -0.175428010507 
 0.531102640074   1.538393106028 
 1.685657368104  -0.364381233440 
 0.340828757747  -1.751197962308 
-1.578897470641   0.970005498168 
-1.497208713116  -1.451851707525 
 2.136897961065   1.075135553505 
-0.776511347993   2.391145468640 
-3.081899813153   0.476392504449 
 1.769976340233  -2.632914104284 
-0.012642757452  -3.318323230101 
 1.940647140319   3.038636145803 
-2.913033987440  -2.420310436694 
 3.934400818683   0.149656864922 
 3.442239950272   1.915974560792 
 3.297071123824  -2.320592045593 
-2.286488552680   3.647102605864 
 0.228498469418   4.333253010739 
-3.825813643818   2.137094908755 
-2.088074221967  -4.335277102473 
-4.827745324789  -0.816842569397 
 2.435001312643  -4.344793581529 
-0.679321898975  -5.117088548591 
 0.856648137886  -5.247355400323 
 4.974999090347  -1.973151170187 
-4.112244328094   3.680149589995 
 4.897405254222   2.547735904106 
-5.398109217625   1.791773282064 
 2.464340618656   5.149762958889 
-1.677190591208   5.553056797650 
 1.000575485658   5.772463619352 
 4.133917552611   4.269239628623 
-5.292756576169  -3.041806263507 
 6.139446331928  -0.528953753160 
 6.168188918572   1.498391968212 
 4.139774318175  -4.951026682330 
-6.528942860366   0.412489605548 
-4.137858383462  -5.098137692243 
 1.982402981463  -6.388276273223 
-0.280990722440   6.692342195405 
-4.395157252864   5.154788769866 
-1.648031663856  -6.598405141374 
-2.970398503208   6.315972605086 
 6.713103127229  -2.067229679104 
 5.626214957488  -4.262029167502 
-6.809366259840  -1.930116295345 
-6.221029303761   3.866806732695 
 6.797522289283   2.876515419874 
 2.650006860523   6.925496125141 
-3.647663846792  -6.582005619801 
-6.169443014645  -4.458250594181 
 7.613916160222   0.696451500982 
 0.191751350837  -7.715538514512 
 5.179495076918   5.775592677160 
-1.710081150299   7.672576471148 
 3.774103549882  -7.092986505180 
-7.461748705577   2.980053475984 
 6.705936069711   4.593854570850 
-7.406875030717  -3.355677507547 
-8.113162705694  -1.024004114841 
 7.218983798272  -3.850498180858 
-6.109692119279   5.450549938964 
-4.367919522407   6.946499971309 
 8.334268219105  -0.890253490539 
 0.048392492126   8.402869825123 
-2.798304342495  -7.996398139686 
-5.259034516561  -6.741281661031 
 6.400122878807  -5.715424356991 
-3.272776956042   8.048264743707 
 1.584747720279   8.656211597824 
-7.617246379172   4.535112815785 
-8.708494121485   1.829892753996 
 8.194326964907   3.606569963729 
 5.379032668411  -7.193197618150 
 2.924917730326  -8.568312959619 
 1.278248738406  -8.969315456851 
 8.626587720145  -2.770452618839 
 3.712456698971   8.292078258017 
 8.930497627568   1.881389840985 
 6.806049258595   6.139419837715 
-6.836665540148  -6.123052281649 
-0.289381047185  -9.273592240118 
-8.116959119351  -5.220422465892 
-8.970030500980   3.641153249855 
-5.721569359490   7.827835708242 
-9.767276737837  -0.151827767985 
-9.087259597065  -3.789853056513 
-7.260245668080   6.695156940124 
-2.015004572692  -9.670969857826 
-2.647852629228   9.519819337544 
-9.689397750713  -2.160522154706 
-3.950001750349  -9.152417214443 
 10.042188308248  0.859682357247 
-5.468660276544  -8.471402827889 
 6.502623836736   7.900431794787 
 9.494321030103  -4.089755997943 
 4.696160730436  -9.247749436808 
-8.633393074116   5.773256766264 
 10.298461059445 -1.464182838018 
-10.356546573897  1.235515116153 
 8.894823312073  -5.472863939257 
 6.378023943019  -8.467133629658 
 9.654469670560   4.590263789119 
-8.248194149879  -6.829426069203 
-0.227865057896   10.706489198078
 1.959550740920   10.566229589970
 8.823611115411   6.193790785266 
 3.414240222297  -10.295827578831
-0.604957675804  -10.836761970148
 8.275568891954  -7.237415930316 
-5.543518572686   9.562202574419 
-11.087030392172 -1.077056430846 
 8.119267683561   7.651998181232 
-3.950653810940   10.505116896535
 6.165332597236   9.468504755968 
 1.380995731919  -11.224436345105
 4.551095065612   10.521055104612
-10.350301635534 -5.058715231637 
 11.371608551072  1.857837321453 
-9.025825785904   7.247538941758 
-4.313326083074  -10.759703452996
-7.704060385767   8.702256175080 
-10.185236661870  5.669657623003 
 5.979466623286  -10.047357408332
-7.686929916217  -8.830692861159 
 11.703479153110 -0.596330318474 
 11.070340989349 -3.851101870157 
-6.281570031230  -9.896465907700 
-11.102527684002  3.789397996051 
 0.905410598179   11.744521186796
 11.251372370200  3.691379969324 
-2.494502889801   11.584469553958
-9.907394601972  -6.653190506396 
 7.896156535953   9.174502432496 
 10.661273744667  5.790471253336 
 8.060120320902  -9.177484372719 
 0.237886724972  -12.216487667123
-2.754718496033  -11.933774153663
-12.066880191203  2.259655715298 
 3.419940458664   11.835512348357
 9.775589233975  -7.758048995126 
-11.906404039271 -3.763078037540 
-12.598937695128  0.112783013304 
 5.407549941123  -11.460779181886
-12.681533053367 -1.483691581433 
 1.864473432992  -12.683311249371
 12.586157866991 -2.802095986462 
-6.423549543591   11.197306089315
-0.200679280152   13.015191358903
-4.218119520402   12.335876657285
-6.006460372460  -11.607393735831
 1.945191295836   12.932729197323
-12.033372402189  5.221574706612 
 11.234063475538 -6.778687292397 
 10.868690746383  7.400947435694 
 6.634096748452   11.357720721701
-9.056722148958   9.634831953326 
-9.574544978562  -9.224367909270 
-1.517503479260  -13.253262705436
 12.666553973918  4.200449930555 
-4.277723896537  -12.659094925135
 3.384967925416  -12.931926193419
-11.791786745677 -6.309094413840 
 13.350442885956 -0.809628286850 
 9.918269997435   8.997590458658 
-10.609956259244  8.381551543245 
 7.873225155129  -11.013931634486
-11.667690058102  6.897684353745 
 13.523444072770  1.124506205496 
 12.542541868493 -5.198963893746 
-8.575317768011  -10.667163101622
 9.667653344919  -9.690596927531 
 8.634434872106   10.639530881118
-13.617092905501 -2.667260790326 
-1.736181844550   13.780278234391
 0.608235011327  -13.881443552594
 12.640589192225  5.834485525015 
 11.101636668676 -8.481982258153 
-13.823775981302  2.163777404604 
 5.084964034670   13.093178193581
 13.829012348169  3.102573255192 
-3.117197080387  -13.842376438011
 0.695293300649   14.250800340866
 3.177164883602   13.917350561418
-7.490649488904  -12.215185296880
-13.744678789500  4.122800064300 
-14.310771581754 -1.173104712761 
-13.762350001853 -4.380203555270 
-12.122261335019 -7.967851399270 
 14.511065600384 -2.173888610737 
 6.680726928670  -13.109693385758
 12.123074176690  8.353023851661 
-9.093138151226   11.596020935858
 14.769712636369  0.243462782698 
 14.213494711680 -4.079185996156 
-10.980413304050  9.904567744382 
-13.495443208543 -6.097953377623 
 10.369222815854  10.592701412974
 5.288887530493  -13.914306573395
 1.759943632214  -14.868422283694
-3.230703149854   14.653832192148
 13.570130966344 -6.437918887104 
-15.014276053118  1.027453168491 
 8.313161367323  -12.551172323761
-0.451854824808  -15.159034994790
-5.067217025792   14.418278139651
 12.920598602955 -8.171946482055 
 4.632229786151   14.603021644569
-6.503804472250   13.970126115864
-6.826931395652  -13.831384626765
-11.005566397149 -10.830176882635
 8.143834266453   13.120723795868
 3.277003566143  -15.091267135823
-9.175157015377  -12.430918385682
 10.849727331514 -11.004604651678
 14.429608681926  5.574857348445 
 6.446937756543   14.068366621937
 2.177421757568   15.326117415621
-5.154667620368  -14.614772943394
-15.201683241664 -3.547116624821 
-8.164840253459   13.307401695439
-14.295437030510  6.350338630725 
 9.495035570878   12.431149153198
 9.859621654144  -12.181592798946
-13.054911909700  8.788764763448 
 13.724423793161  7.775905095525 
-12.332731947863 -9.867798755735 
 0.434284770130   15.855097919510
-1.170846263974   15.845395946732
-3.223057992983  -15.599046314688
 12.285021396150 -10.237561045229
 14.992064142961 -5.593144065325 
-15.842063484800  2.820546595065 
 16.072968400097 -1.303220979370 
 16.091701574638  1.743504516797 
-12.408788598003  10.473230375412
 11.665833418479  11.401196919022
 15.658333204734  4.587371629025 
 8.315141753585  -14.159690657976
 0.638366860023  -16.431281469622
 16.093177421143 -3.557830318911 
-15.926605590332  4.368530357475 
-10.759429616240  12.628231520452
 3.834474650852   16.175340426598
-3.608254145277   16.231348133075
-14.934229573651 -7.328472819570 
 2.384626458828  -16.564385716139
-16.751433141764  0.541587155601 
 5.610913156709  -15.806780686340
-5.296214898488   15.969225175584
-10.685081637434 -13.003483404054
 3.933474864995  -16.454760958344
 7.138267397913  -15.385902277248
 6.241740673264   15.809639840974
 9.566387927736   14.051389223918
 14.689259878059 -8.559631260053 
