-0.029376761964   0.582060726963 
 0.938738466867  -1.332049547357 
-1.031489522342  -1.410930436215 
-1.780406400915   0.012058139186 
 1.704678214612   1.536359637966 
 2.311163862031  -0.166019059758 
-1.864994966255   1.542665953828 
-0.748430616640   2.623336692988 
 2.655583481688  -1.679311725464 
 3.194290249825   1.081750667549 
 1.019196882469   3.234474865318 
 0.943336025028  -3.361949440336 
-3.552638853211   0.673538225671 
-3.444470489192  -1.112173427854 
-0.586159418229  -3.704306534268 
-2.234897545028   3.092869427522 
 3.337517416575   2.786701151270 
-2.125255417090  -3.858204625338 
-3.705080823303   2.526522925883 
 4.489692264438   0.088163123682 
 4.162902777610  -1.722237121582 
-3.477074853552  -2.880812325674 
-1.531511021704   4.478490889443 
 0.651135589523   4.806778835514 
 3.693983224114  -3.409641533770 
 4.749972799429   2.004797450040 
-5.013687021570   1.533699224057 
 1.200725355715  -5.319732573401 
-4.976840644082  -2.565231107128 
-5.780250819574   0.037700583628 
 2.210759677968   5.448986043762 
 4.026409306939   4.320183807654 
-3.977702986858  -4.511783964316 
 6.016456971986   0.336617419130 
-3.697120589428   4.801894106348 
 3.489622399724  -5.116329234818 
-5.162973235596   3.563112911587 
-1.064485870433  -6.183433761484 
 5.807933875240  -2.903803806497 
-2.695750886173   5.922578529999 
-0.943006061186   6.532390980476 
-3.161338115574  -6.072673407766 
 5.587753268859   3.981398854151 
 0.656548258493  -6.876671321564 
-6.625513120523  -2.000594995025 
-6.812832132423   1.891385976820 
 2.498991765470  -6.841901445040 
-6.325171850488  -4.060748055624 
-5.054522737224   5.666320524827 
 7.523097172344  -1.320115494775 
-7.634548292730   0.239849024792 
-6.318125922594   4.710066236457 
 1.188256316986   7.792244641375 
 3.292547611411   7.219745989827 
 6.776734063578  -4.144875549991 
 4.786868270229  -6.418281884610 
 7.713261260838   2.447258364969 
-1.879349336969   7.951700532043 
 6.031432147849  -5.545028160252 
-2.996087418080  -7.828343271901 
 8.406019712070   0.515385507687 
-3.943030360209   7.471078878757 
-7.824799763883   3.202133175021 
-8.432497638046  -1.109154936593 
-4.667608769962  -7.126496712479 
 5.495562440044   6.515313566011 
 6.643494549429   5.485314398159 
-6.222311898298  -5.989614154945 
 7.708061736948   3.956209608753 
 8.082046154393  -3.241595528880 
-8.676564606135   1.384627471228 
-1.642738342054  -8.646858351522 
-7.643950516008  -4.908579472553 
 0.642193016694  -9.090655229312 
 9.007175126672  -1.936007072637 
-6.287152803409   6.961080306084 
-7.864009650344   5.138512737018 
 3.268753459240  -8.856957023408 
 4.118711937067   8.573673386782 
-9.186484029422  -2.598151550937 
 9.393798687664   2.314855315222 
-0.256980484811   9.674603546786 
-2.253239649024   9.504677597749 
-8.935687003929  -4.114553244487 
 6.348772759603  -7.607367695201 
 5.832722842748   8.023808305507 
 1.494539482054   9.854024811623 
 2.999300440324   9.645186435620 
 9.137373975684   4.444004596688 
-10.168388085544  0.053768487070 
-4.923285670140   8.935918593619 
 8.495925371189  -5.805435344182 
 5.144710520323  -8.936131382547 
-7.827549102346   6.719860544780 
 1.986655145739  -10.154612655720
-7.244330189837  -7.466039141069 
-2.007949555535  -10.233230552561
 9.439466788183  -4.610589964378 
 10.740068044215 -0.397601979771 
 8.970379922971   6.057303637075 
-3.971764872415   10.118290403382
-9.266451076460  -5.721459191521 
-9.910019972821   4.635422910199 
-4.352067966494  -10.077838001799
 4.486868919845   10.040015502448
-10.593643570013  2.982242346121 
 0.420669750066  -11.006794661570
 7.952416522326  -7.630399286447 
 10.945367426751  1.815696644340 
 8.310804782573   7.414389073635 
 3.833879094171  -10.546395023448
-2.211262941036   11.007178154605
-10.778443681796 -3.177342179084 
 10.715626806089  3.396160602564 
 0.101493359439   11.389249842902
 2.030451235445   11.269201007576
-6.005515818457  -9.766528081001 
-10.530648519892 -4.748932047300 
 11.239205867822 -2.706398317836 
-1.274115980569  -11.543563643501
 6.126867375637   9.912519015264 
-11.650059508624 -0.285521943594 
-6.478986889756   9.705555549139 
 10.915202463752 -4.172794922528 
-7.841884221667   8.835044090136 
-11.674217863532 -1.897181848875 
-9.232233651461   7.433621682710 
-2.983902545215  -11.485935279227
 2.608789976807  -11.662500017404
 6.529781508077  -10.043452486562
-9.479264499158  -7.393583360342 
-8.388657529097  -8.635474547681 
 12.052279492229  0.792280271752 
 10.130239063622 -6.699584265944 
-5.246662945778   11.161973324354
 8.617156874367   8.952599046827 
 3.763711769135   11.862243046112
 1.039157924351  -12.439024971764
-5.537111336165  -11.203497388747
 5.290150358527  -11.380553696752
-10.722374080042  6.539610715736 
-12.553651463623  0.967942828418 
-11.013962953739 -6.329978649554 
-11.826320621354  4.701678036010 
 12.769490079828 -0.771115843308 
 12.011245492802  4.416629831033 
 8.195325918453  -9.852564958338 
-1.516410454822   12.730056871036
 11.187934616635  6.425680013157 
 7.790031995449   10.301713021926
 12.718590589932 -2.431532520388 
 12.757633915867  2.321195002530 
 0.275075279745   12.999411154358
 4.099081867863  -12.350101370741
-12.625640856770 -3.329638355637 
 6.289880301366   11.545669352249
-8.210613987124  -10.280796502300
-12.910954015204  2.549017563365 
-1.904610927051  -13.044445793803
-7.698276796301   10.754081758873
 9.820438474505  -8.890981720084 
-4.079134552618  -12.732157324826
-13.442754970428 -0.259280715492 
-3.180824947390   13.114909987600
-12.327784067295 -5.517155332044 
 10.754142213249  8.228696528847 
-6.966415576853  -11.685124565750
 13.589677649463  0.787759332646 
 1.814878373027   13.545026972172
 0.020987263659  -13.674414212362
 7.580404420059  -11.385042865282
-10.755679346730 -8.468686392465 
-5.236744996033   12.770734585542
 13.074323907121 -4.461004323422 
-9.183211930080   10.483022042245
 6.361675045108  -12.496065432284
 12.654615847797 -6.149360092582 
-12.488217590800  6.491436149243 
 11.524670036961 -8.105656348188 
-7.091879559038   12.213668186690
 9.516966833629   10.528235066348
-14.081575858168 -1.941897641021 
 13.635220549225  4.083671697619 
 2.633858245956  -14.004196235448
-10.750994649406  9.381594009118 
-12.369550134128 -7.177442553213 
-13.579983143363 -4.593425426652 
-10.315346995704 -10.167857864587
 5.265832357144   13.544140693944
 12.226778248206  7.859331250810 
-14.397087756876  2.316888212272 
-8.726772896127  -11.742473479020
 14.419315538143 -2.699379995571 
-14.667231829459  0.690949883598 
-2.435059910456  -14.488441912531
 8.154732920916   12.278998201560
 14.747911703507 -0.300780381686 
 1.106323536736  -14.790822752403
-5.707018426980  -13.698629687212
 10.533245782863 -10.474122194245
-12.174298404462  8.525688296247 
 14.746007311222  1.904337160486 
 9.162908834483  -11.819905078598
 13.751283038140  5.980057261062 
-1.208454701235   15.009000242827
 11.335273268974  9.949886313151 
 3.382390328712   14.702076657184
-14.551870396380  4.299160206727 
 0.301061714652   15.206730672376
 5.173430578262  -14.350007308131
 6.874624046909   13.637196616970
-6.151127229329   14.015388199338
-2.777066226122   15.186115177751
 9.712619872233   12.038988807914
-4.307083347176  -14.928147538726
 13.435991465291 -7.857201609608 
-13.973707508856  6.880004836178 
-10.210231638319  11.862144131400
-14.361499296427 -6.289912712767 
-11.472387159356  10.813021060508
 7.196440000597  -14.052421683998
-8.485523297937   13.334489345198
-4.332798506120   15.216215342620
-7.378326088024  -13.996713456187
-12.539363452830 -9.664532564879 
-13.622716351455 -8.161442481967 
-15.112620995034 -4.911864977382 
 1.719915804731   15.803920126535
-8.747173158152  -13.325916209578
 0.005270024381  -15.951144343460
-16.112466898085  0.107630298271 
-16.028108894957  1.898959550626 
 13.941798315220  8.172978062996 
 16.226585169316 -0.767262323802 
-12.886512026675  9.895150454241 
 4.594285080239   15.586620505514
 8.481841756791   13.903208933622
-13.815746629310  8.711548678866 
-1.618328093000  -16.262502980154
 11.004146173363 -12.089384356373
 6.071906135086   15.220646861597
 14.884421349690  6.999976375251 
 16.290044433495 -2.386415052794 
-16.361729373316 -1.849103426204 
-16.119178668612 -3.430409112319 
 4.163905600169  -15.960001546431
-15.321786935913  6.118270309832 
 15.713648181537  5.070789851355 
 12.073891210220  11.367804439554
 15.300876139839 -6.526288704182 
 16.445615718300  2.815250644884 
 15.909279415456 -5.061585801657 
 2.156754887237  -16.631870857608
 13.283906749887 -10.252182817975
 16.829312591137  0.703350824363 
-11.465007657352 -12.407648953224
