 0.097121519636  -0.119210615022 
-0.579957753795   1.543388092128 
 1.676306694282  -0.056162324603 
 1.230274470925  -1.555778774526 
-1.997836959151  -1.044194080584 
 1.445916663880   2.216828017170 
-1.135538204214  -2.471654462249 
-2.656993505827   1.380011157077 
 2.922279794324  -1.166655000480 
-0.265253330342   3.140756102459 
 2.838276156365   1.500817893492 
 0.058941414209  -3.699496931637 
-3.518995258022  -1.165540128177 
-1.818763521206   3.261852042222 
-4.069257064594   0.689482522964 
 1.663194697287   3.828617421437 
 2.187360300666  -3.850542569919 
-3.221468858870  -3.042541514269 
-1.883103211632  -4.114963590266 
 4.890488131344   0.809682605120 
 4.908494629646  -0.868412661452 
 0.438003728690   5.021835158759 
 0.967912090632  -4.968331651779 
 3.195997068472   4.087887573937 
-0.684852145340  -5.165972973550 
-4.812039523885   2.484183813293 
-4.806389483833  -2.563150724140 
 4.270458325795  -3.518857146594 
-3.988398099974   3.868692833110 
 4.757569197167   3.020083152743 
-5.784359376235  -1.020394640599 
-1.059829579170   5.962093902495 
-6.007590377031   1.040827372582 
-4.211919834379  -4.453877709774 
 2.106198481417   5.826793934736 
-2.706680374466   5.623002924548 
 5.860156188200  -2.533471403104 
 3.928614114680  -5.138154039837 
-2.415354113096  -6.003989625525 
 6.620295893224  -0.920310014973 
 6.613097519751   1.049548372832 
 0.251398424402   6.756455612945 
 2.772205330136  -6.211081862443 
-6.261963958162  -3.239768625829 
 6.035574632933   3.900361238332 
-7.273333797991   0.110315292007 
 6.002961425600  -4.173496847001 
-7.355249709381  -1.578191093634 
 1.771559128843   7.346234449027 
-6.086779638704   4.577371852737 
 1.143504060588  -7.560756280744 
 5.504813154517   5.400607994223 
-4.091256324317  -6.558028473124 
-7.183002892194   2.975095322682 
-0.739923517969  -7.743044972263 
 7.530838114317   2.298937864087 
-1.871487046428   7.728492288579 
 5.006936788218  -6.205357816952 
-5.082635776669   6.158361060532 
-5.904701701132  -5.381098905799 
 4.410419314673   6.716088559621 
 8.092463994451   0.199030927751 
-3.890647080881   7.107594526967 
 0.241521044355   8.277650683645 
 8.073147570302  -1.932002400976 
 2.595901691282  -8.050904113359 
-2.786578582180  -8.045239655610 
 4.142605610861  -7.534844526303 
 7.753059858320   3.871000427806 
-8.100752789154  -3.185046531305 
-8.703297537729   0.610646714817 
-5.621344746733  -6.872471436477 
 3.687082496273   8.094943981294 
-7.615844456853   4.722976532855 
 7.107909561336   5.469620502064 
 0.404256818023  -8.965916338787 
 6.008660344939   6.865056278557 
-9.078015360701  -1.093907331620 
 1.859103923425   9.066857129080 
 8.353609437798  -4.111076419901 
 9.300026093911  -0.722863360669 
 6.843072039271  -6.458456983231 
-6.983204278784   6.420117036366 
-4.315271123923  -8.614998398564 
 9.241497229450   2.890157916162 
-3.752531042884   8.979239735306 
-0.255590961189   9.750399345818 
 1.766755560587  -9.643561587340 
-7.324662896096  -6.585415557648 
-5.515178988940   8.169107330810 
-9.324736028820   3.330432115401 
-2.092540790658   9.707726560584 
-2.480144117314  -9.618254184243 
 8.261438576800  -5.608421056254 
 9.923073414216   1.360788714220 
-8.415048427841  -5.437596197737 
-9.903588988525   1.898762681047 
 6.116900322883  -8.043343528617 
 9.168210904874   4.618457169176 
-8.461308019669   6.027968028253 
-10.154136044866 -2.360018699396 
 7.986822187693   6.842928774958 
-6.738697291178  -8.200018743351 
 10.430395834316 -2.041483833691 
 5.596247895649   9.084190857245 
-0.661663278307  -10.675384266076
 1.666895944846   10.578835041719
 5.027124553384  -9.485781565544 
 4.085754419861   9.930442893773 
 10.759741695473 -0.340753071834 
 3.098441171850  -10.380692210845
-7.139654663097   8.203629155007 
 7.022829070113   8.319871751471 
 8.348766731244  -7.226540646439 
 10.388347735567 -3.866436429540 
-11.129235233543 -0.068904692600 
-4.218320642283  -10.337245709089
-0.563212159228   11.231975488571
-10.416179112054  4.478373854735 
-10.247173877936 -4.974231213161 
-6.251213205187  -9.645385192104 
-11.222663988389  2.736285497130 
-4.185671422119   10.778481293643
-9.177180504823  -7.327891778547 
-2.788229161299   11.443766259384
 11.186205349302  3.738053750514 
 9.553214874363   7.223733545770 
 5.352514028426   10.757138128446
-5.942999980040   10.444602705383
 4.520361505901  -11.141299613585
-11.696385844212 -2.798913323008 
 1.124887852206  -11.979685411487
-1.781031472669  -11.954578303699
 10.155607082504 -6.560275356538 
-12.106074928429 -1.228458245866 
 6.769256961436   10.149312456838
-3.322789036692  -11.740099038015
 12.205003742918  1.126283203881 
 6.978715106877  -10.076884233981
-8.070041563681  -9.259659090346 
-9.454781666564   7.867733657345 
 3.382807963726   12.001563275320
 12.220933188947 -2.934802589233 
-12.615155017154  0.601682691664 
 1.197026889790   12.574867119419
-1.340198283185   12.633291874220
-7.744937676925   10.126219666230
 9.166644855497   8.909519033935 
-12.171650758725  3.986551510087 
-10.720654248731  7.015673983984 
-10.911336501783 -6.718615796827 
 12.818104250907 -1.511626763942 
-5.115390562355  -11.854443651179
 12.065506420720 -4.658481693039 
 8.799207029437  -9.543634479659 
-6.647511802603  -11.158758124455
-9.659800711842  -8.750396507457 
-0.031326177091  -13.141366113182
 11.580626266636  6.234616997868 
-3.717599483940   12.672174478970
 12.862678326425  3.161634915701 
-12.516561820244 -4.492753425742 
 2.766441157375  -13.060373480811
-13.245477757052  2.013437709965 
 10.228948217997 -8.699111859925 
 11.896540388335 -6.268318602972 
-12.011173786988  6.144909835599 
-9.355911805829   9.731979448826 
 10.816125358483  8.211642906054 
 8.730901313910   10.471385361850
 4.333575125653  -12.985444279259
-13.609823472998 -1.577663779594 
 8.107968155736  -11.082527224372
 6.552461132608   12.102095921240
-8.627882292870  -10.763150400751
 6.533510730290  -12.175361487112
-3.523621504998  -13.420300954785
-6.177288344303   12.455983228752
-2.601204154281   13.784560932177
 14.112480805814 -0.296186631009 
-11.373957287474 -8.446211465293 
-1.255651865459  -14.118840486677
-8.880684331300   11.238608926655
-1.167463188774   14.279042514365
-5.039769143876  -13.416111869330
-7.865843563840  -12.096622351041
 14.031956618055 -3.362959346897 
-12.236865978046  7.669716272629 
 13.702544936755  4.631459769307 
-14.473922516759 -0.268431128221 
 3.952149262342   13.945030899268
 8.117492840060   12.030862860977
 0.739942437091  -14.515668031305
-10.209371535504 -10.350803642942
-13.889394127644  4.312014034890 
 12.380295445721  7.901126880229 
-14.078091453425 -4.472712187183 
-10.954197482230  9.923055908576 
 2.473848414896  -14.573266898789
 9.606776157162  -11.263970495552
 5.733396754559   13.683359079101
 1.093389099397   14.803671295615
 14.533778962149  3.296717952052 
-4.738967025915   14.147805494451
-14.641672962151  2.893715314626 
 13.522221862027 -6.319833678876 
-8.141064909285   12.563541835512
 12.616703287490 -8.091468991441 
-13.739779790219  6.049505624198 
 15.050237762294  1.442840779428 
 8.203123904153  -12.717351145517
-13.895104569438 -6.097900424236 
 2.768462000096   14.925612142584
 9.926202416523   11.521165799907
 4.332217896111  -14.589627716243
 11.601333464005 -9.873424423624 
 15.174700285930 -1.766629654969 
-15.237553949750  1.346851230424 
 11.847639578295  9.719387349035 
 6.177074136860  -14.164148020718
-2.661153193018  -15.294451528170
-11.901738755260 -9.991249035534 
-7.023132256057  -13.887022289079
-0.201073063559   15.681370545570
 7.345279247061   13.923892481759
 15.115349390907 -4.490103360536 
-9.878361993509  -12.308259291689
 14.158460778401  7.058648183048 
-12.510862864054  9.696494026697 
-4.164380415142  -15.273835672175
-15.695002196603 -2.156196457282 
-5.656686954592  -14.865809910720
 15.028751700894  5.370128233481 
-13.887769953499 -7.925281501147 
 1.376603556155  -15.936373578278
-9.973596446796   12.508937928071
-11.175882629459  11.471874999389
 16.072827475191 -0.222141689122 
-15.723417671792 -3.760133447657 
-14.022396570054  8.137319040520 
-5.968260085876   15.115103054045
-8.842576407636  -13.650781129157
-11.466775337078 -11.563945979312
-15.450346035820 -5.252435510552 
 15.104088794652 -6.362054230632 
-15.567340971577  5.190052815752 
-2.790418773554   16.190156661830
-16.268730678957  2.487977456181 
-8.879477720381   13.900385780522
 16.251730802241 -3.050287442456 
-1.097278622990  -16.516613335958
 3.953697274815  -16.105833293714
 16.337447641393  3.222460821029 
 12.320375633913  11.230330513169
 5.458138442221  -15.796524832090
 16.646281847751  1.533440519426 
