-0.163033179533   0.724129531314 
 0.359213905581  -1.228388637484 
 1.451209520132   0.704175038580 
-1.792014835531  -0.168773076239 
-1.111999961067  -1.753859330511 
-1.697209623432   1.820469572066 
 0.178927283486  -2.858302239753 
 1.979021754374   2.162150940205 
 2.953570918761  -0.348811289379 
 2.205984181290  -2.261864430045 
-0.873237256013   3.151698733086 
 0.805938701808   3.220890068158 
 3.416359453411   1.627838331414 
-1.242907918688  -3.580944848436 
-3.757197326765   0.574139246850 
-3.647686388062  -1.883197710488 
-3.341147375286   2.471398424087 
 4.612081029193  -0.246717946932 
-0.124734843081  -4.640605662563 
 2.868976334348  -3.777383494338 
-1.554079871040   4.759888359139 
-2.625862882167  -4.313256988550 
-3.003392540102   4.144287013292 
 1.380551823659   4.945301415401 
 4.934743662477  -1.750776656738 
-5.350253537926  -0.501669082102 
-5.270634162709   1.264580289640 
 3.848277864784   3.918690441090 
 4.718688634496  -3.302348100200 
 5.308136381460   2.428186252579 
 1.932509041167  -5.600935492265 
 0.385745150235   6.123115245501 
-4.253281519331  -4.430872416108 
-5.508961032530   2.889120766594 
-5.671401608233  -2.700690315841 
-4.498945064291   4.571060560945 
 3.697410928905  -5.259585141130 
 6.398184174339   0.757508024080 
-6.678767287485  -1.305755331794 
 1.869324119380   6.543790093544 
-6.792598282793   0.747781794671 
-1.941103426009  -6.581439786501 
 6.771532109084  -1.410730827152 
-1.931367811661   6.747174678555 
 5.731416363753   4.426506093104 
-0.295076761384  -7.247697849187 
 3.548994137077   6.358447181337 
-4.022594542537   6.079854048965 
-5.948775380991  -4.218532691586 
-7.022741679846   2.392680939558 
 1.674588065109  -7.408970905724 
-3.818997679021  -6.655384394374 
 3.349236087621  -6.934237802515 
-0.009697450194   7.757525295402 
-6.123525467146   4.819762381755 
 6.738234069611  -4.044470002163 
 7.863539546433  -0.244983989860 
 7.751784505639   2.307583632007 
 5.686811331795  -5.832318397184 
-8.161662567194  -0.861278665922 
 1.506208076790   8.100260004495 
-1.561741120182   8.270922984458 
-7.858216515792  -3.348488209735 
-3.939010382900   7.648625258281 
 0.805563009976  -8.707279267644 
-5.764885545534  -6.611956405453 
 8.363739402697  -2.930389999257 
 7.424832772534   4.985664448829 
 3.021751598606   8.438200510462 
 6.053123706872   6.637701888799 
-7.816306425976   4.433704787612 
-2.790297352061  -8.547531293611 
-8.786328670361   2.306275177787 
 9.058495040675   0.796937880948 
 4.975984870774  -7.696671971958 
-6.237507206461   6.754906415401 
-4.413241783286  -8.169587483550 
 3.327300456292  -8.679754406974 
-7.825507311406  -5.033271689137 
 7.937703138586  -5.024086251504 
 5.024562781658   7.942762975422 
 9.338694587590  -1.604796898349 
-9.668595226308   0.097992767584 
-1.543196751884  -9.576590722633 
-9.301085015803  -2.911154573119 
 9.561671090310   2.552564269044 
 2.071928967775  -9.697507188837 
-3.047298206591   9.689932282352 
-5.977499300284  -8.287947071580 
 0.533355707376  -10.218213084166
-4.786849675903   9.139371242302 
-0.911993514125   10.293301279172
 8.030044142266  -6.557071963405 
 0.948357986305   10.362415205151
-10.321538741913 -1.677197087898 
-7.303329767843  -7.572338477381 
 10.567011035029  0.004576358014 
 3.542059700956   9.956635308323 
-10.372186473673  2.052543639959 
 6.921772252164  -7.995029067449 
-4.097333885557  -9.778190470845 
-8.511990581637   6.350731032898 
-9.440721337136   4.981057440552 
-7.005993211470   8.066603649435 
-10.093421933238  3.627141277996 
 9.559222556415   5.031158111715 
 8.439967725344   6.764840944449 
 9.879652218286  -4.712992366857 
 3.918331970434  -10.326909064974
-10.388788810063 -4.029092622450 
 5.720040476362   9.591462218558 
 7.022809594419   8.703923966219 
 5.406031515143  -9.917610819325 
-8.907599927836  -6.989378917168 
 11.128820609810 -2.184622758238 
-11.344058605611  0.214410482116 
-5.878538378189  -9.957806458625 
 2.553595568147   11.293356431592
 2.159681685483  -11.434395521299
 11.453747524237  2.250759277913 
-2.109340495236   11.507217170390
-3.626086814006   11.160672231047
-3.377027487207  -11.274961145759
-1.287273741663  -11.706874321686
-0.119178494680   11.828811436584
-8.728369472998   8.118311430940 
 11.241704296601  3.997641126896 
 8.686733768773   8.261214684768 
 10.006033650520  6.723426324309 
-10.280553138298 -6.316150395817 
-11.999114836522 -1.406136429495 
 4.230337117080   11.355017443630
 12.136129750219 -0.678530219396 
-7.427802043826  -9.626625796262 
 8.051133843403  -9.143501549185 
-12.031135058885  1.931672340169 
-5.707963715085   10.915437756724
-8.977703914258  -8.626676693056 
 11.810440860050 -3.947843727646 
 3.819553160230  -11.917737463501
 11.302859304825 -5.381742788746 
 12.512228743728  1.126659007094 
 10.231884754052 -7.395214223923 
-5.411999393678  -11.436918720607
-8.184134677630   9.731309879235 
-11.403331546542  5.751787455420 
 6.426316008511  -11.201898602262
 0.907306181296  -12.929273906073
 12.814638843393 -2.017480233551 
-10.847906033718  7.197730809065 
 2.491110070261   12.810116130656
-12.346652138828  4.266889468913 
 9.678982000698  -8.833330813718 
-4.792223070058   12.252159608520
-3.092837129817  -12.801125087431
-12.936743804579 -2.645257920832 
 6.709496004106   11.418336418903
-13.398518178840  0.001460419826 
 11.524488900491  6.898816596414 
-10.084133770158  8.944647111895 
-3.301216933689   13.087176339105
 5.477337449945   12.352125099646
 9.767107648616   9.422143286129 
-7.191705048745   11.556972018587
-11.269252416451 -7.673703211796 
-1.721858028440   13.586276641139
 11.928619717791 -6.765345842910 
 5.384995532067  -12.705056128176
 4.114126392433   13.184843790308
 11.002298449921  8.372851200295 
 13.436329256485  3.398108681727 
-5.011598230744  -12.951793113302
-12.435624689063 -6.258546143350 
 13.021150779902 -5.037951575896 
 8.694539006608   10.934871351668
-13.278069106322 -4.565793354704 
 3.975379237472  -13.470731492435
 14.027071612370  0.808401445308 
 14.079776088891 -0.862333170782 
 13.285251889948  4.896828847332 
 8.113191263031  -11.617548611472
 13.929505921324 -3.049575631931 
 9.393515590082  -10.745621822636
-13.884768027730  3.320187396219 
-7.437950461678  -12.233950233691
-12.807368628086  6.456576065313 
-1.370683917196  -14.280729401954
 2.578214512367  -14.116618364453
-9.267032957498  -10.969212314520
 0.895995178764   14.466445183858
 2.467872318946   14.370478431659
-11.997630672865  8.312645958330 
-9.987577841958   10.760194152066
 11.190434793814 -9.578497486526 
 7.180049714702  -12.909290493583
-10.716597757880 -10.179141461999
 14.623794721244  2.293185604765 
 7.192346110974   12.940291065679
-14.552363187185 -2.804553103328 
-4.772875801352   14.090796229568
-11.805590200414 -9.139901355357 
 5.614907283334   13.879434069412
-6.940651158219   13.283749077883
 10.177188597785  11.180790291432
-11.395009586640  10.074442699944
-9.090304220762   12.201596605451
-15.173915545359  1.439424475963 
 13.169586422669  7.846641655112 
 12.303329133661  9.198733190000 
-0.198124537944  -15.396594534260
-13.654177030182 -7.151271939470 
 15.500974481055 -0.121109311917 
 1.323342910452  -15.446201868562
 6.166636739673  -14.257088722611
 12.933355150124 -8.658420760970 
-15.533021791876 -1.360549625931 
 14.700287119793 -5.207999183781 
-4.684201261478  -14.919062860941
 14.154869097363 -6.733926033001 
-6.588063999093  -14.266879350211
-1.338658354341   15.690724543667
 15.154540686251  4.310908439146 
-9.912386627511  -12.324385908884
 9.449020599877   12.691030184737
 15.512753636477 -3.284964168107 
-3.736061415145   15.418006351191
-14.241427373127  7.087312776051 
-3.015187537136  -15.670812747934
-15.008879036025  5.498280893514 
 8.738927107839  -13.438768220567
-13.491891528059 -8.691150282749 
-12.909365927876  9.558938157827 
 0.464354634672   16.062105756435
 2.219072585829   15.940318098109
 16.014675721846  1.697947712620 
 11.430663156453 -11.380429760232
 3.538561975768  -15.756322662706
 4.489016619409   15.546226104762
 15.108533854214  5.862726422947 
-8.533556158239   13.853077641533
-10.572737619547  12.456942369316
-1.458716567676  -16.303733588734
-15.260083999270 -5.945864164077 
-11.630910848822 -11.546343967095
-11.979255565819  11.525690644457
-5.981682224737   15.510292987112
 12.059487393025  11.498960957944
-16.373660282086 -3.885724102398 
-16.254727364728  4.367059422149 
 13.318043985254 -10.311241113614
-14.436678878441  8.701759538114 
 10.837090117990 -12.935617609282
 5.676898791687  -15.977354142470
-16.990038106173 -0.137246709426 
 14.742095013858 -8.594076436483 
-9.213072625444  -14.370826708680
