 0.899284816669   0.064911635477 
-0.058583716950  -1.595771423516 
 0.508611203804   1.643965965294 
-1.885107034565   0.506850629655 
 1.544798842100  -1.324813488018 
-0.948984397012   2.003684694016 
-1.615312447539  -1.785577710255 
 2.271514211238   1.736802964368 
-3.022838542541  -0.871160451866 
 1.480951911107  -2.892829198805 
-3.215148992347   1.565918546756 
-0.482310565350   3.563174089192 
 3.577733606683  -0.651956455963 
 0.120934372024  -3.676373541931 
-1.992625154212   3.322921345615 
 1.139787489867   3.789769515199 
 3.843999757280   1.241197331288 
-3.311814087872  -2.502618890665 
-1.560647385912  -3.917371324068 
 3.256392107511  -2.877647465274 
 1.940536125046  -4.368942031002 
-4.795434551595  -1.820894781359 
-0.135762884587   5.154947290708 
-4.278784494083   2.993547914646 
-5.003894188543   1.657585213703 
 4.106557928707   3.442008917414 
-5.546834871263  -0.033483359824 
-1.814822087074   5.244076134938 
 2.601521118316   5.027588402005 
-1.697834574462  -5.440344551969 
 5.411076345004  -1.887401988879 
 0.394361357019  -5.779357117311 
 5.815516451761   1.340988795363 
 1.242707374785   5.927802331862 
-4.061988258644  -4.507451698439 
-3.857666880552   4.693099994091 
 6.143647986810  -0.274829101545 
 5.839447196477   2.859681171460 
 3.802296742588  -5.658204400746 
 4.593513521149   5.045648817315 
-5.955825230535  -3.635216759907 
-6.700668906339   1.960372188561 
-3.035876767982   6.288489009979 
 5.741926874273  -4.019181138458 
-6.767851598741  -2.017676413092 
-1.413583249941   6.929073900913 
-7.089065753523  -0.041618293301 
 0.206388707658   7.213071997940 
-0.001306735334  -7.241550729534 
 1.645990137411  -7.161990590998 
-6.498040309750   3.515240080228 
 7.255765228017  -1.692479752600 
 3.614984882799   6.623023203123 
-4.077276758622  -6.401002882245 
-2.626763083699  -7.197432430696 
 7.672864596167   1.004657784600 
-4.551279712865   6.329994262087 
 2.022792170297   7.899204773229 
 6.963368372118   4.276345067505 
 7.374613049988  -3.576045437771 
 5.504261820063  -6.092428642749 
-7.455390551454  -3.492917254604 
-5.583690556526  -6.105947240214 
-6.182218641752   5.580845321653 
 7.911910477102   2.781005664187 
 4.495974718711  -7.221609784150 
 6.793062717356  -5.170870094569 
-7.036049046328  -5.092732791218 
 5.426810280562   6.806701821646 
 0.743839282597   8.796789419252 
-1.072987583931  -8.796852227133 
-3.653940663158   8.103106244110 
 3.503904248545   8.348731497375 
-8.749477555430   2.365108423024 
-8.792953986917  -2.309082695283 
-3.901072973511  -8.239682201837 
-8.136710967910   4.230504448646 
 7.267700091935   5.803896603833 
 9.173971374217  -1.596658549206 
-6.085180799628   7.078416874237 
-9.479920490882   0.667788060523 
 2.474833091843  -9.224520802493 
 3.932790642967  -8.781100568896 
 8.922184576229  -3.770550388000 
-7.120663030535  -6.592931066336 
-8.944842436817  -3.859320338789 
-2.654339758192   9.386422744418 
 2.304162392884   9.546342596961 
 1.048415871903  -9.767156163106 
-1.144781133002   9.783774953469 
-9.854084829494  -0.815290684132 
 5.099612581188   8.518788767203 
 10.023878122005  0.024096048543 
-5.413962347302   8.518113577926 
 9.158793289899   4.461776601352 
 7.002884858922  -7.548941025277 
-0.513588203052  -10.296626266458
 10.095233291866  2.271391596057 
-8.576715385858  -5.861085426620 
-9.744525597998   3.654803592594 
-2.284228851310  -10.157553838459
-6.654553862703  -8.050116305521 
 3.896101713937   9.799142207905 
-8.758263323557   6.080968388703 
 8.502959177955  -6.730374945564 
 7.871802527781   7.476156773212 
 9.737428618850  -5.062699879503 
-7.292679617897   8.233588235007 
-4.953055887790  -9.828021753003 
 5.381772703842  -9.692602026574 
 10.844863217045 -2.595011237075 
-10.849910998701 -2.825699079864 
 0.241846586195   11.219339152864
 6.940895813716   8.897447366176 
-3.772456856572   10.638444953306
-11.297715243970  0.072714420524 
 1.451165764461  -11.223808535607
-10.337248641415 -4.687850608989 
 11.339483899148 -0.961947502436 
 11.365089434932  1.011749107293 
-10.252548901939  5.102998886706 
 2.714547944521   11.197441349571
-8.734373326716   7.611815288334 
 9.643181259747   6.474788629507 
-11.469133919269  2.173851883852 
 7.899057557607  -8.809745818042 
-8.871768260313  -7.831229370449 
-2.390159766108  -11.688704394619
 11.075478055234  4.515406641449 
-5.266778159453   10.783056735648
 4.692448797632  -11.056417319794
 11.633645870303  3.016454683894 
-0.495322103004  -12.031412456429
 5.993911603180   10.483048634027
-7.710338180058  -9.327699966093 
 3.211918536705  -11.726459927997
 4.554003262497   11.441565383244
 9.973319638293  -7.280847159767 
-2.557371774877   12.090752942923
-11.656283964975  4.140711305223 
-7.139963835360   10.184919918477
-5.107489503743  -11.342558819896
 11.501994352645 -4.855104357769 
-12.046343315585 -3.977197210132 
-12.653598559034 -0.920693619100 
 9.012808338873   9.026388454403 
-0.020944060983   12.830514000331
-10.764093392516  7.087506639402 
 11.169882605333  6.552243161765 
-8.957979487259   9.353705039981 
 2.129575502268   12.799318538934
 12.947339513404 -1.006495857579 
-11.436425658115 -6.198199855726 
 6.428610496086  -11.327886968906
-6.768162122586  -11.137303379965
-10.784670489163 -7.563974237926 
-13.043756185806 -2.422906308241 
 1.726226748683  -13.161370655282
-11.964533931277  5.856430561710 
-4.799122350165   12.511102396360
-9.522582124342  -9.487958836631 
 9.905699842690  -9.121555411493 
 12.790592880911  4.351555111775 
 4.822170922240  -12.725236731937
 13.199312648701 -3.312767794054 
 13.600450205209  1.042335425215 
-2.173960520048  -13.475925001131
-0.648278596139  -13.732781569238
 8.708427581544   10.658178084088
-8.487335475713   10.852739212866
 13.564175989209  2.875813041494 
-13.617235720469  2.650283197005 
 11.225084037796 -8.169604425640 
-4.392630876693  -13.227505344702
-13.993773482528  1.011960802544 
-6.348450713737   12.619902575993
-1.307757787004   14.119281570572
 12.923368863613  5.894562706662 
-3.298475624501   13.826717403446
-10.500051758067  9.617789379584 
 6.599295487525   12.645458061106
-5.887869636036  -12.994703839557
 11.682379583560  8.233322680011 
 9.482243229901  -10.705324783880
 3.689116172676  -13.821639457311
-14.302531976760 -0.822069659168 
 10.402335270741  9.992472989437 
-8.939768178639  -11.333328614718
 8.105748856893  -11.944963975911
-13.921812524348 -3.857318806168 
-12.379500946195 -7.512959610232 
-13.182632183173 -6.046234790756 
-13.496844967034  5.449441546865 
 3.515136100948   14.310809298163
 0.985816236901   14.713422829289
-7.661974353909  -12.614988692332
 5.304888287434   13.784442092811
 13.040790937334 -6.942258047039 
-10.991813601651 -9.924938462990 
-12.947637472300  7.207794207081 
-8.213849039351   12.557017454441
-4.744336074556   14.278965270169
 14.729145990915 -3.623803038498 
 14.571073364827  4.282926628539 
 14.189213841646 -5.461086511247 
-3.668296759263  -14.825361881205
-14.889791457656  3.480796637639 
 11.033540748221 -10.633950646101
 11.881963789885  9.723487377508 
 1.497399380680  -15.309368405728
 15.467006456080 -0.902344383736 
-12.501470394276 -9.254915969479 
-12.669673745911  9.026525651062 
-14.633165212965 -5.317880927878 
 12.963026450153 -8.650467932710 
 5.259664057630  -14.713030673829
-0.693110874265  -15.612301072094
-15.640221144622  1.023430892744 
 15.624917043629  1.825940504557 
 9.552055621263   12.501958424888
 14.701231196200  5.780371262143 
-5.731591874570  -14.780758189805
 10.340135017832 -12.033432710957
 7.601589217134  -13.976207595256
-3.444623110862   15.540956578580
-9.833825161752   12.540572911569
 2.802098100277   15.723286429626
 7.442446819997   14.207368784004
 14.289005483336  7.307046732546 
-6.929756246744   14.542855826146
 5.135322284657   15.279597509121
-1.242073868066   16.071952342572
-13.765066650038 -8.411200863458 
-15.915228660623 -2.813107472135 
 14.607050963733 -6.989214792627 
-7.488062271638  -14.371810342237
-14.616044873855 -7.055313287037 
 3.734333749064  -15.808169456101
 11.571716655528  11.414765394433
-10.987298169960 -12.016655123232
 15.957207672595  3.337489972127 
 0.248105585562   16.328683619234
-2.338739465149  -16.210749412219
-14.154408771196  8.310043016246 
-11.788577140372  11.438963773575
 13.961897712488  8.816036028358 
-15.286662150262  6.320759652983 
-15.946103842139  4.716425476197 
 16.322677445480 -3.384774469864 
 9.785513762826  -13.554677245412
-16.708295568694 -0.857607290416 
-16.468939208912  3.231765058609 
-9.044653310727  -14.143746620881
-13.174029465468  10.482388531329
 15.974871698367 -5.511884272624 
 1.341102430537  -16.852474402301
