 0.577336992992   0.749449075177 
-0.148479254170  -1.499989089788 
-1.641594774882  -0.763620757849 
-1.603659837999   1.310850752486 
 2.250833440199  -1.405676064819 
-3.101626691191   0.502427526044 
 3.077082950898   0.914092539783 
-0.083332067323  -3.266819456838 
-0.485117687042   3.259408046605 
-1.632410221778  -3.189176825766 
 1.914562256837   3.059258774284 
 2.113494498757  -3.139080716342 
-2.946067825148  -2.384877578352 
 3.750409280700  -1.682345418245 
-4.312931434842  -0.762727534359 
-2.322237880118   3.826384521930 
 4.578043426785  -0.367738155667 
 4.216833072431   1.970048549852 
 0.703371999051   4.671183110028 
-3.669083193398   2.991682063627 
 1.539508841318  -4.762585199813 
-5.077188663482   1.286017965404 
 3.868894155827   3.582431857988 
-4.435748797970  -2.899224194980 
 4.608404035760  -2.925731721753 
-0.976739206193  -5.384786855704 
-3.329787231848  -4.536833291131 
 3.513938240077  -4.557875060009 
 5.706332085518   1.205417700508 
 3.025305376859   5.140049643951 
-1.811313687195   5.730569032817 
-5.871996701786  -1.399733244206 
 2.485719598519  -5.964533620752 
 5.896725733655   2.729710939618 
-6.044490747585   2.631377225698 
-3.438650605014   5.656385897905 
-4.910796404390   4.692245800300 
-6.832549914512  -0.110826073406 
-6.069502078011  -3.293611418815 
 0.757271797552   6.870742176729 
 0.288671660512  -6.953925717752 
 6.708823861205  -2.140729576746 
 5.482839394340  -4.478751516708 
 5.421936652663   4.604233557807 
-3.553578859439  -6.315590802369 
-2.174933313151  -6.960604850416 
-4.843142712553  -5.531249787635 
-7.179004004973  -2.202380979377 
 7.532274790385  -0.328206185637 
-1.368744953048   7.458070815816 
 2.094237352810  -7.435693526724 
 4.802041008323  -6.246074693586 
 7.848518746098   1.295857375699 
 7.470908793152   2.792140035189 
-7.067216987910   3.767086141152 
 2.126630643165   7.782874800999 
-4.501531249326   6.829732007566 
-6.812503542083  -4.693711171246 
-8.381249411447  -0.083674705633 
-6.181278302647   5.671672537608 
 7.494760833063  -3.997739407062 
-8.270734995743   1.963190929899 
 4.847058740213   6.983329811495 
-3.443671143258   7.901330518351 
 7.419040426555   4.582723348346 
-1.666849861934  -8.736527130431 
-4.950183600157  -7.395114995079 
-8.854209889615  -1.526391833029 
-0.430368748269   9.084353473059 
 3.254302692932  -8.497336008825 
 9.058067197659  -0.930205232714 
-6.500414458549  -6.401710493859 
 1.256718339207   9.103795343033 
-2.212154631934   8.943611127821 
 6.756880979872  -6.414428188961 
-8.635016545500   3.598200479537 
-6.026499723884   7.231226524967 
 0.035814151382  -9.464181569128 
 3.104312191370   8.940715789721 
 4.747177715795  -8.257045216410 
-3.769902688588  -8.810274311656 
 9.376019720557   2.184735303325 
 7.945407085859  -5.493809636783 
 9.332727754709  -2.867125255011 
 9.270636359916   3.811096512327 
 1.804927818854  -9.871466269893 
-9.086029034393  -4.277640176952 
-8.307770572959  -5.675319711573 
 6.892766583770   7.334134335178 
-8.127720523301   5.945498551411 
-9.767491573056  -2.795118936650 
-2.686749638036  -9.930568363559 
 8.455742593944   5.882607551216 
-10.393697865923 -0.975048419343 
 5.590764047104   8.894900033755 
-10.529030574442  0.726964216421 
-4.897308943702   9.355321754403 
 10.511655617539  1.168120328256 
 9.466783412918  -4.815193305303 
 10.603408276702 -0.777750380010 
 2.537911829346   10.520994503876
-2.209327935964   10.605004046593
 4.305941506379   10.007341539967
-6.691076106589  -8.620452071565 
-10.055454476221  4.301057203412 
-1.195842900149  -10.900327869807
-7.481376676904   8.179827333031 
 7.341742236103  -8.322291341607 
-10.805516278836  2.960504583497 
 8.762581497404  -7.080072347843 
 10.915002743784  2.802276673392 
-0.103385609321   11.329370484241
-5.553395902061  -9.935011886451 
 10.771032422249 -3.722457570516 
 11.213784960801 -2.239550155774 
-4.188558854576   10.692053178940
-4.224625695143  -10.737010604336
 4.233172236731  -10.737398264645
 10.318093762971  5.189511497227 
 2.109308739415  -11.363696108519
-10.720394107691 -4.326768785331 
-8.986369595242   7.474651907262 
-8.834421224733  -7.669015764672 
-2.674317577098  -11.443938605186
 0.651084813157  -11.872051334715
 9.269521189258   7.612427439974 
-6.044296177271   10.473454177810
 8.213981314590   8.890022877298 
 6.172384052317  -10.535384257711
 6.277223547906   10.528617218116
 1.399880360672   12.236933509619
-10.577588747536  6.542497013636 
-7.483787562065   10.047099977521
 12.537647035799  0.470517871859 
 11.913112843100  4.016857347279 
-11.156972033779 -5.858260494180 
-12.602877698547  0.415650011610 
-1.339967452924  -12.546586226154
-12.382393332748  2.450070348249 
 10.752640477300  6.708635981853 
 10.802634624840 -6.679828374420 
-12.035678064149  4.083121597473 
 3.796664545469   12.131204373926
-12.324400300638 -3.288893902831 
 12.268226657248 -3.547338559717 
-10.516955638132 -7.304014098386 
 12.693841670478 -1.834082065448 
 3.435568737010  -12.372612979956
-1.920304438549   12.697312658160
 11.842282010898 -5.002509119181 
-5.875022139063  -11.496633594497
-7.230260640437  -10.744449056172
 9.984761445154  -8.281518769263 
-13.007356510086 -1.390025028911 
-4.384727728670   12.391716698959
 5.688495673595   11.966035190854
 8.364890107827  -10.330781644705
-8.822396011839  -10.005632814147
 12.355956252620  5.475839927590 
 8.232372568783   10.766262848824
 0.812723698433  -13.561093873735
 13.485060079026  1.691494713944 
-4.638059090916  -12.798102355156
-0.542208616025   13.670375733865
 2.374926958197  -13.480273136465
-10.229408337210  9.097734585295 
 11.156013240415  8.292754016254 
 9.829324329122   9.838853114786 
 13.983434001000 -0.428198173845 
-13.565926074180  3.421194234433 
-11.912960361792  7.417225722924 
-12.987844616848 -5.499488635471 
-3.298737973627  -13.745259623717
 5.888390004916  -12.921729305451
-12.323537393639 -7.058621760085 
-10.520999935071 -9.574815024481 
 4.496386248397  -13.519749797012
 5.104137662661   13.362505367930
 10.462899056640 -9.808082098178 
 13.936592023076  3.474924303464 
-5.703449209148   13.212722475951
 14.118535243332 -2.901872216398 
-13.078181077377  6.077384053640 
-14.128928035798 -3.221525979404 
-8.751413167760  -11.571104874898
-9.083980501598   11.336376018121
 1.697407170851   14.509216232019
 13.312199992905 -6.065139873226 
-1.625495596911  -14.545488852287
-3.177743903146   14.401453340879
 3.854850961813   14.253490897552
-14.743267766392 -1.491812996438 
 7.566479719525   12.743717796043
-6.463164005246  -13.362690043834
-11.942469179179 -8.846159628130 
-7.350253827542   12.922162543267
-14.725701132731  2.203298400192 
 9.627857530469  -11.372520661429
-14.094840269673  4.897043876985 
 8.135346803606  -12.510635444458
 14.214242766827 -4.635058973562 
 9.692906882735   11.429897828003
 11.908949692018 -9.121427814515 
-15.036982935508  0.198826590209 
 0.168574464176  -15.054504485354
-12.009958056085  9.175666492453 
-0.147843361829   15.135900594827
 12.858302410161  8.019010848309 
-1.713175109183   15.206536349203
-10.595642692951  11.060138719382
 13.158025971120 -7.949963371621 
 2.145173214625  -15.228263713951
-8.202070963915  -13.032816103658
 3.687280690752  -14.989721220045
 15.358476009429  1.893257074967 
-5.134844598218   14.619642178763
 15.613847195023 -1.031577196912 
-4.914270184814  -14.929367536566
-13.864782419623  7.442426300272 
 14.971875646094  4.905794042801 
 6.632771793670   14.297520455577
 7.479370362046  -13.924064414057
-14.187549750099 -6.985316526944 
 11.542195906650  10.833582536483
 12.549636178909  9.718913637924 
-6.773009154367   14.357011710012
 11.374947844682 -11.084900769807
 2.913622310793   15.637765503082
-3.396023566811  -15.590551941126
-10.781050243578 -11.810755065433
 14.911305463589 -6.002454569683 
-13.655305395610 -8.549768996145 
-14.898591469597  6.236213817434 
 6.251001674552  -14.909323633217
-1.802238107454  -16.107605696116
 15.847573555234  3.435622739730 
 14.808633773847  6.746121153541 
-12.413079144249 -10.584583147179
 8.552076456425   13.934256836256
-15.717436940011 -4.715394023434 
-8.617544793095   13.977209787028
-7.550739885495  -14.641915313075
-12.178729043120  11.097057820607
-16.230132447891  3.245504907887 
 4.773326620895   15.857464946978
-3.356776647439   16.240031231784
-15.819340033815  4.982051953439 
 16.413658775954 -2.414447271895 
-16.622577026033  0.488914422019 
-10.978361564113  12.527698253047
 1.602874113694   16.603364172474
 10.748701024037  12.758861217218
 15.996915644398 -4.913618405084 
-16.676605722603 -1.773531622351 
-0.202830293948  -16.779051752454
-13.420818819265  10.079677183423
