 0.647919941116  -0.987466352875 
 1.218330003327   0.622897095335 
-1.299601022051   0.574741704853 
-0.981336158425  -1.212935159088 
 0.242931509716   2.294444550875 
 2.870633227446  -0.865364348487 
-2.843023344254  -1.065713060036 
 2.524469635703   2.165457082450 
-2.672814366855   2.173368852755 
-0.196619993188  -3.523153606891 
 3.444735687378   0.773810976547 
-0.856958102188   3.528853083935 
 1.433042544040  -3.397151990143 
-2.271322519226  -2.962756400455 
-3.701630606523   1.052841517264 
 1.098705555363   3.977034358484 
-4.370895765270  -0.418505658888 
-3.818382259776  -2.337796267875 
 4.240251430752  -1.663046282805 
 0.567350363524  -4.814947912920 
-3.790454445529   3.183829700100 
 3.056864859184  -3.934074955606 
 5.043183971105   0.773190862783 
 4.542584887231   2.464592805236 
-2.963987993706  -4.499256378056 
-1.041645681368  -5.315395255987 
 3.326540723941   4.315054235169 
-2.126243123650   5.142940867518 
 0.091297658336   5.628529288703 
-5.599480895260   0.868824499741 
-4.419762631107  -3.716284669931 
-5.236369673643   2.531923619595 
-5.653524428629  -1.678566370280 
 5.051827043152  -3.142992903002 
 2.017175190155   5.779531249364 
-4.045828288445   4.846780570979 
 6.313338628269  -0.148592616041 
 6.027684988786  -1.913082057782 
 3.055212576886  -5.555476422081 
 5.110722804534   3.862558541695 
 1.581481308341  -6.304965491950 
-0.340095783647  -6.718817808116 
-4.396479182555  -5.247309630373 
-0.512109833078   7.005550684680 
-6.361229687165  -3.136800766384 
 6.721828468896   2.518442928473 
 5.392052348722  -4.877792395384 
-7.277431447049  -0.130309352170 
 3.435585237175   6.487249174292 
-7.159726156102   1.942700047794 
-2.243518390138   7.171933021075 
 1.386509735974   7.497997212973 
-6.707555591499   3.637076761777 
 6.899667840471  -3.276568034544 
 5.133418083344   5.727051668802 
 0.894429179587  -7.749009049474 
-7.549821914132  -2.183300919868 
-2.922642215364  -7.360139806148 
-4.445873280554   6.557323556868 
 7.872017900637  -1.943637399795 
 6.959470327566   4.162308832657 
 8.034308212672   1.518505003786 
 8.290071339911  -0.214262854380 
-5.300498083366  -6.507590273308 
-5.939381593686   5.988785816987 
-7.187957645576  -4.528748227870 
 3.009873455593  -8.010068009481 
-8.516477048958   1.302214007436 
 7.147136559187  -4.906891928489 
-1.123508359442   8.660599995977 
-0.472134245371  -8.794394978703 
-8.768244175974  -0.953213495669 
 5.112813930852   7.274852783997 
 4.627492557311  -7.595797937558 
 5.878410580572  -6.700168968288 
 2.828777075895   8.456721874278 
-4.464916192132  -7.900454586188 
-5.310984874275   7.797385371407 
 9.009650938952   2.817612284830 
-8.629901875744  -4.039448177115 
 6.744218672305   6.758446595911 
 9.202458359928  -2.733446565350 
 9.533148025101   1.207212953296 
-8.118268152350   5.389388458769 
-7.104416186652  -6.754693251337 
 9.732189536033  -1.247192571058 
-0.034302825564   9.836770484747 
-3.987280810183   9.038084890181 
-2.864526890876  -9.532705507420 
-7.030597439785   7.121258709562 
 8.815869625214  -4.738064430316 
 7.517887302653  -6.658426815346 
 4.579168308650   9.004620830110 
-9.464187079803   3.581373859704 
 1.620695751843   10.044979368794
 3.978930891372  -9.374011304459 
 1.495071100837  -10.155973673737
-8.498071180955  -5.876036483359 
-1.480967816814  -10.251000082520
 3.282649440921   9.942336603636 
-6.021586002385  -8.588156195241 
-10.502811748410 -0.821760646224 
-10.247430421602 -2.478032413424 
-1.357445178325   10.543618068243
 6.479166821179   8.669792892807 
 8.652962822648   6.513534783862 
-3.031758492426   10.430673623290
 9.681248812465   5.139631141770 
-6.001241714073   9.197194826096 
-10.770240745288  2.173820846272 
 10.454910352654  3.444190941930 
 6.972350172870  -8.657866458425 
 10.872199248624 -2.590546572908 
 11.068445358027  1.905026358061 
-4.991617845989  -10.067343856158
 2.900164707121  -10.870226862922
-11.255388945346  0.654139711776 
 11.234792492446 -1.048254841491 
-9.472689231865   6.313349514172 
 10.150677255124 -5.493013214036 
-10.347404843544 -5.432052427810 
 0.221318148303   11.830574335927
-9.633710928382  -6.877037135882 
-0.481859679169  -11.838920534145
-10.942252750422  4.595878992161 
-11.761253056034 -2.094583122668 
 3.675956478287   11.439115850381
-2.914363391636  -11.658690572307
 8.561750124701  -8.452667242916 
 5.695344172781   10.625859119723
 1.952943022717   11.958871365373
 11.307013116496 -4.363154432020 
-8.853187089920   8.381215688922 
-8.066313553081  -9.174311493959 
 9.184679758239   8.074731830642 
 6.467849911013  -10.437400643740
 7.830508270766   9.492346684437 
-4.930513746160   11.376784515302
 9.807362203329  -7.605493909558 
-3.251792679157   12.037788731821
-11.744463395784 -4.433078752147 
-1.562326632073   12.467863735473
 11.656818235464  4.692926274584 
 1.310226344811  -12.639766382816
 12.592286442865  1.894628402185 
-7.158183138783  -10.552485302404
-12.726378720141  1.600390826835 
 5.214663408637  -11.721204143660
-4.435993485348  -12.157321724712
-10.551278738421  7.565586664139 
 5.105394469724   12.073725022893
 12.762924597344 -3.021350161514 
-6.012726455614  -11.663246109428
 13.148515664237  0.257214100091 
-7.923894793917   10.539115806065
 3.007477810019  -12.878028358249
-13.234903362185 -1.146273311784 
 11.687932467184  6.455002815229 
 10.754335534357  7.952170072738 
-12.993614903261  3.220714908391 
 11.346568104963 -7.192143471738 
 12.098878571575 -5.842529330226 
 12.891280514623  3.837293596781 
-13.142845192317 -3.078049915825 
-11.746559265471  6.652282749633 
-9.713218896113  -9.417367277006 
-10.772016790198 -8.211131736484 
 0.955917255705   13.526036461055
 9.376028872366   9.835206095342 
-12.646741985884  5.004231636968 
-1.656975845406  -13.519765268012
-3.190675456063  -13.270049869622
 9.374624010718  -10.003872635074
-6.473231677870   12.118086024363
 8.284424128007   11.007766417889
-12.315821592739 -6.287722548412 
 3.653789782055   13.344995832187
 13.789308235126 -1.913266031177 
 7.021734407262   12.306260852595
 6.803209178991  -12.444140356126
 8.260823663870  -11.537903438542
-0.272493307403  -14.230273529436
-0.502801611251   14.262213611168
-2.157480302468   14.117645692545
 1.412800074685  -14.246531844337
 13.574015943353 -4.552998174041 
-13.450340287647 -5.208363056469 
 2.304995316027   14.282685990166
 13.194504498186  6.205867216866 
 11.002346691885  9.774971309713 
-10.398630385702  10.432357247290
-14.619937634783  1.898512647761 
-12.019090708558  8.545314896906 
 14.785111426611 -0.254628703200 
-13.319704141169  6.475222732922 
 12.202570890560  8.430587778852 
 5.082328453413   13.954996695333
-9.469655507181  -11.444013383301
-4.212565688522   14.257435477677
-5.509285912556  -13.889037421261
-14.960386239178  0.059973785316 
 5.344134232327  -14.011910196075
 11.622693099511 -9.490785035645 
-11.144895265976 -10.062950582013
-7.212495548312  -13.173569938404
 13.650731569467 -6.283673434112 
-8.241880499283   12.585502736868
-12.927537355409 -7.779809147645 
 12.662454234575 -8.250916846320 
-2.498778023888  -14.909369114473
 14.285802176088  4.961776594099 
 15.101841812908  1.250949824762 
 10.390548048663 -11.208717791538
 14.868460523200 -3.661493569099 
 9.729995290128   11.884681187917
 3.672256649174   15.047534108001
-9.758157928851   12.106284694838
-14.730345037037  4.983000024107 
 1.271841682476   15.499183729023
-14.891740112211 -4.594671606130 
 8.223272293973   13.299525217218
-14.132848721257 -6.826640605538 
 8.796165557852  -13.023515929531
-1.378604749482   15.689978730939
 15.367416284944  3.508189302491 
-8.769787126631  -13.166379121500
 7.295895692003  -14.054438317844
-15.712579134114 -2.007677978535 
-6.383798383581   14.517753827330
 13.921111737877  7.697691221213 
-12.203223220450  10.213761766883
 3.061445692146  -15.672819303522
-1.405323512282  -16.006955731528
-13.708380861226  8.669815428191 
-4.234713048889  -15.766683217971
-12.729944499139 -10.250544062756
-11.330385370417 -11.786558575379
 13.393281822919  9.386458296423 
 15.297664851594 -5.953705610034 
 5.422834848874  -15.524135192291
 0.525746128836  -16.445674856922
 16.469147971568 -0.179469487438 
 13.480416634104 -9.569913360486 
-3.008284901995   16.309541192705
-16.434690333549  2.420985166431 
-2.857899646782  -16.394350675145
 0.050101733341   16.659383502516
-4.530442984529   16.033985092763
 2.797736312763   16.427543697608
-10.377165184418 -13.061371905965
-16.704076203670 -0.781489665668 
-7.920811453769   14.734150145343
 7.941792465293   14.790088555086
 15.690323584407  6.002615318043 
 16.646904166569 -2.313174768881 
 16.276919801611 -4.328860181943 
