 0.580574544412  -0.693438038657 
-0.802501532337   0.900752761506 
-1.825542325407  -0.346276838046 
-0.572005236578  -2.001255026226 
 1.203711007792   1.702179382936 
 2.715305668547  -0.622910113482 
-0.710823352785   2.895973126215 
 2.726479020649   1.265881173117 
-2.728046352692   2.156482261118 
-3.569623050211   0.190960857791 
 2.250438596542   2.792503832663 
 1.950663513192  -3.075974577000 
-2.420067083499  -2.809630990315 
-3.437032189756  -1.402384362267 
 0.901191779511   3.656713701027 
 0.147717925485  -4.152685765117 
-1.470862781835  -4.036390545049 
 4.112584107066  -1.849034018092 
-4.268126003353   1.578062054114 
 4.726140864157  -0.129385514331 
-0.758831523353   4.669061381256 
 4.665658376793   1.660070867321 
-3.937514773768  -3.041835170728 
-2.526779602483   4.380831889662 
 2.260543761170   4.667857290914 
-4.116846189551   3.207789778160 
-2.987264282816  -4.327901797787 
 0.779195441667   5.225806672698 
 3.863924258891  -3.616737090552 
-5.332683404848  -0.925330388851 
 4.019590272680   3.770722251957 
 1.941478133120  -5.260864419468 
-0.432485483954  -5.649278468790 
-2.006335865425  -5.635767972981 
 5.663721815580  -1.968153905518 
-5.686861818913   2.386587016679 
-5.741586059766  -2.562013445609 
 5.438736994853   3.230634584475 
 5.379281863951  -3.681879516140 
 6.500253485564   0.766267707593 
-6.661074968345  -0.151841608987 
 3.513431166641   5.812294397280 
-3.655874501832  -5.745995109168 
-5.068786369303   4.624382794654 
-5.206557412820  -4.670139189227 
-3.568388739158   6.060287211131 
-0.217070589082  -7.160104182445 
 5.000325970181   5.139122499210 
-7.028799349513   1.527903508879 
 7.173688390798  -1.268518005487 
 3.592957355973  -6.492980346476 
 1.702911050823   7.239105605111 
-2.175913522344   7.135524933083 
-0.441901670562   7.569274702019 
 5.282240934578  -5.646270769630 
-2.866128851130  -7.191580173035 
 6.585243345095   4.367513964736 
 1.812269973254  -7.702100977076 
-7.125675305770   3.468325178375 
-7.822559904361  -1.478914836168 
 7.792780031567   1.754043631239 
-7.477612583397  -3.099404920801 
 3.449369191197   7.443233351310 
 7.380604079541  -3.741198399695 
-6.574582118838   5.185916411506 
-5.635690467721  -6.437195732341 
-5.484753524418   6.594976798742 
 6.274405562847   5.993613337415 
-0.220221676854  -8.685721071327 
 3.382037146941  -8.010177261167 
 8.738072779543   0.271268178627 
-8.746444173846   0.892782924529 
 6.894703176114  -5.559101592311 
-2.058258444536  -8.685703398788 
-3.518915645881   8.261410724736 
 1.377498558055   8.884798465111 
 8.213675030253   3.873878015521 
-8.604586250972   3.139460354711 
 8.817497915263  -2.715506531897 
-7.654033364975  -5.176275154556 
-3.755439669296  -8.540757091933 
-9.317775673310  -0.561577131888 
-1.328457832818   9.282918126048 
 9.268386959142   2.197094610406 
-9.164063806410  -2.979044483895 
 3.005827977481   9.179469763681 
-8.095315107320   5.382185819833 
 6.011562091894  -7.691714167185 
-5.668735789852  -7.975221666854 
 5.413234565461   8.170977904750 
-5.988308226825   8.104800992228 
 8.690774880448  -5.141432364579 
-0.838932631604  -10.146690762945
 6.917489670301   7.490375230472 
 7.582132077560  -7.015687362111 
 2.342024823022  -10.082548799018
 2.014837066526   10.330710225717
 10.322385983121 -2.075067771681 
-4.886426302497   9.328959955774 
 10.508456795532  1.213744763321 
-0.256922384606   10.582140162503
-10.470528040090 -1.589807138834 
-2.412713411856  -10.357731210993
-4.994293063220  -9.392329799903 
-7.992754422056   7.157747308124 
-9.869255740459   4.218406878628 
 10.049531781675  3.820284437339 
 9.103539376416   5.776064822200 
 3.932401473553  -10.074748409140
 5.391003663202  -9.399108600880 
-8.429688500638  -6.947286036776 
-10.896982397144  1.550857536089 
-2.139040968964   10.892542910745
-9.528666599979  -5.765498275486 
-10.760867914147 -3.075262705126 
-9.532714403725   5.913611074143 
 1.194366012337  -11.155159008112
 8.572886075472   7.292948039233 
-11.259114777236 -0.260917358793 
 5.171414191370   10.260858737291
 11.173183061008  2.694987472807 
 11.497664978279 -0.009982452420 
-7.065918182306   9.159413209457 
 7.169835216742   9.227499931323 
 10.831439014378 -4.385650888109 
-1.609279955616  -11.631806012921
 9.977441770268  -6.345538394254 
-3.661900788965   11.278289384095
 10.667438232750  5.188472121870 
-6.366886923339  -10.021446455932
 7.221810133997  -9.666055854548 
 2.712111186945  -11.766067796979
-5.015942965655  -11.108702216230
 12.134656914767  1.480103628358 
 1.732242581576   12.107399218366
-8.265325064082  -9.030211584038 
-9.697351854088   7.483060483645 
 6.056750124318  -10.773614523668
-11.077078811166 -5.594487859872 
-6.432417001676   10.624667297755
-9.602303882916  -7.930025107278 
 4.194483390004   11.755073720525
-8.860800927588   8.795948376131 
 8.648164675171  -9.010323629708 
-1.821331302344   12.362402886383
-0.241324520347  -12.525652465660
-12.227715139750  2.782578097638 
 10.573595918013  6.758523528524 
-5.149227917263   11.502391783413
-12.311926108337 -2.704005570303 
 4.354743431945  -12.115015909817
-2.907572698752  -12.544048457088
-11.279594764984  6.227105194000 
-12.926344844368 -0.048950615382 
 11.628161306873 -5.661144375298 
 12.985027052434 -0.271933300825 
-12.184389163696 -4.529704314604 
 8.872537851992   9.517209943507 
-11.001251324517 -7.100406752244 
-12.191117055811  4.885419997940 
-8.003063282020   10.450592254100
 13.031800224568 -1.990880619022 
 12.663283379544 -3.686527136075 
 10.355682863642  8.293598512751 
 10.877986334371 -7.770582930175 
 12.961779906357  3.362449686252 
-6.249195148762  -12.006644588573
 0.352973122749   13.536949090110
 7.767835773244  -11.243488000915
-10.410425591770  8.874968214589 
 6.037877908353  -12.330816192844
-13.642148926400 -1.602088235429 
 5.600109436050   12.664004539610
 7.121971790940   11.910372703277
-6.428926432030   12.352301850954
-4.168123328028   13.288227199693
 2.993260389275  -13.601598106714
-13.730630935196  2.478502803168 
 13.952021655247  0.889710833551 
 0.739571883050  -13.960857433456
 2.198977823223   13.878269764029
 12.002713138420  7.468002307482 
-8.162619370183  -11.563963436563
 13.034510024748  5.979868133099 
-4.057575769895  -13.775256893407
 4.382514134975   13.707291348004
-13.779823006869  4.304763390481 
 14.115999510250 -3.204043147252 
-9.678686577912   10.779975821312
 10.262276617327  10.271221139313
-10.220651842783 -10.323288508473
 14.494198768185 -1.591004140253 
 5.068250497479  -13.673397935088
-14.556285561358  1.056930244696 
-11.946103095171  8.387553095776 
 12.967150589314 -6.749256425839 
 13.672067072711 -5.311309096578 
-12.207356203071 -8.247306965185 
-13.643354085403 -5.579951547769 
 10.485419507779 -10.361984713713
-13.068270667883  6.874667440860 
 14.033251099188  4.735191917166 
-2.291462341077  -14.658509267948
 11.547673270673  9.318253348843 
-14.890793694985 -0.475013570678 
 9.161241857156   11.779681942474
-8.667708044027   12.203054310600
-3.381995305736   14.613742318304
-0.625495943684  -15.034226004705
-6.842538538579  -13.408649667912
 12.162708723255 -8.881856858558 
-15.090252855350 -1.997178870482 
-11.748198666783 -9.707721563873 
 0.487793510743   15.252423474172
-1.632502500558   15.314545041415
-13.536969536400 -7.354726929859 
-15.260041541537  2.467515577994 
 13.594522621254  7.376079770087 
 6.539440001407  -14.093285243545
-14.939422255560 -4.281722683462 
 8.268470269189  -13.186609514536
 15.353014774219  2.774940220984 
 15.748266730384  0.589216318969 
 10.146494496567 -12.085014233142
-12.078061112848  10.207778354413
-6.964168853147   14.243882412535
 4.692988867825  -15.165923176171
 15.298412796954 -4.357817940573 
 13.666893737918 -8.176372118510 
-3.898512196345  -15.510551439269
 15.967381798636 -0.933181476078 
-9.419599189182  -12.944962306211
-10.960481382059  11.670113582387
 6.521091890767   14.634585037444
 3.194347078921  -15.725543168782
-15.618482586528  3.951958614140 
 0.506215812338  -16.145079604639
 11.397570850615  11.533606819074
-16.229811653527  0.587403433511 
-6.202810566221  -15.009432782184
 14.644221633976 -7.023496648178 
 1.679010995842   16.182189254913
-5.527658991316   15.358390100853
 16.127165045084 -2.716317480144 
-11.009808688701 -12.111806577356
-9.930396773949   13.029642475814
-15.232096569295  6.115789343509 
 8.583669405734   14.043220303125
-14.604631902682  7.622950955042 
-3.431780919089   16.148161687206
-8.316899217936  -14.325547484064
 3.545706550444   16.239443216749
-13.625988354854  9.606815513464 
 10.034591781751  13.336001568341
 12.246626580926 -11.375385211811
 14.183731107200  8.928448574220 
