 1.027257889279  -0.347997757728 
-1.375382531290  -0.436314838305 
-0.745302555933   1.453981461344 
-0.127391798538  -1.796042467755 
 2.281487945857   0.799769597857 
 1.550095683900   2.286250970387 
-2.191768469509   1.855006299797 
-1.694552296378  -2.398363485288 
 1.887739685509  -2.327910635201 
-2.906489784301  -0.844565915116 
 0.294832217989  -3.473711602726 
 3.450818509628  -0.510650923216 
-3.722248210410   0.707741162929 
 0.123623964680   3.818297140465 
 3.146555431968   2.178041684961 
-3.439963077525  -2.302866920118 
-1.352704326045  -4.121218365263 
-1.954535806467   3.899046830138 
 4.303466297152   1.055565530644 
 3.823028097930  -2.394220725167 
-3.718354659953   2.631950915920 
 2.393667576740  -4.311557281612 
-4.968317854363  -1.020336016366 
 0.980724730760  -5.076616194661 
 5.182987841032  -0.525368795267 
 1.660332292205   5.041942003262 
 4.306346204420   3.143466967913 
 0.127856208819   5.602974674115 
-5.730753202973   0.547217498330 
-4.127398855026   4.217898956879 
-3.829698245583  -4.511510784858 
-0.610871079068  -5.921489003072 
-2.913656677713   5.326586739388 
-2.227699658935  -5.765415491618 
 5.382377466998  -3.216718478655 
 4.330774814760  -4.674417452624 
-1.257664043574   6.286342892160 
-5.429655294008  -3.431948331009 
-5.547059227186   3.386968441474 
-6.290916557435  -1.761305860190 
 6.299404824753  -1.750072078365 
 2.347125958603  -6.158894086554 
 6.216384467265   2.280458126760 
 3.771331347687   5.905319058619 
 5.829628667854   4.323262124409 
 7.209326840098   1.099804880207 
-2.692712277902   6.830798325737 
 7.380553064676  -0.489312051817 
 2.504107505106   7.079416449992 
-7.576556168561  -0.945403473830 
-2.073595464385  -7.404033459550 
-0.347348765090  -7.739574616103 
 4.225985602046  -6.515967312715 
 1.407463038542  -7.656325296908 
-6.487760758075   4.594297091468 
-4.207689264926   6.766578626443 
-7.642298028656   2.260659083828 
 6.997738223197  -3.835673893950 
-1.285806665511   7.956473754575 
-5.590264135236  -5.868882521285 
-7.338125173763  -3.444209555111 
-4.355925090313  -6.867920486114 
 7.887724109049  -2.113146144254 
 7.592837862463   3.342485484162 
 6.223647638734  -5.565231538449 
 0.915187489888   8.591304407443 
 3.656780672616  -7.936145336844 
-8.897111740562   0.610427966692 
-8.016022676338   3.933418928646 
-6.139510309367   6.530323061409 
 5.645305315019   6.966901763350 
 9.133842856685   0.636387378941 
 2.358813425895  -8.961455839876 
-7.242245215606  -5.800386281782 
-3.553217826051   8.595766130872 
 2.407208654196   8.998208783937 
 4.016531614619   8.480599658469 
-9.250227066713  -1.706151479039 
-3.350091369094  -8.852679564588 
 9.470734245567  -0.933680628490 
 8.770059123981  -3.853632117011 
-0.863405341057   9.563661260184 
-6.067660094917  -7.442700211172 
-0.473840117396  -9.610117417234 
 7.464614637225   6.078675808850 
 9.186860331822   2.946198688704 
 8.513058978619   4.616829274414 
-4.815872630859  -8.416810187398 
 7.775591874868  -6.068172742624 
-9.538468671253   2.620237034481 
 5.147474466870  -8.466267210002 
-2.000655255787  -9.981716469913 
 6.796538819564  -7.838903333344 
-9.172954925323  -4.988777318629 
-5.807779008906   8.682624473208 
-10.533808066303 -0.647948329372 
 10.577510864780  0.200714517969 
-8.163747769611   6.735129194862 
-2.522789341436   10.362328128141
 7.390730342877   7.772590413016 
 5.411285391677   9.318662462213 
-9.833705989947   4.579185239655 
-4.275412490947   10.007035878659
 2.818888884886   10.525698073331
-10.454788308945 -3.221051712937 
 0.088547064699   10.942480559312
-6.143456406037  -9.225362446100 
 8.829008586463   6.712540807127 
 10.976580218012 -1.655239695136 
 10.146023908316 -4.777205828890 
-11.049232120669  2.188071336964 
-7.646978688188   8.304617975120 
 10.349591825572  4.552192401209 
-4.856823867373  -10.257888638344
-7.749518485514  -8.297679419414 
 3.665831978732  -10.771216737096
-8.855629055806  -7.202406800629 
-1.080750450746  -11.447217761773
 1.617214510385  -11.406165613891
 11.063023044878 -3.376137147622 
 1.542082961402   11.583583312891
 7.136670752355   9.282862802914 
-11.715847550347  0.365877338738 
 11.544122853029  2.335852553356 
-10.003434042264  6.222346033488 
-11.175149699613  3.835976582469 
 4.229738043685   11.214828559226
-7.117601653986   9.714497296780 
 6.215734855978  -10.414829456394
 10.424402655141 -6.285589688295 
 12.209781403233  0.596976650353 
-10.405572426249 -6.448032717684 
 7.563255901256  -9.636829337074 
 9.474418461311  -7.768011966694 
-9.536042200384   7.784119075470 
 6.144333974026   10.686531170128
-4.090040069168  -11.641338016555
 8.630910026310   8.893489886550 
 10.426224832589  6.838059674670 
-11.846981372340 -4.294188125693 
-2.164636638319   12.420987303417
 3.355469313544  -12.280259986605
-12.525931134129 -2.288100438727 
-6.058601653331   11.220265066265
 12.789264805269 -0.854124333211 
-6.803981161359  -10.877792832770
-8.919721750097   9.422123035480 
 11.908791943031 -5.268671666555 
-10.302675168077 -7.996839896841 
-8.911423884929  -9.526113464008 
-11.525750508367  6.117345636369 
-4.542271227534   12.233686739975
 12.496409906342 -3.852681079933 
 1.067773417345   13.067577704710
 12.473503886814  4.166975594370 
-13.168990802529 -0.043218615128 
-13.009280079976  2.130498048880 
-1.440298052439  -13.161211470301
 2.621493553386   12.987329173139
-12.386758422444  4.849524573924 
 5.203759411788  -12.267770742060
 13.341405638416  1.753264950363 
 11.863823660567  6.373217414639 
 13.280114877743 -2.298622370613 
-0.391805642369   13.514968246942
-7.952912780247   11.010068666505
 2.280729741498  -13.463640656037
 0.108617357497  -13.681816421559
 10.341953639273  8.964648548810 
-12.433064628594 -5.753432499405 
-3.386223809913   13.300769323220
 11.129888975529 -8.066162429112 
 7.610951192309  -11.468491206345
 8.911575554553  -10.670321983816
 9.463919977834   10.231369969836
-3.150403309911  -13.603995728644
 10.185681926737 -9.649275450567 
 7.885081471340   11.657181768885
-13.404960597919 -4.511424477217 
-5.990387895759   12.849468013357
-13.730433783455  3.612183338370 
 14.208979538087  0.454114319508 
-13.921973573106 -2.886689388991 
 5.082843651589   13.279948539086
-12.174615942377 -7.369405549573 
-6.625738626981  -12.602167647475
-8.993478184982  -11.246472971310
-14.371750818136 -1.183427151532 
-10.334318597082  10.144844416993
-14.460970661015  1.105707004302 
 6.730014354990   12.912346468247
 13.365350247656  5.799495111713 
-12.508743678407  7.548974485819 
 13.827631707026 -4.728117858587 
 14.543967626274 -1.480505929136 
-10.328101908136 -10.388275505498
-4.783346527603   13.855073959223
-2.400670500444   14.477738889042
 12.884320628293 -7.140704267440 
-5.130846601280  -13.829871150025
 1.295858537327   14.725056620771
 14.493292395779  2.959983011798 
-11.563338691931  9.253412424176 
 4.177300757300  -14.216082292631
-11.545172431290 -9.345741013891 
-13.813741694460  5.612770366758 
-1.299231353387  -15.007156773064
-0.702635686704   15.134756470182
 12.622973248540  8.396963204190 
 11.471306252654  10.065653826518
 8.466276104255  -12.753611703428
 12.481998216197 -8.864831424623 
-15.128005482140  2.977634923914 
-8.007871018861   13.220423416068
 3.083026365269   15.167194612197
-10.130966236077  11.703532376925
 10.247366485959 -11.780825612283
 6.958825829174  -14.004667674036
-14.228548884239 -6.564850114173 
 9.765934256709   12.260315133464
 15.173604326937 -4.063913345758 
 4.729074409248   15.027474773679
 0.701096234893  -15.791252450857
 15.803140722495  0.898820684626 
-15.167476801623 -4.569711807956 
-15.552618146813 -3.017638095884 
-3.921444230432   15.369712680715
 15.062587477369  5.193338949919 
-16.036349019082  0.384656325533 
-16.021905085192 -1.171327167039 
 14.568268267099  6.819956476207 
-4.383064009827  -15.482853346556
-11.593136940896  11.170938542851
 16.048690890756 -1.427957446335 
-2.894221617244  -15.876478845346
-10.733304420317 -12.094100032936
-15.377655416508  5.030994226614 
 15.191836335322 -5.573938153203 
-9.470368036617  -13.137588428782
-13.487569307583 -9.010919211043 
-6.481469510172  -14.913434837414
-6.279105221680   15.064257212927
-14.616256506565  7.343583255382 
 4.944730566181  -15.594423824972
 9.079602821087   13.638418546287
 11.632931423991  11.559605951070
 3.439653026178  -16.051783065344
-13.096709664581  9.919390862944 
 1.164243572150   16.397441488061
-1.688705771725   16.376197657161
 12.466185720876 -10.974640194844
 12.959887518267  10.482396652529
 16.195628858937  4.091480239771 
 14.161243453590 -9.007725261270 
-12.467080567365 -11.281026187312
-8.315448866066  -14.647928856388
