 0.418579928132  -0.622481362891 
 0.151275297303   1.508120461708 
-1.946111813635   0.810643562703 
 1.828889160555  -1.180145162697 
 2.062566737950   1.154107824398 
-1.269054718954  -2.053217332327 
 3.034623880604  -0.048120049634 
-2.854806756693  -1.081817015809 
 1.583319101190  -2.815219020261 
-1.294599374006   3.065212075266 
-0.630885911004  -3.761598937420 
-3.794330863354   0.770824447491 
-2.788080381237   2.725648764638 
 1.233460043479   3.790103600475 
 2.989462125342   3.017841066943 
-2.385908637086  -3.575822537472 
-3.508080964250  -2.550887163794 
 1.202427722656  -4.343396883842 
 4.624649768747  -0.636645345272 
-1.401212753849   4.584267549551 
 4.380990585111  -2.183267637589 
-4.786009378163  -1.497137023440 
-0.058736330925   5.364158291062 
 2.239134391120   5.023665083617 
 5.143205159239   2.020896368812 
-4.504775144140   3.250968516917 
-2.275835136993  -5.321056264526 
 4.610145669352   3.535004378882 
-4.895687092210  -3.157136939263 
-5.798471582744   1.067157245906 
 3.259725943108  -4.924907352069 
-3.801367524327  -4.587776651057 
 0.430590864181  -5.957841077025 
 6.081296786893   0.624075131394 
 6.090809355233  -0.996616735481 
 5.040784170450  -3.835965851542 
 2.119232790380  -6.159150178138 
-6.499429118485  -0.437816156998 
-6.218960118829  -2.111316115363 
-3.530084262698   5.717836977547 
 0.211352556361   6.902051016526 
-6.737641542746   2.323051061449 
 6.429534014374   3.100200911447 
-5.054293368435   5.127175408335 
-5.475698114085  -4.783066343215 
 5.073068469253   5.260199314394 
-2.541799262791   6.946443752207 
-0.747238086880  -7.399167289042 
 1.203738739264  -7.398845883684 
-3.754569226034  -6.509042162661 
 5.127313573208  -5.502568053765 
-7.544838617672   1.022851503109 
 4.084740106814   6.433825360621 
-6.797532904943  -3.496157045586 
 3.585824618078  -6.760367894529 
 7.749033584057   0.518944042545 
-2.415182051060  -7.434343960785 
 2.752157123960   7.320660898495 
-6.869681405600   3.896607070611 
 7.616838513194  -2.254980401684 
 6.531361000698   4.623172805599 
-8.049569771979  -1.967637734659 
-4.822524488439   6.977485615159 
 0.812149576145   8.452245364166 
-0.826267748666   8.495394874129 
 7.543613182927  -4.062872323608 
-6.180832981745   6.175075133976 
-3.723103570048   8.010195434113 
 5.159707753676  -7.180167048549 
 2.451678035502  -8.549620459690 
-1.759903847738  -8.794599423480 
 0.697625378824  -8.976123538493 
 9.034884041738   1.299693427397 
-4.879081533905  -7.728179496919 
-6.406035586793  -6.521723775889 
-8.794460583138   2.560294841373 
 8.508858262282   3.482923873294 
 4.368817772350   8.121112490706 
-7.581989058033  -5.412914237174 
-9.326586173698  -0.099954968726 
 7.341073234466  -5.825861808560 
-8.492575085982   4.139100879457 
-3.696125217463  -8.716534618808 
 7.164305790741   6.222347261477 
 8.908874323482  -3.378978203607 
 8.161900164735   4.943354637817 
-8.893932177181  -3.703250905954 
 9.913502949400  -0.706868730579 
 6.003561569346   8.001534474307 
 6.954363486695  -7.297915744698 
 4.570619212398  -9.038046102201 
 9.030042538840  -4.884569175191 
-10.086421426733 -2.101757963401 
 0.982296249626   10.257706888139
-8.323111272463   6.236388516019 
-3.283290448973   9.900091595875 
-2.628622310764  -10.107469087770
 0.169890316307  -10.445309388190
-7.107190314000   7.689839558654 
-10.277287527670  2.039099171428 
-5.680785912047   8.806672409985 
 2.879186998095   10.131277782650
-9.230158229537  -5.189827372596 
 6.358632033957  -8.687317048852 
 2.239506933772  -10.592157104392
-10.034505687940  4.083754893308 
 10.827507365621  0.601296248563 
 10.053923762969  4.064172185177 
-1.567376938168   10.750016988835
 4.679770605705   9.866840130043 
 8.704272466664  -6.692603242983 
-4.902070698434  -9.825237914027 
-7.183735623620  -8.512934252206 
-11.220404668530  0.812037610456 
-8.820478138486  -7.004934208656 
-1.587722541853  -11.192000772862
 10.948948960428  2.814735276866 
-0.106427872998   11.373751895521
-10.594801640513 -4.566737816108 
 8.898691102984   7.409917014765 
 11.627990042314 -0.952398009450 
 11.354735323306 -2.742155808880 
 6.368247689916   9.912560318468 
-8.577957640653   8.117307614690 
 3.956561873478   11.188853652428
 6.099782875598  -10.201718631086
 10.190295938936  6.327025354861 
 8.163773114213  -8.792717261498 
-10.255309825136 -6.289673712348 
 1.150757539801  -12.012877205026
-11.668251858117 -3.105390616834 
-4.320308847814   11.277494831221
-3.025252369785  -11.730661259945
 7.875563296505   9.206255021555 
 11.176954980053 -4.813846738845 
-11.886573427357  2.926567083547 
 3.419191317117  -11.857970826531
-12.332363683670 -1.169495173206 
-11.629798786467  4.421771554716 
 10.035036072944 -7.488235847503 
 5.054603131060  -11.494112686174
-7.334376363181  -10.209117115699
 12.549183878889  0.786707904667 
-11.104690850662  5.988370635790 
-6.167773453801   11.050971699497
-5.419897401153  -11.438097229748
-0.964108296217  -12.621478266569
 2.032224785557   12.588168421805
-10.158156046257  7.732992056303 
 12.150621626096  3.952767880418 
-8.246712078520   9.819385001089 
 0.419128070193   12.890139590299
-10.054633261716 -8.144720364176 
 11.689873451642  5.583519651427 
-1.754749507987   12.864168642002
 11.504388750544 -6.334511454223 
 13.066122406230 -1.392157427236 
-12.020366640613 -5.711620768792 
 6.870363548703   11.405682017245
-3.737201551478   12.801036441388
 5.310374423572   12.280991139657
 9.782014132957  -9.212090418913 
-13.368794938685  1.393797794267 
 3.772889744346   12.931677025670
 13.215357999033  2.666556186433 
 6.724232751141  -11.718101962254
 10.107119419003  9.073139097906 
-9.229394605781  -9.979530858033 
-13.217861497401 -3.193343698764 
 8.130526647576  -11.004252640362
 13.230074135456 -3.640602137130 
 8.308829582582   10.951761116607
-11.660517494618 -7.364296965815 
-13.514340325358  2.955075176780 
-2.307866284576  -13.643210666113
-13.952000937476 -0.079608954581 
 3.291168079415  -13.578074872713
 13.995764643677  0.292304114510 
-0.815681738191  -14.134847263624
-14.052313896350 -1.923458565663 
-4.228006570513  -13.564629492095
 11.524747039694 -8.442016600323 
 13.286760718567  5.273763916516 
 1.563689152868   14.285236602714
 0.997471489739  -14.356091388819
-12.289871222554  7.504584538382 
 11.580837606254  8.574675237127 
-7.109603401327   12.543940942957
-5.926034878489  -13.228869941377
-7.962822385509  -12.217585258995
-9.855165166833   10.819583756372
-13.723967984302  5.154399682671 
-2.076654944175   14.604656016084
-11.080912706821  9.749489879008 
-8.802093890323   11.935292758606
 13.199058014777  6.786981570528 
 5.023001609857  -14.015174403528
-5.918863484377   13.682580803972
 10.333099698166 -10.776259317077
 14.775878782111  2.518710784629 
-4.258967389087   14.386132151584
 8.231264904056   12.560948625030
 14.502565201978  4.042508482469 
 0.277557794702   15.066341448721
 13.870939686701 -5.897075860401 
 5.420049256445   14.101159768347
 10.302588663195  11.170550464356
 12.964511524566 -7.930400868540 
-14.274021115661 -5.262336463464 
-12.656753673177 -8.546785305191 
-15.134661553101  2.114328001558 
 15.265197213805 -1.894650786221 
 9.478178133148  -12.272359724219
 6.609391852092  -14.080584342470
 6.919470712486   13.970184785041
-5.196690216415  -14.763101297971
 3.022893376111   15.364866054163
-0.685192358072  -15.665315235227
-3.270996118165  -15.363529054922
 8.189787296562  -13.429661731443
 12.041508644668  10.180852009550
 15.361952354235 -3.589866775137 
-10.488593991045 -11.800926419625
 14.809974240384  5.519079610150 
 13.090651885170  8.947469961032 
-11.943353745242 -10.547692492887
-14.368914177391 -7.017596234407 
 15.989987907228 -0.296294466684 
-6.858160136466  -14.460101259811
-10.626689077768  12.140265980578
-16.115149031079  0.921654180599 
-8.306451225401  -13.867901161525
 16.140502017843  1.394213551572 
-15.949987837758 -3.085461980830 
-1.674952893699   16.188089924884
-16.207651410930 -1.523485796423 
-8.527561208148   13.871502338697
 4.560741475798   15.633139544082
 2.704686229050  -16.067302279730
-13.332732235890  9.370006066092 
-14.594065901647  7.285020277995 
-15.842802239931  3.887628440766 
 10.313318134538  12.759023973906
 11.013216981138 -12.202148152111
 0.708041384840  -16.469792676452
-5.913251658237   15.396236496982
 14.805416279181  7.303731676591 
 1.122950631119   16.473084752346
 4.624158948792  -15.866453339831
-9.974026280428  -13.221989893479
 13.020539919188 -10.295718872523
-15.676972570281  5.502812531857 
 15.094997757065 -7.112753894525 
 6.171663735099  -15.528862401929
 16.459616410364  2.924246411606 
 9.011797052728   14.118871556841
