 0.579977220532   0.476500471310 
-0.139361868034  -0.887633811531 
-1.851470744264   0.438072089274 
 1.884906431763  -0.976828572816 
-0.236261184059  -2.566141151368 
-1.740124096081  -1.987898769756 
 2.405870735686   1.383608582611 
-2.803893797651  -0.888896455877 
-1.106335421228   2.768008136880 
 1.538502864197  -2.796784177724 
 1.656486629087   2.889525928372 
-3.358875719890   0.563596440641 
 3.721201450466   0.367506506900 
-3.243397386810   2.388533050747 
 3.938526070248  -1.132826538657 
 0.961737077219  -4.228337518055 
-2.259391902301  -3.874857906340 
 0.157807583716   4.546722355859 
 3.209883073972  -3.272600415557 
 3.774063731241   2.655376377635 
-0.493700908793  -4.668002097750 
-4.620956713580  -1.226247429976 
 1.828147811483   4.573464433293 
-4.890358970963   0.827495736115 
-4.313575375487  -2.759768972249 
 5.237266235157   0.475695032480 
-2.595920231272   4.793035642644 
 4.925834263307  -2.478600324945 
-4.560057669531   3.260024533024 
-1.116623668612   5.515117478681 
 5.265404041519   1.990469634352 
 1.734522516824  -5.532861417946 
 1.042263606443   5.938086139096 
-5.688056759714   2.258207335366 
-4.058529048208  -4.617587072298 
-1.505068968655  -6.091354221126 
-5.942333142717  -2.247192870765 
 3.992643283624   5.115989651852 
 4.499178310511  -5.025331688237 
 6.761410504052  -0.308908504891 
 2.886318043180   6.345208930739 
-0.168137556292   7.030900334096 
-5.137555911309   4.806649330504 
 1.074914746347  -7.007558495918 
-3.882088097270   6.004096164229 
 6.560241625266  -2.980231695253 
-3.514302788706  -6.346403600217 
 5.709944633014   4.571957056144 
-7.424666677263  -0.603705978870 
 7.232933437487   1.846932849350 
-7.420011410496   1.366758159999 
 1.814057839172   7.530731871684 
-5.306084384106  -5.660162253195 
-6.382050902423  -4.431947539678 
-1.727854487008  -7.751883327545 
 4.355105409580   6.703188931003 
-7.402328611301   3.168396810212 
 3.277900097283  -7.447688909059 
-7.922721935409  -2.055611780505 
-2.077564981008   7.979042811218 
 6.655599423256  -5.326315860664 
 8.203921883573  -2.515292000862 
 0.968563033747  -8.554479448203 
 7.974291516729   3.335956085144 
 8.632520627204  -0.936079507632 
 5.798584975943  -6.588059758873 
-6.889234611747   5.474526190905 
-7.966418790175  -3.745543942640 
 8.755036786649   1.014015191693 
-0.640806676517  -8.874745012232 
 6.889284863426   5.652823533724 
-5.112663591159  -7.403973716393 
 5.861251927391   6.848031563629 
 3.630547239623   8.378631617629 
-3.016193930931  -8.716501025539 
-9.239135882358   0.994731742760 
-5.610207393933   7.623892099156 
-3.304029428472   8.917503833100 
-9.485417241295  -1.190906462581 
-1.391534839099   9.496613833121 
-9.171464530002   3.063787847118 
 8.934533393363  -3.909728215857 
-7.761820123478  -5.961017500043 
 4.554095152642  -8.669020662056 
-8.438612718793   4.984564763616 
 0.357287047533   9.810033927062 
 8.623455313784   4.754178070061 
 2.324822233374   9.643415689193 
-1.878498863102  -9.763383491806 
 0.153239179487  -10.162083139327
 10.121321728184 -1.458480702019 
-7.534659310403   7.010977928896 
-9.868988878804  -3.113627725985 
 7.131296045288  -7.517805340884 
 2.859680832921  -9.987577894749 
 6.055138518436  -8.581420990144 
 6.903911117306   8.039454349387 
 8.530873399936  -6.339845758257 
 10.225905974220  2.953367685756 
-2.669097276416   10.314592054480
 10.664281051714 -0.013555408017 
-3.292620133572  -10.418632705989
 3.832031660239   10.232897987754
-7.715044174539  -7.768356267707 
-5.640311371135  -9.386775696535 
-4.248930914401   10.120859011519
 10.443545851527 -3.505237381422 
 8.449707801503   7.079957372342 
-1.193514290425   11.055343412480
-9.994433365536  -5.018199899082 
-11.232722420657 -0.973926443127 
-11.246711826712  0.818599405962 
 9.842012355031  -5.562089941011 
 5.991402631049   9.603764426416 
 5.441350676152  -9.974030898179 
-10.338206216171  4.727960000802 
-6.330759990228   9.507403875358 
-11.036432101948  3.029826523212 
 0.267204105569   11.446652591714
 9.964836521565   5.660571268229 
-9.668841405294   6.211856819244 
-7.659102750782   8.700162578808 
-0.957248375549  -11.562920617828
 1.908533423059   11.498514623905
 1.279793911198  -11.601912960601
-9.239198210796  -7.572483330906 
-2.461301758251  -11.713718060121
 7.776802364462  -9.147140909191 
-7.537380492176  -9.510206332463 
 12.023161076313  1.843058774161 
-11.413442763511 -4.272950851152 
-3.207985721335   11.820777499404
-4.393607440350  -11.462291910339
-12.096728505767 -2.395471575513 
-9.314308825000   8.121499123359 
-10.439967246820 -6.617477779799 
 7.989528065637   9.441605091242 
 11.397402193064 -4.843124979758 
 9.127736423185  -8.399439617762 
 12.106561852660 -3.158808114778 
 11.744794271711  4.411621365416 
 12.531398541923 -0.816316690108 
-6.016495599003  -11.077355318392
 4.358545412735   11.843572815562
 4.719631179834  -11.778127408986
 6.123758394683   11.163403562064
-7.566284323313   10.399901168694
-12.852173113115  0.738777276923 
 2.952940776106   12.605021673017
-12.747914047309  2.429836937607 
 10.933755905421  7.068867559955 
-11.311015610017  6.545481939043 
 0.574841358491   13.094258497107
 6.587251435461  -11.420682234745
-13.160637464439 -1.015631096845 
-0.153101115145  -13.263613400364
 2.764752405730  -13.012041719317
-9.248031065467   9.651258673088 
-3.452271270730  -13.001985639769
-2.221502211811   13.313510133747
-9.922267920033  -9.160711952967 
-12.477155305844  5.321548059196 
-5.822015843202   12.290697342594
 10.662695636626 -8.451344570082 
-13.072137154909  3.899832322583 
-12.892503939397 -4.652359452164 
 9.760303227703   9.624679533315 
-12.001469713407 -6.676077236712 
 12.407802211295  5.990583188650 
 8.909815623062  -10.557293489277
-8.344210826326  -11.090783035951
 5.605224868231   12.705569459027
-2.041515770067  -13.763136928390
-11.364628101767  8.086483803523 
-13.612623687073 -3.071502137848 
 12.899098413092 -5.335128952727 
 8.362394944616   11.267840414774
 11.941746248013 -7.385040105215 
 13.830694675910  2.829591715838 
-0.766166400274   14.107385415049
 13.943890138509 -2.378844500209 
-11.460189148142 -8.330660753001 
 4.553772633471  -13.437032690314
 13.619680945464 -3.990143718060 
-4.171868009311   13.598284811172
 4.089569405081   13.638146198342
 2.441904966574   14.105807572681
 10.377055030093 -9.945184830501 
 13.754784266250  4.346069278477 
 14.431646436116  0.508220438916 
-7.588712002152   12.330920187877
 1.247450269135  -14.509492957597
 11.767514537783  8.699382815230 
-14.575374897725  1.399278738851 
-14.553218896776 -1.820171027889 
-9.324915827496   11.322872422579
-10.045599756728 -10.723107468771
-6.709585311729  -13.075154984689
-12.993465730792  7.000228143285 
-0.386799009361  -14.807577611969
-10.698669864075  10.251401293056
-14.577753575182  3.049921906028 
-5.161867456961  -13.974220653482
-14.196112322714  4.952353118085 
 7.017146397099   13.312254151851
 3.025408275578  -14.843603243607
 13.250761092822  7.400045795058 
 9.150665329193  -12.113824276178
 6.015207605899  -13.945669137028
-13.948919536909 -6.027858774921 
-14.511727059109 -4.545487464044 
 10.795346870415  10.767298529636
 8.016757167729  -13.111605278507
 13.437033245320 -7.621279467641 
 5.699212730668   14.409021330647
-15.607519215080 -0.689386493969 
-13.463998126300 -7.947822512017 
 15.618795810019 -0.850553301876 
 9.752904597520   12.234899319761
-6.220482354367   14.403770539524
 14.360238402275 -6.434622679184 
-9.152417429229   12.833981795613
-3.117062945488   15.481202926163
 1.214589874164   15.747981111516
-11.565646053656 -10.757752169727
-13.155651563796  8.761017161109 
-0.527484418152   15.810070706758
 10.686258014929 -11.677455238217
 3.673652388307   15.470385722136
-12.748524009761 -9.516133352240 
 4.936538165365  -15.172616560249
-3.392418439299  -15.594043796773
 0.519745352117  -16.024840539675
 15.123931634724  5.407019776623 
-16.053204060564  0.897572293617 
-11.016013275318  11.766683579774
-6.645372582376  -14.686435047578
-15.959825963741 -2.362103525565 
-8.120549497648  -13.976072823194
 15.631908888649 -4.224929023346 
 12.806847960508 -9.926437415433 
 15.899769320257  3.422796672477 
-15.060413927416  6.294837315840 
-15.891785840881  3.822403385265 
 2.183346646153  -16.242424665985
 16.190430016340 -2.587345079672 
-4.732811886993   15.705633851669
-5.390726601886  -15.548908378090
 16.408858866020  1.469699059876 
-8.454384112728   14.180768842650
 8.177725884601   14.410187764472
 7.264594315233  -14.917263946271
-1.968024408870  -16.490606887813
-16.183728367904 -4.180123899627 
 13.171110684131  10.307027490950
-12.520639215881  11.123456413203
