-0.228682681406   0.125402425304 
 0.971093295477   1.202947796909 
-0.426499987332  -1.521409896761 
-0.958369638526   1.505877649323 
 1.878025202144  -0.512116251089 
 1.661027422704  -2.006900262828 
-2.951634703485   0.443146418778 
-2.046544867485  -2.298017733766 
 0.823323578309   3.126549273277 
 3.166706291599   0.796140520679 
-1.230689025864   3.216622768434 
-2.640883324414   2.318510881994 
 3.161681955819  -1.724117823569 
-0.846344749854  -3.549471952083 
 1.468124187106  -3.589684833255 
 2.343241946361   3.397798033159 
-4.049497883816  -1.058358612962 
 4.304413691022  -0.475049989135 
 4.096162003666   1.978870884529 
-3.677760549149  -2.739302881284 
-0.551982997477   4.731652053083 
 3.478210178438  -3.375670890283 
-4.931868478347   0.923715661356 
 4.736309354454  -1.968153663513 
 0.007720827276  -5.207319600021 
-2.527475385468  -4.609579276856 
 5.366144574250   1.099770066376 
 2.593161298281  -4.957815046970 
 2.383263784736   5.077795955587 
 3.904886469086   4.160032145426 
-5.850495194154  -0.313983366797 
-4.781826424472   3.523646172219 
-5.687875604820  -1.953740532802 
-4.619047223086  -3.980790813873 
 5.117051713570  -3.438178491911 
-3.196863352264   5.277811131536 
 5.271974303392   3.533396591666 
-1.881589528249   6.146797301301 
 0.431696509609   6.665923252172 
 6.770549286339   0.205174928623 
 1.427757551716  -6.631685870015 
 4.692721680887  -4.915020310486 
 3.138290653581  -6.357238670598 
-7.014571881052   1.379599947617 
 6.746973885820  -2.550528821229 
-0.971134869461  -7.164733075698 
 4.776659571830   5.442936310407 
 2.248031672111   6.929641388773 
-6.703026039336   2.891774178451 
-2.737978319651  -6.889976247888 
-4.620929451548  -5.815635712320 
-6.125107522506  -4.638871289447 
-6.326878567774   4.762688764333 
-8.027993466760  -0.709603464406 
-1.546712014942   7.966654271115 
 7.709909184951   2.835466834602 
-7.671598115163  -2.981980116504 
 1.244200344063   8.179116117502 
 6.882365896144   4.603641175102 
-4.191752575739   7.144578267372 
 7.623951061417  -3.913138036795 
-5.636923126242   6.544023692545 
-0.760811140840  -8.651048818863 
 2.880360876457  -8.294189993673 
 4.161674041050   7.752641218465 
 8.430512647691  -2.535241015045 
-6.310318118418  -6.173152259939 
-8.540625781492   2.326468506045 
 8.763057224600   1.494695063158 
 8.917240607470  -0.976692044623 
-3.035813451472   8.442656393368 
 0.832408480431  -8.975899124332 
 5.745327172741  -7.017726662588 
 5.660088406456   7.106126324594 
-8.908041245200  -1.945367708119 
-7.966682483542   4.502891067108 
-5.332152904300  -7.464894757287 
-9.186134517529   0.870342671356 
-2.713091035811  -8.898769148834 
-8.031537645393  -4.866264497807 
 0.000275141336   9.465852584201 
-7.255064418886   6.129637840456 
 4.421866182396  -8.495608511658 
 7.318650406958   6.282193024944 
 7.385099282388  -6.242765719773 
-1.653732737663   9.615630581155 
 1.521358387478   9.772662310787 
 3.246750384455   9.363059318847 
 9.984004866371   0.413291368836 
-9.423075093678  -3.533601129824 
-4.359117347723   9.183860255705 
-10.148627938368 -0.809448244945 
 8.831517758113   5.247299322268 
-8.070101807542  -6.403836120583 
-10.007231236778  2.683966721735 
 10.036699137291  2.749760196957 
-5.880645736212   8.674221304730 
 4.905661843685   9.277158825042 
 1.474693723983  -10.394914012144
-1.486624168659  -10.483382743613
 9.358640030536  -5.008656778562 
-9.719701582000   4.293563936251 
-6.809755399085  -8.171910495167 
-3.109867296417   10.262359632177
-10.739050846066  0.870972287928 
 7.372555739176   7.946500196390 
-3.808964127902  -10.273176652881
 10.388507491511 -3.529909079652 
 11.096029403237 -0.773416669338 
-5.473143440525  -9.713341557472 
-8.786301759889   6.878725133703 
-9.640308192492  -5.711151308944 
 8.358220698121  -7.466660025489 
 10.361105637322  4.327694644052 
-1.057784700944   11.302194641745
 1.211172596698   11.287488092098
 5.717166846606  -9.808695530504 
 4.292102704270  -10.537424056419
-11.159911292968 -2.422453912049 
-7.478647620403   8.654888128730 
 11.484499917184  0.933123772623 
 7.233505022624  -9.028947415427 
 6.365083764074   9.805841327477 
-11.725235261412 -0.676910931941 
 2.754805724930  -11.422827048665
-5.331646316054   10.497602858708
 9.917902638674   6.516691144708 
-9.184790847679  -7.520831197671 
 4.025113002996   11.348958839439
-10.838842702863  5.304086034449 
-2.695103562671  -11.762323333868
-11.544180958250  3.680856647399 
-11.926378731483  2.167652922712 
-8.295657447281  -8.904815087829 
-3.310838473240   11.856104622825
 0.199681594536  -12.336438028269
-7.240032446167  -10.017575819462
 9.489897649862   7.976883601777 
 11.444606164171 -4.772105851369 
-12.564130369954  0.661426497650 
-10.807823185335 -6.684804635886 
 10.827128822736 -6.683876863420 
-12.256028820823 -3.587413107671 
 12.299386618409  3.605603813815 
 11.574396225952  5.592811499565 
 8.744913855526  -9.450208487420 
-9.013979708697   9.197450381868 
-1.283411078379  -12.814077954685
 6.604620088012  -11.116140451290
 1.714594817447  -12.882228223128
-4.799528515161  -12.118162151528
 13.005860331029  1.097115155670 
-7.644980873820   10.625752935510
-11.918329439028 -5.575198190036 
 10.037224218987 -8.561163846312 
 6.533471530059   11.493561587119
 1.933367071829   13.095679398001
 13.078078690559 -2.226081980113 
 8.793000816924   9.951054553847 
 12.702996083909 -3.891028899947 
 3.752909946933  -12.752526974152
-5.267281524955   12.300546583876
-12.464309328769  4.871524749272 
-0.644598729810   13.369778829714
-11.103676575106  7.589153747660 
-2.495882717240   13.402307479046
 4.712453087065   12.799545404566
-13.394503952239  2.851554393707 
-13.721202559813 -0.298266653393 
 11.444632574084  7.581710491080 
 5.437041278261  -12.657786946434
-10.891639355384 -8.467443481789 
 12.456921157593 -5.945499273294 
-7.589740801938  -11.557458838853
-13.602290083263 -2.547132177307 
 10.274784578631  9.401141360703 
-6.313781340641  -12.465156217001
 14.002240327109 -0.256303494184 
-9.177533244635  -10.590788106193
 8.155515146662  -11.439297158499
 8.132424694048   11.489676419291
-0.522800059440  -14.398463365948
-3.880436507758  -13.922921337005
 12.113196220719 -7.918306602860 
 1.749308593838  -14.442113209763
-13.988154699504 -4.111984779898 
-10.850871975088  9.740981969219 
-9.707474663643   10.882584879268
 12.949244211448  6.714658583383 
 3.164367743514   14.240638635379
 6.589957234616   13.020356968230
 3.254448787919  -14.324113752579
-7.677480083468   12.536307061709
 14.634689174856 -1.656990957266 
-14.699780923381  0.961143635612 
 13.807153611973 -5.201880860865 
 14.364616734327 -3.403117832827 
-1.709348490455   14.721110755236
-13.153695833617  6.959377759606 
 14.451893303975  3.712348585625 
 14.871154384603  1.967326450327 
 10.069597343172  11.119057159449
 1.378886936073   14.972185662308
 14.161221569855  5.256158077574 
 10.671236230153 -10.715536683978
-14.056546905050 -5.639553470438 
 7.680215669724  -13.117845907578
-15.209373397546 -0.866714868902 
-11.773275365801 -9.706490130508 
 9.681146579816  -11.865585164256
 12.154702889590  9.349995594987 
-4.279297193521   14.741309131299
-0.149527029390   15.425680948271
-13.471417921566 -7.608234003574 
-15.288388518752 -2.569707709024 
 5.003209245566   14.751517483651
-9.572520976913  -12.325753699555
-2.129943172434  -15.466004520809
 13.972548032944 -7.076497388986 
 8.053710199001   13.453819865057
 15.676292765402 -0.561066127761 
 13.422880104849  8.226990204142 
-10.860703943304 -11.410434069939
-9.372378215758   12.666600408261
 0.398298375211  -15.791527470579
-6.780134594364  -14.276783061874
 6.639736589411  -14.351869079890
 9.453325197399   12.804346949796
 5.181316691067  -15.055498020836
 12.460231677307 -9.931962405973 
-15.530347654665  3.636597508413 
-3.834554361601  -15.523105124948
 14.453659022661  6.961650876560 
-7.304003665706   14.291206338443
-15.505573975775 -4.149368376756 
 11.586635008084  11.134535445535
-12.821950591287  9.725010262131 
-11.196272571031  11.634305249311
 15.930113649542 -2.674613404383 
-15.152671299398  5.603570543039 
 16.132213868569  3.152085801576 
-9.062729324888  -13.753096404059
 9.643818579021  -13.374131582592
 15.953547510397 -4.175072950521 
-16.533421847562  0.099312945865 
-14.910934858047 -7.165792346745 
-2.216525470280   16.408782256452
-13.503828743169 -9.719076545197 
 15.939816837510  4.806955736612 
 6.755001948118   15.399630932010
 15.824861066820 -5.696685146122 
 14.363875178306 -8.799899206853 
 4.573071690559   16.218902013612
 16.853223811559  1.100809773730 
-6.096528588592  -15.752881128876
 11.330165735277  12.618878648874
