 0.751253628431  -0.196049621785 
-0.574911584612   0.935272180123 
-0.977107254389  -0.881498162662 
 1.741820192832   0.991052642835 
 2.592396834728  -0.394163930770 
 1.159987628678   2.457038538415 
-2.548658219619   1.233712178291 
 1.378200858249  -2.474513530530 
-1.238615253332   2.583715504649 
-2.048157837017  -2.075812531553 
-0.492237478880  -3.297528086762 
 3.539266542044   1.303122631361 
-3.701098546927  -0.748443452981 
 3.177497322164  -2.378960242360 
 0.133346693073   4.112080470368 
 4.133373803968  -0.138266866883 
-4.041948393770   0.972898994948 
-2.521543047595  -3.558708115395 
-3.211353934006   3.056609992750 
 3.202472383617   3.140205439215 
-1.563898329920   4.293766119689 
 2.042190980782  -4.353068018917 
-1.234419316314  -4.682219613263 
 4.565153433794  -1.744232132268 
-4.344364212218  -2.507180440776 
 2.226883691909   4.792583643008 
 4.978264669773   2.094190986746 
-4.897421132381   2.330206364889 
-5.714015952843   0.044599278742 
 1.174227013116  -5.610343353086 
-5.563711885550  -1.579166058373 
 0.741824683019   5.757903440062 
-0.769399522791   5.903422985487 
 3.533277655998  -4.971588681512 
 6.099164404834  -0.710598226456 
-2.861372460206   5.693949262241 
 4.644864014548   4.395876674238 
-3.469400703386  -5.424153471428 
 4.926733096147  -4.265610435285 
 5.975802578128  -2.724807252151 
-6.343632125793   1.750473968556 
-4.841444498144  -4.517134012100 
-4.755643568895   4.798849872439 
-0.032384200778  -6.950603031017 
 2.841809717437  -6.429329118695 
 3.215692582124   6.300255009005 
 7.007516703663   1.221962799487 
-1.969213992165  -6.874657345702 
-7.040163686690  -1.878413387137 
 6.656976226249   2.990061760670 
 1.114519265044   7.263194021397 
-7.420156231246   0.465680739931 
-6.221926013836   4.108272389829 
 7.409590151106  -1.554606187585 
-6.819291672543  -3.481265579756 
 1.539622662661  -7.513361529699 
-0.393143406549   7.735180346136 
-2.042917685255   7.697278071320 
 6.670767098311   4.577938637348 
 2.685047283957   7.731031295205 
 7.524994773369  -3.261207217085 
-6.460464343336  -5.076986761250 
 5.609181067392  -6.104927810444 
 5.817280316101   5.910399912139 
-5.466376318189  -6.394262567246 
-4.436404721364   7.158651077238 
 6.862273602612  -4.964709136183 
 8.460707957436   0.551544628306 
-1.486016633478  -8.349474720493 
-8.271134893205   1.985901846729 
 4.709982505250  -7.417069880707 
-4.530627410041  -7.591661557035 
-8.860647219879  -0.951817810230 
-2.971701219156  -8.575962888906 
 8.687890038404   2.888533279839 
 1.076179008804   9.095874436567 
-8.799252856153  -2.750063557204 
-0.174221956944  -9.228696540838 
-8.196123383366   4.290792183863 
 5.111998408632   7.718425968907 
-9.346887661521   0.694531903788 
-3.285448626068   8.786358613070 
 2.140988442027  -9.169027688345 
-6.753519028785   6.721747747296 
 8.628749403842  -4.319249531535 
 7.228133581090   6.427496482451 
-0.896006504929   9.650939660532 
 9.601961552245  -2.099962488798 
-9.487855599706   2.870815433300 
 4.236159778818  -8.979944147448 
-6.485188680022  -7.558722914577 
 8.724248519239   4.814213359955 
-4.817412138200   8.742662303364 
-1.772894102358  -9.851836033376 
 3.041081699729   9.639610151402 
 10.136889986517 -0.079742774283 
 10.169931717554  1.762520087095 
-9.204600903149  -4.876444282203 
-7.866711264252  -6.904650080490 
 6.012218942401  -8.594860794839 
-10.505365123933 -1.094410283303 
 7.957918938308  -6.951956203335 
 1.091125992765   10.645500805261
-3.254013468471   10.319025251304
-5.454768591534  -9.354671330033 
-0.543667238837  -10.868425807641
 5.538407352781   9.381338491571 
-10.920932233210  0.834014671514 
-8.993469900566   6.260751430890 
 2.200906322656  -10.770587573864
-6.813484072706   8.642194827017 
-10.601258044085 -3.022900791792 
-1.703596841949   10.918429621252
-3.367421735340  -10.542032741802
-8.293111433990   7.619142529236 
-10.226751613825  4.770757213517 
 8.895075295892   6.953990985516 
 4.353141384561   10.509709928771
 11.059309987661  3.017732186647 
 10.781331261082 -3.927206663049 
 11.536870759476  1.062122911940 
 10.590300754883  4.855746328003 
 2.804942093474   11.348857683457
-11.370725290661  2.802628134460 
 7.996016495904   8.598050375307 
-5.878544674419   10.171119426373
-9.836978803591  -6.482463383498 
 4.253956731295  -11.022288060625
 11.651771670660 -2.142307648931 
 10.007419789071 -6.564875075715 
-8.311012559441  -8.619452793888 
 7.178149564400  -9.696320170664 
 8.556549989438  -8.603749507917 
-11.366003199843 -4.326690941841 
-4.673225070322   11.273794352916
 10.373154706769  6.475558249516 
-0.910690524656   12.197553654513
-3.014602991566   11.878889995489
 1.119440798393   12.264764639475
-12.137835701106 -2.262590009726 
-1.162001183739  -12.295916098289
 5.971334396414  -11.020349632813
 12.582715752059 -0.087619843888 
-10.115267080865  7.523489395192 
-11.325995627371 -5.889776275704 
-7.840497895554  -10.096590984976
-9.940434707313  -8.066391847918 
-5.662516846910  -11.553227909254
 10.033195472780 -8.150677424414 
-3.100798172671  -12.570101919481
 0.209114209938  -12.953967542497
-11.709687850073  5.694738121349 
 12.217559274009  4.561880201114 
 12.939075315300  1.805806384235 
 7.496540426536   10.764168181089
 2.715066996822  -12.837286067148
-13.173402210929 -0.176729917603 
-12.486535645218  4.322916104158 
-12.978976547646  2.588932629431 
 2.432331383676   13.050066632236
 5.684217340787   12.056776361195
-7.058609490144   11.360332094399
 4.005527113569   12.836024311740
 13.295234901367 -2.063438664531 
 12.062560409675 -6.141856101064 
-1.930195251319   13.444092556104
 5.355113582079  -12.520122293397
 7.432000824890  -11.454957813562
 12.035467915650  6.564845803820 
-9.264748429056   10.141751334091
-4.400389753397   13.071088556951
-13.661340931666 -2.250021515597 
 11.365777403695  7.908085627233 
 9.993574559377  -9.674837030690 
-9.920213665311  -9.914713699415 
 8.954218774320  -10.834204705019
-13.385762545854 -4.349141029185 
-2.147905951837  -13.946344724411
 4.088340281328  -13.509207774696
 10.590290483918  9.340906176041 
-6.278679715492   12.673433539787
 11.909868818572 -7.636923280584 
 0.063198327218   14.163786429594
 13.771623394483 -3.520081718410 
-12.248192909581  7.220012154098 
-10.956119030404  9.081476689111 
 14.295386388804  0.840590223217 
-12.410595190907 -7.167843812241 
 14.309093043380 -0.860943798448 
 13.964733664888  3.249403268465 
-14.256067513816  1.749441011489 
 13.339479547658 -5.351758196102 
 9.612364975876   10.772335371474
-3.670514883963  -14.088535474377
-13.321523533450 -5.878459205667 
 1.554684581140   14.514910222378
 11.447246537251 -9.125270290369 
 3.294456415391   14.298567970350
-7.881532648231  -12.431101613336
-14.346082305138  3.359282055703 
 7.960154342664   12.449465371263
 2.789654797323  -14.512986162026
-0.834571659482  -14.916381657694
 14.877571074090 -2.252300698626 
-5.266563442425  -14.140898274118
-2.251991505488   14.937158738997
 5.742783953466  -14.003795846643
-14.770214285511 -3.649761505218 
-11.562899707662 -9.946572249348 
 13.511560775075 -7.251423045841 
 1.038520599654  -15.337575545944
 12.408348641575  9.108129231179 
-9.933614374693  -11.776046663947
-10.690913015557  11.117438299489
 14.314211020604  5.772907952577 
 6.259879748610   14.169225661862
 7.808889631146  -13.431531519734
-14.265528275833  6.159946540538 
-9.181028973690   12.546052492482
-2.703915307028  -15.428619021914
-15.634793624594 -0.972455191794 
 10.354370339035 -11.810167428915
-6.449939319378   14.422848595349
 15.177825650068  4.437431267814 
 15.067642379254 -4.862517178670 
-12.327795973322  9.954198828677 
-0.245409459679   15.891972964489
 15.670924169630  2.827063304805 
-14.241857672647 -7.284218408363 
 10.106939603891  12.409807828610
 1.301828351054   16.036327314487
-13.265482000243 -9.207199178136 
-15.964650009384 -2.680616187070 
-8.906115414687  -13.535489283156
 16.202840134158 -0.106749128616 
-4.413304093546   15.617281200495
-14.109825711607  8.069605629893 
 4.303360564427  -15.722454929667
-15.777354668409  4.118463436943 
-8.393603641144   13.983618182631
 11.839541592931  11.295528970752
-16.402861496136  0.637609265824 
 8.560801834626   14.019730639035
 4.986733438335   15.694553864730
 14.199636132185  8.353827961641 
 3.439525126148   16.191022963618
-4.801338612747  -15.879923073924
-7.519202812931  -14.800586780118
 12.534191189020 -10.901973410991
-2.808139590462   16.589522510351
 6.407347429326  -15.559030937106
 15.308672615547 -7.112703147065 
 16.732087981802 -2.769275400586 
-15.989285499683  5.672313526062 
-1.328132855105   16.954819054665
 13.772978658396 -9.981817419460 
