 0.553606641719  -0.095869625818 
 0.824675436422   1.409227180538 
-1.365826176458  -1.371221116094 
-1.941668240011   0.342606472073 
-0.508004203724   2.159880383234 
 0.513057869401  -2.385961239358 
 2.742638499009  -0.829207041028 
 2.755517831333   0.988129307597 
-2.068172347908   2.377695482472 
-3.146312517093  -0.819774070513 
-1.080696411357  -3.116333175677 
 2.335196538510  -2.351274438069 
 2.242286073274   2.708849251190 
-3.481082336930   0.649256780871 
 0.471356079600   3.909321258943 
-3.207042587368  -2.419336798614 
 4.244376338056  -1.037953207729 
 3.787222676491   2.537623290590 
-2.613574882575   3.789047828539 
 4.646613465674   0.407674403662 
-3.871393179148   2.827324633028 
-2.060943491330  -4.337460048818 
 2.307820210370  -4.226230445598 
-4.796845623510  -0.943046392034 
-0.497023035444   5.109883503583 
 4.288001916757  -2.826170443852 
 0.789140833265  -5.158752646080 
-0.786031734520  -5.204340421216 
-3.628936224723  -3.965196733828 
-4.733208504789  -2.553765611412 
 1.887973870023   5.062786338488 
 3.522991504539   4.107392880316 
 5.432024608565   1.954895918229 
-5.966570356878   0.069654474457 
 5.682225185935  -1.881885534795 
-5.870195534607   1.998301121737 
-3.851655389172   4.956998897957 
 6.314424709893   0.323098887763 
-3.268864522381  -5.562554272009 
 4.282919900327  -4.833584468288 
 5.671718202189   3.450554259742 
-1.734811353463   6.456064594945 
-5.503651282872   3.909780403714 
 0.473942933470   6.744380463541 
 2.381212521382  -6.460749723542 
 0.121984548515  -6.885097942696 
 5.870724635924  -3.872521079440 
-2.250642997004  -6.682311782763 
-6.333115359264  -3.336107966065 
 4.493080387483   5.640892724454 
-7.086086569795  -1.779417400752 
 7.273852166940  -1.726339385434 
-3.705079148027   6.523216411887 
-7.424456031492   1.097091545549 
-7.660651532780  -0.388291465032 
-6.062270245014  -5.027596389286 
 7.615547681773   2.030109834921 
 4.009427818891  -6.897076256742 
 1.971672604922   7.738190810006 
-4.669854268046  -6.513719445209 
-5.380665313648   5.959418693406 
-7.617941285010   2.651600623282 
 5.866003320055  -5.579537024381 
-0.194193321769   8.099887467433 
-7.018745465681   4.201497446287 
 8.227743026453   0.172855006380 
 7.526370967952  -3.437966261670 
-1.904941082902  -8.178695554391 
 2.623236711212  -8.081142276730 
 4.041378835591   7.658515488058 
 6.990734828272   5.436392644637 
-8.091957895725  -3.658027217710 
-0.313299568636  -8.969574645249 
-3.874168846502  -8.111077647478 
-8.921958397471  -1.720064524013 
-5.219559816528   7.499531986037 
 9.150256153885   1.560108345910 
 3.044953439918   8.803280233287 
-9.322361605301  -0.219382545337 
 8.568561214066   3.795507279691 
 1.476618674845  -9.268159872752 
 1.098584900867   9.363496100602 
-6.181487107325  -7.197505970262 
-3.866948118286   8.699280435876 
-1.840836093126   9.355628707338 
-9.472614537342   1.370512879974 
 4.230291072865  -8.619777005537 
-8.205778163663   5.286208160063 
 6.986317309450  -6.836817905052 
 9.831162826690   0.070036840057 
 9.789623111597  -1.544942275300 
-7.654171154679  -6.355697529834 
 6.374762851248   7.714466183332 
-0.362219212797   10.050817886102
 8.417403857612  -5.590045590796 
-6.825744893154   7.573058090883 
-1.657454690315  -10.086912110445
-9.894427586518   2.898604900270 
 6.041100454907  -8.438968370870 
 9.874032963633  -3.419827363776 
 8.235181392141   6.579776962847 
-10.243793217983 -3.046830130543 
-9.681300344097  -4.566398582037 
 4.420843480924   9.828219962303 
-3.331119571385  -10.269671491166
-10.798562796734 -0.972267914119 
 10.841276596408  1.530465895425 
 9.905939638240   4.723473391701 
 2.293639951297  -10.738349782167
 0.818998084543  -11.017638655997
-9.774591642309   5.165148095648 
-7.137157559724  -8.480604273249 
-3.550075355365   10.677131085218
-5.464597078848  -9.856079284419 
 11.366114318743 -0.830248534486 
 4.152622351399  -10.743111360940
 11.260897045106 -2.484474274338 
 5.602645326785  -10.087572398093
-1.848877757981   11.439057322188
 3.525823689214   11.180772774073
 10.747532827019 -4.744448097082 
 11.179798351121  3.628346805468 
 0.123301281183   11.770569622479
-11.677533928905  1.496337458538 
-9.540352439464   6.902640351940 
 10.043682757240  6.251657081591 
-7.901373528774   8.864196647969 
-9.779433439946  -6.765562777313 
-5.882281069837   10.386045900888
 2.000690812686   11.823021938044
 9.024195078510   7.975918202162 
 7.670645919760  -9.322376681834 
 12.094715292345  0.498161659802 
 10.208897960893 -6.531741976940 
-1.422737167080  -12.065582584880
 6.248054234998   10.451786511273
 8.037833560502   9.180010638841 
-3.190868837687  -11.780745521967
 9.208355933547  -8.046840684601 
-11.943894059097 -3.209931449171 
-8.785859208191  -8.878797001359 
-4.689043127524  -11.620963300243
-12.542198626345 -0.501455048926 
 11.376175453234  5.356967809896 
 3.370556368632  -12.145228295392
-11.393466400986  5.553262969434 
-4.718589680388   11.843059436436
 12.170965836810 -3.867562827161 
-12.265512170197  3.612400565766 
-7.160381432889  -10.605075095252
-11.485258376864 -5.729470360832 
 4.824419413237   11.963211131076
 6.778634812818  -11.045892992330
 1.889100675901  -13.057383717715
-13.247563476258  0.926901426102 
 13.249925991390 -1.545361566076 
-0.830868341736   13.340403961909
 0.698029275095   13.400594171024
-8.481188460583   10.477601827056
-9.674524944993   9.416219770922 
 9.392243374978  -9.766548678722 
 11.147750198592  7.790336381016 
 13.299241291248  2.978472788561 
 11.494843109627 -7.411065607981 
 3.003631547003   13.351137160422
-0.671405160652  -13.692227556461
 13.716635314700 -0.007465647038 
 10.048261263670  9.443438952010 
-3.140367172805   13.439475158099
 12.575080778219 -5.730838417015 
 13.514797322649 -3.098969106950 
 12.247692445530  6.608263811642 
-4.532918324474  -13.220801663462
 5.922931365168  -12.661708483068
-6.542831368750   12.353963959982
-9.759856907660  -10.152244390014
-2.901327673705  -13.805819487966
 13.291455981382  4.899160602412 
-12.236110807754 -7.248827488110 
-11.803124324289  8.038697178960 
 8.988182380662   11.112115370128
-14.203709990068 -1.741337390531 
-11.437295160009 -8.635438242114 
 7.500468052857   12.257614780584
 8.722669924317  -11.423203501427
 4.141629799335  -13.796171052299
 14.371618153833  1.478587537110 
 0.628553630917  -14.459397174014
-8.867141029944  -11.455051533127
-12.938882045255  6.584994245072 
 4.824845367839   13.715035331105
-13.890118070003 -4.442818688939 
-7.680409504602  -12.418518999714
-6.383964455369  -13.279752048615
-14.302423336294  3.728514126944 
-14.819600183189 -0.005277183355 
-11.236572463755  9.711724604224 
-2.015115363149   14.723187928849
 2.885314882384  -14.618901450641
 11.616594384503  9.374437807578 
 0.622600778721   14.969300105320
 14.120866710886 -5.115553471220 
-8.134211331760   12.686929576854
 14.984206769270 -1.779009815577 
-13.759281958364 -6.264514572090 
 11.007719295229 -10.375897904725
-14.235606149862  5.307366779754 
 12.186470089402 -9.194808839804 
-11.402970334613 -10.182301049748
 5.720483880283  -14.179269875250
-5.919275442191   14.166611082002
-9.565879079532   12.096629014949
-15.437218654481  1.647684979313 
 7.763274508641  -13.455066008675
 15.208898846788 -3.448690805006 
 13.523777440912 -7.826225555284 
 13.700011215643  7.523951980168 
-4.606433754174  -15.008425985345
-2.732553262420  -15.479159279183
 6.308315807016   14.428144625170
 15.459297637665  3.021970393162 
 14.604177208814  5.932172384948 
 15.853444537913  0.923591061011 
-0.853130204934   15.919437836446
 9.879207028700   12.544808672343
 2.803953999129   15.749602418309
-1.293402033315  -15.971066666223
-6.188375528712  -14.807410335761
-13.702348700158  8.363619206279 
 1.650052341733  -15.981062196740
-7.800968242531  -14.046771466561
 4.789690732942  -15.377528998380
-15.814006311199  3.352819959043 
-14.649362607448  6.893056249869 
 7.893000506344   14.141088725203
-15.243091630302 -5.498968394690 
-13.009197372809 -9.698918819024 
-4.333396149735   15.654966321241
 13.498657416152  9.041599174689 
-15.834126259578 -3.665238534257 
 5.150896546554   15.434049503501
 15.656174041233  4.663588333213 
 15.096663063657 -6.312283595317 
 10.564184500582 -12.500903506794
-8.320399059579   14.216918139728
-16.478791301297 -0.507092082167 
 12.435613522348  10.828978656246
-11.756370551057  11.714056648201
 0.094107910215  -16.617792605644
 11.440032687915  12.067336657556
-10.404837846676 -12.987736902741
 7.482741585744  -14.928724683860
-11.681849021833 -12.041045674034
-13.340568114343  10.276457484090
-15.130529215938 -7.583875160392 
-16.929822523598  1.486834725148 
