-0.208128629709   0.797836874629 
 1.219210841217   0.324714739782 
-0.117321303335  -1.534968749305 
-2.399143566124  -0.178660749724 
-1.873514951282   1.514247620774 
 1.787122538353  -1.977447193702 
-0.591210955564   2.830539893321 
 2.908245854291   0.015194416276 
-2.696100539509  -1.832233447368 
 3.082471673116   1.720611250020 
-0.331362508814  -3.551187661703 
 1.280720094525   3.348964402680 
-3.620854717745   1.217497186562 
-2.521442700610   3.057087604250 
 1.614420824586  -3.764894751827 
 4.200173478833  -1.170044950952 
-0.049387033150   4.415407248006 
 3.269694891446  -3.048148169957 
-4.314529824103  -1.217055193119 
-1.981675740914  -4.130940664744 
-1.610010627391   4.311457816643 
 3.209007864984   3.545947591215 
 4.401804250213   2.583675976673 
-3.488880804483  -3.831310841290 
 0.133767324654  -5.192568905799 
 1.230712864776   5.233137489494 
-3.901634793136   3.744479140160 
 5.429982410404  -0.002744948060 
-5.517848606835   0.894681390321 
 5.374461902040  -2.340153314486 
 1.905518660793  -5.668308378263 
-5.614364976282  -2.199602097709 
-5.368278620008   2.802136932972 
 3.830095754565  -4.816023622577 
 3.485653611048   5.099581426750 
-3.239236919098   5.363900361106 
 5.959610142403   2.262146466639 
-5.063353307467  -3.922142029268 
 4.929323321285   4.090014058238 
-0.824926270828  -6.494072096447 
-0.945924167659   6.495337585310 
-6.584417348079  -0.537122291365 
-2.772293307093  -6.015188883787 
 0.714119020383  -6.929023748796 
 1.374105593442   6.996526187174 
-2.520599010906   6.691240229622 
 5.479063624308  -4.871952763843 
-4.829394547815  -5.516668288721 
-4.715759706127   5.737968755072 
-7.452070706017   1.227247426232 
 7.601805379745  -0.069980841994 
 5.054980690806   5.796107660446 
 7.304881391681  -2.487282189325 
-6.850464385534   3.619142969253 
 7.518095645597   1.969667845780 
 3.714604332874   6.839251671387 
-6.723877903712  -4.126581069840 
 4.757553774796  -6.585350653905 
 7.070361033927   4.262119633062 
-3.139341213618  -7.651077026203 
-7.880017090544  -2.595354539963 
 2.234443163543  -8.053038530247 
 6.981427727480  -4.618854797871 
-1.134022911993  -8.296132068952 
-8.503679277133  -0.250309815346 
 0.610777715968  -8.571219921774 
-8.258465502644   2.552472260097 
 2.948245371290   8.226122872361 
 3.859282901812  -8.010151264826 
-6.476900462748  -6.146760556230 
-4.743994826539   7.618111917794 
 8.791903737859  -1.804476802030 
 5.211569544361   7.327131380619 
-0.391711831759   9.043653706779 
-7.401371025970   5.277248307749 
 8.345928353336  -3.702514323086 
-3.347579762174   8.524880474588 
 1.130113209105   9.109848069990 
-6.438212057970   6.783418117515 
 6.880258149503   6.400851639455 
 9.487026580097   0.637034664616 
-8.587776268653   4.135216775475 
 9.226896929258   2.405219660527 
 6.250619115566  -7.269787409818 
-2.248705257551  -9.346152431675 
-9.616225658313   1.185980381177 
-1.943212134437   9.517316603215 
-8.810407702566  -4.284204590447 
-6.326049837335  -7.685777018583 
-9.953002063036  -0.678668724760 
 1.073614258007  -10.076045601805
 4.144970050391   9.260930734007 
-8.002317132848  -6.558534641780 
-0.421406362787  -10.386681234296
-10.021379567156 -2.763430761415 
 2.194218710341   10.218532377643
 10.295231767148 -1.851233063516 
 4.582322682758  -9.421492662669 
 8.043105477327  -6.844275160857 
-5.337771174705  -9.131976015207 
 2.948583383229  -10.213231854437
 7.011364546676   8.050299027490 
 9.846504419825  -4.177931820697 
 8.419799805680   6.622023725444 
 9.556910213182   4.905164983627 
-6.466107322797   8.596128668682 
-8.785306271745   6.217525755000 
-10.168464493642  3.722189233046 
-5.060171006487   9.580795353458 
-9.345389978726  -5.730194075534 
 10.369717894596  3.628322985056 
 5.927202839727   9.399067990877 
-0.887007646021   11.080491251016
-2.355318640227  -10.912231362985
 11.066392582105  1.891700476826 
 6.323755711726  -9.336511154699 
 0.633424435841   11.272255291193
-11.133517730147  1.956033581968 
-2.939773163466   10.935686260485
-4.213365657803  -10.665204085608
-10.499540143641 -4.666608099863 
 7.933331439438  -8.366005253231 
-11.463137267880 -1.592663926296 
 11.550654057388 -0.958225254099 
-7.013367770611  -9.273428828768 
 9.640762675688  -6.563831866456 
 11.370757430725 -2.995032795306 
-11.829831922697 -0.014269587300 
 8.618620276865   8.137504767140 
-8.068767119140   8.881209549180 
 4.451628783731   11.154115447304
 7.425919577440   9.501396808937 
 5.587713299475  -10.711305423539
-9.446957442238   7.587754459741 
-8.746928627244  -8.483038518632 
-6.410989704051   10.375867236763
-10.443536511241  6.314381731519 
 10.068091574793  7.051618499131 
-11.862011338260 -3.307673157389 
 11.922528505714  3.348649762710 
 0.277762828308  -12.414084806560
 11.476303794868  4.868235088872 
 11.597527514826 -4.753763302543 
 3.699306562532  -11.976690229654
-11.682745034197  4.719013927721 
-6.630903254686  -10.758459827553
 9.657470577801  -8.198321555275 
 6.667902161638   10.880661169895
-11.249049655766 -6.064833605507 
-0.351040231468   12.804526006680
 7.492899740868  -10.400877163214
-1.455458006591  -12.752641867143
 12.692750192028  2.039681368692 
-4.031985084296   12.223529231444
-5.447112354477   11.689297591934
 2.323415748186  -12.698936859576
-1.852955232995   12.825623190762
-3.359648546774  -12.621218678182
 12.986665673812 -1.564298280513 
-12.918952311587  2.064009520229 
 2.820411314006   12.852366408434
-8.031454735050   10.486262219057
 13.220601135252  0.571565512274 
 11.582460287535 -6.424325918391 
-13.216063739245 -1.071624566345 
-13.306736649170  0.592612153688 
 1.264326844602   13.374649346152
-9.986823449588   9.031847179704 
 5.530240737326  -12.278889530331
-8.566874782069  -10.430345721818
-10.844369854013 -8.225809228815 
 4.750653651132   12.877185386882
 11.207219268715 -7.946480111531 
 9.746884802292   9.790289371756 
-12.181847061640  6.525978901614 
 13.492292390810 -3.003356221976 
-13.454031739325  3.675952639607 
-5.570778555851  -12.792125900273
 13.111867643804 -4.781767315502 
 9.956835678656  -9.812478718119 
 11.118535554812  8.662716009934 
 12.013277139653  7.425339340338 
-13.272774024388 -4.869311010739 
 0.707740333505  -14.169649723116
 13.503754656715  4.491363686211 
 8.852086951231   11.176204145059
-0.906633331240  -14.267761647361
 14.293526887637 -0.521734080413 
-14.139945593850 -2.547674749512 
-7.709216293751   12.184823713059
-13.363345217634  5.583466438205 
-7.427707089822  -12.501135403616
 9.308406099239  -11.184813848351
-3.443291111453  -14.169474246598
-10.384431515139 -10.294564855881
-12.196601127961  8.099236458143 
 7.397897696016  -12.698145802375
 14.631124408667  1.681468290204 
 2.863130717527  -14.511204532926
-6.054571622431   13.539043293425
 13.458444819346 -6.259123650197 
 0.431798817589   14.907517666025
-3.965271948336   14.433509632744
-11.318020774807  9.847239256340 
 13.410536703394  6.770721650676 
-14.979095904557  1.184027362496 
-10.320302756285  11.122614586575
 11.952712471001 -9.361828783768 
 3.877179392202   14.726923379114
-11.850790050685 -9.575721967968 
 7.383426704632   13.332060654007
 15.130486742521 -2.112438704218 
 5.565601156076  -14.230475128313
-14.938224183842  3.343789634590 
 12.954786240618 -8.177902828611 
 11.172679914716  10.482426818518
-1.860998499797   15.287683849457
-13.220719805341 -7.920235198825 
-2.405311342082  -15.350966575143
 11.132141144715 -11.016131669145
-10.095828185441 -11.984893785257
-14.895966652103  4.919313647440 
 14.652682521358  5.884456222767 
 15.566929808896  3.143537077933 
-8.842360027569   13.200953059509
 2.147534799746   15.757584399641
 13.156828762772  8.970761175822 
 15.152968151824 -4.937097332489 
-13.847335056107  8.008074686661 
-15.735400812678 -2.956796122798 
-4.253403698596  -15.449311602421
-16.006333029291 -0.774118503396 
 10.138663559654 -12.570038781628
-12.843430872124  9.858799607632 
 8.506132408192  -13.794076231319
 5.902872881156   15.116920887799
-7.246508515592   14.535874038363
 14.496235594959 -7.429360653300 
 16.301437660242  0.711383762348 
-15.709124705159 -4.469946350900 
-5.449510278321   15.397620983140
-14.971992922142  6.533581502997 
-3.592820587307   15.987840867278
 3.530505514298  -16.014312354952
 9.338560399921   13.511756744099
 7.172966120829  -14.784698380416
-15.080270293483 -6.569948592673 
-1.048676377152  -16.521932555306
-7.353447058664  -14.862599133373
-9.718958177177  -13.498625813424
 0.832115436083   16.628314049770
-5.827421689493  -15.611436663776
 12.703476076762  10.922647837673
 13.583929110101 -9.812053200940 
-13.786676503860 -9.534373053239 
-12.340899931071 -11.355271289528
