 0.617813608477  -0.949699182896 
 0.950483306258   1.058030694869 
-1.161074086002  -0.878970369286 
-0.347936009328   2.172482181679 
-2.248019100926   0.780583130767 
 2.580026702378   1.091343849889 
-1.772334009841  -2.502961312141 
 2.591340543931  -1.693981593989 
-0.238016702519  -3.124324707678 
-3.097103854056  -1.535356580613 
 3.502616138015  -0.197084826985 
 1.335101272484   3.295527999878 
-2.935501641936   2.119549912082 
 1.758461351287  -3.205338729644 
-1.445433975864   3.491193862355 
-4.284280017348   0.290867712847 
-2.031738244267  -4.062339733073 
 3.346757831255  -3.082597043901 
 4.217958359127  -1.828109947075 
 3.398209647718   3.249050295210 
 4.469564887333   1.685548438822 
-0.611833602303  -4.790213149729 
 1.217450982266  -4.735240734704 
-3.124432281885   3.825859858070 
 0.826981217383   4.981653833571 
-4.127402845203  -3.113735781570 
-5.146944412269  -1.485895448887 
 2.588391331305   4.792046713192 
 2.822526278001  -4.802288225428 
-4.541869994346   3.328731451617 
 5.850224151236  -0.135489363302 
-5.518004081293   2.117198072527 
-0.705636269859   6.058589928081 
 5.762582041990  -2.009143503131 
 4.617215484807   4.313045436408 
-2.680882954083   5.790159006440 
 0.311455827343  -6.469837239289 
 1.263713734677   6.434140820567 
-2.878806055314  -5.901162575340 
-4.833623418648  -4.466150278275 
 5.728536529951   3.240552544804 
 5.377817630028  -3.987081537275 
-6.796073143541   0.378405198402 
-1.670590940382  -6.905270319879 
 3.982691370181  -5.903936782758 
-7.053769177127  -1.224265446238 
-6.269180838494  -3.634263351878 
 4.199749069215   5.999578417662 
 2.011997146925  -7.127410891664 
 7.402176158353  -0.268354836942 
-6.420263203858   3.824091684766 
 7.397431648503   1.852669093332 
-4.682775648146   6.098510067265 
-0.262619186605   7.777885245051 
 6.924755810245  -3.728221152609 
 5.783744286060   5.391457724939 
-5.402025848234  -5.860678352485 
 7.828981885072  -1.761504488475 
 6.158063464166  -5.282234640758 
 7.057986615532   4.064337356099 
-3.701474743889   7.406762843372 
-8.322967596719   0.781219344401 
-8.106303397582   2.294196225648 
 0.230663822896  -8.450868619874 
-2.155549015500   8.339494413988 
 1.270106892401   8.633995258134 
-6.928967001357  -5.317785151061 
 3.913337783341   7.859578799745 
 4.062610434801  -7.853740576005 
-6.312109229960   6.210695615260 
-4.994972221898  -7.313239943850 
 8.897092020703   0.326636891374 
-8.432001888101  -3.159802943413 
 8.504332217015  -3.133934283211 
 5.923358543131  -6.894372274774 
-5.277151331189   7.508224314860 
 1.815130418096  -9.050999535267 
-3.339957348713  -8.621731260319 
 6.615154581870   6.665965160716 
 7.776867816540  -5.334104767631 
 9.200797624588   2.112732840756 
-9.417460785573  -1.359292682510 
-6.676010732349  -6.802431447913 
 5.464475955284   7.867276351821 
-0.129075374117   9.620042491962 
 9.530448924641  -1.644406636068 
-1.690557766649  -9.550926893034 
-8.837163854478   4.605405106170 
-8.436357925165  -5.531284758792 
 8.967292226092   4.666319453952 
-10.106871219521  0.395148807402 
-2.909241455258   9.721270567790 
 3.446878971805  -9.571953004278 
-4.593622843851   9.116186179727 
 5.974562853451  -8.398807930569 
-9.870459711236   3.141304471320 
 8.186953335875   6.589350851971 
 7.283935143661  -7.644929649035 
-10.111525209949 -3.054951764884 
 1.800031716485   10.411377633075
-6.983720182667   8.043029232175 
 9.747424480305  -4.306078398539 
 4.948260819951  -9.562156158766 
 7.317999894606   8.047844416698 
 0.182908218034  -10.904313001354
 10.932164430384  0.256237949057 
-8.909812065987   6.625422373244 
 3.620240088108   10.533762056974
 10.822906147413  2.756072109764 
 5.236399218625   9.896307173791 
-9.939013614272  -5.172463256215 
-1.821629383133  -11.073294869581
-8.320982557282  -7.567531942253 
-3.507189186030  -10.856165440549
-11.323391657519 -1.603836290043 
 2.174040872474  -11.235323565569
-10.314396447759  4.985484804497 
-6.133752050046  -9.712098708525 
 11.485962823034 -1.187715936022 
-1.844079079371   11.446768584457
-5.863268591510   10.140760546363
-7.498548619971  -9.033932939312 
-11.498207098955  2.957753254076 
 11.775135265967  1.571551060095 
 6.782189867886  -9.755729628493 
-0.101192419757   11.889618730213
 3.841300085366  -11.313384191347
-8.487343425964   8.420111759393 
 9.314451440116  -7.509480542789 
-12.019450407635  0.865732802282 
 10.324517737820 -6.276328864331 
 10.090715817040  6.759376091512 
 11.846387590972 -2.852604804376 
 11.300298965978 -4.609898787210 
-4.684192326377   11.293150367484
 5.695629070144  -10.885272955013
-10.097702184091 -7.068374740118 
 8.211850528120  -9.197159965035 
 1.661712677573   12.329883300153
 4.881078620457   11.455879499940
 11.466852151811  5.210087263329 
-7.639850220211   10.028939747701
 12.025390229160  3.808646627341 
-11.584665702737 -5.081009541068 
 7.246862999926   10.402383185935
-1.700550117030  -12.625398115319
-10.953361407369  6.602521563510 
-6.084559675060  -11.326402857029
 9.647934159100   8.550951618309 
-3.636317502478  -12.455565080273
-2.899855707124   12.667805455854
 1.044890976663  -13.055277205777
 13.101892050948 -0.163224204679 
 13.044848120647 -1.821384484096 
-12.039635812590  5.372553241582 
 8.734146931303   9.897301149409 
-12.794686868013 -3.485021831914 
-9.938688079726   8.844262057458 
-13.170969444203  2.029414286327 
-12.892109973151  3.652656842641 
-1.400331530245   13.339417869936
 4.027498406987   12.794955910983
 13.333428122203  1.906657594000 
 6.405800272805   11.896253770925
 5.484349036520  -12.391491783906
 12.014512346335 -6.528764211232 
 8.274128899973  -10.930635357371
-7.600133804079  -11.412791578537
-0.466711136093  -13.729786878881
 12.867473356356 -4.895432204391 
 4.125760245617  -13.235091617630
-13.904758085044  0.600059707444 
 10.384316023633 -9.312094200072 
-12.430104694262 -6.515384550336 
 13.154882711953  4.910806439242 
 0.215018319322   14.054152641473
-10.259694121202 -9.668742062844 
-11.608508077527  8.095754809167 
-14.130157782643 -1.200556317034 
-7.077882307495   12.324423015113
 1.910230365920   14.103849665948
 12.777183828769  6.401831218028 
 13.910028384759 -3.356954216801 
 13.939288279593  3.389010310243 
 2.795274339114  -14.132705571689
-13.538084087752  5.063523564615 
 5.717884316853   13.292267078688
-13.611417102307 -4.925789839342 
-9.313955184613  -11.125085942427
-4.287202495464  -13.883108125906
 14.509259163459 -0.790592892339 
 11.139942041585  9.521747761046 
-3.344829542701   14.322720484632
-9.329058929815   11.499338759480
 12.361833866992  8.197557453434 
-11.225134870957  9.705463466866 
-4.952399856814   13.995521018421
 7.191448274586  -12.994805918386
-6.287191291825  -13.474624757967
 12.518836803142 -8.039216621535 
-11.930351448959 -8.923766468631 
-13.127368372432  7.177049558165 
-2.570116007272  -14.769238389137
 8.343886181897   12.476551482920
 15.108172535037  0.691300962534 
 3.956771023104   14.616483897305
-1.499678702910   15.068949159212
 13.533374092671 -6.848328997837 
 0.782149006823  -15.331709159376
 7.253204521594   13.574031188376
-15.344462643393  1.494097721490 
-0.871333388937  -15.444666067975
-13.956202243727 -6.740774227373 
-6.765913462322   13.963753437188
-15.190140818049 -3.370224210778 
-13.286374550812 -8.147758016950 
-11.117980545705 -10.992141984712
 6.018743109474  -14.479042619605
 15.472984089617  2.765016547820 
 15.546536968171 -2.508219922072 
 8.743920942548  -13.114124009491
 1.218809735887   15.721529646008
-15.799852967427 -1.699035748435 
 10.562039592357  11.903513137421
 10.780124871853 -11.724991704037
-9.813223828329  -12.573949267544
 5.982826350097   14.790218280573
 2.261797169688  -15.850485685148
-8.632588965904   13.497013041003
-4.820302712925  -15.288112851013
-12.801249916270  9.685634643033 
 14.886454373568 -6.107630510043 
-16.176483083480 -0.155509628309 
-15.875055682740  3.140642836454 
 14.463573365590  7.264597356340 
 12.803644800009 -9.926479413658 
-4.040688818021   15.798096044050
 16.308104488668 -0.475374852767 
 15.430793711800  5.405458427359 
 7.706066527313  -14.447256835945
-10.872330558196  12.251087744627
-15.565903050275  5.185759331244 
 12.541576355119  10.599200317459
 4.740754599199  -15.789543198593
-12.849980560905 -10.350846943036
-2.540977526862   16.319453340047
-14.704580753955  7.560955074529 
 9.157828168128   13.770307222093
 14.161840819596 -8.645512952538 
-15.822285710643 -5.092007617101 
-7.984370174158  -14.642749873119
-12.274229392796  11.317573351992
-14.186692135868  9.027616694889 
-0.078709815635  -16.830026783130
-5.764156279644   15.934862835693
 7.889717093534   15.053257007279
