 0.142852541447   0.135282680575 
-1.035367151844  -1.322766154979 
 1.214223088515   1.337025408650 
 1.365925792448  -1.770064170927 
-2.236942589945  -0.350870082928 
-2.159710684949   1.239214264298 
-0.578446545693   2.621602742924 
-0.351010541882  -3.031632123978 
 3.033760899701  -0.714899326849 
-2.265200707904  -2.411090273179 
 1.809651744369   3.375750180029 
-2.813960794789   2.721921775807 
 4.030848525287   0.857315852559 
-0.011100439977   4.150577321551 
-4.164655593258   0.079104687340 
 3.257607768657   2.672243069730 
 1.041832638182  -4.109556855523 
 3.503157517612  -2.598081843884 
-4.127964305557  -1.436865120386 
-0.574456741999  -4.522359476146 
-3.636223839430  -3.122399924748 
-4.642141545403   1.566745972096 
 4.945364494782  -1.470135973613 
-2.634121096338   4.685483017394 
-2.206069304480  -5.106257200314 
 3.561254459177  -4.413873625341 
-0.432457491647   5.657906790273 
-5.734824608262   0.154711841790 
 4.280962358660   3.877999541933 
 4.922428573760  -3.153387067238 
 0.274301692936  -5.871735713785 
 3.217285482638   5.039244200262 
-5.717784458324  -1.859019421608 
 6.062189072350  -0.401025945691 
 6.007919862559   1.216383725682 
-4.449676843817  -4.442847439069 
 1.177689779309   6.346762969179 
-5.058437754287   4.038255187105 
-2.182793415739   6.195766262861 
 5.948165591222   2.851479895944 
 2.511581678299  -6.159581819217 
 6.277650269864  -2.424434553363 
-6.235522075299   2.998636670854 
-7.005972102113   1.187392824547 
 4.224378809136  -5.804244727400 
-0.271478109741   7.259281949868 
-2.256796426275  -6.931132821521 
-4.438421898812  -5.981394421734 
 0.639466449330  -7.454401485633 
 6.337481391101  -4.019865720001 
-4.247431351033   6.203507643518 
 7.587141798507   0.030507246210 
 5.581346275870   5.149249601611 
-6.640620631036  -4.106271698601 
 7.667631080821  -1.648820681503 
-7.830507458367  -1.653879893311 
 4.617894686259   6.589246133538 
 7.959956989706   1.829085073371 
 7.202815392567   3.866791435565 
-8.244988902663   0.247414452762 
 7.743857111293  -3.194554128700 
-6.506435673396   5.280165995570 
 2.911064690997   7.872808923476 
-0.817316317706  -8.399453709267 
 5.973225963420  -6.016981964614 
-6.336636406232  -5.641881398368 
 4.445553668362  -7.400779610852 
-2.358958266757   8.375299808971 
 1.595734817333  -8.636380361693 
-4.716558427527  -7.633911397339 
-7.965708091520   4.180648733140 
-1.020847215788   9.054926228852 
-4.352824169605   8.075321854366 
 9.206331748349   0.064109658962 
 0.596870793358   9.208799631140 
 7.620018751055  -5.443892785973 
 3.122211078875  -8.844036225854 
-9.340196019229  -0.894016108090 
-9.223805832560   2.218792700426 
-5.870017947682   7.459654234160 
 9.307153319295  -1.977624387747 
 2.100957666429   9.396982298429 
-3.027153681853  -9.212830747854 
 6.323902735832   7.436056700546 
-8.341812081959  -5.193981968310 
 8.653341012824   4.727369413232 
-9.256231916578  -3.626325531337 
-10.083842543573  0.587190627186 
 7.997582310856   6.279147405921 
 5.137092260433   8.801150194105 
 9.668571126795   3.486224689486 
 9.702997335242  -3.614481278506 
 10.181723959615  1.948538780526 
-0.573865302804  -10.413548570921
 9.132252063433  -5.146760511902 
-4.309776899600   9.580133140303 
-0.496074494624   10.510121178113
 6.987269356149  -7.889258104440 
-10.340451603227 -2.097971170122 
-8.926448470983   5.636779656738 
-7.263718713557  -7.710195825298 
-8.072977103428   6.962361368098 
 3.431541563558   10.156766174149
 8.249873169416  -6.933336551221 
-9.935467547681   4.208020683363 
 1.423808673249  -10.752426973326
-2.234700264705   10.637725158269
 6.026519087270  -9.190658500111 
 4.167135621703  -10.227108907915
 10.768683050307 -2.476014116968 
-6.790964752937   8.814669094843 
-6.255922720580  -9.277220945648 
-2.986809689511  -10.795602860142
 11.251326795261  0.062920412646 
-4.671455106358  -10.340783152811
-11.246216244555  2.853953699153 
 2.937957443167  -11.262629557531
 1.547503341039   11.537514871210
 6.362918373255   9.799022596715 
 11.310612604203  3.312301436165 
-5.964582021394   10.172756441985
-9.869116691584  -6.627655110680 
-3.919635956830   11.233514323748
 10.717866207205  5.194393928293 
 9.454965424348   7.247093956486 
-11.469138861612 -3.368416151051 
 4.771546195144   10.997826677367
 7.951570987848   9.041964220662 
-11.033220203519 -4.844590103005 
-8.474102207225  -8.629425911181 
-9.744172218865   7.172721249917 
-12.017473821085 -1.502855605653 
 8.835777818014  -8.437799176368 
 3.254404514495   11.777153863850
-10.713566755012  5.935866247743 
 11.164834307505 -5.326251792377 
 7.632874776799  -9.775530706693 
-1.800450397287  -12.293080928231
 6.050816647681  -10.857936118999
-2.532840499601   12.221988190881
-6.375133198288  -10.856348883948
-12.653964925490  0.461560925867 
 12.507782890591 -2.040856964431 
 10.657996771189 -6.895795632606 
 12.516016867665  2.232306013533 
-12.647415519023  2.184663297322 
-12.061591175174  4.437347020083 
-7.785185334418   10.311128386680
-4.759970509825  -12.060719297933
 12.465403748273 -3.937710751720 
 0.702036069195   13.077212566834
-9.183337431379   9.355796558365 
-0.900992768289   13.110165704749
-10.418223867734 -8.030381377926 
 6.404526993597   11.505843028320
 4.952761507676  -12.258663251917
 0.336473698022  -13.239948337275
 13.309047059351  0.302559018906 
 2.245449824634  -13.123170736179
 11.339326437471  7.073080933918 
-4.765391940420   12.569942180037
 4.798686536753   12.599042107430
-10.586812537245  8.413968717913 
-9.507580327068  -9.799575406006 
 9.055310545099   10.229876376229
 10.258550215357  9.072663814604 
 7.716057450762  -11.319983708791
 12.987021872165  4.429478823107 
-12.999633116690 -4.458705535891 
-7.229304086129   11.763048175559
-12.204167985569  6.793505500018 
 3.974374604657  -13.454320505556
 2.516561293607   13.802368679591
-12.298661264006 -6.798659152982 
 13.974189088788 -1.569483863284 
-8.682671753739  -11.066689152676
-3.021881415793   13.747515345983
-1.073557436563  -14.053001300601
-14.016875620440 -1.742446654267 
 11.028417380554 -8.858059357083 
 13.966401124644  2.851650732648 
-3.388303428222  -13.877900517206
-13.949802178482 -3.261536497959 
-6.241979343972   12.908252646389
 9.442196222398  -10.872852541763
-13.724879681873  4.539487300474 
 13.350661154230 -5.547736471928 
 6.862154688637  -12.825733540485
-14.350977403156  2.655943477114 
 8.537855811062   11.848067511952
-10.140936332787  10.575142418606
 13.281988603192  6.203909256386 
-11.539876147922 -9.078807649282 
 4.293238468578   14.116834432899
 14.282955938222 -3.812107839834 
-5.079557540213  -13.928868287130
 14.819885072685  1.024335701719 
-7.296871264033  -13.177900127813
 13.298330421303 -7.130128553377 
 10.512439975906  10.829924787537
-4.671002624263   14.410762949674
-2.349113785043  -15.016317134188
-8.650151806443   12.512986196711
-12.388963581441  8.844628396847 
 11.652711714578  9.820890069636 
 7.646656881523   13.183845829420
 8.669947303115  -12.537111494357
-15.259973043718  0.642128946015 
-0.354379764173   15.355465084588
-0.300102939668  -15.439931194615
-11.629988845934  10.182263315491
 4.810965173826  -14.703274072524
 6.276721282320   14.142212971323
 11.192178927389 -10.739809000307
-14.286083050498 -6.061640667433 
-11.258848127298 -10.751276960706
 13.277906910812  8.134086539646 
 3.218925122068  -15.309151859093
-13.964997243861  7.099674763402 
 15.568653998232 -2.130319474921 
 1.343407615540   15.705879149029
-14.679106215539  5.776894615575 
 12.411779248166 -9.824332323427 
-9.006104840389  -13.046227712704
-10.400473412400 -12.003729512000
-15.801330862693 -1.614770671599 
-15.589542535460 -3.227135126174 
 1.241637904420  -15.872497596169
-1.963902171296   15.858679399228
-6.463754586360  -14.619584501030
 14.828040066945  5.998317767376 
 9.982114273868   12.512546404534
 15.012810062420 -5.566559324961 
 10.517327107494 -12.079658279144
-13.429360406980 -8.736371887290 
 15.827767013817  2.522602479385 
-10.395661256132  12.247413300032
 16.079414893140 -0.184568534658 
-4.729562632963  -15.442645099446
-6.206732836584   14.938043124530
 3.059362031715   15.940732157759
-8.041567068695   14.200462864726
 7.224166515162  -14.703871190094
-1.551119574508  -16.390286050100
-16.583703539781 -0.227302099578 
 15.872392291783  4.827184918267 
 11.871668712190  11.619296961634
-16.246710613815  3.477690282233 
-15.737047236095 -5.414841961435 
-14.749869001939 -7.771654606119 
 14.023790411396 -9.077731066267 
-16.668623453750  1.296399523805 
 16.273761038827 -3.879462951490 
-4.061944147571   16.257115886620
 14.988270293075  7.541132345585 
 7.989393211297   14.793335746599
