-0.663256189630   0.135680113204 
 0.821028659953  -0.119451522550 
 0.927040638811   1.665648677328 
-1.709183681933   1.651368123473 
 0.392043935826  -2.378302756225 
-1.621417248063  -2.033054117987 
-0.174899416277   2.684860752685 
-2.931612219736  -0.711284701632 
 3.125617351260  -1.066298281350 
-3.206666198384   0.885639055637 
 2.514763343622  -2.559241796567 
 3.476189990359   1.005584959729 
 1.306311700248  -3.595078769049 
-1.331841124679  -3.599006180372 
 1.944878075534   3.326221632208 
-1.552099484535   3.622467366331 
 3.485539815632   2.663637524109 
-4.422467766135  -0.052838578998 
 0.136438348167   4.521002426959 
 0.117789956200  -4.678545248201 
-3.082591024357   3.560191422579 
-2.963568535868  -3.716530701225 
 4.708159416733  -1.091096964132 
 5.141333154535   0.390209760335 
 3.579520564936  -3.711893404949 
-4.749472802669  -2.012440919441 
 2.480616253238   4.744527365024 
 1.622552722240  -5.197866401952 
-1.474315204128  -5.334223683717 
 1.284371003168   5.662205458868 
 5.023780360820   2.967858930492 
-5.472757693442   2.071661305012 
-1.798959742593   5.643807853289 
-5.934185584359  -0.333714222810 
 5.934875055674  -2.315172562537 
 6.318068413057   1.617986707225 
-4.052785885105   5.160562382711 
-5.284632200637  -3.974766174981 
-3.519936702568  -5.617179481830 
-6.312220879074  -2.094156353386 
 3.361865908010  -5.783536124550 
 3.108514203684   6.176438176291 
 1.614698864108  -6.800204715023 
-7.103450279014   0.673818331612 
 5.010537612555   5.097746506866 
 5.572082709097  -4.543381841100 
-2.482161725155  -6.796192148309 
-6.379457812315   3.653972965829 
-3.187891801225   6.635555298076 
 7.325790814083  -0.969172241648 
-0.089078769139   7.434209257811 
-0.796789839886  -7.415588326659 
 1.436031095087   7.320654373263 
-5.567747599672   5.002287955826 
 6.496286615028   4.270318313114 
-5.924041170109  -5.418106139170 
 3.138548512104  -7.392660769208 
 7.696018902281   2.542854341419 
 7.312398082334  -3.755349054294 
-7.676116023306  -3.211600077622 
-8.319658199617   1.646422316970 
 1.823026929761  -8.311737098899 
 5.068250343196   6.898098734239 
-8.540988719923  -0.632170014423 
-5.622721290021   6.556768966824 
-3.761392452228  -7.779975283651 
 6.306021792642   5.919601720156 
 6.530317267664  -5.753814482926 
-1.288234324974   8.632888322013 
-7.409444494610  -4.880297526530 
-3.217496005708   8.271761293363 
 5.176271787471  -7.215026557680 
 8.901778124262   0.137216086734 
-2.200747519897  -8.697449008784 
-5.375050234245  -7.251605356142 
-8.281150852543   3.601626732036 
 8.704337633043  -2.619209253329 
-0.720072066873  -9.106331925470 
 7.748700303880   5.157704392745 
 2.862433633784   8.895445822327 
-9.139472835520  -2.307832442902 
 0.574356514807   9.480972046282 
 4.034347388729  -8.618946004777 
-6.882763386096  -6.625110995844 
 9.203081032235   3.181857076945 
-7.999526980344   5.973777535958 
 9.916930261632   1.811153805604 
 8.480689632569  -5.545796036881 
 9.250433602193  -4.148869514018 
-9.765397268815   2.855842200598 
-4.405115103143   9.261693359672 
-10.234952703319 -0.873289166701 
-10.249923210737  0.901764073301 
 7.805395157902   6.728594231708 
-5.970227411975   8.542068548767 
-2.867377281881   10.054725594180
 5.476272692964  -9.087359415911 
 9.285334767789   5.237724308723 
-2.776096782449  -10.295069089394
 4.995693279753   9.433214447920 
-9.387452829075   5.093178039567 
-0.787425775904  -10.676925530803
 6.836077167867  -8.304522774143 
-10.025663252534 -3.933393981612 
 0.971228839749  -10.750338676836
 1.926672384556   10.633166196498
-0.490618495325   10.838397739146
 3.489289280621  -10.414958619789
-7.696048402785   7.844904105300 
 6.649259890497   8.774065829873 
 11.027790071528 -0.797865975936 
 8.156354726318  -7.489633917889 
-5.997101964414  -9.309716095338 
-8.426044220658  -7.262195363951 
-9.478872320267  -5.918811902160 
 3.793547949541   10.530275514188
 10.671955339605 -3.375658518631 
 11.232588441109  0.936863417281 
 10.824590800061  3.194322761438 
-4.625718527193  -10.609344646784
 0.952400135309   11.835088572953
-11.911431963731  0.268729764606 
-8.084633048054  -8.824208610374 
 8.341781949882   8.624049964623 
-11.787891264405  2.372280356403 
 10.958340123894  4.995151533283 
 6.841874157055  -9.925448869585 
-10.257971553136  6.335848578075 
-4.687604455700   11.114920966077
-6.136891389258   10.430340144217
 2.272537393735  -12.025538801463
 12.143587064271 -1.808630980005 
 2.786629877270   11.976636304460
-1.037491570462   12.285599806048
-12.038498500745 -2.670717780035 
-11.277168746413  5.065050797763 
-8.321257474513   9.213905123600 
-11.220526764803 -5.318444649457 
 10.406997564594  6.909787202657 
 12.492740101259 -0.003989482210 
 5.687297256831   11.301265404388
 11.198493259533 -5.982959654459 
 12.545060991055  2.036759605783 
 0.685813100942  -12.739778401204
-6.202037166527  -11.184781298526
-3.825632718171  -12.291119078638
 4.161047568716  -12.198517062487
-0.950571707942  -12.856321696489
 6.183470697488  -11.316057921395
 8.747022596594  -9.531403217021 
-2.773855713401   12.652876665923
 12.147700969444 -4.576631995137 
 10.615563587337 -7.491408735377 
-2.454526583725  -12.906659398735
-9.958800793563   8.802190410609 
-10.680176667859 -7.954986107844 
 10.142840421247  8.753419259238 
 4.385925434787   12.707967351782
-9.815835731658  -9.189111935790 
-11.036916222569  7.758892459501 
-8.743397634569  -10.298251840554
-13.540486438848  0.360228723190 
-12.752943294333  4.765554877780 
-8.274027607344   10.811621422999
 12.925676786900  4.372748937975 
-13.264526156179  3.340538613872 
 13.531024480623 -2.555910342579 
 8.934012995683   10.489091023700
-12.279652223764  6.322606976147 
-13.010444686165 -4.728729288083 
-13.781483905215 -1.877613448489 
 12.232948039762  6.677383952980 
 13.915715431611 -0.835741738963 
-12.394017001554 -6.397311187101 
 1.548787370663   13.920089719227
 5.525709859971  -12.873468046909
 7.844374788509   11.660875651134
 3.551092608984  -13.693578045338
 7.532633702040  -12.035330435798
-0.425725381489   14.286861852891
 1.317077804375  -14.239677608241
-6.439297721598  -12.861131245421
 6.111945566328   13.019891014546
-2.538111558474   14.169290396335
-7.268542197324   12.447121750829
-5.233651998009   13.446302554646
-0.610023569090  -14.427078972380
-4.846172642017  -13.645498361953
 10.149671021258 -10.530826568195
 14.555544795003  2.136064172840 
-14.566728237891  2.109598727819 
-2.506501996432  -14.516106191484
-8.020382223454  -12.417996173792
-11.677213240147 -9.106593236589 
-10.820853565778  10.188228263835
 13.010253747963 -7.191548784721 
 13.801145379212  5.648789817291 
 11.460437644272 -9.574277612456 
 14.408821408767  3.942173454886 
 13.984941635761 -5.300458265153 
-12.945279584512 -7.800360960791 
 4.451472694892   14.459581632844
-10.916069907222 -10.503146424619
-14.782790401810 -3.355020892723 
-12.385976037097  8.770877437211 
-14.708594275176  3.840071624619 
 2.993793814993   14.950679041373
 14.797136933427 -3.680940679815 
-4.195370303716   14.765063229742
-10.137003703826  11.534754377267
 2.525374922896  -15.169912130215
-8.823834415631   12.624439405630
 0.648861868733   15.399850627684
-14.081227613332 -6.299773565694 
 12.613634500937  8.932234766616 
 15.455372428015  0.733069756611 
-6.796335064160   14.005327465857
 13.543301895511  7.680531959165 
 11.334560437236  10.681591605342
-4.104377488276  -15.087261369134
-14.855709342857 -4.917904002073 
 12.949802019423 -8.848392817364 
 6.427893163067  -14.347182520123
 7.812947437207   13.782203017591
 0.411641138741  -15.856574371694
-7.330547798682  -14.079347382424
-2.418651511068   15.714563238459
-14.911797725914  5.716414831618 
 4.263648018525  -15.393064155583
-15.965246319083 -0.718497888301 
-16.008874906949  1.048940392660 
 15.871289142044 -2.472145572398 
-6.028007108025  -15.001394342120
-15.959859675791  2.666747578014 
-1.152779370714  -16.188749484032
-9.681579742155  -13.106102536645
 9.419061856324  -13.310395355325
 2.028491387687   16.251268816166
 10.222925747150  12.826106663961
 14.944921442344  6.763960138319 
 15.521387250436 -5.393748597210 
 12.855195054447 -10.350506076460
-0.767959183287   16.560800640303
 8.116759160897  -14.461575839707
 14.544689008734 -7.985276825657 
-11.110145080349 -12.327890177332
-14.341943881630  8.356716146031 
 16.072762426894  4.383967971772 
-12.633565795607  10.885888975758
-13.692074675953 -9.525257883572 
 11.950626525800 -11.669395365058
-13.613398755650  9.694394230078 
 6.387433500823   15.587926312653
 3.610821398102   16.515644741854
-16.288039419663  4.699046954419 
-16.546269768357 -4.027846946709 
