 0.327115666236   0.316277436458 
-0.815188825741  -0.822534626785 
 0.642786530351  -1.360486691946 
 0.396864665597   1.819356841636 
-1.141817201007   1.592573799458 
 1.824613157325   1.026189408367 
 2.218821386538  -1.012620599289 
-0.685171820380  -2.397477996605 
-2.552726404991  -1.260021478570 
 0.913282389474  -3.008871575083 
 3.398622513399   0.157320289825 
-3.375880609178   0.675766241788 
 1.964835793769   2.901496060037 
 3.189652658739   1.921000688711 
-2.542752528374  -2.814299107805 
-2.081687899226   3.191139175354 
 3.792468180220  -1.413573640409 
 0.679630484101   4.174948589674 
 3.365782490255  -2.936505865296 
-4.726756506974  -0.441778742297 
-1.692981789549  -4.513844504922 
 3.338786532360   3.611547950168 
-3.873405603000   3.708977463903 
-4.253816546842  -3.293722247914 
-0.320597719096  -5.427182739995 
-5.124467899628  -1.957015401245 
-2.299013752601   5.184307021260 
-5.192425514275   2.462356913267 
 5.733024278986  -1.147717429325 
 2.837141470571  -5.223224695968 
 5.015649133670   3.267721846775 
 1.413227884625  -5.839747298818 
-5.967563686024   1.117575033845 
 5.956285590874   1.565043926946 
 3.206742417270   5.303602264916 
 4.635385346623  -4.158583330455 
 1.812103146304   5.964903007938 
-2.922657778443  -5.522756857005 
-6.447513990298  -0.459236993635 
-1.328626433176   6.346656172217 
 0.479080882844   6.654207849475 
 6.168597667472  -2.627407042165 
-5.428212783148   4.174759965395 
-5.269069107719  -4.567917440809 
-1.212593956933  -7.029576547082 
-3.820696737669   6.048060885545 
 5.251816275815   5.154997800029 
 4.077744308605  -6.189719364498 
-4.559748966961  -5.943676264808 
 7.383109202934  -1.668533558004 
 7.136177911783   2.587621187763 
 3.307534496063   6.932956293358 
-7.425628340275   2.067560368605 
-7.311662287914  -2.515365350296 
 5.598726618925  -5.342950734968 
 7.887493723280   0.403315331500 
 2.887028419153  -7.409910726542 
 0.972937297087  -7.930689079927 
-1.376500018492   7.900739906548 
-6.886096484165  -4.170093001388 
 6.868866074163   4.247134395784 
-7.065795282453   4.099421643555 
-5.735138411858   5.908518818083 
 7.062140884041  -4.280151119362 
-3.899006302243  -7.389539322398 
-8.347763439196   0.356091701940 
-3.540025943101   7.639115495995 
 2.170157221431   8.148920318255 
-0.010136074371   8.593938540212 
 8.548909401594   1.953023649243 
-5.093072211213   7.275634840797 
-8.848327279157  -1.393158474768 
 5.871025883274   6.834556865760 
-0.718788378825  -9.012608705093 
-2.854754616689  -8.660011839687 
 5.318819195101  -7.455836891850 
-7.082955863811  -5.931861415977 
-7.353955597386   5.651607674232 
 3.725573534512   8.587624624547 
-6.083869487282  -7.158080090530 
 9.179153824606  -2.556969210099 
 3.629459252394  -8.814982707807 
-8.474063996594  -4.417502369020 
-9.247645028700   3.165881284466 
 5.277579686726   8.228396638439 
-2.574786799193   9.458507989402 
-4.954409837003  -8.467343158477 
 7.799107728535  -5.969858933330 
 1.615477184941  -9.749385531609 
 8.901156064510  -4.335827214970 
-4.430299342889   8.955663858678 
 7.708703766607   6.372789753039 
-10.003085301952  1.105024575161 
 10.132891184955  0.061223690874 
-10.171639299870 -0.656495284964 
-6.901078920460   7.657771820693 
 9.141641320332   4.853080657299 
-9.983053307436  -2.845782782717 
 2.309206309001   10.258931504990
 10.137690669793  2.828432996790 
-2.647997688475  -10.212061652386
 0.458353450267   10.610539907422
-8.555541592914  -6.462998888824 
 7.190629440253  -8.051041527072 
 7.355502466655   7.920754948224 
 0.062808607370  -10.861796506214
 6.031488699775  -9.033984570502 
 10.807332403673 -1.492108308697 
-1.189876242128   10.853898540354
-6.846575389538  -8.589726882482 
-9.849148088886   5.273176948062 
-8.733873211152   7.063695739460 
-10.344531981146 -4.413187302770 
 10.832190422247 -3.043263981377 
-5.704329397930  -9.806333971658 
-11.218138609433 -1.834145154396 
-11.089356247296  2.809339563933 
-6.904349594844   9.180518714722 
 11.475001085493  0.810254526085 
 4.239642623031  -10.693841763202
 2.045883057451  -11.339450826857
 10.255928173581 -5.307135451347 
-4.013020314269  -10.856577581897
-10.040562196527 -5.925746673940 
 6.800728639519   9.511195555312 
-3.118032032247   11.286114460245
 4.315055090350   11.052502313637
-2.454793116911  -11.709210209265
-11.977114347591 -0.426190593012 
 9.668981544016   7.088667917614 
-5.500214535865   10.694874619952
-11.962344113142  1.269437199616 
 9.541926509215  -7.358763304341 
 11.404619230330  3.993035130435 
-9.047096712975  -8.083711236497 
 5.796089407040   10.696273315465
 7.614552495944  -9.535549131176 
 10.831752394625  6.008973188596 
-10.362883219308  6.805294813444 
-7.132663331007  -10.365854149274
-11.447612085660  5.447888189599 
-12.310376432336 -3.125638749209 
 3.498454839258  -12.345565901683
 12.769507602568  1.571067003215 
 2.488841894774   12.624241798737
-8.617759809818  -9.580877539112 
 12.844736843697 -1.497852620526 
 7.003416952339  -10.969082875559
-11.725254291843 -5.662609226939 
-5.932650866570  -11.622318169186
 9.512469593856  -9.004343149420 
-10.654946109482 -7.781645899931 
 0.417451372569   13.191661577583
-9.420615255961   9.251878445141 
 13.220037181467  0.045466931280 
 7.544066686213   10.894218541327
-2.257103591597   13.117396390133
-12.912912135865  3.327800458310 
 12.740073661038 -4.044143317613 
 5.326513971942   12.319080020952
-7.540531681781   11.231837358080
 10.894603701537 -8.107316966294 
 9.100011815783   10.080635058804
 13.108709432953  3.554925094465 
-13.592064549587 -0.122053249257 
 0.558231367028  -13.608385695540
-11.004269907550  8.222567981750 
-13.676834122409  1.664591315858 
-5.226600414787   12.768123993300
-1.544742452476  -13.711116675793
 4.878199110568  -12.935773365409
 12.616872569420 -5.800670086532 
 11.575445450261  7.970211473732 
-13.362473858381 -4.677778628851 
-9.147790112150   10.839893453307
-6.727356375131   12.549686354341
-4.780573266389  -13.433023538304
 10.552210555610  9.642867504140 
 14.126128087928  2.375731874886 
 13.233499338325  5.741197417230 
 4.442113915107   13.729546714545
 14.147738163938 -2.972263679328 
 7.343619431124  -12.454461673300
 3.584309454915  -14.031030132182
 2.066900444132  -14.339260855770
-4.037585142967   13.986542617913
-13.142307434796 -6.443909256191 
-14.549540226244 -1.676834494098 
-13.115550135715  6.607090551719 
-12.264580531527 -8.082380314918 
 2.150979378771   14.540419072689
-9.499386012402  -11.270741945357
 6.856743587733   13.070204407216
-0.499766610677   14.755399083535
-10.795829178693 -10.090637023606
 14.802274131991  0.041334852282 
-14.243664517805  4.099100156584 
-0.345369889393  -14.822453684642
 9.135162369119   11.795790668014
-11.353191083996  9.775193414097 
 12.687981086827 -8.067650752678 
-7.728851808733  -12.949039762674
 9.514790866214  -11.709631522015
 15.018636881533 -1.551288388837 
-2.441397941672   14.948986325355
-15.180393686802  0.183993097864 
-12.831634587189  8.167149593446 
 11.590547127524 -9.969829202506 
 14.754968872026  4.188014725832 
 13.492746240648  7.379075505687 
-14.377850968058  5.608583611312 
-8.855444732648   12.768169518049
 1.041317656108  -15.507941975674
-6.077170766434   14.307816369111
-3.906499569908  -15.075762496548
 14.287381107959 -6.343612304380 
-15.427780463812 -2.893481238900 
-7.653275589706   13.812418653337
 12.425392390452  9.758096957341 
-15.168641966008 -4.444248465568 
 15.383230657119 -3.878940227406 
 8.679058580943  -13.355656405731
-10.713741863627  11.815435268052
 6.061272498101   14.774080393515
-13.831607108791 -8.107236133499 
 3.406714452355  -15.669338621952
-15.982473345370  1.837464237402 
 10.819795611745  11.931974449298
-12.702707056147 -9.991179453744 
 13.071199173224 -9.541801655515 
 7.095399942485  -14.565865381346
-4.744860110844   15.530415378550
-9.971262509407  -12.849727203986
 1.959557104184   16.159566994582
 16.082578843330  2.670645400385 
 16.304259446796  1.002469032717 
-2.321146450318  -16.182116732896
-12.114671976259  11.080379686937
 14.312407513837 -8.091369095847 
 16.434636985765 -0.563046663619 
 5.379452332607  -15.591723820192
-16.420199220188 -1.742329312987 
 8.335631921470   14.303085362104
 15.612469792812 -5.611380057838 
-15.412014975922 -6.396610508299 
 15.580004996770  6.042768938157 
-16.337326310040  3.554296915409 
-14.762951508625  7.882239010308 
-8.023824014329  -14.710107611622
 4.935938219072   16.045774349977
-6.433820914538  -15.549191417708
 12.284700499834  11.541247775392
-0.538869636436  -16.904802859775
 16.853613846024 -2.226565074093 
-1.391089610205   16.945193118079
-15.826815967943  6.226511559065 
