 0.500767499530   0.956246808932 
-0.470488975908  -1.146574512489 
-1.497953945670   1.132302265899 
 1.087607583200  -1.837282816705 
 2.143095159012  -0.242727319978 
-0.305077008539   2.668824480170 
 1.623389721842   2.210389653388 
-2.152810848478  -1.745126018202 
-2.889140490543  -0.354090572780 
 0.355077073990  -3.280241500847 
 2.510702451795  -2.453717604665 
 0.840406028199   3.912379733506 
-3.816060616640  -1.995360104918 
-1.203487015173  -4.176081256872 
-3.680221495073   2.340471839156 
 4.086309186430   1.707430221802 
 3.210796119417   3.138149115411 
-2.335738977092   3.909108666404 
 4.299625106575  -1.515672284168 
 4.707573168218   0.282410946441 
-0.367476143067   4.996740612600 
 1.421888415013  -4.828254380182 
 2.453983896740   4.446602759375 
 4.037082390190  -3.116680974429 
-5.376005941977   0.668476804318 
-5.349752892056  -1.159862098241 
-3.696074541764  -4.132888928727 
-5.287357094243   2.427430769333 
 0.029651558365  -5.833536871766 
-5.197407850917  -2.662653061971 
-2.150344869187   5.486219867117 
-2.605215843541  -5.361791955211 
 4.391878931374   4.097023418725 
 5.462617192332  -2.599018213095 
 3.943248158559  -4.636019544658 
 0.600371329479   6.146451219166 
 5.481148841396   2.854591555381 
 2.600417890030  -5.871034381388 
-3.667269192909   5.288214496051 
 6.442196972341  -1.021489370986 
-5.306163528938   3.942330976540 
 6.592786466697   0.596184623354 
-0.865493063269   6.625520048682 
-6.657760551130  -1.978488821258 
-6.937778315145   0.646913075893 
 1.454913914733  -6.962421703152 
-1.611386384499  -7.070413048499 
-4.257286062400  -5.901433556091 
-6.982645449259   2.461517174052 
 3.498436361549   6.539515844705 
-2.538204158256   6.997131232202 
-6.515365997607  -3.758735234194 
 6.308873009869   4.361433666156 
-5.554871183830   5.575989026141 
 6.388519648622  -4.746471779685 
 7.477761503767  -2.732155197090 
 5.445745974901   5.997295250235 
 5.249163563479  -6.334472925429 
-3.657397173969  -7.385050364636 
 1.473311237219   8.263604809166 
 2.558410472518  -8.048371396507 
 8.422526985148  -0.960053299526 
-8.436434852789  -1.085999853562 
-5.717671436725  -6.301063261722 
-0.986632617267   8.488815125916 
 0.728015986096  -8.532498031383 
 4.148175747419  -7.502977298685 
 8.146201514045   2.725304905335 
-8.158338291437  -2.789967871484 
-6.852773663596  -5.275723239731 
-5.027563983837   7.123211571240 
-2.247485601144  -8.430160609614 
-7.681004692819   4.167285226514 
-8.759973499818   0.628560588112 
 8.862696405318   0.939066446238 
 7.871105607616   4.225349781973 
 3.997139896136   8.434449365298 
-2.939234335161   9.138260278391 
-6.563433962063   7.060352382999 
-4.971729736055  -8.378494742945 
 7.657116673607   6.046651954822 
 9.004981515470  -3.766268051346 
 2.423612384669   9.483787945581 
 8.045585321375  -5.597646022718 
-4.501509211756   8.753852338587 
 5.566601817697   8.166337844641 
-9.602755410414   2.378679304013 
 6.552693458217  -7.419852126948 
-9.882070824592  -0.606584513764 
-8.654030066646  -4.920230553570 
 9.576982674555   3.303858832392 
 1.377319442114  -10.042401261371
 3.114803138667  -9.670883650452 
-0.276803046020  -10.164085173782
 6.997899952949   7.490051677078 
 10.286376623988  0.432929247123 
 10.253823733783 -1.323238663853 
-8.174788806997   6.340971767211 
 0.925630645491   10.421750397643
-3.832778140697  -9.757483798229 
 5.454893330343  -9.131281603389 
-1.925558756158  -10.665153795008
-7.435298198033  -7.912516558425 
-10.360207226994 -3.443507285413 
-10.915296824191  1.281247732758 
 4.762098028384   9.983964330614 
 9.546769656857   5.640254172128 
-3.341797872331   10.584585446958
 10.667192205927 -3.149212236183 
 8.101456903467  -7.659324543863 
-11.046039335359 -1.564730154476 
-10.402154391686  4.151509558089 
-9.702367506454   5.657787760888 
-0.906979909952   11.202655315572
-6.949888800317   8.850381032052 
 11.136885387199  2.011672765608 
-9.027695050707  -7.123896354464 
-6.779062395780  -9.388235382988 
 7.331794778698   9.049881420864 
 0.114535266278  -11.653277745041
 2.543485057000  -11.380266161042
-8.763706280371   7.797097963036 
-5.494041574675  -10.375705592955
 4.966008858692  -10.771446606264
-10.554828154617 -5.454200404380 
-5.130689165026   10.756807731444
 11.523713656831  3.918664005820 
 10.538156986811 -6.141474292714 
-4.044045535831  -11.539307726202
 1.316719009674   12.177337385788
 11.327339638592 -4.822122537752 
 9.813060474384   7.550043538164 
 2.886314115693   12.041356172936
-12.378942315252 -0.612612036462 
-6.846310977326   10.351957987502
-10.143476517101  7.185536166311 
-2.952453944480   12.080056749920
 12.394077038901 -1.106615625335 
 9.660524328917  -8.007929111343 
-8.333579016462  -9.412791605936 
-11.913605685613  4.020576689387 
-11.793533759365 -4.374464235389 
 4.520130460124   11.749363794440
 7.948107739603  -9.764661480493 
-11.385141673802  5.482382448609 
-12.442415192191  2.236411395720 
 4.016261027222  -12.019435846687
-2.284217293353  -12.475220222914
 12.282354738580 -3.175922049788 
-12.495305440611 -2.497530470641 
 12.737836382899  1.099154908494 
 9.132567117593   8.987567904851 
 6.512537170357   11.130023593716
-8.575350480134   9.712802486559 
-9.950313884562  -8.434462588926 
-4.566253588852   12.377202358753
 2.629044276160  -12.975685669180
 0.197351380360   13.284421226814
 0.652900392175  -13.427844330950
 7.262560900079  -11.421812335635
-10.067452753816  9.121136022715 
-6.571348027879  -11.970266400268
 12.380954401464  5.823934453353 
 2.281118417179   13.524474971160
-6.422303681817   12.148006211134
-2.386783097128   13.537824016723
-13.221364524104 -3.885001597325 
-12.512203592740 -5.838342509082 
 13.223425266517  4.035021469676 
-11.750712403964 -7.344181543354 
 9.366675010643  -10.320174620830
 13.927996787035 -0.680475314956 
 8.293463240241   11.262532018190
 11.931385161893  7.324278231341 
-14.036720465228 -0.583358432306 
 12.074966028094 -7.202969026866 
-8.842122615727  -10.954543743321
-11.584199374778  8.015299314393 
-4.666401467024  -13.295619126152
-1.877197756705  -13.978265233621
-13.280800624913  4.945010003414 
-8.532384104164   11.319392929818
-14.043289694996 -2.571034764065 
 5.092877951137   13.344462536343
 13.588398263009 -4.462865561444 
 14.177421042423  2.495783782551 
 7.301292841450   12.420170250636
-14.329769156331  1.520932139500 
-12.955638413161  6.480371941455 
-10.474182687247 -10.017385867850
 3.824013914039  -13.980984009682
-14.148757756453  3.504701777350 
 11.043285652342 -9.566100854443 
-10.047898037182  10.635279779502
-4.500552213680   13.938562131981
 1.818160504667  -14.549573510647
 9.950951826016   10.779011480213
 14.459768612613 -2.536030125117 
-1.357358043168   14.666145349289
 6.423498416497  -13.386672409837
-6.264830203462  -13.527029492578
 14.958047772624  0.788961452207 
 9.279698658802  -11.846996223031
-14.127324751249 -5.446919200992 
 0.374113217364  -15.153544056491
 13.622277789826 -6.785725213211 
 13.983608325389  6.087621948175 
 11.856537883706  9.606684019047 
-6.605470305693   13.803397849002
 14.657602745323  4.709430672644 
 15.431105901200 -0.703733695187 
-11.609033398093  10.223249153198
-8.123713945881   13.168692254524
-2.493891998978  -15.364247525334
 5.135635800195  -14.720668167765
 8.278896604469  -13.216118401951
-15.603107824619 -0.088798090282 
-13.329772167473  8.129518381010 
 3.705884931280   15.178037011509
-8.871591123903  -12.865776739278
 6.513906899014   14.235141733446
 15.097128924335 -4.162342051076 
-12.741227727545 -9.115363082228 
-9.904727343824   12.168801353211
-0.223292121178   15.709162612243
 1.638698473626   15.793825506283
-15.604473602206 -2.965560725707 
-2.424648974039   15.728142723035
-15.689647311383  2.670413504031 
 9.978418518827   12.459652687567
-14.986494101253  5.757270007872 
 13.531021280010 -8.732605037297 
-5.246194492451  -15.232110034810
-15.445349867762 -4.599171830097 
 3.086392244882  -15.826829834377
-0.807697267645  -16.151995449184
-5.187632915153   15.359736257360
 15.186556321126 -5.835206604198 
 15.863907019442  3.797614919582 
-15.762264805205  4.236922379549 
 16.164505516898 -2.283427154581 
-11.430216462870 -11.728727845815
-14.745031672714  7.326321374046 
-14.321958151740 -8.206098715246 
 14.374388751474  8.167833389711 
-3.838216491163  -16.107749740711
 1.298541208192  -16.543097389928
 11.833863386280  11.639363452885
 11.157759488343 -12.313535513882
-15.212784707851 -6.688604936679 
-12.680225196693 -10.866270627985
 16.560315698339  2.367302938085 
 9.300721445126   13.930169459062
 13.499407522174  9.925138848016 
-8.646564956449  -14.430205347865
 15.083991901770 -7.477132087454 
