-0.330158985062  -0.228120024340 
 1.350755128326   0.585596682712 
-1.081260943114   1.408248657365 
-0.514588265999  -1.825456657604 
 1.506392098501  -1.839872009411 
 0.204326319576   2.402577947255 
 2.418880362693  -0.626198482205 
 1.815896461328   2.220571862050 
-2.821649121297  -0.789633790730 
 2.880294457392   0.942071045789 
-1.738191306400  -2.804624388091 
-2.964769185311   1.878675995444 
 2.879862418148  -2.635584363432 
 0.549787804348   3.965113574171 
 1.440623565059  -3.736213647731 
-0.679549540819  -3.961705745437 
 4.000256637434  -1.139600304564 
-1.594092484454   3.887386149452 
-4.204120480650   0.570020480927 
 3.690791441896   2.445110750912 
-3.867723214704  -2.220460363469 
-4.181973667720   2.865404693685 
-3.160795693731  -4.077305346966 
 5.193079925253   0.097456713704 
 5.117840197800   1.731819941600 
 1.907789293110   5.117487899375 
-3.183136924155   4.532253399933 
-5.424104725266  -1.328962231391 
-1.013541247919   5.532884920473 
-0.194786762193  -5.635929461228 
 5.375172522767  -1.804490394894 
-5.681782378274   0.228872954216 
 4.696684931671  -3.209504482197 
 3.825348038959   4.213383884619 
-1.779250431164  -5.534617193844 
 1.332000113342  -5.729018548807 
 2.989592699565  -5.469630798357 
-6.042824590299  -2.949689380219 
-6.602619914220   1.506887914588 
 4.854578347159  -4.882424498940 
 6.321017918446   2.756789583459 
 6.939158454986  -0.506996154498 
-5.125766467597   4.809845320796 
-6.185352900324   3.391526634322 
-7.024881766022  -0.669104831464 
 0.308453803877   7.154630261234 
-2.738196026545   6.699280035261 
 4.441793410683   5.740893382665 
 1.925360835948   6.999481700588 
-5.632294440950  -4.604209172601 
-0.620112774489  -7.342736660126 
-3.776695535334  -6.361190512797 
 7.114589829137  -2.294881136265 
 1.424788757465  -7.695372230438 
-2.439643608103  -7.509811412268 
 3.045204745146  -7.390545040719 
 7.985403219131   0.875760296730 
-1.056785121416   7.985133785436 
 6.326814415730   4.987798626379 
-7.630844141125   2.633627518461 
-4.868194334570   6.693015892828 
 7.006517303819  -4.506739462730 
-8.015253630021  -2.543250568558 
-8.625223404675  -0.156223685101 
-5.591118622093  -6.610710900867 
 8.076079749944   3.202557586126 
-7.556588180710  -4.294066508535 
-7.202713731568   4.989281513822 
-6.769697839744  -5.615568479306 
 0.159419914080   8.881371622529 
 0.469703221100  -8.902645261370 
 5.740857642114   6.921057114376 
-2.614516679781   8.604097339357 
 5.616185169223  -7.025231179880 
 3.592849959148   8.307084288256 
 9.239536255191  -1.101946850011 
 7.822355437520   5.307688752835 
-8.679973985027   3.751294703827 
-9.328610340121  -1.576666527579 
-9.475886844666   1.221174297721 
-2.453103924726  -9.254706305082 
 3.779165294852  -8.827328611458 
 2.173985863745   9.379288463985 
-6.954696503425   6.663487646718 
 9.649293875144   0.464388938818 
 7.255378518800  -6.388133502934 
-1.449429734925   9.575626511313 
-4.278299500182   8.731862258988 
 9.249201698035  -3.144233061463 
-5.178615280166  -8.296330370829 
 9.526907132715   2.808017946391 
-6.000191565027   7.930938678387 
-3.987508739464  -9.239611559016 
 2.402278958512  -9.794425657342 
 5.117511235444   8.885470253726 
-7.417703189887  -7.116710084534 
-0.433168644532  -10.372756690902
-8.976967549619   5.376058835744 
 5.950567210699  -8.654709873345 
-9.028731179233  -5.388541305774 
-10.570554588660 -0.316896759394 
 9.681534168106  -4.656437910387 
 6.985852959459   8.220677145250 
-2.646303869084   10.488405730823
-10.090517913546 -4.003105049739 
 7.387091000045  -7.962637787234 
 3.955549984433  -10.481941792738
 3.943139187305   10.507930797382
 0.712274280928   11.220829716955
 8.913923984351   6.856780756166 
 11.275298442834 -0.086959299214 
-11.129430033467 -1.899202639697 
-4.734583119680   10.290699890799
 2.389807423113   11.107389968883
-11.069167947337  2.951699755539 
 11.371568247674  1.588403389934 
-7.336512242794   8.838400831954 
 9.548160619431  -6.393522698477 
 1.576356716047  -11.393023958129
 10.647984860275  4.439873786312 
-8.518029190284   7.848938271663 
-10.665205769328  4.745678289919 
 11.223452973601 -3.300332305030 
-8.099769624109  -8.509292072884 
-1.631383428183   11.650514824798
-11.737726017337  1.570965570920 
-3.997089614575  -11.239728948120
-2.024897509609  -11.761029828497
 6.057294573356   10.367396424103
 7.122647893363  -9.690444337909 
 11.942662317904 -1.772817520111 
-9.853078838356  -7.046109946828 
-12.172545637762 -0.042051558736 
 3.034239990234  -11.788732223102
-6.827058490547  -10.133523563171
-10.021287358585  6.995761046656 
 11.787370756753  3.282017233596 
-3.781698617151   11.728444601359
-6.564957447829   10.436368342978
 11.425024468328 -4.788362735088 
 8.830449369138  -8.860926155014 
-11.020547828138 -5.959225687401 
 5.264102596413  -11.462426672755
 1.592305330218   12.521289996693
-5.901343040516  -11.320778061005
 12.752130029095  0.747031379031 
-0.783891040558  -12.830610220327
 7.672828365067   10.402320278781
-0.329021335782   12.970114094262
-5.404379508882   11.835569563509
 10.844934291268  7.250384068659 
 9.824811799120   8.589171701137 
-9.920081518786   8.681065794098 
-12.863903285808  2.900921624724 
-12.640785336771 -3.925852896500 
 6.933051211681  -11.422213025035
-8.267267925615   10.513693360151
-13.303542338333 -1.429060922423 
-2.070967900099   13.265598954242
 10.610790024985 -8.289689386296 
 8.471203626864  -10.549962896202
 3.307367140878   13.145013454666
-2.217035777438  -13.373726267090
 5.891908772649   12.212130440683
 12.075186631195  6.223058283226 
-13.553356884892  1.141756258346 
-12.337413702088  5.746863646622 
-9.422570623747  -9.890116341685 
-4.600941329556  -12.916725794214
-11.560022203488  7.407129785147 
 13.531459557841  2.828273308761 
 12.567353415380 -5.772910368358 
-10.726207974634 -8.922537915168 
 13.487127972695 -3.828206762075 
-13.314102417803  4.415583858188 
 12.032996566583 -7.233841168556 
-12.484330362038 -6.562398074667 
 13.987152584919 -1.931328099748 
 1.112851894550  -14.081514189172
 13.313009987111  4.842370245398 
 4.182460130140  -13.549833131410
-4.235130380123   13.615564183515
 2.661139123030  -14.048960662382
 14.334993897047  1.521573861885 
-7.316623303012   12.492984340190
-8.498465019590  -11.883445365286
 11.941899105857  8.430958801180 
 14.655394729031 -0.502512167221 
 5.005856359172   13.800059226411
-10.431155334337  10.353942645033
-3.753520583159  -14.213397039321
-0.327374187165   14.703667090096
-14.703306380667 -0.449811021697 
-6.053751005214   13.434759370009
-14.541858949593  2.715077709999 
 8.248445020826   12.351608550697
 11.075010728107  9.905235240130 
 5.708172277410  -13.722684890482
-0.293262959184  -14.931608770265
-9.161864988082   11.800320243900
 9.655938294360   11.460110012237
-14.858612446474 -1.970223309973 
-2.200687704671  -14.982800713726
-13.841866492376  6.151595950675 
 10.506659583550 -10.937909924319
 8.831682339005  -12.337447255632
 14.282848844786 -5.120249721663 
-1.899500594655   15.107970800672
-12.219339431537  9.208634576477 
 15.053366898910  2.981033913672 
-6.503343000232  -13.927507245455
-14.848674857455 -4.048494200287 
 7.328836888308   13.604776945790
 1.696589454333   15.439608550176
 14.861198352876  4.585479413010 
 15.628853336165  0.744970332920 
-5.267818784267   14.753942994938
-14.938907199025  4.853181948980 
-13.427886470827  8.163648219744 
 3.589427677503   15.328719244045
-10.975740543052 -11.318653327909
 13.852932697061 -7.640800640363 
 1.190785688317  -15.830754640126
-14.721142129148 -6.006930428217 
-14.008852345059 -7.526171086614 
-13.234774216951 -8.862120947323 
 12.391571363081 -10.063150723224
 7.535701391817  -14.152352453837
-7.479503824343   14.226434906408
-8.818910415014  -13.479331801790
-15.990338071380  2.130327347773 
 3.594227104225  -15.796407922249
-9.089007868608   13.428432031247
-3.665229986134   15.813956801953
 0.369866991164   16.230779726891
 14.763858760730  6.978011803871 
 9.095272804551   13.621905789898
 16.008071512947 -3.625294985869 
-3.428476724443  -16.071730873922
-0.424547037840  -16.436805257763
 13.796220917461  8.969847965816 
-16.039033808629  3.712912203784 
-16.483080067749  0.085636271541 
 16.464108980189 -1.321526659432 
 13.729453380861 -9.204580547890 
 5.502564274478  -15.690905744054
 10.937981371839 -12.547622777674
 11.189987695555  12.328734373048
-1.442330796783   16.605400075483
-15.484951074048  6.348759140615 
-7.860530116393  -14.846036284767
 5.620299573198   15.884098252132
 9.096680874275  -14.188567565921
 16.453419304749  3.673591943940 
-12.850863458563 -10.944961131827
-12.948233831422  10.902150560006
