 0.132081195024  -0.761910362398 
 0.879926799049   1.040190457832 
-0.672729376039   1.490085195479 
-1.859227951960   0.271458295706 
 2.289527435162  -0.434570730577 
-0.630346100014  -2.607032576986 
-2.465968054478  -1.182481210922 
 0.405398579225   2.718894703785 
 2.006527115891  -2.160085086030 
 1.911300188340   2.806806970492 
 0.875565078208  -3.334134023053 
-1.554484560930   3.080714546765 
 3.211941082669   1.928684374496 
-3.374812823489   1.972774238701 
-3.959338990850  -1.007172863251 
-0.376729168075   4.168076113836 
-2.156217744274  -3.710636359301 
 4.422444134944  -0.738936032249 
 4.206907376413  -2.388143908937 
-3.346101744092   3.538886503841 
 0.211870019166  -4.874658874741 
 2.114860095014  -4.553556082706 
-4.159934565170  -2.854081200582 
 2.850166684998   4.293435575533 
-2.204524226785   4.766481220730 
 4.977964092698   1.826250081425 
 5.492217465448   0.315044055859 
-5.560170643295   0.776088696965 
-1.417930969632  -5.487227882398 
 1.335150977781   5.526679529624 
-3.884528907425  -4.438972216038 
 5.758620872226  -1.461601993482 
-0.439153239297   6.082830802100 
-5.244491662024   3.130324872526 
-6.078474778359  -0.683523721470 
 3.778733550835  -4.877381279211 
 5.604718443168  -3.004040880440 
-5.666209499803  -2.888723563218 
-3.943135850864   5.010186799988 
 5.634114949508   3.236578087189 
 0.185035304713  -6.550344469919 
-3.128679687376  -5.862044915962 
 3.172018645892   6.065035130498 
 2.581156205742  -6.475963925082 
 0.977690919588   7.003057269910 
 4.646056198456   5.401324568905 
-5.463459415012  -4.592565508061 
-7.122053145079   0.868902492372 
-2.486422505835   6.737114778467 
-6.969680237811   2.723331448016 
-5.567798202734   5.162285505354 
-1.140302260610   7.546629256400 
-7.266825731808  -2.406263178488 
 4.525601472374  -6.209985714096 
 5.999457231493  -4.947873529772 
-4.248327851746   6.650531967217 
 7.665903742469   2.183805151986 
 8.014662588265   0.083378973303 
 1.222023189447  -7.932726528935 
-5.028753978084  -6.266274937158 
-8.076255678905  -0.882280763967 
 7.071617990375   4.026817637493 
-0.839691143074  -8.145713871252 
 4.261981991574   7.288288549151 
-3.173076351808  -7.825494629177 
-7.349405970370   4.241590454740 
-7.458272579939  -4.074851891292 
 8.332830602434  -2.007086721108 
 3.122344178284  -8.007992813143 
-0.005686813874   8.719250707112 
 7.748771951215  -4.115711044000 
-2.438824950561   8.445288744267 
-8.677829245616   1.599359117284 
-6.709891878337  -5.733874770089 
-6.451934538182   6.406503987320 
 2.304968463238   8.886164269808 
 4.684357184607  -7.945453968423 
-9.239520974896   0.069019769249 
 9.167492753677   1.597508121647 
 6.505494263348  -6.693693755100 
-4.616882578299   8.157109238257 
 2.093962163892  -9.261275917858 
-9.410608181375  -1.851037647314 
 9.603323655384   0.026457361717 
 7.250182668564   6.307104243189 
 7.743027244421  -5.719248779019 
-5.951817350798  -7.669224729638 
 6.053700568661   7.616367354911 
 9.048188328010   3.640951552129 
 8.317077900832   5.098114198270 
 9.141927167617  -3.408072789744 
-0.192551827200  -9.782330976723 
-4.268309018944  -8.860874034185 
-9.508599242275   3.384032305699 
-2.038234362033  -9.927599572479 
 3.839418262458   9.576275743751 
-3.080209405160   9.882454422340 
 0.316107260740   10.418965980837
-8.798004721816  -5.701242896949 
-10.023221558284 -3.291698971351 
 2.109388891452   10.376753139116
 6.321166268454  -8.711310087946 
 3.323567786167  -10.252452890093
-10.826227962171 -0.669936734858 
 9.382024274067  -5.496595152073 
-3.536587850311  -10.284278063871
 10.832589514938  1.362060855494 
-7.230610098367   8.183523911218 
-7.807292060492  -7.766419306228 
-1.877199260119   10.867207387727
 1.166691865109  -10.973973634999
-10.796433010808  2.547600594472 
 10.075424173037  4.735785250455 
 8.877281806210   6.843841339390 
 8.714220110456  -7.093542087495 
-10.124525261210  4.984062255171 
-9.280089110989   6.429032003565 
 11.088306586066 -2.142138773179 
 5.484917396299   9.942325622644 
-6.049755216251   9.647936818106 
-5.594134673507  -9.929661309495 
 10.779009553803 -3.719250547652 
 10.899024261638  3.450381214873 
 4.980444303915  -10.466997251205
-11.614019602533  1.070087110283 
 7.067467321412   9.355247934705 
-0.472676726213   11.791409350252
-7.061508057178  -9.467732072508 
-8.808601295052   7.940145702870 
-3.957351730418   11.275888102078
-9.389732471447  -7.577491893009 
 1.941551308192   11.914227557161
 8.369975443194  -8.732070561598 
 2.877069936580  -11.777957136401
-11.622735950412 -3.640563527732 
-10.515678988103 -6.164496013207 
-1.021313948698  -12.205446637120
-12.216414759590 -1.605355121281 
 10.348955578300 -6.731485239350 
 3.608484747134   11.873244238583
-7.614373969921   9.853080615196 
 8.681571213965   8.958186537691 
 12.505970697028 -0.102364024507 
-3.494158202483  -12.210753468160
-5.542033128378  -11.467847109846
 10.818931870399  6.793476662981 
 7.334747269295  -10.493247297130
 0.684537984525   12.838960369765
 12.733848695958  2.310297876262 
 11.951716180150 -4.990849841254 
-11.920383719604 -5.140430367685 
-1.399570967774   12.986951795492
 4.375031960009  -12.374764627810
-12.209525394838  5.017014508696 
-8.799953263490  -9.937390132512 
 12.647399989332  4.071624288895 
-2.921615016252   12.985871418511
-13.357158294189 -0.601443682624 
 8.168189106798   10.640934277470
 0.791711015004  -13.410887176745
 13.046420639740 -3.463679416708 
 2.580509233791  -13.253552685301
-7.471135859630   11.354569854021
 13.499514514726 -1.766251008847 
-5.944924762694   12.277181955225
 6.833118733200   11.846202758442
-13.650684441422  0.952199714137 
 10.812401460660  8.435117912973 
-2.113776631034  -13.558781921924
 6.540152443130  -12.095057965172
 5.002555889325   12.816614221669
-13.393806149987  3.175338103000 
 10.031004579699 -9.443547198473 
 2.605618843526   13.544877416217
-12.238662425607 -6.650039887943 
-11.244495799519 -8.223377739605 
-11.729205172321  7.545090778741 
 12.425286339487 -6.418452060237 
 12.509694919067  6.385020020923 
-5.237560992835  -13.171971642198
-4.480506578416   13.561366048406
-14.225247208518 -2.268027426007 
-9.812710877929   10.563824900424
-7.714480610515  -12.186883063780
 1.034849984860   14.480683451762
-10.830396499452 -9.682370245777 
-11.253810716437  9.196683433262 
 14.456870375352  1.516513255371 
 13.682785890334 -4.975602972196 
 14.556973538221 -0.680634409101 
-1.750518442157   14.479398727331
 5.671442364654  -13.540595516587
-13.743169254072 -5.405861952636 
 10.374422626965  10.513647905990
-9.798652695424  -11.079285957310
 8.909302294789  -11.844871152348
-14.152418140954  4.503569400194 
-3.513159953168  -14.441673170194
 4.278261856760  -14.260014650476
 8.277891376734   12.424684275036
-3.270577709094   14.569851677050
-14.770448062163  2.206746319312 
-8.843855061468   12.058841023832
 1.847314469432  -14.846702289141
 14.501196596653  3.728793697765 
 12.073134748885 -8.984143158069 
 6.747913276568   13.471040657084
 14.861417410582 -2.540545466990 
-14.611876273922 -3.743079474782 
-1.391906786845  -15.036295405264
-12.747660027033 -8.247803643541 
 12.735478041778  8.291715288597 
 14.320066443521  5.303905792676 
 10.368671703718 -11.311661369543
 7.227402744026  -13.547340448988
-15.359244712687  0.514767372061 
 13.333071260497 -7.726020223171 
-13.981854929594  6.491561452067 
-7.140640353754  -13.726199028374
 0.082984554344  -15.501244654349
-12.769444983638  8.972133217021 
 4.529300099703   14.975689772181
-5.145496960267  -14.921574802482
-12.333175769054 -9.884111004187 
-6.232817920327   14.567468883299
-9.821846773620  -12.595641499425
-11.878535273067  10.740717674644
 14.427066439162  7.025761657356 
 15.795185759344  2.841798129549 
-16.015410375924 -1.108762240875 
 14.984506535744 -5.814959509708 
-8.224207234024   13.836533827710
 10.437127282685  12.254164117576
 1.799907330239   16.065544202986
 15.707192954384 -3.832077397588 
 3.284566234469   15.834705240229
 12.066358950200 -10.775962926340
-8.653686033966  -13.693434811628
 6.045726905835   15.108728044366
-2.245820481786   16.166668135947
 12.379986251793  10.648246480892
 5.194756204708  -15.523740915669
 16.434006375718  0.974154684869 
 9.316578898745   13.587789004182
-0.463300656721   16.545669616878
-10.341787830347  12.990780909190
-5.083241718928   15.855729656596
-15.171888320719 -6.888910809749 
 1.331998822333  -16.663855508289
 3.411583091691  -16.402121041758
 16.668563006436 -1.695046512997 
 7.569628499908   14.953152948089
-16.524717585658  3.300992712032 
-14.402796470486 -8.750215044143 
-1.671361722537  -16.796176090949
-12.198892412251 -11.667163171918
