 0.350673589487  -1.161720442903 
 0.210949505965   1.403648926267 
 1.361240913358   0.430367598056 
-1.570652631087   0.336765946963 
-1.164169992694  -1.378171282877 
-1.298801925221   2.102226144236 
 2.212917381317  -1.573098049476 
 0.964224279097  -2.565767549284 
-0.529256967617  -2.827723485558 
 2.300052342958   1.926039622495 
 3.534862803357  -0.577739042458 
-3.579603991931   0.282073216308 
-0.417371977412   3.586339473315 
 1.657377554995   3.806183464759 
-3.989400612088  -1.215683997412 
-2.750276360777  -3.210566545523 
-3.687274066782   2.155996075505 
-0.370596754499  -4.391527427865 
 3.814724696920   2.468933268840 
 4.535067241255   0.720690455518 
 1.140869058641  -4.454302225147 
 3.615050831487  -3.240576077596 
-1.919109586807  -4.579914484842 
-4.969418943987   1.106802374427 
-3.008139415044   4.135710406637 
 5.313896747038  -0.660295139656 
-1.302367983704   5.200391003535 
 1.121689602644   5.341970232191 
 2.744237407318  -4.945025081533 
-5.750164418806  -0.240167677107 
-4.809579045838  -3.230444419351 
 5.191661408151  -2.659430498633 
-0.232720106493  -5.891430906258 
-3.438121881209  -5.003108922840 
 3.487895816571   5.192353757913 
-5.997605567823  -2.026080261267 
-4.626297908558   4.329036944442 
 1.769396348275  -6.089338424705 
 5.394296916876   3.390711629644 
-2.326296374740  -6.071219528095 
 6.295701055176   2.082929950747 
-0.559395138876   6.772015434749 
-6.524930173334   2.168020331654 
 5.597347778863  -4.114775375873 
 6.703759359005  -2.250504872114 
 4.483270438479  -5.520004356005 
 5.180081494048   4.954296028231 
 0.929420353498   7.159922541556 
-6.166811194233  -4.010189486670 
 7.354295875812  -0.862379166465 
-0.006434873524  -7.471702968292 
 3.230434885803  -6.888551136847 
-1.985846658886   7.401428737315 
 7.633143682988   0.739466976411 
-3.581920631772   6.825712134631 
-6.377049039724   4.374182162600 
-4.408609841518  -6.412804514701 
-7.767903739412   0.723330559527 
 7.145753886290   3.355602669502 
 2.375391787185   7.559883935741 
 3.790506731575   6.972992909428 
-5.708174990153  -5.575479132902 
-3.424052278700  -7.572839613415 
-7.869441854972  -3.104773356926 
-8.399521756896  -1.108344410681 
-1.439132192813  -8.405936739636 
-8.125860013899   2.804058576719 
 0.904843291349   8.703566580060 
-5.672683275453   6.713643925954 
 8.655164592623  -1.612009025314 
 7.867040358235  -4.349546613882 
-1.277261383128   9.000704369851 
-3.542834885396   8.383303494821 
 5.780775119730   7.070286685522 
 8.808206020104   2.783165841202 
-0.195872280028  -9.262507746089 
 8.116964906159   4.531884251851 
 6.867431268110  -6.272574486361 
 7.148014842260   6.023630795870 
 3.530800905058   8.682101784524 
-5.079271129242  -7.897538566709 
 5.565092102969  -7.565493387692 
 2.034373819794  -9.233021101827 
 9.004485936085  -3.150823906944 
-9.538419593222   0.417416688093 
-7.432279608572  -6.064190292227 
-9.326735094164  -2.344355380048 
-8.594449768598   4.390109356034 
-2.853253574571  -9.312803393000 
-5.327688471048   8.240439534278 
-7.567279221672   6.340170008406 
 9.934032103346  -0.461110983886 
-8.717285033257  -5.044787683851 
-9.661017594731   3.071570327049 
 4.867265042704  -8.900639885140 
 2.427788322664   9.900265142578 
 5.284169068754   8.815499189158 
 10.194887921205  1.756367139256 
 0.841473443959  -10.355563495513
-7.146797132404  -7.602926641744 
 10.218621767974 -2.156603505908 
 0.816311149527   10.419065484714
-2.194592738954   10.225822666345
-4.444276478873  -9.570652300425 
-3.687775955647   9.899689133813 
 9.550361771863  -4.716751790568 
 7.022621936333  -8.276326708773 
 9.014333893804  -6.197600702469 
-10.942819228850 -0.410597153513 
-0.647020462016  -10.957268383108
-10.132008309284 -4.275178975666 
-5.229543800200   9.864166307483 
-11.147891658270  1.178878348412 
 6.846425831036   8.953874277502 
-11.035270966031 -2.386047243649 
-3.480912961521  -10.939824532858
 8.201081916512   8.055439964134 
 3.989930869009   10.794741017555
 3.879947997816  -10.909741188163
 10.926173846047 -3.869288255722 
 6.377094140761  -9.687629964275 
-7.554052319316   8.839123315103 
 10.536458900086  4.927770210884 
 11.585985203536 -1.105526518723 
 11.269847764964  3.221866712040 
-8.688364909185  -7.912941429700 
-10.232190922388 -5.786513164955 
 1.814377515346  -11.630401314079
-11.083529808091  4.198137217476 
-2.045873883729  -11.681249802679
-3.023648463249   11.504694660888
 9.052612477567  -7.734691870807 
 0.139657006242   11.912464748393
 5.777982408952   10.485867029234
-6.299040053118  -10.228546586018
 10.023229562792  6.758229884691 
-10.310205381058  6.338315709031 
-4.684778587901   11.324098507528
 11.032070694188 -5.418190796779 
-1.375045933617   12.222847517690
-9.666325670756   7.754385339314 
 12.476564316757  0.216151203348 
 10.369605565035 -6.942193810590 
-12.488005696656 -1.152853769376 
-12.235325748823  3.069344952660 
 12.423054772791 -3.086121290432 
-7.180146097253   10.625215630306
-11.781837202349 -5.128004678238 
-10.522436905062 -7.505926467926 
 0.739824919043  -12.931501483388
-7.966415372419  -10.222414786711
 1.984307070672   12.815937186995
 11.431187536827  6.217773343671 
-3.212549777638  -12.666647979634
 12.938839168401  2.069682067804 
 13.066719175582 -1.354022333682 
-12.636409583983 -3.602966086268 
-8.646869629577   9.896809922925 
 6.150428867094  -11.617841622213
 7.695528821313   10.799094888584
 10.214005923276  8.493703830180 
-1.333520784324  -13.253425434174
-13.240369840548  1.572016842109 
 4.759350298567  -12.502946553512
 9.022828463577   9.943810772926 
-0.225524550965   13.452901083956
-13.459438340910  0.047447167477 
-9.919081712613  -9.118745542289 
 2.909686528998  -13.222501356231
 8.712909445735  -10.366281734506
 4.852242386972   12.654255043208
-6.627789105610  -11.904120245873
 6.632667570127   11.939446255665
-12.447344723890  5.659673393924 
-6.210970997561   12.482557381608
-12.005590443613 -7.102243174961 
-4.900507632906  -13.148543662207
-2.407198477259   13.837434174897
 13.191752411615  4.936941262538 
-13.728102747899  3.251150847373 
 11.955910101362 -7.603055841088 
 13.493020706712 -4.603612473812 
-9.436849761088  -10.703264811230
-14.217630356746 -1.267393228852 
 13.959838920536 -2.978424975100 
-10.173508072456  10.102989086767
 14.390781537789  0.335662626089 
-0.118620536197  -14.489994339679
 2.709342363312   14.273550031937
-3.158790032844  -14.206242947335
 13.118850384719  6.579219421085 
 13.138598064169 -6.609704558183 
 11.218386780514 -9.522043696917 
-13.922475205049  4.813463387404 
-12.037027372243  8.492442467428 
-4.759777140439   13.954528783060
 4.328667650442   14.103277061752
-8.269459397718   12.229446470618
 6.318616888168  -13.354934949591
 1.529797833077  -14.700270818932
 12.523492621182  8.005228807833 
 7.850760102287  -12.666951720518
 9.330291817347   11.624071572785
-14.731840937283 -2.778619666817 
-13.736740983104 -6.200121993196 
-14.953835645906  1.889850994728 
 11.899491731258  9.382516283904 
 7.381415173629   13.257757935069
-6.654461897534  -13.752323360287
-13.445003116161  7.412624209421 
 0.668512078265   15.351210784423
-7.251204697617   13.577118297101
 10.917313027814  10.879257215910
-12.550645748478 -8.979865339942 
-8.916355900893  -12.633206181220
-14.833963077125 -4.506355340401 
-11.688579089727  10.196589674332
 15.451564392930  1.589361764730 
-15.551692400828  0.136299636326 
 4.044243148763  -15.085071890547
 15.328283236667  3.090006830084 
 15.588391856880 -1.599177913999 
-13.671702972261 -7.735818113253 
-15.688652888671 -1.613157989873 
 6.037774262753   14.586295463406
-1.788275863545  -15.708048986897
 5.652693123904  -14.817897535328
-10.522379066609  11.879440668427
-11.790914847522 -10.636393126892
-3.008456051801   15.629784105796
 9.870067700403  -12.514925183067
-0.804834783585   15.919171235497
-14.773657866499  6.091952893971 
 14.792946581414  6.176258967835 
 15.761023495587 -3.150204181747 
-6.257915910371   14.817552664721
 14.983350222195 -5.918385837954 
 14.189683294237  7.651770971855 
 15.447310305456  4.626593737165 
 11.249084215343 -11.559827735176
 7.858014949658  -14.185333520964
 2.181010627150   16.126387840539
 13.938391518654 -8.471354602750 
-4.634240801994  -15.691254916244
 16.362862444753  0.013067640734 
 4.030928768876   15.930581214678
 0.838988152375  -16.427216768262
-8.776870813076   13.917711645909
 9.929250305284   13.138197532878
-16.294711342806  2.669767742853 
-15.240416368695 -6.652055022225 
-3.166203044556  -16.353889489390
-11.079537566693 -12.448847774861
-16.002308082811  4.798607812416 
-14.062491520777  9.047883253810 
-6.768509845096  -15.339412940106
