-0.604222395131  -0.284316897201 
-0.687878635971   1.301878915693 
 1.763110051077   0.450520486501 
 0.795490776176  -1.955763847133 
-0.033398878169   2.907649786784 
-1.530287149035  -2.543283615504 
-1.693835926823   2.461473344610 
 3.109026960292  -0.466037310941 
-3.200619582224  -0.427415851531 
 2.857749160222   1.941612710574 
 1.761955810047   3.145219931263 
-3.287074982383   1.706696711017 
-0.566983034429  -3.853324705768 
 3.272853877564  -2.366043475352 
 4.060784482363   0.789105473022 
-2.123814124871   4.051708768662 
-3.209806782311  -3.265836245651 
-0.382552513238   4.808470596261 
 3.264212090691   3.558653834743 
 1.741828946190  -4.520790043944 
-4.414792261584  -2.096849934540 
 1.414407759356   4.757943225677 
 4.479823475822   2.335090741754 
-4.855072222719   1.728616259081 
 3.441429581225  -3.879191011668 
 5.296150400770  -0.581213523436 
-3.617435218311   4.197143870330 
 0.694907774895  -5.692055605868 
-5.758121282626   0.074333053187 
-3.158533769593  -5.041437704584 
 2.905361863604  -5.484976563378 
 6.008840413974   1.577323113345 
-0.930653425547  -6.259509880869 
 4.592654656607   4.379016567263 
 5.455791373488  -3.257458834578 
-6.250482322049  -1.599202347990 
 1.205124117640   6.386361163163 
 6.369140246763  -1.723986903467 
 3.448569975461   5.637027250589 
-1.934058842896   6.336017284977 
-5.570827114728   3.832997696283 
-5.626574258460  -4.147319986994 
-6.580907407979   2.549146629833 
 6.266868773277   3.629411717463 
 1.311821180791  -7.175395268557 
-3.634470741143   6.362132499100 
-4.957599211847  -5.536640682274 
-0.227196153046   7.491532434474 
-6.872402458128  -2.993546068193 
 7.643595264399   0.520822322604 
-3.729648537779  -6.754165252983 
 4.964169133454  -5.980107842155 
-5.338121368816   5.705216704276 
 5.472203884707   5.603943516082 
-7.940332807751  -0.138023956172 
-1.227425288060  -7.893492243487 
 6.716084213136  -4.573215919192 
 4.341078221186   7.302293318341 
-8.394410729403   1.404760567210 
 4.310178069946  -7.411768674907 
 8.681715638460  -0.893500371029 
 2.466884477329   8.424266930992 
 8.369364263427   2.652505838497 
 8.088095297581  -3.457231136716 
-8.521213073180  -2.724814113839 
 7.305083571022   5.173622382648 
-5.471951155814  -7.088139025039 
-2.854275001192  -8.521292043942 
 2.235336052248  -8.744372639864 
-2.008706794108   8.802829433342 
-7.723426560552  -4.690316196558 
-7.804186635222   4.965928232498 
 6.035712715737   7.227702283280 
-6.852882574381   6.483643277212 
-7.075085989370  -6.302327973224 
-5.411556183604   7.797975473090 
-4.114841516498   8.645587930634 
-9.043535896418   3.283374555960 
 0.983893625126  -9.575964006120 
 7.103708337026  -6.566505305889 
 3.822871506079  -8.886779956720 
 1.408193877043   9.619796331507 
-1.683622690700  -9.586291741711 
-4.696656167872  -8.569057695018 
 8.118095693463  -5.442436114388 
-9.867401705708  -1.811520875518 
-10.082425684936  0.139985817403 
-9.957141168919   1.886239981082 
 3.908589312910   9.430057178253 
 7.754287017187   6.683108308574 
 9.634971742651   3.497049554587 
 10.263110519850  0.908285865868 
-0.149908932182   10.341996683298
 6.476427303277  -8.084555565484 
-6.282019436074  -8.352674527815 
 5.411924153015  -9.185745373565 
-0.267304856469  -10.746967888830
-9.064410707364   5.838153802763 
-8.982028109549  -6.064641860158 
 10.545125252507 -2.564532572332 
-10.047750606731  4.430339799959 
 2.554423101616  -10.699888622029
-4.058289142037  -10.238284768798
 9.213561046125   6.061008640000 
-10.536470248735 -3.259278376109 
-3.045151904436   10.635262174431
-8.040412414790   7.645924569958 
-1.498526927905   11.022723950026
-8.257739093201  -7.465022622984 
-4.641002340744   10.254620686521
 8.628454755662  -7.312780950567 
 9.856743510727  -5.601790400154 
-5.555868560460  -9.937919582402 
 1.996924280957   11.272279311581
 11.429105386903 -1.020141422838 
 6.412902387674   9.529495663528 
 11.311681628535  2.038921747838 
-11.429184722640 -1.785201517366 
 10.933035136558 -4.024854515154 
 1.066038113246  -11.653391436707
 0.434255957287   11.755578260813
 8.924572373675   7.667229659794 
-10.606787729685 -5.124977200128 
-11.630350881139  2.149975711537 
 11.134950660290  4.047298607317 
 3.978105152235  -11.213107506937
-6.571906105524   9.967007253795 
-1.558371115970  -11.950266151508
 12.096996764979  0.433618278642 
 8.245886037708  -8.872484680495 
-9.803643996977   7.317808134091 
 10.883209306929  5.743354139534 
 12.071000852561 -2.633381694929 
-3.228381916595  -11.949947706116
-8.758860259882  -8.904203372073 
-9.982780825365  -7.526833883022 
 4.926030708806   11.541405713557
-12.549705630438  0.738287224065 
-7.239674642071  -10.343174309838
 10.265112959062 -7.424428520393 
 2.368935159825  -12.478071047040
-5.383684612712   11.584238379572
-12.098869236960  4.202537143568 
-11.368427100001  5.910336240754 
 7.307578917872  -10.534016940426
-1.806163215768   12.753106939154
 12.801833402710  2.307791358318 
 8.711299126521   9.692034553535 
 11.521741976025 -6.192247899998 
-8.819248682706   9.715442072368 
 13.124431615744 -0.837378752952 
 10.345869942453  8.174720379899 
-13.128836329472 -1.643529888321 
-0.000393683188   13.276663939232
 9.804835624499  -8.982791150698 
-12.385923081264 -4.930290804782 
 12.547118056788 -4.586090641159 
-11.422738462482 -6.956788021068 
-12.971147339620 -3.277445762680 
 3.840697363879  -12.841229215764
-7.553173668850   11.118260565557
 6.120063325586  -12.036977926189
 7.690488779137   11.144238070779
 0.495415524114  -13.543918532827
 11.518430325516  7.159121466584 
-13.322976975762  2.594084541871 
 4.131978352894   12.950981157411
-4.427071724280   12.944277711846
 2.282638314188   13.495850646991
-10.378050001356 -9.038029168552 
-5.577972311909  -12.606471224871
-9.463291305172  -10.234705742056
-11.290440069141  8.206461908852 
-13.971220504825 -0.298216072998 
 14.019801738187  0.450664993267 
 11.365511058315 -8.452301185498 
 6.809448013911   12.526763063784
 13.266643217630  5.278604374302 
-14.248674578260  1.386398493242 
 8.561852151730  -11.524835242371
-5.981644737692   13.084314704064
 13.952389271468  3.689659742624 
-9.067168846650   11.259285855756
-8.575373924653  -11.643238260809
-13.166533682409  6.043934867787 
 1.875387693320  -14.389384822195
-1.323112644608  -14.510479317508
 14.373562030242 -2.548059668431 
 5.256716360835  -13.728026228952
-2.795841656543   14.493003566366
-3.236534909318  -14.402843009394
 9.379933730905   11.402170142590
 11.325893036709  9.573320861498 
 13.609963266864 -5.923409119119 
-14.778350207997 -1.576902494445 
-10.593783385169  10.451612879060
-12.898440643357 -7.615168313876 
-13.813234241522 -5.883615181960 
-8.211621268491   12.639070345296
 12.450772517886  8.505928548243 
 5.411061863919   14.080472688406
-13.152281930454  7.628398816175 
 3.873528922902  -14.742973683270
 0.419177837592  -15.265951041964
-5.255379406422  -14.343526939016
-7.645930913756  -13.248594064079
 7.355859892929  -13.456314299908
-10.871796936328 -10.843792090529
 14.727736302713 -4.454598325953 
-14.513110485250  5.124659229855 
 10.813241635174 -11.011879485636
 13.127432643783 -8.117929186587 
-15.169792724914  2.857015902828 
-11.955312284129  9.787800468006 
 15.442527026084  1.203208101190 
 15.484656438133 -0.803411949184 
 15.296919536350  2.787179144358 
-4.782564986365   14.870477130062
 4.134147216009   15.097974622497
-7.281230323280   13.858393925396
 12.500738271359 -9.594829898097 
-15.291557637603 -3.986804405469 
 15.107796057715  4.690666620199 
 13.803748744307  7.838865626286 
 1.434655505490   15.909496669505
-15.935540395596  1.249369513988 
 14.724700760488  6.224274864139 
-0.700667727257   15.999727086697
 8.441366335886   13.614346621115
-16.018168837824 -0.647198714684 
-2.079284348932  -15.930136652839
 14.505272824559 -7.127243158451 
 2.377245735970  -15.996561458420
-3.812514207622  -15.803476712694
 5.450464354116  -15.340054851521
 9.616478580461  -13.205286657179
 11.336231124299  11.798927030172
-10.938571503722  12.206747756228
 6.681859302847   14.998066450390
-12.733328633089 -10.381292889694
-6.799740326813  -14.984544416245
-9.280284727452  -13.637712872090
-9.682401451734   13.481359610145
-10.761321019973 -12.680156095693
 16.210261781209 -3.843429736601 
 13.523750365900  9.736372308355 
-3.017393213099   16.413046453299
 11.031043852171 -12.537083637767
-15.144004256305  7.046491570632 
 8.603142162553  -14.407976609710
 2.928702490688   16.544639469610
-15.847430841635 -5.589521504843 
-14.243863238224  9.067702182636 
-16.363843529329  4.266652345252 
-15.106742954385 -7.629386007504 
 7.228236980036  -15.315978126364
