-1.267185632968  -0.465442930072 
 1.177190621381  -1.101611213620 
-0.340545516593   1.711143044843 
 1.196274713517   1.287793832252 
-1.884278921134   1.603937567745 
 2.693705609695   1.461312671898 
-1.252096055002  -2.813697499635 
 0.473152703053   3.316804716121 
 0.116229095182  -3.428639566637 
-1.448504541499   3.159401549834 
 3.292919344718  -1.182698802502 
 2.201160232913   2.972882600825 
-3.641680171826  -0.700075802423 
 2.583060370901  -2.743116448677 
 3.830402122818   0.228250545163 
-3.525695778542  -2.224888538723 
-3.236334083666   2.716107720371 
-4.019648094325   1.353196287502 
 4.142684385981   2.358929144808 
 1.792840438240  -4.447835835213 
 0.088558132480   4.867618988627 
 1.942762566705   4.554739735911 
-2.194665946231  -4.441198968401 
-2.772496134615   4.197875408126 
 4.638328438960  -2.136703160669 
 3.325282653408  -4.284623600338 
-1.344227933700   5.337824169987 
-4.495604224733  -3.544471019271 
 0.583374497589  -5.786635923148 
 5.860658104789  -0.107396733776 
-5.836067822381  -0.671617079043 
-1.225541924160  -5.750510943095 
-4.759428148906   3.759191460663 
-5.697106131062  -2.246644174390 
 3.935346845404   4.827250237771 
 6.084342478946   1.444108763156 
-6.133268597031   1.302990919101 
 0.285801377571   6.370348703079 
 5.814531760204   2.970901523165 
-2.875591933321  -6.044874482334 
-4.169507056101  -5.240814124505 
-3.994118522775   5.477715105565 
 4.960677778912  -4.690905562127 
-2.680187890252   6.328021858432 
 6.587429886524  -2.515323846031 
 2.931075448609  -6.563591260042 
 1.656134219492   7.017725326986 
 5.613093641798   4.618229434765 
-6.420674164024   3.589055223256 
 7.322741672598  -0.707603396943 
 3.120665946030   6.679786106689 
-7.229577768898  -2.067644518751 
-1.164492751467   7.561098538948 
-7.443840352169   2.092622162574 
-7.767270314227  -0.648908307554 
 0.481634602755  -7.919815331856 
 5.265640179344   6.191275557209 
-5.498993138295  -6.029532518414 
-6.958142768887  -4.607362954904 
 7.293898545045  -4.164958087783 
 8.418792148124   0.494409455997 
 4.795117390591  -6.989523096890 
 7.670218121128   3.640591061402 
-4.991530329969   6.910542211572 
-3.004939821596   7.980305300091 
-2.036878509964  -8.303462960472 
-6.618699935329   5.474258869414 
 8.146862275628  -2.867705900443 
-4.118736335260  -7.664621582020 
 1.272381231563   8.695505479556 
-8.116706268831  -3.470524298148 
 1.994952989161  -8.601575380391 
 3.717779090152  -8.080529950597 
-8.870184626170   0.949339124941 
 8.925871087080  -0.918367486006 
 7.304528496009   5.234774189483 
 8.923608558596   2.151624199116 
 4.024075724337   8.325117100645 
 7.303194827428  -5.693632918977 
-8.913393153727   2.779685809653 
 0.816914238054  -9.530641203522 
-9.824928718662  -0.336204656052 
-7.848239435005  -5.958911239930 
-6.681238159207  -7.257838080123 
 9.006053461940  -4.196830635900 
-4.903486410127   8.651035284047 
-0.870752577312   9.929723673566 
 8.889102760243   4.676232987603 
 5.526713213712   8.398946327562 
-9.824036696622  -2.411680502761 
 6.878496351643  -7.458353613943 
 9.791037309308  -2.683084563790 
-9.145874694360   4.414596887735 
-6.295677482271   8.085264315288 
-3.201185918193  -9.825735066177 
 4.235283302218  -9.515661769147 
 8.156460083333   6.489072563579 
-0.678721780083  -10.402449603683
-10.318138834992  1.552017915056 
-4.784350410572  -9.296431585537 
 7.034075433359   7.875717103879 
 2.207148080617  -10.335770822290
 5.913801605922  -8.774434679577 
 3.275952761892   10.260666641666
 10.764950537603 -1.405378075245 
-6.557441400575  -8.754256660802 
-10.510417592587  3.145956771690 
-2.733632287011   10.638254130772
 9.298926327649  -5.884100553909 
-8.295102221306   7.269474823541 
-10.067538414303 -4.731889534607 
-9.425327537287   5.919940004216 
 8.471307457188  -7.287430314805 
-4.651894708465   10.183923652532
 11.182395834327  0.689432381776 
 10.371881218068  4.403438688165 
 1.186751392583   11.237277445198
-8.266547177742  -7.801229066140 
 11.227967746267  2.253751328596 
 10.499179746102 -4.821594527404 
 9.696134508587   6.424624636630 
 6.109730153797   9.906792938189 
-11.710312689754 -0.719126503727 
-6.279996040948   10.047433633034
-11.722770351353 -2.318869497298 
-5.148769521040  -10.827560321280
 9.090437390574   7.858424977817 
-10.151630385595 -6.437110544848 
-11.395568047403 -3.860112084358 
 5.367167233686  -10.822841196100
 11.515048956902 -3.694403167011 
 7.679816448662   9.364905493659 
-3.699390563223  -11.612936481849
-2.202023228223  -12.064496247460
-12.183174535233  1.997677675420 
-11.441236835200  4.735267289155 
 4.151196276974   11.673005786488
-7.947820807777   9.513348337585 
 1.255686398813  -12.333758205698
-1.280882090357   12.351685784657
 10.196306521985 -7.108389802827 
-7.376104730676  -10.018908172528
 8.802466067592  -8.957865850275 
 12.461932666140 -1.642551548777 
-9.164099903765   8.624429468692 
-0.384511565978  -12.693768313825
 12.034114375157  4.087795858933 
-10.987996058162  6.405250970445 
 11.437160187858  5.596633999907 
-3.607208047751   12.225683952667
 4.325698841855  -12.103687200897
-9.426090764657  -8.855068981178 
 12.878174984086  1.487412440312 
 7.743116891641  -10.523459715938
 7.327877691552   10.858844947876
-6.141924712732   11.581747691614
 0.365803020500   13.111398100205
-10.503822826255  7.861032784049 
 11.724785533608 -5.897936248715 
-6.636010905991  -11.395027790733
-13.158119543408 -1.414416321107 
 10.944180683940  7.586814656504 
 2.535404773641  -13.167033214878
 9.612567295360   9.360448845221 
 13.110444444706 -3.027976896487 
 2.133603340616   13.380658923879
 13.592152348256  0.126361766173 
-8.922050126937  -10.292042093102
-4.880279529426  -12.787355531063
-12.796327070759 -5.022109685177 
-13.833868231574  0.467364632039 
 0.764835957683  -13.831627412585
-12.563184124575  5.867956206860 
-13.721929977921  2.272936102212 
 11.366259131418 -8.054476537265 
 4.344097550560   13.268430641624
-1.358314868345  -13.972203934880
-12.027116061445 -7.262786673162 
 13.748965824184  2.916965376352 
 6.468193676552   12.531715416842
-7.628095515598   11.911006798906
 9.104829444706   10.824792948654
-10.137849377298  9.885110823253 
-2.939370736854  -13.927440256788
-9.087832663088   11.017867109017
-13.647379100670  4.347747783059 
-13.906052583892 -3.483510910821 
 12.827477663456  6.414728581482 
 7.485060184458  -12.234110906118
-8.083383956749  -11.860304772612
 13.373565249290 -5.296538498051 
-4.022464409236   13.832088243879
 9.892596775824  -10.555941158688
-11.583324792178 -8.745338784098 
-5.681332079578   13.371134035996
 5.805031668785  -13.352389508468
-6.648265712124  -12.988030703241
 14.635205402357  1.322931565980 
-12.733002057310  7.361543037075 
-11.927992623066  8.687262348918 
-2.065473888331   14.611826063074
 12.891063669998 -7.204816055843 
 14.606908196828 -2.288082223499 
 14.013110290836  4.793912866755 
 11.388559055831 -9.568269438488 
 3.943190354905  -14.376399349029
 8.138585003781   12.499380539605
 11.422873423565  9.601413206886 
 14.915731728512 -0.760092671393 
 8.987556649280  -11.936270796715
-14.994787256684 -1.689034740597 
-13.619460003377 -6.526426695778 
-14.813657069672  3.311618461847 
 1.007964249817   15.153744297343
-9.847969385900  -11.564529125372
-11.185381563534 -10.405341322866
-0.567878494663   15.336838965165
 0.711684179839  -15.339890287162
-15.445496137696  1.311511332194 
-0.927680034391  -15.582320204223
-8.021323595294   13.448687724527
 3.232054265998   15.343336409954
 12.872156889802 -9.012852023196 
-9.650148473914   12.446884210962
-15.777273296954 -0.342126995900 
-14.771950566009  5.556623880024 
-15.453869053965 -3.457738127569 
 7.363893980583  -14.108159513083
 7.618679288461   14.002556488955
 15.567917463935 -3.464069762464 
-8.017154682721  -13.817082435889
-11.174290240863  11.577332342489
-3.796704292954  -15.670662307575
 10.597561260997 -12.157781987986
 5.897547152603   15.079007765944
 6.101804694588  -15.004301341190
 2.540458292347  -16.011975946381
 13.741184090461  8.638738402427 
-15.356291588306 -5.260491042833 
 16.178090753643  1.368422965118 
-13.962134752733 -8.314523408402 
-14.380327253412  7.589115882578 
-4.847241664188   15.523542850735
 15.633233372811  4.532588029856 
-12.846769774573 -10.204481274967
-6.676075260332  -14.988104275609
 10.622115056502  12.536684790405
-6.326301584408   15.200797388774
 9.392315320925   13.683674400617
 12.755600187265 -10.629679127563
 4.799896737091  -15.948168076475
-2.190209814349  -16.516066676277
-9.940369145591  -13.372030225419
 15.333896453375  6.525081130776 
 14.787073236937 -7.851447969430 
 16.461617020293  3.275123985701 
