-0.221602489110   0.064908121663 
 1.783240238093   0.298232844291 
-0.647807693848  -1.819346512637 
 1.084455845878   1.654039731720 
-0.802991626903   1.915415017879 
 1.738160185702  -1.363256425121 
-2.582124480131   0.073691833474 
 1.119322013313  -2.845485356166 
-2.239666958674   2.471871284269 
 2.982350266998   1.664709948669 
 0.196689467742   3.773148772342 
 3.740693193017  -0.565346155678 
 2.679452518204  -2.693352114643 
-3.687157554360  -1.079504635229 
-2.478879729625  -2.938842467197 
-3.803435410529   2.234932658402 
-1.953084373559   3.990456046318 
 3.223163679858   3.226624244800 
-1.123633119457  -4.429438122182 
 1.527952179233  -4.321529582513 
 1.577341212743   4.444326599593 
-4.711514698431   0.914639021845 
 5.115856048194   0.165081051702 
 0.196551767095  -5.142360115440 
-0.778912229615   5.152020164863 
 5.041253610164   1.703343093629 
 5.158086483374  -1.526957807181 
-3.655039524803  -4.034320255853 
 4.314231235971  -3.400841273951 
-4.741940292256  -2.928848048576 
-2.509795643810  -5.100455269935 
 3.352410321177  -4.603054005669 
-5.942126636083  -1.536683502500 
-2.872840912181   5.464980338441 
 0.454054662423   6.257452510292 
-6.374528243850   0.528540076032 
-4.826835640647   4.422758073733 
 3.772260607290   5.380806869537 
-0.051918301622  -6.625151978683 
 6.679713505177   0.656762840166 
 5.971004381278   3.479247263503 
-6.553163034470   2.277261672797 
 1.589775982845  -6.994642156874 
 5.667859109677  -4.433806380309 
-2.731460208002  -6.718786746917 
 3.488180059149  -6.374389842115 
-2.274920263082   7.024547398184 
-0.795594245607   7.340936942506 
-6.568090671737  -3.411947509694 
 2.462461822592   7.004875818007 
-7.375941335798  -0.894367998586 
-4.974758155054  -5.625520391318 
 6.903084976817  -3.083759591656 
-4.801328533103   5.932965812106 
-1.275350207611  -7.526745015024 
 7.557187225112  -1.382594396607 
 5.579250217165   5.648508657950 
 0.760255272215   7.907793329921 
 0.455350596600  -8.070294786339 
 8.100859892549   0.095508991191 
 7.803708111375   2.523012418261 
 5.678585761396  -6.082254051177 
-7.108621366850   4.615413134798 
 2.210918910075   8.515009587738 
-4.150065740812   7.757525892426 
-1.315665788977   8.765699257606 
-6.433307353422  -6.254291245980 
-8.965484757310   0.503842784678 
-8.629247671579   2.532221762081 
 5.421149632939   7.177891184610 
-0.768371039298  -8.967011720434 
-3.006188346499  -8.689228613452 
 2.540434599661  -8.892768440796 
 9.183419470456   1.154348187594 
 7.613708502796  -5.445183117355 
-6.567188686322   6.680763262185 
 4.333042424571   8.314041854580 
-8.354847749046  -4.258692389494 
-5.414060970946  -7.677143556055 
 0.337085129289   9.410066856197 
 8.792842569610  -3.370109593465 
 7.947128510077   5.075028900216 
-9.183848327306  -2.165019999920 
 7.013766026199   6.720938091348 
 9.372037634551   2.687150202423 
 4.478306219730  -8.730424006207 
-3.424555658739   9.256841036362 
 0.741525426422  -9.954279446406 
-8.643599190713   5.275020666776 
 3.338849914705   9.564434037071 
 9.223800155110   4.230367998557 
 10.187464655096 -0.539118738090 
-5.251756134977   8.776312028529 
 6.667630387705  -7.774111695859 
-4.288159308462  -9.487252414125 
 1.954602082695   10.334696831894
-8.621856471187  -6.032891168199 
 10.230475712275 -2.563016234849 
-10.548522178307 -1.456235252934 
-10.745309732375  0.050109282181 
-7.133887729343  -8.064580186355 
-10.670442540757  1.576638234662 
 3.705926368580  -10.136225697946
-2.502170661123   10.514411167040
-6.781176289740   8.441992024789 
 6.646271907180   8.575398709838 
 5.937984940072  -9.135485810206 
-2.154771831304  -10.754139628718
-5.926671693671  -9.235094685439 
-8.554284581830   6.984791625896 
-10.295392731523 -4.090737103475 
 8.805275477914  -6.884217482885 
 9.991159417185  -5.024781917105 
-10.636664395391  3.691146172388 
 0.225052531282  -11.383715069197
-1.220864320042   11.321307787796
 5.682545207236   10.072559738430
 8.276310456988   8.090133096316 
 1.003603623118   11.548047823052
 11.515645506841  1.490919177547 
-3.894880063378  -10.998174127496
 11.615693263841 -1.108966896839 
 10.942273473791  4.222564194562 
-10.314778406447  5.606145506507 
 10.301262556899  5.643619545957 
-11.397988716943 -2.906786313686 
 2.001215579370  -11.621060358136
-4.914993747134   10.770304794818
 9.592775895721   7.002414567467 
-8.837446185504  -8.073769214559 
-6.464990347753   10.125078125712
 7.491152611426  -9.497439137293 
 5.984186879827  -10.643343309299
-10.219654894840 -6.807546804431 
-1.389084105909  -12.207152707118
 12.025443386930 -3.013808669162 
-2.767559123645   12.199555691365
 7.357621950227   10.137241128299
-12.419026983105  1.916710182359 
-7.094665394492  -10.388620673489
-5.800254666864  -11.197479177335
 9.368197947960  -8.483534018105 
 3.550632622868  -12.134032719656
 4.126109122771   12.001480859265
-0.730647298435   12.757870744444
 2.565022994916   12.540830595433
 12.352352122929  3.497644688439 
 11.458377490063 -6.048995999158 
 0.869592601347  -12.930685966528
-12.961029734834 -0.281868440745 
-10.692297280456  7.383028540443 
-8.513516331182   9.823939019726 
-8.748731212802  -9.625837414628 
-3.712471404293  -12.494576935557
 12.290178321652 -4.670533123714 
 5.135759361346  -12.112415614851
 13.235323374922 -0.022851072939 
 9.601700476948   9.173547739430 
 11.941477587621  5.828180244106 
 6.293641890004   11.760841193441
-13.029777324786  3.358797934463 
-12.584601032687 -4.806342980209 
-10.180059461482  8.845537214640 
-11.956160951131 -6.265254222190 
 0.673148737477   13.483583008572
-2.076597754738   13.545010357585
 13.585407510186 -1.850172280434 
-5.774350920416   12.440933194282
-13.684716028864 -1.884187265775 
-4.300300578464   13.153721611763
 9.594866934398  -10.004243458987
-13.455015862505 -3.372636739474 
 11.507271007406 -7.779619364075 
-1.144274990472  -13.862654590539
-12.921538671041  5.271608577796 
 8.467741379228   11.171611503055
 11.899463464031  7.550291471880 
 2.816929608066  -13.875749899558
 2.092758007246   14.018871867991
-14.217583013042  1.212961954279 
 14.155663328530  1.993545904649 
-5.671791465452  -13.123544690961
 4.397327964208   13.625074884326
-7.296442531651  -12.413308196301
 8.893629091234  -11.377150528046
-8.800101234959  -11.519170896110
 7.693921834587  -12.287582808179
-12.507484829051  7.353020208486 
-10.241194753360  10.401557492278
 11.140180200236 -9.481824274023 
-11.108939631268 -9.540917869852 
 14.718648282079  0.248970498329 
 14.224812832176  4.163056156923 
 5.144079126450  -13.925655103690
-8.111085444249   12.443024040891
 7.080063261816   13.067746924291
-13.795270814236 -5.789865380706 
-0.197416022192   14.979629219354
 13.748792260103  6.010616563630 
 10.862385068786  10.403376849790
 1.531737976257  -14.976465495604
-15.029072519394 -0.970057662849 
 0.038297264256  -15.149907029874
-3.478467898216  -14.794764943036
-12.550709249097 -8.577418913694 
-3.587185098038   14.908127797213
 5.912307758227   14.150869903281
 14.904550022057 -3.892888436628 
 12.171777307988  9.444189996740 
-6.453750810089   13.990492319694
 14.143285779732 -6.119747645439 
 12.993960375011 -8.342402125816 
 3.473206164737   15.075713544703
-15.363308962914  2.209354773308 
 9.605032120779   12.198714802043
-1.964723837151   15.482284648568
 1.314653119565   15.630953315572
 7.020598247875  -14.032905291935
-11.105458641119 -11.189735989993
-8.846277108330  -13.057090791459
-13.030866959404  8.921011229514 
-14.780267963512  5.813450033122 
 10.641654802120 -11.821715259333
-14.021164730006 -7.588772668485 
 8.985301029775  -13.257102282078
-11.797831820780  10.895553732073
-6.266385457018  -14.802763868919
-9.982077072651   12.629598912602
-15.738843597241 -3.453105170229 
-12.417909237591 -10.285395814750
-15.583573408259  4.171218847449 
-15.290650988597 -5.145392631478 
 12.640693996130 -10.085456040249
-7.715816264580  -14.301657702137
 16.121785828318  2.437625495925 
-1.185571964101  -16.281157669445
 4.992589304121   15.553565013779
-16.402303932329 -0.141324338511 
-4.949747376553  -15.650091177989
-10.409969615674 -12.723263974579
 16.355356064193 -2.006426368910 
 15.833590516439 -5.187906321944 
-5.200348554622   15.834259539468
 5.087565555603  -15.915202457678
 3.555471819323  -16.385350802179
 7.827685813083   14.850233227237
 14.687039729335  8.317898520444 
-16.794254202980 -1.716746735787 
-14.611269334524  8.458592084465 
-16.878194954973  1.332520320020 
 13.135949724161  10.751226044710
 14.101191198015 -9.476671403358 
-3.785872852238   16.613329948636
 3.348628293868   16.764393199630
-2.324999268736   16.954836784675
 9.385905043860   14.333237145084
