 0.342399964223   0.276152854588 
-0.890888218521  -0.659909612740 
 0.423915209963  -1.669065078947 
-1.688628637681   0.846212847433 
 2.260780797053   1.099241761667 
 0.792676604089   2.389550064326 
-2.296617500338  -1.255073884577 
 2.288567415831  -1.513676238698 
-1.466500843302   2.400897390264 
-3.296583650255   0.779955128977 
-0.322083216271   3.427618674927 
 1.938218490351  -3.252186197644 
-1.687021534896  -3.395018581687 
-3.005193302930   2.559046327702 
 2.625229038930   3.059656669492 
 3.682686465615   1.916991636133 
-4.029987767992  -1.585466417921 
 4.444562244714   0.127525452820 
-1.514792229072   4.380326048217 
 0.774215203521  -4.611824839955 
 4.351699858427  -1.896302498131 
 1.047211230937   4.743431238599 
-4.496112021840   1.931675996144 
 3.513357993903  -3.760183381219 
-5.209952528254  -0.104221438109 
-2.106055360553  -4.932904288841 
-4.130973279245   3.613208421722 
-4.102433837294  -3.647187859312 
-0.325292405114   5.590873807135 
 5.532991863799   1.240347164880 
 3.505156180419   4.642727469481 
 5.741468045559  -1.125866066260 
 4.953224261116   3.161368220123 
-6.006695221796   1.674005560635 
 2.498584026827   5.788032359170 
-3.572609839032   5.340926645121 
-2.089598817677   6.169397597141 
-6.109026023718  -2.425848489380 
-1.459461601362  -6.432793739872 
 3.434003822745  -5.633543677723 
 6.008374236280  -2.749451638452 
 0.147464578409  -6.626352430143 
 1.790089252407  -6.463063240895 
 1.183493733218   6.672303719070 
-5.787714527840   3.784276737370 
-4.162180381073  -5.530183619468 
-5.394158361533  -4.463158516906 
 6.513480981144   2.710512639440 
 7.078313398225   0.470778228058 
-7.124735822161  -0.282434282026 
-0.476673330916   7.159418414077 
 4.074903547286   6.058706214577 
 5.954130297914  -4.879149754228 
-3.561187680990   6.845270274395 
-3.606754827303  -6.929765268139 
 3.527925197531  -7.137610878339 
-7.369787363094   3.177748516293 
-7.804655767388  -2.159123387671 
 1.373705171956  -8.142726615728 
-5.202964175507   6.436044935166 
 7.562978938420  -3.401960539423 
-2.211561713267   8.018861895137 
 3.010768216179   7.822451222418 
-0.326981175999  -8.406261720572 
-7.337447242041  -4.169306469877 
 8.143665981701   2.243707723483 
 6.714167221918   5.200890258559 
 8.259764645769  -2.049408542302 
-8.505695937557   0.574290446196 
 5.882296753125  -6.518464572982 
-6.658225305010   5.736525569859 
 8.882650223636   0.341575341316 
-8.745682433230   2.224624447589 
 7.434931827033  -5.186918670612 
 8.301158676341   3.766522935726 
-6.146075355602  -6.780934537308 
 1.908232533741   9.075304168593 
-1.810614955468  -9.200777133029 
 4.834501490191   8.146962869087 
-4.654023946471  -8.259196598197 
-7.520544116256  -5.802950969747 
 6.163849121759   7.325054528879 
-0.547619289246   9.593716373897 
-8.920857246463  -3.691083994578 
-8.881167541586   4.211751642020 
-4.546988694372   8.912923768900 
 9.821929479572   2.226363241555 
 9.684783489020  -2.819747858208 
 9.210061616494  -4.321897326581 
-8.434172266044   5.727667783237 
 5.134783871044  -8.853357034262 
 10.205218852747 -0.869849017839 
 3.442556307200  -9.665545177385 
-10.334104679231 -0.240777140493 
-7.632555343554   7.080952131184 
-10.257633370422 -1.834057128168 
 4.241553617256   9.561208623874 
 9.068297997791   5.330826041258 
 9.830656010873   3.789772606124 
-6.408401779250   8.374698515626 
 1.374911828055  -10.492435935474
-10.710554431817  1.247229516518 
-10.415096222597  2.805972268535 
 6.641253099828  -8.505411980707 
-7.445794465375  -7.974274606975 
-1.589044890601  -10.882238374346
-9.659233116465  -5.315264983790 
 8.493431303151  -7.043243315292 
-2.525225470628   10.744790279785
-5.193972518327  -9.750826013513 
 8.079711156654   7.623344397966 
-3.803842874018  -10.457533214687
 6.374838237207   9.210449948044 
 0.376300659459   11.195071278285
-4.018637108206   10.516866831197
 9.795973103767  -5.810770989108 
 11.325222844416 -2.007422164283 
-0.131486572942  -11.519963223961
-10.723380445897  4.284165824653 
 11.033495934303 -3.602770027368 
 2.752079032417  -11.280313398842
-10.927641932780 -3.927710863109 
-9.290303174881   7.057156201158 
 11.562138210673  1.882965072547 
-6.963727029248  -9.457075869137 
 11.879072372093  0.059477533400 
 11.325127169661  3.616902472040 
 2.290256421351   11.715629707610
 5.281538973065   10.727277503573
 9.670085462564   7.068123893342 
-10.395067347374  5.991335214492 
-1.661690943671   11.999896069069
 11.013916633755  5.222330453418 
 7.932854895241  -9.282215494607 
-9.906205194327  -7.143114456635 
-7.521961668438   9.678888300391 
-8.943079145276   8.652142797261 
-3.423883741251   11.983054189003
 3.829864406706   11.912411322201
-12.564364445901 -1.636481136498 
 0.039587253065   12.699823245123
-12.710300745129  0.908652882569 
-4.684897845104  -11.868726739617
-1.855781023715  -12.624472939031
 6.634623285568  -10.928353629836
-5.810685626580   11.402114485771
-6.423985975342  -11.089500335044
 5.223982656520  -11.738005937758
 0.828423604144  -12.841948182998
-12.690140426098  2.638630947988 
 10.185391414695 -8.052843464892 
-9.669127288489  -8.853111371148 
 11.470044429623 -6.429948876768 
 12.912182430332  2.820492486574 
 6.994131883069   11.218576092370
-12.121097515834  5.398057426167 
 9.999091777811   8.809731397797 
 2.974604678343  -12.997447356851
-12.053748063417 -5.707618076431 
-12.982850275424 -3.189873039049 
-8.547179756516  -10.315086116469
 13.171625991616 -2.546597813049 
 5.330496661590   12.363731503871
 11.262537383791  7.393055357563 
 9.004440184376   10.125172035871
 2.754991939417   13.266900991354
-7.325251136702   11.408476016898
-0.657313421067  -13.573153680824
 12.602638125604  5.250434982767 
 12.720239231140 -4.989148022430 
-11.265858114431  7.789066215226 
-2.189459644570   13.603427634148
 9.653835887399  -9.888973593519 
-3.671125948762  -13.354111113406
-3.704691136570   13.461157131062
-14.002112725014 -1.158575262146 
 14.043372283491 -0.589856901928 
 4.825857172602  -13.269653256271
 14.044627091150  1.503727374497 
-11.404390708507 -8.376363071419 
 8.558956902019  -11.499034076781
 0.701501928107   14.400151421182
-0.850361334703   14.407343601894
 13.788441973644  4.281359725149 
-6.755328051609   12.817136288074
-13.967967247810  4.053544650542 
-14.436125852694  1.780761348060 
 11.844609860889 -8.511880702066 
 6.451501474905  -13.120796534754
-13.890970400475 -4.992092668106 
-14.769267677683  0.180307554565 
-9.482445087749   11.330126205532
 14.519948830637  2.958148412425 
-13.067164629111  7.039846183636 
-14.446936926235 -3.580563511177 
-8.828515188837  -12.029432500968
 5.504153689843   13.912572180133
 1.362589884823  -14.941002888890
 13.669198718404 -6.413122887612 
-1.294226844080  -15.048066403192
 14.914546059918 -2.479055951483 
-3.031838038083  -14.860529311511
-6.690867075469  -13.631297307864
 14.667125095028 -3.964812982620 
 10.125062710835  11.435715895779
-11.291651462092 -10.302415551856
-11.272526809538  10.430693870249
-12.314851487186  9.226051497709 
-5.505448065286   14.441448017522
 11.758758895347  10.147885735479
 2.909705761160  -15.265642219467
-3.890408217648   15.050517033227
-15.487556895138 -1.485940321119 
-13.262696917813 -8.179814054587 
 2.041986139681   15.502912207297
-8.996022624262   12.814450218521
 12.813625810850  9.033417381454 
 8.744042765437   13.024472295636
-5.169778426486  -14.831496227564
 15.691880026168 -0.811782646400 
 12.087281343212 -10.120474448064
 15.742330191549  0.926129462635 
-15.542391738652  2.833169482104 
 14.961974060797  5.266432069849 
-10.329490125717 -12.090401887004
 14.206276816922  7.173178034238 
-8.410666858890  -13.577330576470
 6.984216977197   14.379897847467
 8.150758008720  -13.786314756017
 4.515645431100  -15.410544930802
-0.254198403750   16.056651737501
 9.632578988562  -12.877512828396
-7.516373579095   14.269912599132
-15.635784965046  4.521732918941 
-10.541317561434  12.431020858963
-14.957366546615 -6.532084816202 
-16.109720037676 -3.136873896021 
 13.762500568279 -8.983978655363 
 3.949753320836   15.975375948999
 0.075023116420  -16.457771505696
 11.619314428201  11.779572797898
 11.258019614829 -12.197523038361
 1.637294934158  -16.529934604634
 15.186768864847 -6.807282728857 
-14.527038447352  8.129195053326 
 10.433629272379  12.983478450512
-2.075845725021  -16.545183958476
-3.584823040204  -16.285866109131
-15.415074338109  6.376745097341 
 16.084531577641 -4.657183527419 
-16.700749028390  1.434346039706 
 6.195418673864  -15.577389050914
-12.328205485640 -11.462002865616
-13.213994491470  10.547755379470
-6.370654718084   15.742028261383
 6.091510615730   15.919858614405
