 0.461126690569  -0.708656085652 
 0.961580117621   0.891421978412 
-1.505457539943  -0.017577178656 
-0.644210007506   1.413588833796 
-1.094663073617  -1.648460807659 
 2.066601715126  -0.245276298542 
-2.214969332612   1.442314297015 
 0.809804247119  -2.516129644002 
 3.056502164520  -1.444406074313 
 2.499620130592   2.360461692248 
 0.170856298260   3.535360411340 
-3.627672832295  -0.770567600882 
-2.495994759299  -2.819199846847 
 3.752607769793   0.880590086231 
 2.350008369736  -3.089635708175 
-3.766687359922   1.415938993772 
-0.292758618123  -4.014097647505 
-2.079420100820   3.915260707956 
-3.461459632513   3.262408219600 
 1.589770184581   4.587372229120 
 4.666745696132  -1.381842904255 
-4.148629652583  -2.668082729883 
 4.001716591897  -2.988538361887 
 5.095333297449   0.173751640879 
 3.082308676566   4.248194709397 
-5.324979655728  -1.554123342266 
-4.991406680777   2.585123943200 
 3.508204775253  -4.405116064239 
-1.331702926919   5.511953580529 
 4.735127336804   3.132452344413 
 1.690841585421  -5.456806309840 
-5.839004504515   0.808535551277 
-3.310360596346  -5.089868805172 
 1.117629519581   6.017853771278 
 6.036619990701   1.407847123236 
-3.265152933401   5.411441306541 
-1.990788044217  -6.008178071436 
-4.887889818862   4.098033477610 
 6.359754166198  -0.874697144003 
 0.172456450338  -6.449634596250 
-6.542428081880  -0.587608707201 
-5.382468180996  -3.901015950003 
 5.603435515173  -3.642673662085 
 4.958886804795   4.827672353957 
-6.385080657847  -2.711306900854 
 3.530626593984   6.060532191010 
-0.476332949523   7.044621965751 
 6.259919629361   3.388347485426 
 2.525013596421  -6.795050229095 
 5.140922249683  -5.174398220941 
-5.312469272941   5.691731127141 
 7.763849464954   0.962850404767 
-3.929126408470   6.791089120907 
-2.520181450613   7.450767170152 
-7.311081157241   3.056092954712 
 1.243428235584   7.952506767332 
 0.823907742261  -8.038263818359 
-5.728912614565  -5.731368058496 
 7.468748578356  -3.249017095080 
-7.128695133822  -4.139118435149 
 4.685933028881  -6.817953661597 
-8.233484410620   1.133158354793 
-2.236977115983  -8.010888817646 
-8.266695562191  -0.966505564176 
 8.024585023457   2.541699820291 
 2.914010673170   7.994177990486 
 6.604794374435   5.415996265368 
 6.900685573042  -5.063043443026 
-3.980640474576  -7.797780008075 
 3.708720483412  -8.003113513041 
 5.514753266948   6.962521059960 
-8.547235647032  -2.529914637447 
-0.638255938149  -8.944266237925 
-1.834716338533   8.807398646773 
 8.691714804849  -2.359010258487 
 7.855717846634   4.429587193684 
-7.130396024688   5.606782992615 
 9.104529635574   0.031860820508 
 0.403147741329   9.373128121812 
 2.482117014546  -9.069257066856 
-4.959487104598   8.126227179244 
-9.526332375842   0.143143711326 
-8.850973524811   3.713442901706 
 8.513124013143  -4.615444922861 
 6.432358306710  -7.326354082533 
 0.977782830568  -9.739129481869 
 2.246588725997   9.597394805259 
-5.719778714324  -8.120931074495 
 9.827574149669   1.654253753038 
-1.752030676182  -9.982420298758 
-9.865047497303   2.364743063105 
-8.694344914032   5.258342974384 
 3.803158696055   9.477089389920 
-1.164582681242   10.159621812691
 5.366096210921   8.710340029427 
-8.836919540137  -5.250534393691 
-4.452669826989  -9.379995879294 
 8.428978141432  -6.141813363967 
 9.668366252174   3.912498765850 
 8.656658825880   5.868876852687 
-4.077930625166   9.678912716945 
 10.489984037303 -0.676507951524 
-9.795473706598  -3.834303919112 
-7.559907335807  -7.322988731102 
-0.300633031658  -10.546679153773
-6.544644604706   8.278880069067 
 10.339205368659 -2.676416620687 
 7.817216294738   7.347873508302 
-10.719940423656 -1.212268848549 
 4.730485174521  -9.835948366313 
-11.010187405072  0.829359850917 
 10.252149517553 -4.188208671448 
-8.251218433170   7.703696839994 
 6.918690311541  -8.954049024256 
 1.650337204862  -11.274351845627
 0.349122561904   11.433307411376
 11.385115594407  1.428421356529 
-3.319998941940   10.988722954675
-10.845369952180  3.936601581619 
 8.530299540861  -7.827149939014 
-9.116017793261  -7.143066951733 
 10.316019516652  5.757790102222 
-2.730280451070  -11.509156247194
 11.728395366869 -1.573328740884 
 11.870034593546 -0.027689990799 
-7.412629642746  -9.322649090499 
 9.394851848578   7.347124311548 
-9.663342981739   7.061145322077 
 7.255618973181   9.530019730351 
 2.784514250785   11.675898279701
-0.487777708345  -12.051518900090
-11.548510325355 -3.586769209203 
 4.282388707709  -11.336175441107
-5.930496754777  -10.568703730147
-1.659456885433   12.011577152191
 6.209492074408  -10.475808503697
-11.040971608977 -5.401936341731 
 11.627253559487  4.002527499339 
 5.560055680965   11.008078108467
-6.089805147640   10.765293265159
-10.852491439056  5.951483230027 
-12.297312386889  2.022841631211 
-7.715749920547   9.954776031194 
 10.717332859689 -6.927139280255 
-12.824340751034 -0.175630806578 
-9.078630287549   9.118816254070 
 12.073737767408 -4.449887797975 
 9.013841620528  -9.262508975459 
 1.221409627867  -12.872156743825
-5.102144607109  -12.006540963101
 7.941860144020  -10.375062567965
 0.289557587584   13.078901974607
-8.886279799880  -9.626044674673 
-12.878658072226 -2.884651705320 
 13.132740385490  1.396637973646 
-4.388347061960   12.491375942184
-2.490422879862  -13.162114224360
 9.109918002142   9.917844122648 
 5.475595885122  -12.307095802370
 10.737699405696  8.185865557898 
-7.596868276045  -11.167629976921
-12.678786564739 -4.674720512424 
 13.312199596759  3.142594719946 
 2.733892295332  -13.406599477449
-1.442779349943   13.616229670444
-11.439731793267 -7.599193568003 
 12.145243416666  6.450222175215 
 4.686293847445   12.995424079498
-13.267738185490  3.944856411465 
-10.345204449211 -9.209462610495 
 13.848359026436 -0.317718136955 
 12.183160469873 -6.592390171302 
 7.111973588738  -11.921773184540
-11.416667057951  7.994139086413 
-13.890305429592 -1.296232900957 
-0.445473267675  -13.955323185315
-7.998372083501   11.551807973224
 6.942805977970   12.300195261231
 13.959255360961 -2.416717416876 
-12.657846155338  6.453092510290 
-6.609713352639  -12.609004769148
 10.465343583063 -9.672195532191 
 8.473794544841   11.536629909011
-6.871739633922   12.569430758879
-14.262529017880  1.494853313980 
-2.931741344384   14.044075514983
 11.586871465112 -8.486015771286 
-12.760876541766 -6.866398215597 
 9.059195231048  -11.425157799677
 2.373329413283   14.471334902197
 0.856543982540   14.654810160867
 4.135760831790  -14.148771621125
-9.888352101381   10.943317113257
 13.871119627659  5.024254175834 
-5.153490823760  -13.827594945106
 12.438602053608  7.950916703239 
-3.554812683914  -14.436427723086
-14.325433252260 -3.984215102715 
 13.995606125609 -5.141733251459 
 14.803078275168  2.051789224904 
-5.720347201300   13.924217395696
-15.068444266425 -0.173949550281 
-13.966134937392 -5.725079875716 
-0.874089814777   15.105512613993
-10.102710140839 -11.272757589811
 2.173609814814  -15.092656454428
-2.045856850667  -15.152453120997
-14.261183935825  5.950312219644 
 6.493690462994  -14.041299757159
 0.456313976596  -15.486254606300
 14.042309588940  6.558801454097 
-11.907349842847  10.014346912346
-12.067052861111 -9.869242014006 
 13.347754520653 -8.058178028691 
-8.371597274629   13.174856674239
 11.223122223456  10.877464631014
 15.244311029829 -3.575857681033 
 15.736484140956 -0.675814334754 
-2.780344309408   15.556654518172
-15.607914255280 -2.582184155552 
-13.485952886036 -8.491812248669 
 12.479809664125  9.950124110563 
 8.669526424319   13.412559032197
 15.348114207583  4.462321921988 
-15.910868602055  1.567928907698 
 10.317744567097  12.225130566604
 3.744082045641   15.609684269677
 16.078515642538  0.809600804231 
-8.917147293235  -13.451558098296
 5.951563036919   15.022347439648
-6.454813395800  -14.817861732532
 10.216570071126 -12.548088313641
 8.499735757882  -13.770457557908
-13.311173133499  9.377056876259 
-11.725753779701 -11.344072145691
-15.968180196865  3.364325392531 
-7.382900389541   14.677127214144
-5.364069376516   15.531939129657
-14.300813409260  8.119801892755 
 7.649076832634   14.570031249044
-4.782438601748  -15.759311480053
 14.448530552864  8.045530974602 
 16.378226091171 -2.520289106831 
-15.161081094421 -6.693415641179 
 11.697335156236 -11.836117627724
-11.226545036625  12.311350996750
 12.831752552034 -10.697923066900
 15.528969231283  6.229753434628 
-1.714469341719   16.664218921577
 3.569433036651  -16.454994993512
-16.791416130534 -1.274998873907 
 6.593191771917  -15.547582759246
 2.466156967207   16.760718857732
-3.979346807131   16.468393423390
-10.676248380426 -13.157353332777
-16.174013202563 -5.096277468884 
