-0.008850461816  -0.577502428733 
 0.759530791296   0.727064544702 
-0.721308883776   1.856295176334 
-2.211427495674  -0.376897784447 
 2.333682841872  -0.274107937453 
-2.080818799659   1.189511410526 
-0.683182124562  -2.472845887997 
 1.515425517165  -2.341448034532 
 1.346965028052   2.508622564097 
 2.565864653011   1.315830065972 
 3.028777836147  -1.847677827005 
 0.838009054910  -3.724521462330 
-3.792985132944   0.710850370629 
-0.965390740336   3.745225743327 
-3.626115275274  -1.366967733202 
-1.139975969476  -3.995335679703 
 4.053623667699   1.090989101497 
 3.070793817568   3.173006798678 
-2.719937903719   3.671050698362 
-2.969577131665  -3.598164732299 
 4.617070738116  -1.601372281913 
 1.762773985712   4.561036468628 
 3.613020173873  -3.409832352865 
-4.404721338618  -2.678944653196 
-0.018547159907   5.309350471348 
-4.546564005969   2.782391396131 
 0.622230572299  -5.324234029675 
 5.636464223868  -0.212392592083 
-5.559013152000   1.164819816287 
-2.105910559288  -5.456956080696 
 2.226569505686  -5.427051481694 
 3.869439585194   4.501739166479 
-2.033651025409   5.650767972667 
-3.536208427808   5.017692393789 
-6.271926938505  -0.362763961456 
 5.488790266802   3.082756148555 
-4.530763257907  -4.432140041324 
-5.955727669417  -2.387561060426 
 5.600056932466  -3.370241416955 
 2.972815551849   5.900924445750 
 6.361194836170  -1.808380229764 
 0.923898302236  -6.826282155733 
-6.307286214418   2.867931414060 
 1.394218216503   6.810090582813 
 4.988766734150  -4.980296360185 
-5.541878640194   4.369139198700 
 6.811902995404   1.861645511463 
-0.078191729573   7.217044345105 
 7.256821516474  -0.363420139824 
 5.585554175469   4.753361911926 
-2.924433923001  -6.746583733815 
 4.075195252743  -6.207305750750 
-0.671444103854  -7.406518156562 
-6.168859287942  -4.516588164033 
-4.932270311788   5.966988615378 
-3.476706779634   6.936936209700 
-7.581913071638  -2.250790516729 
-4.829613663443  -6.269166439313 
 2.855777589030   7.415622194088 
-8.079516893984  -0.686929726194 
 2.074142300548  -7.906391456612 
 7.244279582927   3.933753851911 
 7.456868692744  -3.516862467119 
 4.475876943536   7.057226247360 
-8.385045655268   1.193863348252 
-8.026223781684   3.053804774133 
 8.453207579795   1.556213759275 
 5.930282078772   6.291650514302 
-1.603767614679   8.562929537105 
-7.013127704328   5.364415502613 
 0.401031446565  -8.901421742575 
 5.430649935725  -7.078092071898 
-6.624753558641  -6.022424254627 
-3.165755356943  -8.528808860338 
 9.162955478862   0.179247366041 
 8.949309127467  -2.042805156487 
-1.231273112460  -9.142825619177 
 7.142607112862  -5.907910817390 
 0.303167424875   9.281552587459 
 1.987464996884   9.086296321299 
-8.357498901340  -4.193731189817 
 3.907660257998  -8.583793130830 
 8.743202545991   4.062765055919 
-4.711164925228   8.481239587069 
-9.397431533668  -2.431710183141 
 7.999806022651   5.514526936861 
-6.606788436387   7.168707973492 
 3.940903059841   8.918276566842 
 8.961117115648  -3.989139394907 
-2.856647497864   9.503873331440 
-10.005429131667  0.850776808504 
 1.475514226347  -10.096909406840
-6.915766752820  -7.612225683329 
 5.900807324710   8.488575266832 
-5.551650903253  -8.724212613517 
 6.084355343942  -8.447287775412 
 3.236243127025  -9.994603377021 
-8.715468577842  -6.008461588535 
 7.481137512061   7.525660088917 
-2.008513650570  -10.525406104672
 10.557218814856  1.946277657392 
-10.366776845100  2.817892379332 
-1.343556056172   10.732667472334
 9.547911618105   5.373504210114 
-9.198247204139   5.967384058620 
 0.164389689689   10.974281300343
 10.412406103748  3.715687277613 
 9.457972298354  -5.758162335975 
 4.848912895771  -9.956422255778 
-10.057306137250  4.654067445529 
-11.068227623280 -0.743510797070 
 8.865339201659   6.783637119864 
 10.902009300942 -2.439554584652 
 2.506499907952   10.919629043826
-10.445196566434 -4.055231925427 
-3.604875640281  -10.654350913209
 8.582713652050  -7.319722947944 
 11.388202246643 -0.704517169947 
-3.246201537427   10.954547067363
 5.093657068768   10.244992576373
 10.580296399142 -4.380442103801 
 0.664440523415  -11.452293660940
-11.380958787738  1.583535389987 
-4.712177024622   10.617537045367
-8.696266940489  -7.737045252858 
-7.095020385873   9.271718877300 
 2.614990640999  -11.406113551954
-5.348645238715  -10.528679807260
-8.613414682412   8.113204625636 
 8.013266090751   9.035441079936 
-11.829157285078 -2.908417625396 
-2.240035334948   12.067884915188
-1.022904774670  -12.276031048286
-10.035858843456  7.296789356938 
-11.978934401607  3.284057018097 
-0.488064432818   12.420294772398
-6.285303079137   10.729785896130
 11.467048587239  4.828925665940 
 7.657022138638  -9.846905294877 
-10.958865535388 -5.958267275024 
-7.568664266348  -10.008783666261
 12.540916451609  1.295931690593 
-12.679860251611 -0.572500735699 
 4.890249586590   11.757015825448
 12.562154337317 -2.469684660470 
-12.067019261685 -4.441669865324 
-3.721405014022  -12.318117191690
 7.450816996722   10.509855854746
 1.267641479553  -12.862071462166
 9.263392535483  -9.018586692180 
 9.765430318083   8.506023674588 
 2.319891638886   12.744590004563
 12.439982623225  3.652610035830 
 4.300042163832  -12.231372319980
 12.025223823210 -4.875619342401 
 6.802782883199  -11.185612106273
 11.526804846463  6.583435351856 
-3.959627646823   12.671371109567
-13.161775897885  2.184320515202 
-9.064028254663  -9.794553844535 
 2.824942116795  -13.078176962718
-12.538262419857  4.739816239673 
 11.274748297632 -7.310281828698 
-10.277688220240 -8.693538445729 
-11.796695685502  6.518824511063 
 3.795278734712   13.092338515969
-1.775433760556   13.631221053170
-13.684236062764 -1.722031148513 
-0.522101218773  -13.845815380315
-10.797053110699  8.700531358378 
-7.990725129796   11.356783501343
-2.280507064220  -13.724800403734
-13.918958125837  0.679711896604 
-6.632583027304   12.263107721083
-13.539184995586 -3.469820344641 
-12.129764236580 -6.952181731245 
 13.993414972486 -0.009434979304 
 6.022023525389  -12.686189091835
 6.811689256897   12.378958598637
-5.934683852174  -12.838754520431
-8.188427578448  -11.543567117683
 13.776225361757 -3.353389121446 
 13.179502361027  5.228030148932 
 11.449683427275  8.394279198338 
 14.003659860531  2.440214643816 
-13.750349704509  3.612307329875 
 9.645442388186  -10.541788109309
-9.515157936447   10.712102950778
 0.996346069012  -14.412135048337
 0.403600441335   14.505080690463
 2.435461064649   14.372393561909
-12.176879172655  8.054223689930 
 13.605023068716 -5.479319568611 
 8.589378463252  -11.991820153819
 10.211106572045  10.672715968892
-4.599049524744  -14.041411709696
 11.134828266829 -9.726066618255 
-13.558643109196  6.088788074621 
 3.721541596092  -14.393978837505
-7.493190544966  -12.898879575172
-12.189631990411 -8.611754804983 
 12.966678338823 -7.443535020070 
-10.181255615722 -10.980152024758
-11.114614293112  10.183189291149
 4.076309220284   14.599958581968
-4.447524289466   14.512477883522
-15.223423660807 -0.799828855930 
 15.215988174312 -1.647377485381 
-6.292820388678   13.957872120955
-15.070411511501 -2.839211628842 
-2.029330327096   15.218283370202
-9.303270978037   12.274843034941
-2.918308667403  -15.132247350766
-14.364846951175 -5.699685555562 
 15.051417570299  3.647826485042 
 12.590206942390 -9.027971656327 
 6.438639296895   14.106086850923
 15.505879156264  0.669762907510 
-6.297697140292  -14.306767972085
-14.842686912123  4.906729201539 
 13.603605210618  7.758120528578 
 15.379359960314 -3.138979397497 
 9.304889763453   12.654088226364
-15.601420729513  1.949160802612 
 1.887217376057  -15.631318356787
 14.509593761464  6.146876530913 
 7.235733510825  -14.106071951656
-12.870981730548  9.387866959610 
 5.184942993163  -15.064573794308
 15.256327992024 -4.651822215862 
 12.653952057058  9.814195376847 
-13.861424407694  8.049183735216 
-9.925845701096  -12.642839946080
-8.578189877040   13.715207989229
 2.883328693012   16.065360805650
 8.157955571484   14.143490516508
-15.059330983403  6.525029666261 
-14.601601426349 -7.627747684991 
-1.362538681788  -16.418496390134
-11.162618999161  12.131314096292
-5.355870586847  -15.612543349496
 11.894253654559 -11.553104228294
-11.511230435741 -11.953882691885
-12.329304785349  11.170415098190
 15.390449514434 -6.353299016116 
-16.228879869309  3.772928253525 
-6.110296437926   15.509947517732
-7.570034320868   14.877164737955
 0.172311895534  -16.716779027813
 4.439501267528   16.141991531630
-16.263497154786 -4.205495121658 
-16.736928045681 -1.710498668576 
 16.739883579471  1.876263205512 
-12.932364778211 -10.796160392865
-3.667589266965   16.449701966099
 2.929915620365  -16.725852695484
