 0.109545406287  -0.676309404237 
 0.652942680376   0.874043176516 
-1.715216204986  -1.110504919521 
-0.774855709247   1.896662074382 
-2.191992744946   0.988481121059 
-0.279892775863  -2.475853500844 
 2.507380386619  -0.955287377973 
 2.256173111025   1.631878919429 
 1.478373861804  -2.439669357214 
 0.459809737195   3.121901347265 
-3.506796002034  -0.794530757955 
-1.849600751335   3.100353628673 
 3.975420000343   1.612472301138 
 3.600550873705  -2.340903955342 
-2.110778649403  -3.795857228518 
-4.360037002984   0.451750895223 
 2.574639534308  -3.771925750093 
-4.143625862951   2.103095731862 
 1.726988584714   4.607166495305 
 1.385299021372  -4.753044151388 
 4.987781040191   0.314326990440 
-4.964821337814  -1.546350049833 
 4.176408278044   3.113938928425 
-4.009113555052  -3.414106134656 
-0.918771618991  -5.244238898480 
-2.835728273047   4.620616685605 
-0.397383818116   5.547484202756 
 4.219108992927  -3.876203597514 
-2.483826623877  -5.261061073127 
 5.353720585846  -2.613098941799 
-5.766696529195   1.909910282547 
 6.052159475674  -1.170751446712 
 0.985526139535   6.266636528618 
 6.092525985817   2.032502739385 
-5.704141644887  -3.284802458991 
-5.302749237674   3.919769409315 
-6.644349172759  -1.057507836275 
 0.992341376241  -6.687420007861 
 6.774935938867   0.456870798095 
 5.595751349300   3.915337907577 
 4.503877554741   5.272540817091 
 2.959913091461   6.275700518401 
-2.020051507114  -6.745545416120 
-0.831165557309   7.125715622144 
-5.133339884363  -5.057360857355 
 4.102160814829  -5.942294418819 
-7.251026411740   0.589866310461 
 5.463396469840  -4.991925459785 
 6.722367142685  -3.474623019658 
-2.354627753398   7.331887564198 
-7.367893071526  -2.402863061244 
-3.487710776439  -7.132556471522 
-5.924687871603   5.306357232313 
-7.622441375860   2.462434751944 
-6.600751693122  -4.543880060577 
 0.591962356387   8.056048910931 
-4.658852938768   6.724575869149 
 8.199102060508  -0.088995053867 
 1.405404034534  -8.171615076302 
 8.180035163012   1.456034392152 
 2.798780869720   7.857685019389 
-1.349582399270  -8.337596968759 
 5.775159752867   6.192464215104 
-7.411032780766   4.126641687782 
 3.132698461630  -7.930353372464 
 7.709577605352   4.062419555244 
-3.767947776455   7.951405870561 
-1.334858359745   8.712518941882 
 4.877205686663  -7.376975933879 
 8.649410700771  -1.939217938881 
 4.405581562706   7.694145620867 
-8.070441536419  -4.145625047436 
 7.133712828915  -5.878436966428 
-5.987257337222  -7.057400830290 
 8.198610868193  -4.332071274694 
 0.058423766510  -9.306143225227 
-9.340331399574  -0.277593231788 
-8.851649525190   3.387032858204 
 7.288907235928   6.323951540080 
 1.141665740361   9.625459451865 
 2.706908369791   9.404009152418 
-7.427838905839  -6.395564216658 
-3.464520587940  -9.210349510668 
 9.545565851524   2.393466203147 
 1.668417673939  -9.760501282049 
-7.161332774264   6.863303384586 
 6.373928474315  -7.677109569000 
 9.976770880929  -0.644492799991 
 9.974431736005   0.923731389182 
-8.656702263175   5.073603353804 
-5.480834648431   8.487710625243 
 5.987482812044   8.202267845633 
-1.686089489388  -10.015183858876
-3.538169599768   9.543197557677 
-0.935523120176   10.161290364458
-10.264950725635  0.913006372876 
-5.112649312129  -9.049336263975 
 5.273883339739  -8.997377575678 
-10.181259585022 -2.571203989989 
-9.521747137227  -4.826229011748 
 9.216729547637   5.538210134435 
 10.005419218007 -3.959553886099 
 8.901418181900  -6.045842895651 
 10.546192454791 -2.384544968126 
 3.049764821371  -10.425715828130
 2.211384966890   10.821598495279
-10.719792509285  2.912104918310 
 10.654358428776  3.529140879459 
 0.985036372630  -11.205177152247
-0.693172804181  -11.240071390106
 0.770357182490   11.285930810595
-7.388104479005   8.619367324314 
 4.396204548399   10.505336374738
-7.711678952438  -8.384217335657 
-3.362917488476  -10.889997319817
-8.898609228319   7.179214466050 
-8.863998871825  -7.400632590582 
-4.927951710517   10.445848601416
-10.680784979361  4.449847647440 
 8.768573481844  -7.556208946739 
 7.076360979698  -9.178664202893 
-11.656528007383 -0.685547223998 
 11.552828893582  1.975072206272 
 11.753144308835 -1.271168714227 
-6.361361104199   9.967400600607 
-4.879098615635  -10.827804252306
-11.802145577982  1.524476766848 
-0.866441182436   11.869632028183
 10.698090381757 -5.375826290082 
 6.666556167502   10.054556387076
 8.354213757915   8.716927612195 
-10.348226231672  6.225261553166 
 12.122324282129  0.478242344184 
 5.995333831367  -10.556491893332
-11.760670178341 -3.022542269614 
 9.888610816890   7.275823178288 
 4.286353032234  -11.606062976718
 2.802430292524  -12.071557464894
-11.630751213754 -4.520778615515 
 10.283506199622 -7.128106392293 
-2.835171089454   12.222683575274
-1.810762030289  -12.453613478930
 11.421102101686  5.286224955112 
-6.951389529596  -10.491943094135
 12.334150160613 -2.935634895757 
-10.912576456120 -6.518048688006 
 2.706189036084   12.439238094480
 8.582392681162  -9.460379953511 
 4.341410818854   12.059276684687
-10.296195877789  7.725074229110 
-12.879905073409  0.278112695565 
 0.228070912308   12.896963572713
-8.961196480536   9.314063616756 
-9.925452550616  -8.471817232641 
-0.129904687314  -13.127397880560
-3.337423023177  -12.806137049732
-7.607529113783   10.835265192726
 12.950367031118  2.762306636970 
-6.311291313617   11.645311519448
-13.161543599973 -2.061231007874 
-12.399718994074  4.872777202777 
 7.537517086691  -11.114256552738
 11.389654940951  7.167277192672 
 1.635015120634  -13.389157186682
 6.026506601060  -12.080191780868
-1.416520815847   13.478453354814
-9.235569005914  -9.975175628358 
 13.547272926066 -1.414949244760 
 9.617851619600   9.742707938985 
-13.449662283872  2.639736612802 
-4.456289707661   12.976246022386
 10.778242560466  8.539483152108 
 12.953532104933 -4.650621384797 
 12.144314282901 -6.561109626359 
 7.433918264730   11.676973932123
 5.995992953800   12.491425277146
-13.313010008005 -4.244342981933 
 13.268080694536  4.678476492355 
 14.095559986560  0.314081514938 
-8.492952897347  -11.321040177683
-7.029576192811  -12.294679662507
 9.998639844357  -10.066092328903
 1.528813844999   14.161490260263
 12.861071969166  6.135320776362 
-11.554742307860 -8.374329808884 
 4.040990421912  -13.738649276750
-14.328346332959 -0.188073011992 
 4.850893524494   13.514143497257
 3.204590157075   14.000255920240
 11.356598495428 -8.807311636505 
-12.794792754975 -6.590978933150 
-1.228655385706  -14.437870674528
 14.171015573931 -3.051086630103 
-12.904931017768  6.738194939866 
-3.450419090890   14.212176936826
-6.431740647554   13.210755911446
-5.404936777282  -13.671534674253
-3.842164124333  -14.238709346369
 9.280870466094  -11.470881375123
-10.889687845945 -9.985219118985 
-12.285741095725  8.228648998169 
-14.748220140168  1.500351622712 
 9.621100096914   11.367005831978
 7.029601240000  -13.241978417346
-2.038442147653   15.015329161988
 5.577004002329  -14.118077631661
-10.100711555438 -11.359063469778
 12.216398539311  9.061352676780 
-0.213364041055   15.259127496100
-9.843592393929   11.713608485498
-14.247292700637  5.594858921849 
 8.530955788565   12.726361086471
-8.484510485816   12.777732154788
 15.260376328831  1.586499701341 
 14.283203547689 -5.712835583459 
-11.488983142940  10.250384580189
-8.521347307307  -12.829211842411
 14.902009701821  3.909311443230 
 15.372105098962 -1.737832250316 
 1.491705242231  -15.433730495742
-15.478474339479 -1.215198301982 
 11.064277207716  10.896238075340
-15.054925931792  3.957350668333 
 8.519331957532  -13.062960369318
 13.743124143844 -7.592436011948 
 3.236221429817  -15.376903595904
-0.020231847477  -15.766671596705
-15.326244803729 -3.819560184371 
 14.270154508523  6.949060790505 
-13.327627731728 -8.701235656822 
 15.922707468366 -0.228632489917 
-7.588896960212  -14.277638006820
 15.224203431150  5.470653977443 
 6.828639060056   14.668817924182
 3.754608779063   15.753345522380
-4.511672585404  -15.596863678835
-4.035407619559   15.751775209102
-11.660330407506 -11.362975775968
-16.291047628638  0.409246614523 
 12.362154589402 -10.624575597291
-6.180043285980   15.090747949648
 5.421893670729   15.384872587987
 10.874572339146 -12.237523953953
-14.569513707883 -7.515442265171 
-2.135851960551  -16.262102257480
-6.353631356733  -15.137761739333
-13.472174702860  9.383266084339 
-15.254302405402 -6.175037692746 
-11.435396757689  11.892871582895
-10.549901508371 -12.800233126999
-16.432947370485  2.262882484467 
-1.224793694367   16.702054813992
 11.204247163135  12.516342358051
 2.170062281430   16.663304445970
 8.503859506018   14.528823986999
 16.223578164921 -4.636551057753 
