 0.586043315023  -0.017515809140 
-0.904265156811   0.880814910144 
-1.933248148499  -0.646517319554 
-0.837416575688  -2.415999248827 
 1.608913313405   2.192890935051 
 2.767009798019   0.274757652043 
 1.508057117320  -2.339884005526 
-1.275284992865   2.580320315087 
-3.448716488793  -0.576699349379 
-3.089531192415   1.737774504031 
-2.819192701939  -2.278981382163 
 0.445517678738  -3.665447490760 
 3.061029893354  -2.128976937817 
 3.613199907334   1.675084150884 
 0.427590041418   4.021614853083 
 2.573590358927   3.656400368424 
-2.823252934737   3.769626173126 
-1.534606538138  -4.473102760099 
 3.120610490253  -3.677103183563 
-4.808570069661   1.184670180971 
-3.064769349099  -3.908576699735 
 5.004773086798  -0.481135797855 
-4.617699801137  -2.037168349531 
-5.072976153322  -0.487128924798 
-4.355359184161   2.731347916766 
-0.763950589138   5.121644459410 
 4.779383239746  -2.083801801907 
 1.705259308848  -5.253521640778 
 4.678894200969   3.127345619988 
-0.572757551699  -6.105294397104 
 3.229025032834   5.299448795465 
-2.389963204384  -5.754644094206 
-3.869125974407   4.964573007912 
 6.376756680038   1.208901868283 
-1.927678637187   6.334312121251 
 1.463741128103   6.572258328866 
 4.269792782565  -5.227312034143 
-4.966368135375  -4.739892406954 
-5.780720141999   3.824830660206 
 5.857867482375  -3.876351800250 
 6.937495222721  -1.154963627541 
-0.042478891825   7.087900473495 
-7.112923872205  -0.498103990319 
-6.767240036075  -2.336793364993 
 1.790802036193  -7.011447312756 
 5.182132867797   5.052384639164 
-6.192376596251  -3.757845854482 
-7.225219029453   1.520644764507 
 6.880357763817  -2.731915322737 
-1.948088645363  -7.372759036622 
 7.048799646736   3.038168120195 
-5.536081929189   5.370616837767 
 0.373034307787  -7.775244234702 
-4.304889203036   6.485518181726 
 7.853993193588   0.145465341489 
 6.639790352892   4.581530293664 
-5.168966353426  -6.228029398980 
 7.927509086868   1.658621777025 
-1.631143976850   7.933934884069 
 6.033978579106  -5.411019454562 
 4.452756903733  -6.853619953692 
 4.879344759809   6.816668334775 
-7.916459561132   3.015081825103 
-7.690963617051  -3.679457788212 
 3.770368783608   7.849490466482 
-3.743064992638   8.033705798976 
 7.705540683076  -4.415272876957 
 6.353329908391   6.361817327302 
-0.492216459910   9.024643081285 
 1.359437961105  -8.951565401964 
 3.134081907430  -8.524174361439 
 8.158903414504   4.164683782121 
-2.323113696711  -8.884198298311 
-0.826976791036  -9.153626363573 
-9.146852291060  -1.107129061595 
-3.971954176349  -8.375907063670 
 8.942404206770  -2.463088687972 
-7.064932995593  -6.094775292838 
 1.483298657275   9.288423162423 
-8.216665753866   4.620635448986 
 9.472160321647   0.287420533827 
 6.036510615442  -7.356869450754 
 7.432137173212  -6.087695642925 
 7.876358167337   5.729988892725 
 9.591742735002   1.786889333459 
-6.972700484181   6.869202463948 
-9.862956064781   0.600764242287 
-5.890314311471   8.045038718234 
-2.681558213207   9.624727181076 
-9.522417836621  -3.135269408263 
-9.562287082841   3.012871529376 
 10.025085031570 -1.285623007736 
-8.884651873943  -4.824662555596 
 9.393558630297  -3.999829906637 
-5.750968011464  -8.628672338852 
-7.022541574564  -7.679691009984 
 9.961079924896   3.399663620551 
-0.097007416970  -10.534802486800
 7.151533390381   7.800275258024 
-1.951887864238  -10.456997969854
 4.983236227185   9.515601755680 
 9.152402216134  -5.658017233867 
 5.647342486783  -9.168992492565 
-4.180973716791  -9.966505345124 
 4.262224341937  -10.069475120566
-9.291959280940   5.909511654051 
-5.346964437569   9.650509338522 
 3.627806017622   10.467268484660
 1.666872761769   10.969427712147
 8.563720352075  -7.144629878471 
-1.151179592201   11.158148748862
 9.598646935295   5.860972716283 
 1.400009779665  -11.177950584854
 10.894721797545 -2.960654330195 
 8.723295577630   7.194300708406 
-10.322314717161  4.645557356955 
 11.366959674395  1.185207203308 
-11.400163833512  0.877371058455 
-11.161136853905 -3.200228686393 
-11.594233572602 -0.911230684929 
 10.532703014880 -5.003784481318 
-9.026767062998   7.399110566719 
 7.908606796913  -8.626069382706 
 3.243027294031  -11.246130547864
-9.875199411550  -6.472883019255 
-11.541087644478  2.542866777485 
 0.229798513448   12.014046914893
-8.681971709535  -8.308347627791 
 6.838762781637   9.919680301115 
-7.277961649918  -9.607084645962 
 12.115585591931 -0.160148658310 
-8.173015715184   8.984575998518 
-1.410433401754  -12.088454850259
-4.030118709962  -11.498609075197
 2.978972880892   11.892227998998
 12.125509930916 -1.825705061511 
 6.769813408867  -10.282927412046
-3.587126566437   11.790733658659
-5.061852858549   11.246046496389
-6.134024956667  -10.774272525832
 10.224918498214 -7.115451608188 
 5.454179767928   11.268070142925
-6.995742274599   10.399026735307
 11.810127424410  4.299579583658 
 9.427756661977  -8.411349528452 
-10.641888651012  6.946461402695 
 5.311093368919  -11.587045413280
 11.335188721325  5.873395746938 
-12.735763505728 -2.220014438853 
 10.677887087374  7.369426555104 
-11.956604611842  5.064258187093 
-11.768801414518 -5.523806704279 
 9.587453497202   8.840782158744 
 1.915625921390  -12.956106902470
-10.487966927652 -7.917327746164 
 12.922416032126  2.831712971663 
-8.860647998226  -9.890482597732 
 4.463566643407   12.543097269665
-0.669572262628   13.300800223436
-13.343237107720  0.731273307916 
 13.092831116854 -2.986466483597 
-0.196940932439  -13.427714413428
 8.413320912026  -10.487912746071
-12.897474621473 -3.907571662591 
-13.190354883882  3.195426633718 
 4.089032285165  -12.954777923868
-5.084241137079  -12.641041106334
-6.566427880075   11.960908849401
-3.629206208442  -13.283158711364
-9.349338308566   10.111810793457
 12.299868250433 -6.339792784649 
 7.760399134698   11.535008706998
 13.927220516098  1.175074342000 
 6.658519905192  -12.321979533345
-14.025783408463 -0.997635903403 
 11.561892731242 -8.009870428347 
 2.241479968143   13.889403699115
 13.315859929900 -4.747967829717 
 13.468333735489  4.327742839522 
-7.087870710982  -12.314177204113
-12.135276726112  7.522323203320 
 6.265510440093   12.856105560058
 9.984888303314  -10.250737013074
 14.227705176226 -1.791267388172 
-2.408716355686   14.139030369253
 9.283052095843   11.010544902023
 14.410439417087 -0.258476967843 
-14.204000805242 -2.566535950525 
 13.205143452083  5.886658167032 
-10.781897858285  9.645657403819 
-13.554609299318  5.055905974207 
-8.659103985443  -11.600869031967
 3.169131484070  -14.174259165976
-4.919512920469   13.713436975294
-12.462396624189 -7.619892067296 
 10.682207500165  10.004735822068
-1.934507358336  -14.513036066628
-13.590557977941 -5.454512969089 
 12.047195598266  8.538025969097 
 14.464375709433  3.020300158485 
 4.766471619526   14.044845314030
-8.293919704242   12.432687535272
-0.847123155452   14.925143204865
-6.344807980673  -13.619394635038
 0.840894444945   15.006856957945
-0.179666053174  -15.119009233324
 5.308838644661  -14.257432266839
 13.443255759768 -7.380017371429 
 14.818501688115 -3.950120444036 
-15.344746329529  0.189864062800 
-11.022756654736 -10.678045516963
 7.999519346048  -13.126778994065
-12.190796191437 -9.449347310387 
 1.899794075567  -15.323033050410
 13.614941772814  7.410729103438 
 12.451216865167 -9.237529479694 
-15.406077945747  1.892424100986 
 14.305222640120 -6.126390637003 
-13.956692910025 -7.098297977033 
-8.646863045277  -13.188213261800
 15.161371541032  4.381602943984 
-15.089025032316  4.634482378141 
-3.654650531434  -15.404562981098
 6.917006471000  -14.248414491536
-2.233253629366   15.710337434249
-5.219125878840  -15.027939049450
-15.848106857804 -1.915868713896 
 15.903257111585  1.433193636286 
-14.195638202223  7.390544382529 
 7.454723787493   14.168528326230
-10.150483948383  12.423439502859
-15.693392660381 -3.433248335014 
 9.497177373906  -12.967272709984
-7.379701572507   14.284202419420
 16.037618559813 -1.545550314004 
 9.520547500770   13.021096028638
 2.518476972746   15.935359006297
 11.829160953640 -11.000205525260
-1.702610883471  -16.108318562222
-15.408709226564 -5.050056657580 
 4.015217240221   15.744113938215
 16.031735000054  3.126651331933 
-4.278231059041   15.776528755879
-16.020621001177  3.415394170742 
-13.817839065586 -8.912513281610 
 4.636284814120  -15.835056980950
-13.371374835401  9.723557278159 
-15.392333508174  6.139727072494 
 11.226967726350  12.219418236544
-10.454684455599 -12.897191046675
 5.619532679393   15.637444321903
-1.049422322341   16.652445595903
-16.696720288349 -0.548882920176 
-12.569800240016  11.246084717082
 13.421626515641  10.318947594942
-5.824321026536   15.896904054669
