-0.329521281137   0.126090512041 
 1.492613131695   0.263064725293 
 0.369304932871   1.590555450340 
-0.629463172071  -1.539537071369 
-1.721618795793   1.266076586702 
 0.725098777014  -2.211154340254 
 2.087801871065  -1.148586767722 
-0.385064197626   2.971054670769 
 1.816835985520   2.453433481085 
-2.979277655935  -0.693523151779 
-2.084451261380  -2.242787889873 
 2.999555039545   0.985452397389 
-0.087233342242  -3.582928879009 
-3.452156387851   1.847414977893 
 1.758190953405  -3.614504569081 
 3.481024947733  -2.371334584888 
-2.375932582338   3.510015910888 
-4.295247411331   0.545297222750 
-1.683654868143  -4.065032673874 
 4.390232046984  -0.907883013500 
-3.900784528192  -2.330042214398 
 1.981882835556   4.294464326351 
 4.109035156174   2.506345993724 
-1.164906159708   4.723618240405 
 0.633879688216   5.003047441733 
-4.025562832056   3.237235743919 
-0.678166804197  -5.507689372117 
 3.611647396056  -4.243534639608 
-5.500805535465  -0.949502720463 
 1.488474316671  -5.508709073263 
 5.862865242261   0.707016486086 
 4.503823371333   3.956397674288 
 3.291495496748   5.078347845330 
-3.622597235883  -4.848237670125 
 5.248174185817  -3.209202871743 
-5.470023627332  -3.047581534876 
-6.114301699804   1.416866288522 
-5.579375186762   2.880680082941 
-2.348714642621  -6.010841375478 
-3.991202801005   5.180838833686 
 6.500065423368  -1.772334670296 
 1.778781071696   6.523628002725 
-6.914320560041   0.075891921259 
-1.357162592403   6.901017607986 
 6.566072513914   2.525270997734 
 0.109620645869  -7.078471613323 
 0.397058526710   7.223224917333 
-3.066846404794   6.610004679029 
 2.037950268104  -7.080865657512 
-6.902962962917  -2.597612021531 
 6.041087416680   4.395210351190 
 7.447195025772   0.898337783075 
-4.201159226408  -6.232826770141 
 3.496309202906  -6.681360206864 
 6.979087259546  -3.344753553828 
-1.813074969242  -7.544266843352 
 5.797777263913  -5.191218872936 
 4.935533039567   6.121423325659 
-5.954558460458  -5.556158634918 
 3.539132824705   7.343921478676 
-6.674117723321   4.722187216668 
-7.977110738296   1.870572580846 
-8.220380997877  -0.770519132193 
-7.147197906318  -4.139253598867 
 8.344145934741  -1.038882237122 
 7.464149019183   3.904994268103 
-4.931286824212   7.038435584616 
 8.326470308058   2.178472418162 
-2.901093241125   8.105023505972 
-1.339725990363   8.546979493995 
-8.005531284573   3.743026293011 
 0.376572017529  -8.864090173822 
 6.563064518435   6.067328250702 
 1.100994045040   8.888666434808 
 7.737692188786  -4.871002836150 
-5.555916086065  -7.309655566609 
 5.032450840950   7.797427261643 
 2.809141772221   8.927939474057 
-8.764374576803  -3.463751221820 
 6.424749700544  -6.906199358259 
 2.183456755564  -9.184738345301 
 4.921724320809  -8.057242925415 
 9.453425788440   0.056481476275 
-7.546739010783  -5.710971718280 
-7.069032517460   6.395352346733 
-4.186833164449  -8.595287643946 
-9.585223360759   0.386984387781 
 9.255492690593  -2.531700301942 
-9.302607516206   2.798430616344 
-9.761333334679  -1.280804638283 
-5.640286883453   8.413562860497 
 3.839783919131  -9.404451603521 
 8.361043517265   5.772727425478 
-2.144006611570  -9.946638780836 
-8.743512357888   5.401714489377 
 1.838359008179   10.278477552710
 7.220895959600   7.551689928227 
-0.782791878032   10.441212799760
-5.760749082841  -8.806142397008 
-10.405591062076  1.653413907526 
-10.170681042927 -2.810374287714 
 1.137878804234  -10.537003155056
-4.565817700916   9.577778787967 
 10.545916190097  1.420484394541 
 8.726632130926  -6.151185703915 
-7.235932458708   7.887663025866 
-0.446755412551  -10.844118343428
 5.705934302597   9.301027596853 
 10.201314383566 -3.887457362419 
-7.286063765662  -8.148666406424 
 10.352873614018  3.538115888353 
-10.106222627544 -4.354682699404 
-8.598713219725   6.913081382738 
-9.158439901898  -6.217785095335 
-2.396463901483   10.807742004379
-10.585054563974  3.810647754767 
-11.299159640549 -1.516069153765 
 7.715078954813  -8.416305954071 
 11.460830774535 -0.917237298249 
 9.994193609164   5.716066783129 
 5.461713048799  -10.151693019624
 8.996662474090   7.225808421911 
 11.306864069791 -2.605472273906 
-4.614873291398  -10.705216911490
 0.763044155320   11.639189898998
 2.953800866924   11.341668664653
-10.006835148314  6.368635245295 
 2.102021246674  -11.724248329443
-7.161652376052   9.552506883716 
-3.243410181897  -11.588820650092
 4.793694145853   11.127198224135
-11.946603117934  2.126309668591 
-4.992438936265   11.094044232561
-12.204119664857 -0.170420620934 
-1.536903010001  -12.218182010318
 8.334196432096   9.085407170756 
 11.864471732313  3.354515672357 
-7.582152440483  -9.748105656551 
 10.196488185243 -6.979673189071 
-8.918060748092  -8.594771168686 
-11.745778096495 -4.164600826642 
-6.330521652125  -10.759408363871
-9.542921410914   8.090008524900 
 11.411078475062 -5.209894431102 
-11.382663005882 -5.703438600434 
 12.823285222018  0.291606140799 
 11.907945152309  4.870080458689 
 4.862090964095  -11.951810565386
-10.437854931485 -7.711352850260 
-12.770199995096 -2.476861277060 
 8.256778575294  -10.073655571185
-1.546566999695   12.996472443300
 10.506110228609  7.809217857007 
 3.366214233532  -12.674303090178
 12.945147609444  2.137042352803 
 12.530438631729 -3.896105133167 
-13.109677903157  1.095044917197 
-0.128370736378  -13.169311315608
 7.374541215716   10.941769663163
 1.439302573352  -13.137737718794
-12.298298302786  4.877191881966 
 7.095965653334  -11.194463293469
 13.037728423688 -2.446704588450 
 4.077654817592   12.670594940942
 2.617994681049   13.094840422203
-3.516101225542  -13.072934491989
-7.521694719035   11.284711233373
-5.260238613540  -12.513460475774
 11.794803213803  6.881252619996 
-11.452490872036  7.494711569438 
 10.398652427677 -9.048766898091 
-9.245930279465  -10.226269444089
-4.034677696479   13.216292905187
 8.914137178060   10.582346191592
 1.284427186579   13.806941791174
-1.529571635253  -13.803367782573
-13.440908138091  3.577212163340 
 6.514530671278   12.326418158903
-7.972104667384  -11.480877139722
-6.142957259004   12.560518400011
-10.514117483232 -9.242207549082 
-14.077356048641 -0.333625831954 
 12.959359770768 -5.571117227584 
 12.056744474425 -7.354451685212 
-9.749846959541   10.236885412320
-12.013494601409 -7.479241963878 
 14.222148541865 -0.542527340265 
 14.311827346803  1.187362653867 
 3.088285717990  -14.198714856811
-1.152956302539   14.526151808430
 14.242106566464  3.148165160832 
 9.882438226585  -10.952174843643
-14.257001388098 -3.930385489116 
 4.625586334047  -14.067349036004
 14.184223964232 -4.304303024036 
-6.867758757503  -13.183108117415
 0.301234770979  -14.875145203026
-14.760783035988  1.977439879314 
 14.076978955575  5.027053497246 
 10.719648362843  10.441371739451
 7.417639100062  -13.014712489997
-4.645292031425  -14.263576169834
-5.446317277915   14.037710783008
 11.925853891148 -9.202432838564 
 5.938791352586   13.863887898072
-2.811564011028   14.834196849202
-9.394917829881   11.854750244277
-13.400404454970  7.072019857312 
 12.736731216277  8.260274474502 
-2.717222011413  -14.951403355572
-10.585345146631 -10.929690955776
 3.694096157285   14.796382702289
-11.904243341436  9.610184257524 
-14.437405868343  5.195100872646 
 0.685285485953   15.329143945373
-14.352708261674 -5.890999293450 
 12.111028243851  9.763496464415 
 14.022985939244 -6.852869058042 
-12.289371749354 -9.634305966308 
 9.661583635485   12.296078624305
-7.560690128768   13.705733319825
 15.619112942086 -1.730821096789 
 1.753945289336  -15.619878369228
 15.437517772174 -3.298832298250 
-15.700616916868 -1.741250154322 
 8.667910243300   13.435603724989
-6.395439333002  -14.714519783664
-15.545646788831  4.101015853232 
 10.028488395052 -12.569577403284
-13.566757784802  8.633938323068 
-14.193652375643 -7.602318381589 
 14.557543529139  6.905178382434 
-16.130226905571 -0.181333061129 
-15.775345670326 -3.521950974581 
 3.279650446611  -15.832763664954
-9.876454291758  -12.827701446682
-0.889095589602   16.178214595383
 6.113974357364  -15.020723810886
 2.171130381033   16.080112108601
-10.924483486816  12.033933633197
-4.229201524701   15.813458132915
-16.298892836581  1.769868116531 
 16.208640342515  2.552261776347 
-9.255513935600   13.577797214719
-13.744052623233 -9.077195419666 
-5.937690042798   15.467644926623
 11.596603061455 -11.869202650701
 5.895998287516   15.514283006209
 16.001772219946  4.447191411736 
-8.346411417553  -14.402607717225
-1.728537800367  -16.558288528312
 13.628578077868 -9.685957035464 
 9.279208514510  -13.966646466720
 15.532247124657 -6.411351588406 
 13.743044826766  9.676423360163 
-3.388552085713  -16.468579872680
