 0.431724428432   0.750236612646 
-0.509150426101  -0.753154866658 
 0.932863475042  -1.653247208928 
 1.880137111606   0.329472870772 
-2.010826237118   0.242940328748 
-0.869208312466   2.090277994835 
-2.087941471574  -1.467785657179 
 1.954214089434   2.387750964985 
-0.408264462900  -3.081046762077 
 3.103254859408  -0.566114281747 
 2.511482831789  -2.277615918855 
-3.534861249236  -0.039549682592 
-1.933949184374  -2.983438905505 
-2.978200515255   1.948874454863 
 0.563931332704   3.531005881584 
-1.326592351038   3.670390180044 
-3.560353836511  -2.059356445471 
 2.545854609238  -3.821646282616 
-2.939810124170   3.638773578360 
 3.975603516927   2.605915365359 
 4.012126474456  -2.673319684066 
 4.663798745934   1.221858743887 
 5.086089311275  -0.448609940850 
-1.015325009924  -5.248562564691 
-5.045076403111  -1.823581619396 
 1.522326979868   5.160271468872 
-5.400347864104  -0.050856050361 
-0.197422924005   5.402687531376 
 0.854814956527  -5.450341528884 
-3.021240677775  -4.784347573457 
-4.399533185265  -3.867040325757 
-5.403667043239   2.429333218183 
 3.307347927594   4.926411268181 
 2.346852716758  -5.745251424233 
-2.836673540203   5.522487017229 
 5.505495035836  -2.976381031986 
-4.774297657334   4.233126738150 
-6.537500934503  -1.363857023345 
 5.541236941633   3.809514691791 
-6.778531787708   0.956263970360 
-6.070306911584  -3.267964611602 
 4.642348444999  -5.112137345367 
 1.440689765828   6.814757666046 
 7.139842799743  -0.546741059301 
-1.024516421568  -7.116610557760 
 7.076663143222   1.597987866007 
 6.957022161332  -2.163377860379 
-3.210752563346  -6.685773659738 
-4.665843974675  -5.766947788751 
 3.619763212245  -6.556195614823 
-6.491437210304   3.886250532451 
 6.203593939905  -4.396930284149 
-0.456623252422   7.617157860916 
-3.021397219657   7.121698183391 
 0.355340043768  -7.767837371324 
 2.881646353453   7.236195326893 
-5.430614032897   5.612987119243 
-7.495947018956   2.585743525243 
 2.102803906278  -7.737715928882 
-8.024717390590  -1.040840640143 
 6.390327437937   5.432992331621 
 7.723935325964  -3.473308481520 
-8.033382939326  -2.740848731886 
 5.994479760228  -6.030757715529 
-6.201229327332  -5.829656928151 
-8.399968609021   1.387204750758 
 5.130928311965   6.847790620576 
 1.835152364725   8.360797222662 
-2.134679434874   8.348805153703 
 7.816771133307   3.632751314092 
 8.519233591361  -1.332653947424 
 8.595990618738   1.384396913717 
-4.651168186798  -7.362470715757 
-4.478285144897   7.608950819321 
-7.809070605080  -4.235499510546 
-2.599003545083  -8.574063363778 
 1.324842727037  -9.061618608327 
 4.472986545931  -7.991584364707 
-0.970314834615  -9.279578982352 
 3.585836215416   8.664019965543 
 8.086511876154  -5.031052142881 
-8.845928508265   3.673952578379 
-0.494995364719   9.633426067832 
 6.089378620743  -7.563155002288 
-7.831845823198   5.819093817054 
 3.253743386705  -9.219521505007 
-4.102310696464  -8.941397452829 
 9.552599288416  -2.600187492694 
 5.424914403922   8.340453149180 
 9.970364408670   0.033876526776 
-10.001983404270  0.165977132779 
-9.589763444951  -2.862714244403 
 7.091865598673   7.108577340452 
 9.503175169856   3.734142551399 
-5.672162559247  -8.503960972169 
-7.156065952982  -7.352249277444 
 0.276867377570  -10.284020509695
-2.244211574945   10.091847057305
 8.410067200248   6.150555342599 
-8.397623430395  -6.171216074856 
 1.602557916972   10.348057498344
-10.325347889997  1.924260335706 
-6.851149656781   7.989710813610 
-3.917562364390   9.773664952966 
 4.743350563327  -9.472334661293 
 9.774344758713  -4.141951506875 
 7.964979711972  -7.059890761650 
-9.352456005935   5.352178870657 
-3.255608138906  -10.312991482708
 2.466798729114  -10.532897676996
-5.453246647448   9.438379131826 
-9.594882754589  -5.263415254552 
 10.917979149808  1.908273838121 
 9.783021215042   5.318383125753 
 9.451901291378  -5.925092348601 
 3.273899532361   10.683465080535
-5.013109016224  -10.141230368636
 4.744451466366   10.291107948287
 11.113796642463 -2.302788499391 
-8.378240244425   7.783496077437 
-0.514242487298   11.430140116699
-11.296498790434 -2.005986914712 
-11.534329585688  0.918722497364 
-2.184026113157  -11.432814829729
 11.695972871371  0.185600942743 
 8.509453057938   8.103718777830 
-10.758970110222  4.793325420461 
 0.301210376011  -11.789818654240
-6.957005203901   9.537814898875 
-8.746854163459  -7.960276038554 
 7.755150027958  -9.056592641976 
 7.542064228223   9.285489930608 
-9.832934131522   6.838835679903 
 1.542111238600   11.896003264759
-3.718520504255   11.518480363139
 6.330627339666   10.369780690041
-2.025766225803   12.001481763955
 11.748888148052  3.328096642184 
-11.422692915563 -4.339244522353 
 4.334027719330  -11.427124638045
-7.328173901015  -9.957868236921 
 10.413777759641  6.684913429859 
-3.802694943839  -11.779768835092
-12.416403133220 -0.511463660054 
 11.348709719698  5.120976556704 
-5.964471935437   10.976451673459
 9.791474852215  -7.809052878929 
-10.805838113577 -6.370702895501 
-8.456898199962   9.473187061754 
 6.447918450259  -11.006231683340
 3.932547606878   12.214422621296
 5.436612515540   11.722197815626
-5.370730057684  -11.783926055115
-12.828016839295  1.861516048100 
 12.818409506296 -2.210514353227 
-12.488018688993  3.765066275280 
-0.023345962460   13.087358349949
 12.247251244550 -4.647256081271 
 11.403895274153 -6.497230277654 
-2.668761921427  -12.868846748314
-9.857011889830   8.768253370130 
 9.155995697801   9.521420880237 
-12.773897561758 -3.366938179712 
-7.640654981940   11.040523224230
 2.128432862316  -13.272921006708
 13.332773394696  1.979767881201 
 9.160526784415  -9.895015786456 
-12.014437273443  6.165969941218 
 2.567784151305   13.345886813938
 7.619691305694   11.279140400049
 10.923223804674  8.229144389200 
-5.236852078750   12.643583402229
-8.917300120603  -10.475680043026
 0.321182396622  -13.829779910168
 13.843443378909 -0.300954664603 
-1.360932379152  -13.803995964142
-10.278044757486 -9.369325822330 
 13.449338212579  3.574618216525 
-4.169741939660  -13.305163023692
-3.660826199915   13.611864315079
-14.377051638501 -0.854020649755 
 8.766766963972  -11.437013155766
-9.564641845994   10.781428675072
 11.302172911284 -8.952308676392 
-14.158711148853  2.787014799902 
-12.144485761823  7.829187377930 
-1.963028340083   14.319299422964
 5.790129918740   13.375643643677
-7.077280498128  -12.743789233393
-12.950788659601 -6.725915325407 
 4.269823914661  -13.981892824658
 13.665420425400 -5.420293909304 
-14.403411313204 -2.952423008012 
 13.002750401443  6.867564001685 
 10.122602419687  10.681292512790
-13.744800061616 -5.336394749614 
 7.671952262312  -12.594224829242
-10.912365479660  10.007385528701
 14.477703357776 -3.112681044076 
-7.596242951332   12.715260462116
 14.038612276811  5.002457355753 
 4.287596880990   14.295143229386
 2.734062132790  -14.684081028588
 6.340159159666  -13.526932596523
-12.107360480904 -8.817079299453 
-15.046239592159  0.629485873640 
 11.691693839450  9.536058401360 
-14.390669440243  4.672203224424 
-6.101415703612   13.935884969520
 14.960476349780  2.862333767508 
 1.082519020405   15.213425076374
 9.108534015274   12.252518307355
 13.404601806802 -7.318228790032 
 1.101503303998  -15.270601967584
 12.830465862453  8.370031633009 
 15.346526282933  0.411617215485 
-4.099498340811  -14.851079521517
 15.315500173515 -1.750718100610 
-0.796144511796   15.452008670736
-10.175467349882 -11.696964974852
-1.177730586746  -15.546050052437
 8.037185286759   13.428970805955
-8.900238340299  -12.958232082329
-14.379036418243  6.381335621156 
-15.682340270010  2.288222511103 
-2.994230944218   15.564706628875
 10.406767450475 -12.064287550701
-5.717752512486  -14.971966534392
-15.929833465850 -2.240833889483 
-12.420083735726  10.266280100178
 6.129072151074   14.914481750200
 14.482425719456  7.120618473500 
-14.775745269067 -6.521716364087 
-15.624461870017 -4.197135239664 
-10.785021826573  12.083176065545
 11.972438196403 -10.979638457797
-5.059382765478   15.455346613424
-7.707396256897   14.350226885380
 15.472588237459 -5.106268457332 
-14.103175400615  8.171946010504 
 10.682139130290  12.339870567600
 2.614884309632   16.143897181404
-16.415109473129 -0.813045665613 
 7.826607405063  -14.494484070166
-13.759042086823 -9.135185106071 
-9.390051632278   13.633202590364
-11.835367888265 -11.711879248151
 4.375052514964   16.110245040850
 3.305500224480  -16.380863228651
 13.748539004802 -9.524361411080 
 0.299828090415  -16.748685799305
 5.761266889474  -15.740553038126
-13.023885540605 -10.598134823343
 14.626255455596 -8.261084225825 
-2.850793721056  -16.555443651230
 12.741212339603  10.964328823823
