-1.133389099944   0.270090284056 
-0.304710949940  -1.498817534863 
 1.321871598727  -0.777892609622 
 1.351504970733   1.050581778111 
-1.664846347783   2.206631380743 
-2.747825061709   0.537212921878 
-0.320323084366   2.888370600268 
 3.066502017489  -0.498188230716 
-1.964713544256  -2.612249743523 
-3.235033617594  -1.135994462158 
 1.077120804682  -3.277054897422 
 1.369782093213   3.168441613240 
-0.663713859509  -3.580269102748 
 2.829408504380   2.407715814258 
 3.142295769218  -2.016416574020 
 4.043108242246   1.342301769803 
-4.194726420063   1.167579152567 
-2.046911938217   3.847052534354 
-0.147518104850   4.701711182412 
-4.731896487945  -0.320339096704 
 1.404889620997   4.719009574589 
-3.681695468664   3.356664073824 
 2.378563776473  -4.430142476958 
-1.824065791398  -4.777197669993 
 4.892982926558  -1.854182345834 
-4.775552044370  -2.714975783468 
-3.603660885683  -4.248638272272 
 4.132885976718   3.923451903597 
 5.541146930777   1.598491064514 
 2.993978385850   4.980550073426 
 5.782157518669  -0.596987618472 
 4.235536510042  -4.011303760859 
-0.401675055529  -5.855774665528 
-5.327748006030   2.771235295058 
-2.920089155687   5.368225277201 
-6.001625082478   1.177743600041 
 1.825444798539  -5.900786310645 
 0.706832796591   6.191687081610 
-6.258001825365  -1.425552473581 
-0.906271525231   6.454005216409 
 3.399733169000  -5.659902805697 
 5.878655463461   3.798515737762 
 7.045222135879   0.302551008766 
-5.679290765055   4.297798348978 
-7.123276251915  -0.199944569997 
 6.993634506512   2.053896397999 
-4.560752888100   5.756099463645 
 0.872258325274  -7.399831157010 
 5.766339708544  -4.730742785482 
-5.380529078864  -5.309038167929 
 7.048881193678  -2.754678661611 
 1.797536999947   7.411948543789 
-7.504018073804   1.367105519416 
-3.371646420486  -7.029415885205 
 7.702832259243  -1.307860467373 
-0.236927603619   7.849430899197 
-7.368213713332   2.924071143916 
 4.923653079680  -6.271901840845 
-1.991039553964  -7.789055285619 
 2.637790556869  -7.636185297071 
 5.134300451893   6.409050562591 
-7.109249586633  -4.167903748975 
-4.849786015529  -6.731243853374 
 7.373815097111  -4.340923796418 
 3.916733144808   7.660847273972 
-4.568845428620   7.326581962460 
-8.262178026624  -2.511315634652 
-8.679699767638   0.138128975475 
-2.731124914160   8.302145627900 
 8.399988115792   3.087470784298 
 7.646184766993   4.711646691514 
 4.143558695890  -8.005562730792 
-0.877003008259  -8.984289250037 
 0.837675366678  -9.002602916714 
 9.050278104155   0.367312322571 
 0.697632363192   9.152511481589 
-8.930682117740   2.234132297065 
-7.016055581546   6.060101434645 
 9.330578374868  -1.106282331953 
-7.019364803264  -6.340153095392 
-4.823213203364  -8.243091385999 
-6.110168538940   7.448365237404 
 6.995564651235   6.648864498552 
 6.661437518916  -7.215620260621 
-8.558447824930   4.938048917062 
-6.256876037607  -7.759744811865 
 2.062426308032  -9.902470526161 
 8.887388085472  -4.888851181388 
 3.642109477609   9.484530096554 
 5.313861235329   8.660474602729 
-0.767348812368   10.132119360574
-8.663323580070  -5.351435703667 
 9.877686404550  -2.649344495127 
-10.171689237410 -1.165984043766 
-3.898407186558  -9.481313833506 
-9.844603877041  -2.881962476829 
-3.173922549701   9.795691118027 
-9.672566734131   3.540120346279 
 8.213351591595  -6.331733558077 
 3.842654726784  -9.645000548308 
 5.893062842158  -8.553205223375 
-10.421361591078  0.812190605729 
 10.405435875337  1.614589848569 
 9.763005496926   4.171997859844 
-1.409918857913  -10.584956179816
 1.166994803964   10.646232653527
-7.683859324134   7.641157507720 
-4.741595574443   9.783802209045 
-6.217500974265   9.024441342715 
-7.914458289013  -7.719806629486 
 2.838238305559   10.842539264206
 0.553006358319  -11.194673752721
-6.155088936166  -9.396885717411 
 7.007953836624   8.803487274987 
 9.115495023152   6.677212806287 
-2.311031754292   11.079903809748
-11.100928648583  2.297731944343 
-9.679755382946   5.943158791459 
 5.398976990489  -10.132303770739
 11.612137366525 -0.224063195645 
 10.280261403641 -5.449614831460 
-11.408340765554 -2.448208155913 
-11.005309584609 -3.971679147186 
-9.798226733783  -6.452829150422 
-11.742938970203  0.007161257451 
 11.029339689922 -4.062442246525 
 8.279135241638  -8.369756096006 
-0.717894974502   11.753930388695
-10.786950172297  4.759642203777 
-3.847927398690  -11.207606012272
 2.481266760305  -11.595103614217
 4.717091152279   10.884263548991
 11.096601366524  5.157830180350 
-5.658537379586  -10.858824849022
-9.600005479743   7.774628170802 
 12.101813724589 -2.541879802976 
-8.114728914765  -9.388413842122 
-9.418489776648  -8.082857599552 
-11.852676565150  3.697280500594 
 8.748048609462   8.880558843255 
 7.247707910397  -10.172781101604
-5.398711709823   11.308172628814
 4.722893896068  -11.667612313001
-7.567396588958   10.125246351601
 1.605156994327   12.557922400190
-12.615242687481 -1.506498152902 
 10.577560234628  7.081820609016 
-11.380935258879 -5.712985705483 
 12.566672063223  2.230076887222 
 12.182313281386  3.835748711427 
-0.571998122510  -12.761865359346
-7.191949758048  -10.596090395598
 3.158189577584   12.428043601438
 10.655898326868 -7.220669752117 
 7.109627154715   10.812126071915
-9.056654178455   9.276385911142 
 0.946883784061  -13.078577412836
-12.684971202513 -3.535738160820 
-1.819929013062   13.144510110133
 0.043949010824   13.274458500980
-4.501978899685   12.530391327168
-13.333040088333  0.177062246453 
 11.852904268719 -6.129703134177 
-11.096591590855  7.584220393407 
-2.303896814790  -13.273132791568
-13.404294135675  1.845538961856 
 13.536193699174  0.255787750617 
 12.799186098860 -4.460265740747 
 6.464992507651  -11.998510260865
-4.538714727731  -12.853783794559
 3.604906777946  -13.177683034483
-6.924731006527   11.880003085014
-12.270470480412  6.308446068126 
 6.135072820560   12.448780185267
-10.195995730959 -9.489625671079 
-13.458076724883  3.641487975887 
 13.847937360874 -1.649097553426 
-3.212456695325   13.752620034313
-7.180694129979  -12.184122296630
 10.230296986993  9.837730695355 
 2.140882425308  -14.046832250048
-12.831449769989 -6.156721771435 
-0.733008804603  -14.266478268588
 2.812567534692   14.046144339709
-12.108191465970 -7.661568498666 
 10.716599560183 -9.532904528224 
 9.200810462813  -11.018002916101
 12.997084299955  6.102856810366 
-5.877691966447   13.142143768468
 11.462576222630  8.795459769498 
 14.166094657821  2.954021405944 
-10.846552937367  9.643628558465 
 4.457696719079   13.836188066740
-14.406543825630 -2.239470084113 
 0.820499222134   14.613551961857
 9.355651577433   11.317980083559
 12.641755278995  7.589244884634 
 14.452238915659 -3.081541000172 
 5.177763261125  -13.858046592115
-9.648187165292  -11.258356049601
-12.878790251484  7.679929231355 
-14.995801254838 -0.029864453588 
-9.299064823948   11.802621554948
-2.294998032770  -14.864659009329
 6.640802178820  -13.517617364327
-4.684404447270   14.366623058449
 15.080829294055  1.138973472590 
 8.007223068498   12.933234916951
-2.122269769114   15.068945171618
-14.919862236324  3.166320361953 
 12.601274383179 -8.604445702637 
 14.552125748465  4.604070781498 
-14.033450638458  6.014528294115 
 3.800136706460  -14.796150914236
-14.837541586273 -3.932839733798 
 0.614733939211  -15.388569774390
-15.325495341356  1.614239973280 
 8.105949884091  -13.139966078646
-11.826456539149 -10.013595001882
 14.777261952785 -4.887659965688 
-0.441846212735   15.595292769082
 13.907517890362 -7.109254355680 
-14.539033580866 -5.794507482900 
-13.793959954010 -7.403671010316 
 6.914275258497   14.117313905921
 2.428056856538  -15.549707927340
-12.764184070469  9.326514187973 
 14.114486862803  7.145511611233 
 15.710346352558 -1.917515526455 
-6.148944656452  -14.655722225623
 4.158534268848   15.350899425068
 9.838023075362  -12.510124913674
-6.546963976179   14.508161017917
-4.576803553824  -15.279503559152
-11.151740129569 -11.484776124868
 12.581961400773  9.954881360421 
-7.654744250011  -14.148971337336
-13.543811769741 -8.922729340391 
-8.732592280947   13.738544662447
-12.109539075267  10.945302367164
 16.354297672878 -0.409254668287 
-16.251257171252 -1.938197132577 
-14.547983423863  7.509280360926 
-15.656977163547  4.889338758135 
 12.755961962160 -10.333506336732
-16.479418981552 -0.275907609750 
-11.203175083380  12.146418778087
-0.482859593098  -16.579974000919
 2.057622482674   16.484047791641
-9.491936231007  -13.644936561861
 16.412108479138  2.655748912211 
 10.905570025411  12.560351977139
-3.418908206948  -16.310711594334
 9.403189325966   13.772622995084
 11.439802203706 -12.150430347110
 6.797994313081  -15.277705889636
