 0.486069516283  -0.575373074141 
-1.583991547126   0.832646754827 
 1.488721693368   1.061170946992 
-0.607709863841  -2.067860407414 
 2.069350254225  -0.902270346793 
-2.329980038320  -0.722896542416 
 0.111763831010   2.827627590716 
 2.337758647014  -2.415450007595 
-0.210736562491  -3.603504994955 
 3.638602781879   0.102455422567 
-2.930226818266   2.286109840398 
 3.266200632414   1.788326843926 
-3.052359254623  -2.284307995322 
-1.285939785182   3.690738456511 
 1.358508211574  -3.861090207395 
-3.976084931054  -1.087397064251 
-4.227472947180   0.474315169869 
 0.532506222873   4.527012032292 
 2.956381621896   3.520542882966 
-3.299915634252  -3.894928103829 
 4.965037319772   1.420039159859 
-1.943554537178  -4.912371932746 
 4.908714950152  -2.078743203575 
 1.951950559265   5.049631901129 
 4.218268921532  -3.415378105690 
-5.182241173096   1.764091220016 
-2.371704700670   4.942820535861 
 3.076371694703  -4.611125860010 
-4.080594484771   3.766871020976 
-5.046349450914  -2.605564257475 
 0.527671918721  -5.655808575401 
-0.524838871226   5.719500490199 
-5.882757651040  -0.714075528772 
 5.052200943252   3.106968016360 
 6.200382113681  -0.455232025991 
 2.170906852056  -5.845274878635 
 3.513397716188   5.266983911073 
-6.485131343737   0.888168544217 
-4.500266267503  -4.890571104256 
-2.971294553630  -6.020956186602 
 6.370888047704   2.240365320337 
 5.000728898605  -4.750858982946 
 2.278431808545   6.544330265967 
-5.800927850231  -3.996700805596 
 6.809980277819  -1.904838092573 
-4.076217822206   5.788892561282 
-5.359720856089   4.634439367355 
-2.540005086315   6.758958017231 
 7.233588008750   0.707097225069 
-6.865578544861  -2.432593296434 
-1.645511119102  -7.193716563444 
 5.204251108117   5.397233778640 
-7.036741953245   2.670998539495 
 6.509506687683  -3.948351429327 
-0.320402290384   7.636360013315 
 2.293422046674  -7.414555417650 
 6.389871802816   4.407795095885 
 0.508809329628  -7.825309563311 
 3.955664361475   6.909573073313 
-6.831968575342   4.211799897511 
-8.028473130446   1.216641238738 
 7.539970817552   3.391709065436 
-4.420413376552  -7.021285111576 
-5.729007781164  -6.022782465713 
 4.805473313902  -6.805119691225 
-8.298629841717  -1.222204874105 
 6.203727150319  -5.724495783311 
 8.526698838376  -0.316341874252 
-7.431356805569  -4.416084118570 
 8.135416362842  -2.971685593511 
 2.979178590686   8.179367335148 
 8.627214445552   1.640266764957 
-5.748757843016   6.693636327462 
-1.505460788658  -8.853386967502 
-4.527622946147   7.766666190392 
 1.636145099857   8.924887144991 
-3.755770340397  -8.403237251405 
-1.018805033671   9.339315609719 
 9.278953269145  -1.719227308777 
 7.835592258663  -5.470776807140 
-3.081372954826   9.050688293380 
 5.037149940734   8.128008785199 
-9.166306138075   2.946836625246 
 0.001882334534  -9.648931023219 
 9.107350691724   3.313047939271 
 3.745618260974  -8.955300464132 
-9.716977574933  -0.212475568948 
 2.087816175843  -9.499892982731 
-6.192733306372  -7.695399244437 
 5.392420681727  -8.346768915700 
 7.571073039876   6.550151921655 
-7.621992553815  -6.498819978534 
 7.299984847605  -6.885425344249 
-9.927482363793   1.509242445588 
-9.296502931572  -3.818055990909 
 10.059267454247  0.824784450886 
 3.709040080549   9.525307650643 
 0.594357281665   10.227514297872
 6.534959602750   7.933117547780 
-8.644682832377   5.628197525586 
 8.828444190106   5.615717428108 
-7.891974833130   7.131833751542 
 2.179629981586   10.468378754695
 10.057040864160 -3.680722490567 
-4.805972802878  -9.574384380188 
 9.476515677970  -5.121674843715 
 0.990603771120  -10.845855518907
-2.069746203383  -10.795608440935
-5.061921732598   9.813006940338 
-7.663134025468  -8.037411124290 
-10.988475272408 -2.014211908598 
-11.203281662656  0.145704810106 
-6.675758757617   9.132066702694 
-10.041217444319 -5.297888441701 
 9.030562287955  -6.931632598210 
-6.310032991649  -9.579051625657 
 11.335145566825 -2.178805490820 
 6.555469674552   9.508175952334 
 9.037143247627   7.196145056237 
-10.190295590025  5.474093547955 
-3.640242150332   10.989502079759
 2.776908385782  -11.269616976888
-2.205265783863   11.448136563774
-11.532493314593  1.965793051004 
 3.607860769567   11.182344589003
 7.185268960244  -9.471120921857 
 10.398227259521  5.780684432873 
-11.382987403225 -3.481788373293 
 11.922648353209 -0.271453644966 
-3.811515080954  -11.341319454811
-9.393451363214   7.501112651178 
 5.532843465105   10.701029442508
-0.243922251481  -12.062871427110
 1.672722565374   12.048484056226
-0.856912745842   12.162901074070
 11.743882875808  3.327774721165 
 6.065810550057  -10.640564493058
 11.087302212201 -5.423630393462 
 8.990526770442  -8.513772720789 
-11.898656192739  3.524689740243 
-10.289832360972 -6.948037786899 
 12.335580602361  1.461122748024 
-5.869852329196   11.079561088060
 8.558850884335   9.290951791810 
-12.728328095385  0.204133986827 
 4.679574051786  -11.839845115455
-2.281569013337  -12.684178436192
-9.139686809344   9.096854593307 
 11.908372845709  5.049192688442 
-10.858161524433  7.064017206526 
-11.690905784376  5.717084843763 
-13.087415928887  1.767041477479 
 10.572165921773  8.087594710528 
 3.455280545420  -12.868694211973
-7.630448403413   10.964928251877
 13.357733515727 -0.968328874465 
-5.563336594140  -12.240900987701
-2.894045729095   13.148382122479
-5.119042861653   12.486378085099
-12.666163700255 -4.663919693983 
-9.190761176429  -9.896060246031 
-11.792510940228 -6.604137145522 
 13.263052997114  2.952764324566 
-3.837067763609  -13.071553567364
-10.741307695220 -8.388168082381 
 0.324072518729   13.686974943835
 11.013316776768 -8.156265305129 
 5.807184478092   12.431996857038
 7.423714780878   11.539873486505
 1.819006030192  -13.617634981779
 3.275575901637   13.402338889770
 13.289752311811 -3.927445378725 
-1.478506976266   13.797228798543
 9.156783498203  -10.430250404169
-7.257915040839  -11.858540682035
-13.831660953402 -2.136111160444 
 12.083954398902 -7.067098041838 
 12.851858687467 -5.592619037959 
 0.061710792500  -14.020340334666
 8.824063022329   10.937050566691
-6.792357445276   12.339071367130
 12.229361130741  7.090472475431 
 13.415282091539  4.526353699579 
-13.699351147126  3.652883099761 
-9.131634779243   10.983770065029
 7.538785770106  -12.290787030153
-14.495133147465 -0.487541890675 
-10.462042779436  10.118142996224
 10.714229049052 -9.885833814785 
-1.631827857191  -14.587968927212
 4.618358024910  -13.961657289644
 11.123778537261  9.625572506805 
-10.706149724545 -10.124226190918
 14.582879144003 -2.726331056290 
-5.022835734516  -14.032343517364
-11.862032573995  9.079032541757 
 14.835708781680  1.872833285644 
-12.890676439216  7.594954310934 
 2.227920360111   14.816187579855
 15.034113584906  0.146756329835 
-12.235522112982 -8.750001755734 
 13.767816359500  6.068500841260 
-13.927692272523  5.779698120551 
-6.161160584079   13.795528585238
-14.519039588586 -4.983404197523 
-15.183235118010  2.357717911974 
-8.707337819355   12.702770617404
 0.649215720657   15.396236431270
 8.789302099849   12.662985051580
 2.365138794581  -15.256552640811
 14.471689864716 -5.399038186795 
-9.156812672141  -12.439728819481
 7.090166043001   13.791748755688
 6.189650595941  -14.230243285414
-13.678715763257 -7.335783113968 
 13.869787463553 -7.015763722831 
-3.499880535245  -15.161793832034
-3.983211819212   15.105238218335
 4.938196993766   14.869434632761
 11.063415785439  11.151457521171
-15.606403049580 -2.342525871093 
-10.228454232856  12.026868846245
 13.186647258052  8.745984468146 
 11.085650146807 -11.346703880998
 7.867725945550  -13.785547628499
-7.224243365646  -14.178669782523
-7.765217317392   13.897234910398
-12.190388380358 -10.366145006564
-11.698297653589  11.116048648827
 14.307762719149  7.487802735447 
 15.749144361677  3.592692551288 
-16.168437127015  0.020649512420 
 9.559327018823  -13.045002633275
-0.034260896663  -16.182461902243
 12.737788514459 -10.015928918100
-14.470619703484  7.356260568787 
-11.421184166072 -11.657608193803
-13.373916569001  9.357111816771 
 15.859731296866 -3.861692765960 
 13.740113947589 -8.853626748382 
-5.652504587770  -15.400077041000
 16.355581058998  2.034014259020 
-15.994508501402  4.148643913343 
 15.767149262166  5.244642237830 
-10.589642493163 -12.917835681373
-5.748946080446   15.709883568956
-3.027011127313   16.490562278605
-1.454386659479   16.746100206837
-1.601047253163  -16.743969573501
-16.702579405687  2.508063226984 
 4.246978041627   16.404211752098
-16.251214447626 -4.887110801861 
 12.525595542084  11.491766255213
 1.514830158067   16.949347272912
 17.014398978900 -1.176353836839 
 15.884739553706 -6.269854060299 
