-0.894987117443  -0.599538166161 
 0.714986512072   1.068008206923 
 1.364822692003  -0.600046990592 
-1.988372009859   0.655787032276 
-0.622293436733   2.135445107361 
 2.352534601130   0.927011235953 
-1.800169129613  -1.804874999814 
 0.971135941745  -2.457677858469 
-2.844692667328  -0.631801032718 
 1.683390357655   2.751901576360 
-0.731218790669  -3.436302329264 
-1.565686028279   3.353864957807 
 3.724497623171   0.197395634007 
 0.467856300714   3.769040280879 
 3.406453615152  -1.711130080206 
-3.779252846135   0.553144450635 
-3.310010472562  -2.177520609614 
-3.707965362637   2.070299705289 
 3.941924096800   1.789151372789 
-4.557810258125  -0.979907432450 
-2.867246102804  -3.704820737294 
-0.765779307625   4.663183414109 
 2.290331843861  -4.271887946420 
 0.890179671377  -4.865100783143 
 3.335285574534   3.681811935973 
 3.893469563629  -3.156112434439 
 2.029419328489   4.876387053644 
 5.389960682393   0.265649123966 
-4.751133250817  -2.606551255943 
 5.272471610626  -2.000380174348 
-1.287201450966  -5.654741667225 
-4.829953058514   3.225230068671 
-3.385000068789   4.798732983107 
-5.599406355985   1.891409161671 
 5.135050831066   3.376245062012 
-6.152585411191  -0.225998148197 
-2.004404021585   5.932040691399 
-0.350711123293   6.329226277220 
 6.030295719070   1.997868644077 
 2.496105871366  -5.844485031629 
-3.289075247052  -5.564979502128 
 5.106559570761  -4.092246144672 
 0.594280394129  -6.537337979800 
 1.310176665320   6.639797908640 
 6.759136070757  -0.371581689592 
 3.649507589851   5.829704900889 
-6.807064107335  -1.907296365080 
-7.075908846945   1.396798830440 
-2.017225963542  -7.001452854449 
 3.987269469023  -6.312029831975 
-5.725603428273  -4.827088127222 
 5.773972136323   4.814653899255 
-4.768485412952   5.831056687011 
-6.736807283770  -3.574020703778 
 6.889048775500  -3.312534400946 
-5.975207993365   4.867651809891 
 2.078142605033  -7.490950566481 
 7.079608644915   3.337448949573 
-1.002472963975   7.771420734409 
-2.646199202795   7.376973783234 
 7.893709927630   1.387935157253 
 0.507591370809  -8.165151028253 
 0.771786385136   8.158111267935 
-7.355765362923   3.766417091011 
 5.945992991060  -5.946014166525 
-8.445322269484  -1.117706420091 
 8.454958725552  -1.760646794032 
-4.692811674966  -7.349359495133 
-3.183964159171  -8.137357438123 
-8.711054658268   0.953533925647 
 4.645351768096   7.498659095235 
-6.130279552260   6.472202830036 
-8.405101330615  -2.999949153548 
 7.325295341766   5.357629354282 
 7.449013059982  -5.193255319465 
 2.875449661984   8.618385655689 
-0.946071317743  -9.077860440048 
-0.540234988940   9.208099130016 
-2.382144817568   8.930371121950 
 4.495429285530  -8.138527059018 
-7.445643702083  -5.860210444957 
 9.046804995730   2.877400906792 
-8.396972128449  -4.558898569388 
 9.588305187714   0.008744267366 
 8.895818817629  -3.754027465974 
 2.690458596158  -9.353663209324 
-9.378366755917   2.776743832222 
 6.626811938375   7.268526746706 
 1.052231647108  -9.832673577349 
-4.855408844494   8.655747964577 
 7.159773324603  -7.204362514368 
 9.177213599922   4.551368410754 
-6.604091879620  -7.896975776382 
-10.345461975931 -0.373266026754 
 4.052003061923   9.610522986119 
-8.399663972549   6.197453335123 
 1.640461483772   10.329020003415
 10.291386470678 -2.306112852988 
 5.863698776943   8.859614950121 
 9.109535565299  -5.487719014485 
 4.267429479893  -9.856381021905 
 6.512721494759  -8.578408153947 
-9.762276005251   4.662879770458 
-0.221915527360  -10.857306741602
-10.758772212795 -2.114380622408 
 10.608726688569  2.789840895392 
-7.610804187314   8.032207508288 
-2.831051636149  -10.772536261946
-4.698476700907  -10.177245314458
 10.277663756118 -4.476738503621 
 2.427546074777  -11.070783194677
 11.308225317079  1.197143265082 
 7.464364119336   8.606963455990 
 8.732570197909   7.338210682274 
-1.895218501012   11.337700982257
-11.391009068078  1.911732984214 
 11.509563195802 -0.975444729986 
-9.984771761563  -5.949349137407 
-3.772318016631   11.029981069026
-11.181159450882  3.523675136085 
-6.771788745630  -9.652058116639 
-0.293148444280   11.808418270243
-10.939928795486 -4.676255361629 
 5.632242902131  -10.555504457101
-12.009744904905  0.047662456775 
 8.822211576536  -8.240412063656 
 10.660873983168  5.673702259676 
-8.957293705373  -8.248259905310 
-6.334373765157   10.565396453643
 11.630005899299  4.098189581744 
-9.724770127116   7.584685029970 
 3.270408973266   11.946510424539
-7.841330613230   9.596674057001 
 4.443221148732  -11.619665299903
-1.437115559530  -12.420760276924
 11.775707115411 -4.231514560478 
 1.544394440128  -12.552926759777
-4.159772865751  -12.021052100723
 6.795190671543   10.876382238264
-11.200616146669  6.294877617340 
 0.073855514404  -12.856631349919
 5.337379616104   11.697743729438
-1.459323821157   12.802198529071
 8.749280940920   9.482819562809 
 11.401395849722 -6.083904069332 
-5.074005687114   11.935627658510
 12.864802947597 -1.827753572339 
 3.157988884635  -12.617426687856
-11.484192103855 -6.114687096542 
 1.941824602636   12.907590175013
-13.002895571337 -1.297036593732 
-12.991281688636  1.457778999924 
-5.909445057949  -11.807908500214
 10.465198947138 -8.110333882575 
-10.888815470094 -7.588795204974 
 0.055412189747   13.303749625006
-7.298045929582  -11.189011137216
 9.286098044256  -9.693504671838 
-12.470990768673  5.140447789926 
-12.979060418600 -3.777596078979 
 13.354863020766  2.213063206126 
 13.116328273485  3.702712997251 
 10.758070168841  8.393945190781 
 8.113374487440  -11.006921493342
-13.279671305409  3.586743259770 
-9.795108167226   9.705563773127 
-10.240252328357 -9.250898321116 
 13.819219068542 -0.502521552757 
-6.825717143716   12.080178369111
-10.918587228483  8.623576767943 
-8.815395750054  -10.766648913739
 4.735582458971   13.155643842127
 12.967696646101  5.241128411527 
-3.955914671450   13.528466840978
-2.481556617850   13.906217590427
 12.353787732062  6.898630621793 
 6.639198361479   12.504049855824
 2.432613175861  -14.050412961500
-4.362087448586  -13.633974077022
-2.457271614886  -14.188711247822
 6.206486031189  -12.998465843235
-14.405643903316 -0.312822686006 
 0.330476593962  -14.433383560056
-12.839823988503  6.622775715787 
 12.124265930373 -7.862900393591 
 2.863720526127   14.270611361112
-12.469514231733 -7.665121751419 
 9.124705432128   11.485079261151
-13.254151856632 -6.312641840703 
-5.905578570720  -13.487830229537
-7.289996960833  -12.859651318187
-14.753255059869  1.197629964777 
 13.277438501688 -6.844547653146 
 14.838785666851 -1.798437386425 
 4.963180767398  -14.116960905080
-1.241479682002   14.926498765831
-8.666936538566   12.231244030767
-5.811007944252   13.822873121854
 10.380745736261 -10.876604697931
 15.099216545603  0.596581362315 
 14.693781909063 -3.542346534546 
 14.975554404398  2.165990151762 
-14.272489438293  5.033933372650 
-12.480343649512  8.575419939329 
 11.758480151216 -9.578656113330 
-14.793276557634 -3.453622648357 
 14.645705007237  4.145767873048 
-10.464544404827  11.096149571371
 14.191460507723 -5.596814213930 
 12.218442671907  9.221385200251 
 13.875536973476  6.956340357276 
-0.726546339496  -15.561883616035
 1.556174693417   15.514460037461
 7.316175917233   13.852975902993
-11.867072397600  10.353394597558
 10.868976854922  11.402286823968
-15.699669855343 -1.379148784959 
 2.727888666364  -15.523844521680
 0.023026454620   15.811584448825
-15.346330877193  3.831701832309 
-12.300873279447 -9.946183185914 
 13.442378475193 -8.615074859330 
 1.210763948812  -15.995850757646
 3.563627102064   15.643447083714
-5.037305346091   15.247959801730
 9.749398965818  -12.853273861804
-13.513461272112 -8.834909748482 
 8.529807509045  -13.755930513296
 9.313156154368   13.243861343019
-15.288703570785 -5.356301410471 
 13.744053424477  8.593488036165 
-9.911084718486  -12.855713143732
 6.107883562726   15.090537888453
-7.182210592685  -14.648913841538
-3.654932021415  -15.907144898072
-14.644545727179 -7.436969477516 
-2.586102459955   16.241565111239
-11.734002373736 -11.554797254117
 15.579629220027  5.354000217233 
 16.479937295400 -0.679273514910 
-7.772463826061   14.565692412283
-10.314941068776  12.945526713707
-14.802453155408  7.470626669866 
 16.237227564707 -3.387519795289 
 6.108373093500  -15.425825415453
-13.524789227934  9.674325103924 
 4.102971811883  -16.154534362570
-8.823316889855  -14.194101261051
-11.641290970765  12.030104507512
-16.506069886466 -2.826969710504 
-1.773503150406  -16.667177505679
-16.688266703774  1.667290430477 
 16.422786775627  3.407882045545 
 7.629314404146  -14.978557777960
 13.560937815167  10.161963914539
 15.745427624841 -6.325505622358 
