-0.385721129879  -0.364397365320 
 0.857738505660   0.643033486391 
-1.787901041436   0.906805567979 
-0.123902500313  -2.078548247808 
 1.919206380977  -0.824062085663 
-1.950696549392  -0.781790450552 
-0.646213952291   2.163881501500 
 1.783342512105   2.463846441616 
-2.146821345109  -2.334133615862 
-3.248553865146   0.338324132752 
-3.053924737477   1.940055649640 
-1.057544963208   3.635177171889 
 1.323514321183  -3.726445135615 
 3.574959951242   1.799385838239 
 3.149756470309  -2.579385226953 
-3.938175354030  -1.167891383087 
 4.104174676822  -0.947719783823 
-3.625756243413  -2.699039641649 
 1.615558588884   4.321022704962 
 0.120361762456   4.758513896556 
-2.644489493575   4.075303456118 
 3.189661212748   3.711977409526 
-1.126505808537  -4.866276020922 
-4.944284231653   0.830584701762 
-3.354073039138  -4.180290988292 
-1.612586622935   5.171707328622 
 5.462120076998   0.146000308233 
 1.128980627655  -5.377545072311 
 4.778420043707   2.883828202365 
 4.103437308119  -3.835735105365 
 2.722853352589  -5.003956804776 
-4.928157782604   3.009323876556 
-5.312211531235  -2.295439799147 
 2.904467923427   5.280524433286 
-0.192579433421  -6.112782266693 
-4.146538840260   4.697399789228 
-6.261461988652  -0.350879134757 
 0.818301568218   6.560596857152 
 6.371290417123   1.964424138399 
-3.132580286191   5.888472979106 
-2.506828949504  -6.289797621498 
 5.913437038191  -3.310185657549 
-4.911130570350  -4.821124237220 
 6.821005992401  -1.390908489489 
-1.006556491363   6.946703026167 
 2.671806605869  -6.518019015932 
 4.494940816918  -5.583470477605 
-6.180164633761  -3.645744112688 
 4.450344636369   5.686350495260 
 7.278760890427   0.644863122728 
 2.630417567984   6.854837146351 
-6.097345240940   4.192988189390 
-6.844883251997   2.826900112789 
-7.104316600002  -2.404473349325 
 1.090066778203  -7.439024117265 
 7.021738725911   3.341429400963 
-4.352021647160  -6.479495459289 
 6.282345875639   4.855732034385 
-7.955223868321   0.377344405298 
-2.980480328980   7.394454184847 
-5.230933946346   6.094392007840 
 0.232336275378   8.091180924209 
-1.332803327690  -8.058854022363 
 6.732347082320  -4.737259392358 
 1.764245611343   8.080765669730 
 4.160311930708   7.333091431693 
 7.870156907199  -3.620655162015 
-4.496319139796   7.412455376360 
-7.644909189904   4.099144180181 
 5.585639985042  -6.754719419566 
-6.525412646586  -5.952469079649 
 2.785174251988  -8.408591162822 
-3.830315634076  -8.221041562899 
-7.129021242135   5.649356412111 
-7.887264597529  -4.537598016945 
 8.865106050371  -2.104883752141 
 9.102552004512   0.415775031733 
 3.222850404277   8.539567686315 
 0.736823223970  -9.112080486199 
 7.843230998675   4.826194796836 
 8.588373914116   3.428357039801 
-9.363154145263  -1.323015087614 
-8.942464734024   3.249922460044 
-0.938971543348   9.523746245940 
 6.550392041432   7.043657804723 
-9.012436518309  -3.392265644174 
-5.929630933871  -7.615128323730 
-1.986565157680  -9.477072527606 
 9.491608403360   2.171076413474 
-9.672652223243   1.348773992875 
 1.655289554180   9.717541683992 
 5.285941829569  -8.375563669885 
-4.203365440483   9.104497635726 
 5.368603335741   8.524031074210 
 10.223082372133 -1.353873355116 
 8.279719314796  -6.231124788313 
 3.120744097198  -9.929095819307 
-5.132065380387  -9.084709863197 
-3.461773401026  -9.891269630721 
-2.989237536977   10.060617235136
-7.912918397476  -6.940665359824 
-9.099184157671   5.320274790160 
 4.297533967075   9.636083844503 
-8.987789914532  -5.582685730093 
-0.913098114163  -10.593312228851
-6.205880313233   8.640970853607 
 9.329448973576  -5.129659699683 
 0.074719345222   10.773893706225
-10.489262011895 -2.631260079047 
 1.250842839057  -10.884385399477
 8.484290745089   6.958727986946 
-1.545559522270   10.925144339734
 11.033137638618  0.565909031976 
-8.779974084326   6.852259276417 
 7.813118514667  -8.000942052741 
-11.202350635726 -0.457747505903 
-7.722919251983   8.163536079754 
 10.918631135319  3.195800239976 
 10.620965333844 -4.148032735162 
 7.397614294951   8.803136064352 
 1.744793908059   11.406271306064
 10.454065835385  5.093804683599 
-7.794791826818  -8.675142062893 
-4.565608615148   10.753737427978
 6.171642184479  -9.957544760362 
-4.599549720772  -10.994364368312
-11.666666122363  2.454962676009 
 4.125454179932  -11.190283170034
-11.946109532596  0.923995545264 
-11.186871415615 -4.409152282248 
 10.035384852312  6.627861709294 
-1.577641274394  -12.012834251244
-6.795287109710   10.045392614807
-6.973747702398  -9.931887573837 
 7.607472576720  -9.492398128744 
 3.827744797302   11.549320879233
 0.286097938868  -12.248702027723
-12.209959467395 -1.651616371458 
-10.678613501931 -6.172086548036 
-11.480046934709  4.525809824474 
 12.205780324812  1.927339655387 
-2.543269841162   12.151208174463
-10.591308694571  6.615904184051 
-0.989911707149   12.525112194917
 10.697534979102 -6.593311526588 
 6.973448752211   10.551470109359
 9.311437672478  -8.578848262248 
-3.041077963212  -12.362856372066
 12.022316965432  4.295087110939 
 12.702308713498 -2.149035425760 
 12.374253758994 -3.655084879496 
 2.728283406939  -12.680422116840
 2.847190104092   12.697328884104
-9.031388535919   9.394468630968 
 13.074319946001  0.341785189436 
-10.502541207904 -7.817883063350 
-10.105815888454  8.346219174543 
 11.670433001691  6.101066768371 
 0.981048501413   13.151104020789
 9.646192442341   9.043957978972 
-5.942095542909   11.834462663407
-9.302959570560  -9.434671955530 
-13.155806575434  1.925169975203 
 5.627071364193  -12.052561625255
 5.379416593348   12.169629223651
 8.616785034886   10.278081095557
-6.663789050706  -11.640787820644
 4.290676182118  -12.734556490848
-4.635373579507  -12.653549268323
 12.300061754133 -5.581432308554 
-4.672942421781   12.675604142691
 11.013418494391  7.846457959365 
-0.754943752334  -13.501660818090
-12.262837214008  5.895215727238 
-13.345376738330 -2.742978952433 
-12.945486153352 -4.250354927183 
 7.143175359649  -11.684859330415
 0.834708496059  -13.710400972917
 8.572812965913  -10.890976749231
-13.922233306989 -0.058487499976 
-8.149490773726  -11.351127282292
 13.856590989515  1.991435486832 
-12.684829637466 -5.986469365722 
-13.375346799507  4.329707686930 
-0.979263788098   14.043192355509
-11.784982517127  7.743085874755 
-12.151595588725 -7.463268556773 
 12.283195558549 -7.305712633831 
 13.559884909042 -4.675733349063 
-8.544940636240   11.721249420800
-7.287697665973   12.650817970826
 14.688611568128  0.362356096658 
 6.508284148406   13.209382026009
 11.221032492660 -9.543497822644 
-11.688394872851 -9.044503587104 
 12.746780177891  7.483358009592 
 2.436393734730   14.657671527229
 11.366367621917  9.753605369943 
-0.036666821993  -14.991444769990
-14.900623568768  1.662599366257 
 2.274519017019  -14.825360996463
 4.397986034740  -14.403441395876
-11.635049670436  9.590923787571 
-3.503276869252  -14.666538503229
 4.274559139092   14.463077280794
 8.074479587709   12.741451683040
-15.033326414608 -1.913902176304 
 10.438749551205  11.047768380117
 14.870608158054  3.285745019476 
 14.340870381573  5.126542886415 
-13.472560286804  7.209999833864 
 14.811599980405 -3.806530051965 
 8.306239800137  -12.886101563280
-4.840603704522   14.547928284328
 10.065222918730 -11.599625882076
-1.711333769278  -15.264805982718
-14.467289426087 -5.191075523330 
-6.253143764619  -14.055676076185
-15.034128247874 -3.475227355414 
-9.651319667152  -12.051457345277
-15.124958920097  3.170588535085 
-2.984940331946   15.201675463660
 15.426517336235  1.706202509944 
-10.947833249009  11.009928507489
 15.446135345548 -1.642574946717 
-6.564185151559   14.117150675533
-11.493521443219 -10.623097698443
-13.255433661844 -8.538793130665 
 0.093285488088   15.779649399314
-15.804339384434 -0.368368616508 
 14.744426978475 -5.940844074356 
-14.927790856543  5.714721170833 
 14.235157556000 -7.458185569490 
 7.451340912781  -14.240042324138
-13.130190600048  9.349953918551 
 6.627248062474   14.749812034570
 6.027689326968  -15.032641054584
-8.016151838401  -14.076515866086
 12.864550146810  9.939193379036 
-10.330360067642  12.562002573180
 13.893547975403  8.809538886350 
 1.743809415713  -16.455974140375
 10.129742770221  13.169642338177
-8.490583130994   14.290876894082
 11.995212043843  11.582317294550
 16.102443617674  4.446183750324 
 10.255094461994 -13.208834575745
 11.433018802503 -12.261140832060
 12.595284186462 -11.078540870179
 5.033502460780   16.016845474893
-2.758483994687  -16.610901829378
-1.207500611035   16.795424099501
 15.329532279707  6.982044106972 
-16.178985057685  4.696282737075 
-15.819059569789 -5.844704324310 
-16.703970047537  2.467632120194 
