 0.403125886156  -0.385737320280 
-0.503663058027   0.981084872370 
-1.102078597034  -1.383726976692 
 1.953862556278  -0.750679359402 
 0.850729975644  -1.955267875724 
 0.895680807381   1.957752498216 
-2.433241366445   0.319191049826 
-1.986871389490   2.017180617005 
-0.583370807623   2.968640527279 
-1.702464287272  -2.970829634549 
 3.466694230733   0.022559081667 
 0.572710521076  -3.653257791087 
 3.460075633226   1.630543564457 
 1.148299898958   3.749469086644 
 3.485276906154  -1.804928820881 
-3.755072734888  -1.600216270015 
-4.073988507781   0.625392002684 
 2.950052217334   3.173463608490 
-0.986743606137   4.416538534378 
-3.580058182757   3.135882484537 
 3.301138453199  -3.560123553056 
-5.369528527926  -0.519044879884 
-3.752426955417  -3.902878631735 
 0.761980154462   5.407075045049 
 4.970568775522   2.389559999620 
 2.280990397906  -5.072807362018 
 0.789780134020  -5.662657873907 
-3.318087108263   4.667504509311 
 5.701562656869  -0.635368748317 
-5.209820817412   2.532944759238 
-1.843325128334  -5.634075716328 
 5.500826298144  -2.534589196573 
 5.994266962994   1.068255899239 
-5.974329881145   1.217459038325 
-5.309403349976  -3.052447214549 
-1.167832185972   6.019407053811 
 3.155926840323   5.630041070506 
-3.498654302822  -5.439835272794 
 4.527407878518   4.912916020885 
 4.555068408657  -5.036207357380 
 5.871634870104   3.613029253527 
 2.007865874185  -6.708022136650 
 1.064482128835   6.971128951752 
-7.032728220935  -0.630350631521 
-0.297480446444  -7.112571936568 
 7.152418758738  -0.050447896124 
-3.527216187442   6.251910197335 
-5.370793471202   4.806192559146 
-5.365623402969  -5.028344338748 
 7.263955310571  -1.954703799727 
-7.291285031933  -2.496959562829 
 6.921424032905  -3.440101194382 
-7.464447489360   2.071556534845 
-6.744649366649  -4.040434014643 
 4.197321052334   6.738337003491 
-3.970649361045  -6.913380060259 
 7.374930911678   3.173426726806 
 7.901546870303   1.484346670636 
 1.405406947973  -8.158065801496 
-1.650708012054  -8.209294612612 
 4.165456316239  -7.272837191394 
-7.004894369926   4.752254097908 
 2.801009250730   8.107060872147 
 5.885669224402  -6.278074993756 
-0.980510570091   8.601576267667 
-2.700930098169   8.274067430033 
 6.686789113288   5.663155310299 
 7.318961684296  -4.899692498445 
-8.721510464608  -1.432795174876 
-6.886338888019  -5.580443410857 
-5.701784302333  -6.837663307035 
-5.617686812301   7.149893835059 
 8.846438980766  -2.141552065190 
 7.888765902969   4.607069551257 
-0.104668054782  -9.198543512255 
 0.558342827437   9.210587138061 
 2.896757252912  -8.928450777130 
-3.015188926428  -8.939687636083 
-8.549321427160   4.132783126921 
 5.751175465676   7.560857369020 
 9.601241290181   0.073209192693 
 4.193620920943   8.668416633221 
-4.691431995444   8.413898556440 
-4.918596634986  -8.294645036872 
-9.646160780850   0.393648611013 
-9.502882486584   2.008217573328 
-7.682051626791   6.222943163751 
 9.729557606948   1.856046206538 
 7.262473988203  -7.009917353569 
-9.100692773594  -4.413114900655 
 2.245808683488   9.907804428276 
 5.319670498771  -8.680619132837 
-10.107331707876 -2.213502189603 
 9.710106378589  -4.041612979504 
 8.396375520075   6.368248807872 
 2.319186239815  -10.324449540950
-6.488094435759  -8.385701798461 
 7.376073073262   7.709400362657 
 4.096047981247  -9.853967572964 
-7.270734677632   7.856095642418 
 0.373218717779   10.799942357384
-2.043722224225   10.705328777508
-8.065046803608  -7.388285507959 
-3.792961108537   10.259068715193
-3.573473080512  -10.375929631203
 9.252131762127  -5.906836908803 
 0.390265497766  -11.024797328574
 11.100186188581  0.376897419256 
 7.137490765896  -8.510627447039 
 6.258610647364   9.181994116547 
 11.110927206586 -1.277677779001 
 10.834010119122 -3.001410432346 
 4.518193784828   10.298872898478
 10.271792295037  4.600439739390 
-2.163032701321  -11.092301451691
-11.447404752588 -0.350817558144 
-9.234818391532   6.886902666739 
-6.740103328934   9.408125449834 
 11.330475560966  2.540605176017 
-11.128535952524 -3.395678198469 
-9.618579620441  -6.581710813922 
 1.949376433547   11.534490498128
-10.659271890883  4.889417101037 
-5.952005146196  -10.152476436741
-11.351595448364  3.366539733721 
 9.931699828463   6.488251411811 
-10.814847731209 -4.878362702768 
-11.872764641738  1.226255904677 
-11.803732562189 -1.929849798411 
-0.359105253585   12.145861044001
 3.472771881048  -11.668365340952
-7.617720367397  -9.506081310572 
 7.821448708765   9.398045702414 
 3.593458394094   11.822087733839
 5.123551333432  -11.251619283544
-8.827446870112   8.755071185460 
 6.164776793087   10.875622604744
 11.682902810917 -4.646255945232 
-5.285076203596   11.504141348962
 12.340875081464 -2.958252337003 
 7.075510282282  -10.598185422023
 2.181948550358  -12.555961169567
 12.743128056689  0.336480143154 
-1.933224769044   12.619914939802
-2.056126939620  -12.690525058229
 11.315487685331 -6.121225594648 
 9.905321870694  -8.275744069361 
-6.774533878698   11.052514006396
 12.907570378689 -1.549941614221 
-4.713209047905  -12.126481800304
 9.429023539889   9.192068817375 
-9.161940782662  -9.498970222555 
-12.008042061806  5.555087311571 
-6.310998449777  -11.643852388454
 11.730303144464  6.249981166590 
-13.303113787989  0.223015730669 
-11.913177460531 -5.987201713409 
-13.125739160940  2.416488517805 
-0.292390883207  -13.356164152112
 4.964993095861   12.438764163158
 12.503570460571  4.863739099072 
 1.126313772551   13.410943339300
 2.803559280470   13.172108508647
 13.200338739261  2.841085096015 
-8.816631069792   10.304942525898
 10.933337144991  8.049217245812 
-4.148961673515   13.019097805911
 6.257139237120  -12.283797465338
-13.607892467395 -2.241432401417 
 8.873863373435  -10.583969676672
 11.408088318658 -7.849448186883 
 8.278130515378   11.159289674789
-10.650181136844  9.060725230844 
-13.218196001866  4.562936051180 
-12.070833511291  7.271311817985 
 6.863829476690   12.324214022781
-11.298545180924 -8.607186401524 
 13.394910983232 -4.743647749085 
-8.095832848075  -11.703721403714
 13.922855808082 -3.002644345263 
-3.107014707718  -13.909441754127
 12.863180549505 -6.196838303617 
-6.423608820600   12.806455001726
-13.795624796513 -3.941581326236 
-8.084911196510   11.876386850671
 3.480392467772  -13.943813936405
 14.396753538312 -0.451252419951 
 7.760772310340  -12.226988648197
-14.561392105245  1.180103137231 
 14.535634730677  1.578082680338 
-6.498978233621  -13.133475958147
 0.065619004795   14.683508824581
-14.277516963335  3.436141525774 
 10.918132735792  9.826315700756 
 10.464021751569 -10.398800606294
 2.394786856377   14.626935083815
 5.714815604230  -13.706786803580
-1.090737234927  -14.834630297457
-3.587308900950   14.455256027268
-13.222653497009 -6.862055577690 
 13.096974224477  7.113840847490 
 1.115804377478  -14.866149447554
 6.078738783380   13.629265307655
 3.924938368756   14.503018135031
-14.962341438354 -1.596265217111 
-12.270627201216  8.853051211814 
 14.795630274653  3.227527658505 
 11.794518734407 -9.527161801754 
 10.056492908164  11.425436545635
-5.541039838788   14.180271388895
-1.662712915576   15.231308584716
-10.477679254276 -11.185301775243
-15.172735842372 -3.283680027639 
-14.618446359337 -5.251484667868 
 14.338592708603  6.089691634278 
 13.510381386563 -7.756573600656 
-11.298067645548  10.759028677321
 2.590053469661  -15.417720620927
 15.577439605268 -1.864238299482 
-5.057606221911  -14.852785882910
 15.682524093349  0.513175981943 
 9.033703393649   12.940572297214
-9.195068247680  -12.859752020553
-8.383869018262   13.420398291933
-13.792555614967  7.808077829176 
-14.698256887102  6.127498561804 
-13.055184985741 -9.181030801815 
 5.381169581521   15.049830647871
 14.879857424137 -6.012396192933 
 13.058980252288  9.346939391808 
-7.096345911155   14.440452528757
-16.124704294325 -0.405655337263 
-10.473081249930  12.276181235788
 15.473965143649  4.721947414988 
 9.317071665355  -13.239555267818
 0.991476022618   16.185283975150
-15.915258478474  3.233572611662 
 7.278912032465   14.538872693039
-14.805983074008 -6.830376056001 
-0.658351233056  -16.396022414512
 3.152684557334   16.124993827879
 16.116465692819 -3.675905268307 
 5.849430877573  -15.506423313025
-2.885991080172  -16.342029047219
 11.050934299697 -12.396026934393
-15.824253002097  5.075672829396 
 16.516340125904  1.890515716277 
 7.980169603725  -14.631436398206
-13.045278065722  10.414264334638
-5.878531251510   15.649513407985
-16.883918888668  0.922039043171 
-3.731264189817   16.522801124205
 13.335682306392 -10.448550920782
 16.653315691340  3.439139569754 
-9.083917592435  -14.380680164709
-16.608519526139 -3.782061541723 
