 0.427075544623   0.590968301162 
-1.621174753791  -0.569100152739 
-1.324470446524   1.106230624580 
-0.493403513605  -1.709891972444 
 1.220283707228  -1.849000327064 
 1.304374716850   2.040520673748 
 2.571469124798  -0.750675108503 
-0.200480749387   2.725596496917 
-2.098379270911  -2.089213311024 
 3.109987216954   0.929594208831 
-2.881416059311   1.883096509069 
 1.491280841251  -3.340567926221 
-3.840326567458  -0.091204286366 
 1.590655135658   3.671425729454 
-0.999948266356   4.094967931105 
-0.337534491067  -4.228744881710 
-2.124042769626  -3.737613132622 
 4.128343162002  -1.615796857146 
-4.153588333837  -1.922996695761 
 3.951497914103   2.354931023596 
 1.085877058750  -4.811342975375 
 3.669879359964  -3.311245187283 
 4.956897618793   1.066990697058 
-4.515277895412   2.452013055648 
 5.195494785693  -0.530256307272 
 2.585618072397  -4.613297175236 
-3.703704746963   3.826473766910 
 3.585930024521   4.168349146926 
 1.535700651058   5.307007890658 
-2.210225931886  -5.321334401871 
-0.672012459021  -5.723482602824 
-1.279602048070   5.729437364235 
-5.919524363700   1.115635960001 
 5.578325471908  -2.521829262579 
-5.992428431465  -1.304767916453 
-4.926126394384  -3.668004577600 
-3.885233182545  -4.901029722458 
 0.373452446177   6.388423954313 
 1.564136770248  -6.320390029542 
 5.437755076469   3.717736181681 
 6.449753707515   1.604782043260 
-5.223425931335   4.227755985183 
-3.742353560721   5.827190769520 
 3.277807103496  -6.130980737622 
-6.399866711865  -2.961002462981 
 4.152478564521   5.891225069804 
 7.278893997029  -0.267790719948 
 4.936937277068  -5.619354534472 
 2.591560088962   7.048619869333 
 0.127772467539  -7.536408847916 
 7.316090413404  -1.855137320618 
 6.114473407940  -4.649465623165 
-4.492389377327  -6.355501686815 
-7.152617696966   3.122123488419 
-0.663579994421   7.858613790854 
 5.778030510799   5.400089230915 
-7.895695753882   1.603421064907 
-7.870765861547  -1.945366647278 
-2.168381689583  -7.889443295204 
-6.416399162368  -5.213185288411 
-8.300228038539  -0.330722110727 
 7.777393189810   3.053771525981 
-2.536531496838   8.080359453073 
-5.952318565059   6.280307709239 
 4.505024752939  -7.532664357280 
 2.007308193413   8.566908256290 
 1.692851243677  -8.675315805522 
 8.214841189639  -3.392373040477 
 3.648527723286   8.195147104826 
-6.222427292493  -6.778311615527 
 3.287680491051  -8.660793583910 
-7.970995947246   4.723142275315 
 5.282027862909   7.672494068784 
 9.255456040676   1.180565790525 
-4.253119220947   8.321777091740 
-9.358936535885   0.752290853111 
 7.019956454392  -6.309577301188 
 9.444642778460  -0.520234256093 
-9.077509445428  -2.961298043121 
-4.605469896642  -8.392064519659 
 8.284841862725   4.814930195634 
-1.256285153981   9.570058492951 
-1.759373612023  -9.495396585244 
-8.621520376234  -4.829113079522 
 1.234455398629   9.936706690312 
-0.072073095361  -10.024494334544
 6.300376735309  -7.963760881941 
-10.209304258011 -0.608303066177 
 7.789726303221   6.716294884134 
 10.073315361307 -2.098977658647 
-6.245472809265   8.181566890669 
-9.608541400590   3.782598221536 
 8.933102407923  -5.251542346250 
 9.757474332744   3.583386973232 
-3.716556704929   9.740357449998 
 2.942940632838   10.065265869172
 2.093825290534  -10.441589554373
 10.696053545821  0.550204199598 
-6.222389875824  -8.800189409664 
-8.319553728104   6.881211179604 
 3.751922990245  -10.177277661444
-9.317056057905   5.632978391230 
-8.129124861524  -7.298402974644 
-4.503528014876  -9.969814412357 
 4.562647212133   9.951749673894 
 7.185416713206   8.322566317762 
-2.030666405412  -10.999149286337
 5.802450232308  -9.575791444200 
 6.123310032210   9.399795078307 
-10.983312171199 -2.290954074233 
-2.637186205446   10.914589190756
-11.009757784131  2.340883684621 
-11.244508221978  0.675477350289 
 9.303347673343   6.376620333794 
-9.448618908214  -6.513736072556 
 11.001338583335 -3.505236986616 
-10.485964957400 -5.321799434073 
 11.564197464257  2.309254812811 
 0.131662045301   11.800477442098
-6.378984574709   9.959221594225 
 9.748594266503  -6.827165140399 
 10.846636071472 -5.073899595303 
-11.319472807908  3.971948167492 
 3.624696948034   11.515306888275
 8.793173870344  -8.291310369075 
 10.700645299864  5.699717671196 
-7.849679900838   9.319653187969 
-0.708535637452  -12.230145359316
-3.603352285474  -11.728886380380
 12.254966125347  0.690547989720 
 7.653336728676  -9.601514439489 
 5.370355002720  -11.101980217941
-5.628058152124  -11.061717668280
 8.807003520971   8.803699361868 
-11.926118933090 -3.618069360555 
-5.192489062062   11.375190610725
-9.305855046397   8.366376584769 
 3.365446309060  -12.082635768235
 1.780880598741   12.502455877663
-7.950339583280  -9.867130530745 
 1.433450581946  -12.598527707557
 12.687095716259 -0.962789555125 
-2.013989994568   12.603212156226
-10.943343400242  6.764654628421 
 12.361838251082  3.634443955027 
 7.324718431010   10.633052054133
-12.934073478983 -0.059730865642 
-4.035666404469   12.339890130512
-12.781464493110 -2.354505464868 
-2.149691753989  -12.828290594254
 5.569395527555   11.774835735653
 12.752985406212 -2.712594007323 
-10.760570727899 -7.426416272009 
 10.360019788876 -8.310417388058 
-11.833009145281 -6.035101509997 
 0.020212561895   13.343297738317
 6.854860999391  -11.492411577656
 11.352812559117 -7.166027202878 
-12.193042243111  5.640920970401 
-13.343079757761  1.688790476889 
 9.107946551601  -10.070139049343
 12.253699691014 -5.851510524530 
 4.767799405965  -12.818771348671
 13.565007324924  1.896227900449 
-0.407456773342  -13.726719889114
-7.374813807047  -11.584920243107
 10.937121972046  8.318492014992 
-9.473887779338  -9.969236735492 
-9.072987115874   10.404307253101
 12.187873964437  6.509125911322 
 2.878230302764   13.532511560070
-13.040230430201 -4.768366195823 
-7.189977060851   11.883151997253
 4.435913715521   13.334857632111
 13.283355118376 -4.731459346771 
 14.107376841385 -0.388331953119 
-14.078474274985 -1.060913781831 
-3.915014717284  -13.570423603853
 13.873033900629  3.711610854796 
 9.837259973342   10.471391870257
-13.942001263804  3.518467423471 
 8.333912671751   11.783044927424
-11.015423324004  9.452135533868 
-4.014080967633   13.991203585859
-6.397045647557  -13.074700500877
 7.093725372011   12.775652928364
-11.405976495693 -9.270824560286 
-1.791934361043   14.607677231253
 14.666356017021 -1.871714252092 
-12.200903012040  8.385374911066 
 14.410813374511 -3.484245831850 
-13.755199763243  5.545366231946 
-6.111944611819   13.517567863284
 3.332166379878  -14.493540803231
-13.407925506822 -6.464230770264 
 14.907905354268  1.008260146335 
 12.725020625407  7.942284223718 
 1.644662192970   14.953753343469
-12.687691990367 -8.170569114098 
 10.719070261886 -10.629371868100
-1.130559442138  -15.059807996271
 5.848235745557  -13.924488522527
 14.024174373509  5.752332384252 
 1.580625129423  -15.091728006587
-8.534889518557  -12.563237236612
 14.973091156970  2.579969441402 
 9.273284826311  -12.080755456528
 5.951439498769   14.022535010086
-2.795894931398  -14.984248903250
-13.536255043670  7.080596720917 
-14.828988431519 -3.898837833864 
-0.034799622125   15.344608975526
-15.335289785580  1.190293851898 
-9.393294093628   12.212560244025
 4.411554191107   14.872576125956
 13.001970454928 -8.498222588381 
 12.036539957863 -9.840360649605 
-15.569285492253 -0.344648808318 
 14.846466200816 -5.092408804515 
 9.749821473863   12.343568007763
-11.146250770217  11.200114730480
-4.296788995856  -15.225550458922
-15.768133272758 -1.884568199941 
 15.179709025346  4.736931109259 
 14.135463145469  7.286480115580 
-15.572448891097  3.298447378512 
 7.876350048526  -13.844852241033
 12.406128006589  10.029395739132
-5.678024373750   14.978041728870
-10.704403870530 -11.960860140378
 0.048039159423  -16.058030136777
-8.784373570868   13.604918597767
-7.852826241536  -14.190082885798
 14.364498612314 -7.586547822898 
 2.805756213052   16.095821568602
-14.522495321425 -7.569579053851 
 10.839334881840 -12.367193048085
 16.207947550784 -2.793719248936 
-15.341755855310 -5.973905618267 
 1.120682616399   16.430550074335
 9.389360436897  -13.647525749664
 9.078385629271   13.890304530623
-7.193702555969   14.979079955443
 16.652963431287 -0.171753030965 
-13.944982288836 -9.143203658651 
-2.940553612386   16.466107039073
-12.247754824699 -11.421206924771
-16.648135353984  1.958838013572 
 11.920471428706  11.822808181674
-15.965278082904  5.196447522961 
 13.889974294468  9.448752502506 
-1.278409517598  -16.807745304599
 13.590950894987 -9.974117031335 
 16.842508613992  1.436734970332 
-13.647290665216  10.006502632846
 7.611123049625   15.126488200247
