 0.063629753001  -0.239392969417 
 0.729207916044   1.716543825104 
-0.986996125711  -1.807671853100 
-2.055699849106   0.264193361698 
 1.415901071703  -1.952027646205 
 2.541822908310   0.540842722118 
-1.193825697195   2.416287678051 
 2.711018741086  -0.953416560153 
-0.230520581553  -3.271588207158 
-2.808875799438  -2.288738888993 
 1.114749244634   3.644880737760 
 1.528713818145  -3.517797170523 
-3.435232729782   1.963227326723 
 2.610122893909   2.986408839691 
-1.725594787300  -3.623797973822 
-3.986499022842  -0.675163497650 
 4.047916357993   0.097749312777 
-0.567563289771   4.098692110466 
 3.618453926792  -2.503289047257 
 4.194438822347   2.168791895926 
 4.722693942313  -1.375966796320 
-3.280978710394   3.703995175113 
-4.181318939334  -3.320502366066 
-5.037571719241  -2.031583125423 
-1.700225822484  -5.165283321833 
 2.469840962713  -4.850187134973 
-5.247362627088   1.887918585705 
-3.113187352297  -4.652568014880 
 0.317974991088  -5.606318481772 
 2.184111264169   5.193159081311 
 0.379715155377   5.645865942491 
 3.619664168102   4.390556669032 
 5.706191021153   1.223173682374 
-2.139447604928   5.568558872205 
 5.958878765724  -0.287878714324 
 4.624062791474  -3.810823491252 
-4.794780476375   4.029482273893 
 5.276274639562   3.545013045369 
-4.619592630165  -4.767741858667 
 6.187367941857  -2.559134761693 
-6.720708894185   0.139115345264 
-3.901680872445   5.540360577821 
 1.387830824353   6.862777512377 
 6.556346720888   2.524715421804 
-3.708459816616  -6.050881884585 
 3.013778921213   6.529668357588 
-6.944248263143   2.190770456254 
 4.961046421395   5.409120312082 
 4.774202371780  -5.638485811331 
-1.151894459397  -7.332697364842 
-7.221216403268  -1.965275698318 
-6.375285158292   4.003063049637 
 1.364522132490  -7.459173363993 
 7.522005771233  -1.373218871165 
-5.404673689306   5.460646454878 
 6.338806486574  -4.364028813092 
-6.220057792616  -4.653175529564 
-0.817961018421   7.869614479718 
 8.082435679103   0.305955845703 
 7.041697637685   4.149729901533 
 7.503217011796  -3.333765446388 
 3.460458552932  -7.449783593059 
-3.392000015284   7.497414795643 
 8.194118253481   1.837271185390 
-8.438520562122   0.451360883928 
 1.456625021693   8.501911180119 
-3.681682274392  -7.812270338082 
 6.447032913075  -5.908661014156 
-5.270772437787  -6.986931355026 
-6.909058337292   5.449977428527 
 6.723914229100   5.737994737663 
 4.741123486366   7.567233175143 
-8.631980312603  -2.706573538857 
 1.345942545484  -9.010193842041 
-8.797095462035   2.499915389234 
 8.511780130428   3.395874751409 
-7.962889090489  -4.569449788611 
-8.114661007291   4.477578410196 
-2.641216740671  -8.972691856400 
-1.051678238128  -9.319204758180 
-1.984543242247   9.167559363623 
 5.876721318243  -7.368185448680 
-6.433481510864   7.118207857999 
-0.451883075570   9.686332364093 
-7.101349532964  -6.656299642134 
 6.244228723829   7.528832096022 
 2.679241368268   9.489609932925 
 3.460818021532  -9.245032074282 
-9.848197901431   1.426024665162 
-4.677635829930   8.796524402166 
-9.984961252495  -0.786800926944 
 1.261412704615   10.002850120432
 8.213930027301  -5.875828886222 
 10.218611085380 -0.184452400385 
 8.395893451206   5.990914043794 
-5.408228988907  -8.799718431278 
 10.232981054767  1.713587255679 
 10.206100335720 -2.110108713441 
 4.672774049435   9.360141508290 
-9.847280083989  -3.744936637768 
 9.891124195658  -3.861540420238 
 7.609818270537  -7.445876023548 
-8.090413073784   6.998584278673 
-10.528432379540 -2.342021006121 
-10.260982507607  3.330457311154 
-6.902965526831  -8.330990513918 
 2.090358483741  -10.638655278401
-9.539657932988   5.177328336680 
-1.791054157499   10.809518579491
-9.546833546304  -5.587350126600 
-7.013021927196   8.588108840752 
 7.851048159983   7.869336065970 
-3.117645402785  -10.722371503923
 6.646981622101   9.007807431118 
-4.586467275934  -10.246058812328
 5.762627986504  -9.647514747498 
 0.169074937414   11.280259650024
 10.469634851977  4.360645373106 
 4.255184770118  -10.528023351374
-3.982120365254   10.639195000225
-11.347736304493  0.655245624595 
-8.465123276684  -7.603535462984 
 11.499189965132  0.840464935825 
-0.188405773270  -11.671995069542
-11.443141137346  2.387124930802 
-5.980477821545   10.075299854169
 11.800248700783 -0.695957745548 
 3.222430239617   11.616653048024
 10.729881886603 -5.523252340658 
 1.519096642211   12.039436466123
 10.672834904435  5.853997991571 
 4.734567506831   11.286617629811
 8.929746729303  -8.390383205821 
 6.094023678238   10.633180223310
 9.959088556464  -7.196141351332 
-12.240019396719 -1.430170383001 
 12.142074139628 -2.192486870853 
 11.719114095838 -3.934468954602 
-2.446130395736  -12.184169285717
 7.841501213292  -9.681113223009 
-10.482557388587  6.890859259077 
-10.747977098347 -6.527520162650 
 12.080932635976  3.580871148135 
-4.550163456802  -11.763284585406
 8.084686620200   9.713989106596 
-5.949509749787  -11.208573927104
 10.302856993864  7.456942653619 
-9.635685365246   8.457366205361 
-12.601993963367 -2.897262023816 
-5.817830242004   11.576029037857
 5.131624650837  -11.951297289180
 2.320674864362  -12.811627716869
-3.854769565895   12.463045127834
 6.867278536541  -11.109490512581
-12.993476243288  1.332957509530 
-12.299271060459  4.436029937105 
-12.315506567186 -4.404793423528 
-11.663637613206  5.921726550343 
 0.482204231267  -13.093324030071
 13.087268710320  0.949333543097 
-1.392793995672   13.126335947549
-9.849309311829  -8.843425407098 
-8.373097467103  -10.257054581140
 9.966412133955   9.149865560574 
-8.677331601202   10.450893614262
 9.392248134254  -9.840179821832 
-13.320860308329  2.814186591303 
 7.226283452814   11.627869925859
 12.518165782284 -5.590211389586 
 12.095971723333  6.498676859918 
 10.810433422099 -8.566462788053 
 3.436064195144   13.374791138476
 1.136170361173   13.765019865520
-2.073341643377  -13.717676434411
-5.895842583641  -12.712688357682
-4.289425201280  -13.359119761231
 13.700838338900 -3.078051475180 
-2.786336955427   13.808688079578
 14.192825770736 -0.891473379224 
-10.248824693802  10.021317468984
-11.352338424730  8.802061331546 
-11.668867693300 -8.453551823056 
 8.664609582502  -11.515528778654
-5.177629881023   13.455865688461
-7.966888129196   12.049375084712
-7.487153157862  -12.406775539603
 11.966712562471  8.178026631248 
 13.426490861494  5.497187607419 
 14.186691158186  3.313066539962 
-14.286312906962 -2.855499484879 
-13.344855964436  5.858829915199 
-13.378029385071 -5.808196079179 
-12.655015257835  7.326213255418 
 5.706450895370   13.473852339792
 14.592944731872  1.226393671657 
 12.340331380237 -8.023720989153 
 14.061426416269 -4.640202391516 
-9.108663498864  -11.682538217560
 4.689042547472  -14.058138947464
-0.492561345259   14.815325884702
 8.800547305518   12.000425002015
 0.088811458927  -14.881679618260
-15.001847475817 -0.444035369765 
 11.218101755609 -10.028989999070
 7.747379643824  -12.902405635449
-13.141578485770 -7.372297471717 
-14.523879034049  4.151287731572 
-14.997467883434  1.838875485572 
-14.440507149135 -4.505999115742 
 2.643169600422   14.937580821698
 10.275606900935 -11.204696338136
 7.341660048538   13.340169902650
-10.513345147505 -11.072121936583
 10.706016232196  10.948794783567
 2.009727123839  -15.183848639321
 13.954950377400 -6.333797474098 
-3.713500022261  -14.998367812372
 1.215897663503   15.517647285283
-2.832665642495   15.314775407695
-6.799501101727  -14.020278011372
-10.477992835547  11.542717274676
 15.477216663355 -1.968252371328 
 13.989794514341  7.075535857231 
-6.670239876233   14.192359968959
-1.449834995155  -15.732470084707
 6.654499813260  -14.443457526403
 3.775652414043  -15.485330919942
 13.481778658348  8.530862162405 
-15.685516671252  3.189151105282 
-8.890146043681  -13.333845547337
 9.208533870561  -13.293519795238
 16.149108297786  1.805788412717 
-4.474912990992   15.640376566633
 5.390858974272   15.363503694109
-15.986587282250 -3.221541660113 
 16.301491396164 -0.647273206367 
-16.272616973161 -1.390575006061 
 3.932312062641   15.944906438144
-8.816604389646   13.898447319878
-14.875006871548 -7.065507436018 
-12.366332151294 -10.878760556255
 16.029212323367 -3.812608005225 
 10.073126897806  13.044625398569
 5.385902513053  -15.599226338305
-5.728318723750  -15.522488079588
-15.218271068779  6.545967322598 
 12.680963417389  10.748090179770
 13.736445529842 -9.396358737314 
-13.019476637245  10.408363479009
-16.667816703317  1.093722279602 
-10.723128275791 -12.813419918483
 16.067583989650  4.811614387484 
-14.545572858427  8.363265924117 
-16.053169870527 -4.911540301330 
 2.554024445543   16.599451714578
-14.008247001944 -9.351428000581 
