 0.833733877040  -0.696544021296 
 1.075465116362   0.974467112251 
-1.554456381146  -0.212780471382 
-0.044591305846   2.033098489710 
-2.376146145303   1.066392362765 
 2.592864993420  -0.404334444771 
 1.014539968224  -2.451030693567 
-1.564754254515  -2.559337188249 
-1.790946457298   2.482496543843 
 2.117017789182   2.272103359157 
 2.458008261866  -2.023341983322 
-3.373331489934  -1.357896623004 
-0.144878769938  -3.713396256608 
-3.727311473389   0.121112066988 
-3.444739109832   2.119273996354 
 4.073870221117   1.358932869516 
-0.726757570164   4.487374899082 
-2.614568509051   3.796088727546 
 1.109637895183   4.499260814353 
 4.413827905529  -1.662528843292 
 2.082228554359  -4.574405758486 
-2.840278597893  -4.325394826006 
-4.364902065023  -2.814114728211 
-5.213762032278  -1.010519628074 
-0.474333693864  -5.395423299832 
 4.261715820778  -3.393570328712 
 5.525796481541   0.430921492469 
-4.488421195144   3.265714052470 
 4.046508756691   3.987242196109 
-5.797683764674   1.064535488817 
 5.848981765826  -1.177383151969 
-2.286439467363   5.524098496775 
-0.007880903090   6.117749993131 
-2.028302465070  -5.877656412403 
 2.457689276053   5.814423489188 
-3.754225232112   5.181734613100 
 6.051707371803   2.237263239402 
 2.449199118346  -6.404439113582 
-0.160841748518  -6.887352412716 
-3.986434116765  -5.621405047474 
 5.853067488139  -3.663510083762 
-6.649531367804  -1.914939103492 
 5.804789993921   4.019093520002 
 4.534598364847  -5.469856416648 
-6.765191005791   2.323075389637 
-6.152305605974   3.923005430102 
-1.398010442507   7.235277091033 
 4.726474537278   5.658517960331 
-5.280875220800   5.199537582034 
-7.524064005436   0.760934897863 
 7.334836051941  -2.394142629250 
-3.260502649831  -7.055673354611 
 1.533397445842  -7.659304005611 
 0.929867979722   7.816471273472 
 7.828299704255   0.876467837137 
-6.369957342811  -4.759988417963 
-1.904848648700  -7.740061414865 
-3.957149129305   6.988022499703 
 8.016610086534  -0.902051341888 
-8.045816343982  -0.830683208301 
-7.643482210024  -3.198409707745 
 7.127115212336  -4.558898034391 
-2.665884294058   8.096367312637 
 3.883612710156   7.594817957202 
 0.304426922642  -8.620185638677 
-4.778903882836  -7.200154509818 
-7.007180432598   5.166300180825 
-5.530641547500   6.902313147646 
-8.121545526937   3.639520686712 
 6.517413153553   6.122867284053 
 7.880009988213   4.242951841217 
 2.903017688851  -8.494051228830 
 2.744362141235   8.691702954491 
 5.236371734576  -7.672815091684 
-9.196879089139   1.508619523417 
 6.887409064437  -6.301584060041 
-1.103508269161  -9.278152819465 
-8.143395435941  -4.623471189724 
-6.496015215997  -6.833537258578 
-0.656812060092   9.415434750572 
 9.114735930709   2.476549391679 
-4.299961767126   8.496881920918 
 9.438541279793  -1.812332025687 
-9.530933089306  -2.181184750252 
 5.373164796517   8.238414591860 
 9.065205163925  -3.818521985912 
 4.356856096585  -8.924509607275 
-9.391672898976  -3.710193798839 
 1.423722306778   10.076465256959
-3.427170308463  -9.603100353911 
 8.398469895826  -5.858820339596 
-5.325276018148  -8.770768158369 
 8.209649167499   6.156005024392 
-9.690482185174   3.457593363637 
-10.313557855490 -0.158061672982 
-6.469271997929   8.086125502837 
 1.198283690802  -10.309716636411
 6.994062928592   7.696498326847 
 9.578656834451   4.061476971008 
-8.205845585980   6.515226299345 
-9.304900145204   5.024376332440 
 10.671901112906  0.374965060802 
-1.800494710185   10.679918456854
-1.244808479514  -10.796077773319
 10.742869988817  2.120529284940 
 3.770663582488   10.319496374530
 10.707648557683 -2.622155640593 
-7.158537069266  -8.417409055504 
 0.042822667972   11.050155187112
-3.774525898876   10.448594902826
-9.732369905484  -5.476505711563 
 3.396431571777  -10.671347784655
-10.844950171956 -3.066102152681 
-5.830937305263   9.700483803885 
 11.325065008258 -0.994853372361 
 5.608783639176   9.920127653390 
 5.047779521159  -10.284580039792
-2.775035771262  -11.158701156608
 8.836106695288  -7.371259729146 
-4.743843958714  -10.490131291456
-11.201880614400  2.872320092006 
-0.059736321353  -11.743730067384
 7.567330091032  -9.040708169200 
-9.503299120419  -7.002915866125 
 10.776755143868 -4.841165491750 
 10.102665292971 -6.215925361609 
-6.329027453848  -10.089607144883
 7.661382955422   9.157090031023 
-9.698368830960   7.035526066238 
 11.110853104627  4.548199198851 
-11.966818473350  1.316259133969 
-11.111506524139 -4.643328556566 
-11.003030964539  4.981721619282 
 1.620635011443   11.983722659752
-7.358864257581   9.762176891110 
 9.224260972766   8.082805379825 
 2.310884173901  -12.095448998104
-9.000017590247   8.557765473376 
-5.442493134173   11.169165451071
-12.386183616407 -1.681345235678 
 12.542852917124  0.846698596835 
 10.864040496052  6.476828143667 
-7.942873676739  -9.864635156389 
 3.901311134961   12.087838227831
 12.288790034509 -3.437716083605 
-1.841105644456  -12.628615109953
 12.794050631610 -1.941773017326 
-13.046962218917  0.081994135196 
 5.373447448157  -11.901110485979
-12.613480016566 -3.611433276330 
 7.566311938152   10.721711499492
-0.826999250913   13.138843221018
-11.223160588919  6.998351876674 
 1.179622424633  -13.179785813198
-9.576508321415  -9.220779461920 
-5.475496932225  -12.173920481119
 8.959366695124   9.912793200642 
 11.000417360191 -7.610392409003 
 5.405172864943   12.260447440691
-4.046341036922   12.774058836310
-4.031466599096  -12.782287688355
 3.653361193996  -12.898222505923
 2.743062896636   13.123789202350
 12.081531317157 -5.813610638642 
-2.519728796863   13.229991260909
-12.590694863411  4.871862783095 
 13.621372594280 -0.239763576513 
 7.310976202593  -11.589523859966
 12.848862286896  4.797164830831 
 13.307703875731  3.356849251045 
-11.230663533969 -7.898623669942 
-13.639396645965  1.942006103126 
 10.289703053163  9.191178537676 
-6.066643347744   12.536611011204
 11.663130377544  7.846271288351 
 1.419057283684   14.000990851973
-12.630561556231 -6.454065808780 
 10.183622830825 -9.915574205653 
-0.044897567650  -14.259316650658
-7.049792654045  -12.415398024324
 8.995080131124  -11.156450389505
-14.049713777831 -2.849527799142 
-2.592309615816  -14.102299141169
 14.248453855031  1.626635598515 
-10.283963116311  10.049592542119
 7.120647219977   12.507097524735
 2.417915369318  -14.189284054517
-11.378029742186  8.914146612838 
 4.422519894444   13.781398464490
-8.401283342017   11.807813289878
-13.821831155346 -4.547386853580 
 14.452265786432 -1.880476970703 
-14.578475956529 -0.391492257323 
 8.780206796748   11.659028002006
 4.967864690559  -13.794931470009
-0.557263194446   14.739728212076
-3.920821118703   14.302468020350
 13.064225075810  7.040078284494 
 14.027966358722 -4.879979956435 
-10.604059229771 -10.409797472343
-14.532434215875  3.471607386791 
 6.854594267224  -13.361883623409
 14.339659017157  4.564313445576 
-2.470408218861   14.894691649169
-1.457753829549  -15.130665485077
 2.924879787776   14.952526670206
 15.276920672283 -0.215673776375 
-14.230813032186  5.639430597467 
-9.707918369091  -11.850447376617
-12.343589531997 -9.150682328799 
-13.221476941702 -7.864520332554 
 13.359767624324 -7.835195320591 
-13.781873036470  7.122231028491 
-7.628560474551   13.564777015791
 8.834852024314  -12.863337545725
-14.253324034613 -6.439960987933 
-15.490184907120 -2.278447143918 
 1.672723342502  -15.633098350119
 11.271392057958  11.035647463178
-5.359402934887  -14.844792946296
 0.634623426550   15.770514449917
-7.464368886490  -13.948565569222
-3.729450489454  -15.415881900774
 15.345818457990 -4.160767766384 
 12.584771178756  9.793744058926 
 15.603821026321  3.359047993779 
-15.484365242055 -3.909319307153 
-15.995611411286  0.333665976719 
 11.890864542552 -10.762647826079
 12.856044352763 -9.590386868180 
-13.151603702352  9.237294950864 
-5.633721006363   15.057926933499
-9.210215832210  -13.295754633398
 4.575059394942   15.550807557322
-10.921358929322  12.044653033278
 5.391871365483  -15.409302735102
 14.690519942232 -7.137361346680 
-1.011480946185   16.303480818056
 10.684011206356 -12.428069281086
-12.045877007050 -11.131858026745
 9.544130034979   13.359684705117
 16.314737867306  1.977383011743 
-16.059521687466  3.531468976154 
 14.698719537333  7.399090791009 
 6.225547103145   15.300959198711
 15.467961057228  5.889043079434 
 3.214931279549  -16.251285093391
-16.451402891200  1.951725227998 
-2.348861097480  -16.492436751516
-15.853937006544  5.252337007925 
-11.081883020729 -12.510257260695
 16.503390906140 -2.896593214369 
-12.658949019864  11.035317286049
-0.507248863599  -16.788419655884
 7.625424281115  -14.991167474766
-3.658333385631   16.435954086659
