-0.447992270040   0.405314069173 
 1.615096664625   0.802274602525 
 0.344187053304  -1.858233694576 
-1.643831011069  -0.987036387803 
-0.905375482389   1.938834407220 
 1.740235611363  -1.296461106961 
-2.216546595489   0.878154955644 
 1.711716766597   2.633893843015 
-2.032661604166  -2.696085963682 
 3.271984619881  -1.219938478888 
 0.535125829765  -3.666970276261 
 3.480443069511   1.552786082190 
-4.050685042658  -0.050855754725 
 0.405034911955   4.085052041026 
 2.134407220790  -3.603432092820 
-2.695249042921   3.211033476337 
-4.034612512221   1.504491794485 
-1.151365222937   4.233665233067 
 4.534250568975   0.463795699969 
-3.969342156872  -2.292212882542 
 4.552523729531  -2.243523019934 
-1.951932062292  -4.774069214011 
-0.055128906295  -5.191646538380 
 4.202497863212   3.074717963577 
 2.322937696472   4.693088925666 
-3.410196981094  -4.160972982459 
 3.512096928944  -4.385829388906 
-5.733549603057  -0.220499453380 
-2.294396606046   5.395578979717 
-0.619760906594   5.929056985907 
 5.907979645466   1.068366733438 
 1.387854000729  -5.939613797929 
-4.168843247279   4.490634418986 
 6.091029956799  -1.083870318861 
-5.242179669478  -3.711529792967 
 5.827942320239   2.908970554217 
-3.155438893625  -5.706990847947 
-6.333583183277   2.167407183875 
 4.931024103525   4.564209280772 
 1.368840185267   6.648934169269 
 6.372370816787  -2.590168740838 
-0.230795940789  -6.948498364089 
-5.732459026672   4.116226052779 
 3.424655808954   6.249462721786 
 5.890959941622  -4.243426101868 
-6.756522649766  -2.696537170323 
-7.296910915158   0.695224837155 
 3.099358098661  -6.651605052653 
-3.929850820962   6.275378642717 
 7.135117073688   1.999386551789 
-2.060469025765   7.174673373695 
 0.104042606812   7.490401658279 
-4.699372565243  -5.918910065495 
-2.539721839215  -7.135129424172 
-5.322310349967   5.573671201201 
 5.225852475310  -5.675116980297 
 4.985467589866   6.063233843327 
-7.912950581325  -1.559665676544 
 7.976078600201  -2.333091375130 
 7.370603149809  -3.945260001026 
 1.935216781566   8.223765323584 
 8.511363659274  -0.218920349261 
-8.399987746515   1.795186620819 
-0.975638481824   8.601163012889 
 0.983163554258  -8.668249594287 
 4.780786380458  -7.344830329845 
-6.639123699918  -5.874343503469 
 3.133608636029  -8.298698403108 
-8.938917407672  -0.086749844338 
 4.618305385825   7.662515661500 
-4.857904712148  -7.563468083381 
-7.853509984579   4.426526858935 
-1.661906376095  -8.917969233613 
 7.228510821559   5.553136028385 
-7.773273408247  -4.791183656879 
-5.280415503730   7.471112413966 
-6.533751701338   6.500097855646 
-3.625288111947   8.505777666685 
 8.797760461143   2.928212337136 
 9.220740663189   1.411659278896 
 8.344366031501   4.362799346519 
 7.317661575446  -5.997938652285 
 6.163157007893   7.258057929020 
-3.609438982268  -8.850013239641 
 9.442477210305  -1.637236402994 
 6.376419061863  -7.455453083266 
 2.248399320605  -9.599440780149 
-9.748194750559  -1.935884597462 
 9.081679462992  -4.249359252383 
-8.112892390141   6.033190262916 
-6.714320383326  -7.627656806559 
-9.492352071668  -3.654576351038 
 0.104416292499   10.217175139485
 3.853735736665   9.498015719472 
 0.683363830688  -10.239670025194
 4.436118111333  -9.266001981125 
-9.768664306346   3.357313769230 
-2.366655336077   10.075192517936
 8.081949266087   6.796051585632 
-8.111646607137  -6.815421776128 
 10.377731170647  2.492642062622 
-9.474774570745   4.982534264721 
-2.132694141458  -10.490968517898
-10.704176605219 -0.465060459052 
 10.717369159334 -0.503823068419 
 9.891438578748   4.159816711794 
-5.850793167663  -9.009499145529 
-10.637121898812  1.752126487197 
 10.753533707505  1.013414612175 
 1.939209585889   10.747500421623
 6.063400783515  -9.083317349927 
 3.548085036650  -10.488602093946
 7.460800127005   8.183728914040 
-6.041204413001   9.304410288619 
 10.821067682602 -3.298501778180 
-7.782272623562   8.315691006477 
 5.572120062573   9.952417426827 
-11.298041181741 -2.032667834971 
 9.401059414799  -6.604586087086 
-9.763979589456  -6.238561738188 
-4.632089828655   10.651780414886
 8.074384554675  -8.371366244828 
 10.513675221907 -5.015406875218 
-7.685459195705  -8.911862560463 
-11.084225649072 -4.130911308844 
 9.727452992085   6.787131159839 
-2.881913575595   11.514500224809
-9.492057263667   7.219874609401 
-0.962463117761  -11.926153359917
 11.414562042944  4.056372625516 
 2.817451278980  -11.860887700055
-4.775045776652  -11.225630976803
 12.147857237264 -1.297233218190 
-0.582068782249   12.230769005085
-12.122753935978  1.961375108191 
-11.345082276720  4.782535574828 
 12.335066408210  0.398618315648 
 12.202330278990  2.048714682506 
 4.530490909872   11.570758108028
 1.743182807309   12.332460770143
 1.379323735604  -12.410522751568
-2.472853513122  -12.329900466316
 7.457520573397   10.133003917518
-7.698796693508   10.133150423777
-6.521646906324  -10.951424783177
-12.764687989652  0.604202573582 
 12.401512717423 -3.200800883084 
-12.413066351467  3.436754052993 
 9.647225652314   8.622975447821 
-4.446168940522   12.205801592780
 7.453529274747  -10.689484949653
-9.818064116850  -8.765059767567 
 6.280701999139  -11.651543243447
-11.188614264675 -7.139053461107 
 11.823312485471  6.176975522701 
 10.130880280728 -8.694610766336 
 12.370844859001 -5.089144571357 
-3.992647773087  -12.776757309408
-8.124350620819  -10.666795109802
-10.018269499040  8.916263796023 
 10.999047018949  7.758741329588 
 4.929632338598  -12.533244844686
-3.076721499199   13.128996900807
 0.328243390482   13.506280672682
-11.565476247170  7.059014347630 
-13.184607597537 -3.232360875274 
-7.191852422408   11.574068259630
-13.622283142495 -1.385486501909 
 13.768276558662 -0.636206764346 
 4.264399839766   13.109285552285
-12.498982738777 -6.057446816636 
-5.723966953887  -12.659128707590
-0.051863088620  -13.961111424302
 11.896075103264 -7.330969310399 
-12.823364863511  5.582673465269 
 9.346379937970  -10.421472190606
 1.855595965309   13.940330175219
 1.496206804938  -14.040912762851
 6.419882648557   12.638432317466
-13.950188543570  2.775305863933 
 3.424522164404  -13.886234354321
-7.264902619310  -12.321890492224
-2.102460775464  -14.216601168402
 8.218384759583   11.837429268027
 13.928772798937 -3.741868284876 
 7.791995765635  -12.210468198350
-10.072443627346  10.484526261830
-10.414982683042 -10.249215627487
 14.213563146399  3.438029962281 
-11.748022476760 -8.709282773180 
-5.716515875944   13.482083076657
 14.515411819258 -2.174299095762 
-13.980741296169  4.506729746031 
 14.666572645313  1.445532965027 
 12.565742396096  7.716240088906 
-11.711739005481  8.977333301119 
-14.755964289756  1.332653941012 
 10.536675551099  10.451934182217
-1.333847990453   14.867888198931
-13.939548214724 -5.361795635586 
-14.956032769355 -0.253673383409 
 13.996749828414  5.330625354482 
-4.159296662745  -14.392977571564
 13.878048268282 -5.709943991405 
 11.988326294677 -9.036520415571 
-9.227832401131   11.890749532487
-2.871969217416   14.790118683489
 0.389797714496   15.069992757130
-8.767097507760  -12.378584954707
-7.283586336732   13.387925244061
-13.504377418532 -7.277948782377 
-15.296984247793 -1.843711510269 
-0.998561874257  -15.404057557097
 12.136893239062  9.629787879803 
-13.906514913808  6.926368326557 
-7.100613173449  -13.828100721606
 10.704804931803 -11.277246643654
 7.190635845139  -13.848231805127
-13.220929055146  8.300379113663 
 0.699750230998  -15.607375390918
 2.403516457275  -15.452256273378
 3.448058652789   15.266559024323
 8.083932949469   13.423617734866
 9.617112265593   12.410011157758
 5.181610724737   14.839941168584
-3.018298222029  -15.434626057184
-11.709909826352  10.510943746647
 9.448909654426  -12.655056792376
 5.884203522338  -14.756695814407
-15.527578882269 -3.438559484798 
 15.903935737129 -0.389062130059 
 15.535122067340 -3.597395272086 
 13.909393305877 -7.934634890505 
-4.353579123946   15.447324778307
 1.749918504129   16.057897154963
-11.941811657887 -10.909490812124
 11.039452406501  11.884746394436
-10.764254097529 -12.185124144756
 16.221269729259  1.123672746550 
 12.188271221067 -10.782188848677
-15.903795388850  3.619627549442 
-9.052270145773   13.617527966856
-0.604128875853   16.357704595409
-5.515121923445  -15.421113561141
 15.388208298554 -5.948069067254 
-15.333238183362  6.184694947316 
-15.785645148474 -4.938220558696 
-9.105390942273  -13.867579050729
 16.327060954976  3.182658526737 
-14.180220843314 -8.829229997591 
 13.729880067811 -9.654421186315 
 15.292139651893  7.005868633608 
-13.374070195649 -10.204299080011
 13.631122862907  9.877405011312 
 16.704628076750 -2.118814654844 
-14.765552643419  8.207171094195 
