-0.581030108236   0.355552331388 
 0.014016341728  -1.287626818691 
 0.778160726810   1.444723365377 
 1.686277155686  -1.279614688508 
 2.319806979243   0.151663851844 
-2.280854726728   0.515926828566 
-1.639914427174   1.966206225636 
-0.504664951495  -2.720421968794 
-2.595593626907  -1.208439127128 
 0.136449011179   3.327369398706 
 1.030181391432  -3.250048665331 
 3.428316930861  -1.385242075327 
-3.450392778652   1.730508117316 
 1.804003879885   3.468369520531 
-1.958537255198  -3.421215333048 
 3.880625363093   1.854576483504 
-4.235324851808  -0.951632472026 
-1.603673076691   4.082321110514 
 2.901932949298  -3.549377763125 
 4.692189959123  -0.146318495423 
-3.062721458579   3.671100605065 
-3.618702251473  -3.128482099201 
 1.581614621079  -4.854052747863 
-0.904867221894  -5.027524879120 
 0.199674347734   5.176370534578 
 1.705585817351   4.991308926534 
-4.687568305270   2.645822868684 
 5.441388623133   1.569720470234 
-5.372343905075  -2.127014788301 
 4.453923285549  -3.696403279126 
-5.788162934512   0.881247926650 
 4.501926847337   3.862203031322 
-2.699276091605  -5.430383427133 
-6.054638892103  -0.602415423874 
-1.338870582565   5.969903474209 
 6.154518610810  -1.874526162918 
-4.119568631509   4.954257119800 
-4.234600041687  -4.951819958114 
 3.141664574291   5.840615753972 
 6.674337032347   0.024186506310 
-2.867562853103   6.033601578721 
-0.031634681989  -6.798202067610 
 3.800244656925  -5.645049863376 
 5.957039378102  -3.479655425607 
-6.543487788981   2.560343913375 
 0.624887063109   7.016055519524 
 2.592651177862  -6.634515558926 
-5.873187017564  -4.409289216880 
-7.359951119396   0.454091962813 
 2.126384670948   7.086707903701 
-6.980336467361  -2.483663006769 
-5.966416164981   4.439825746485 
 5.419302480839  -5.289311432203 
-2.643123930543  -7.220786312515 
 1.409984728445  -7.613589788718 
-0.810384124260   7.711904155404 
 7.625345861637  -1.475467909884 
 7.113943414761   3.327175568455 
 5.015514783293   6.062615727684 
-4.583881927793  -6.435389676392 
 8.113560107632   0.850722825742 
-7.957428953781   1.948902786286 
 6.557335390254   5.252256922209 
-5.996590322635   5.952076482689 
-8.418085643999  -0.808324699740 
-3.117974982543   7.869282395790 
-7.601635871502   3.852377723282 
-0.279902097727  -8.553635252932 
 4.239962095172   7.455757223505 
 7.511725780441  -4.259510629703 
-4.776425961663   7.231742886070 
 1.468756430748   8.769783588531 
 5.668865150313  -6.863809188662 
 8.583353421175  -2.641383875258 
-8.662507412848  -2.461439883914 
-8.984852579177   0.728862031076 
-7.502801611348  -5.020878166089 
-6.201154189027  -6.669492397135 
-1.633379694910   8.976725571307 
 8.724070258050   2.725168528078 
 4.347596794834  -8.062762995935 
 9.234445877359  -0.525249971126 
-1.747208849152  -9.262432092243 
 0.944350420219  -9.480833387364 
 6.748595854453   6.742386384557 
 8.496878928303   4.396260144798 
 7.352552807744  -6.153029433991 
-7.973481123506   5.364731924716 
 3.023782729064  -9.144624128725 
-0.245560269159   9.701214385644 
-9.265061687098   3.303970116681 
-4.032896773221  -9.090300486488 
-4.651359865590   8.806259435630 
 8.221979155461   5.928558147191 
-3.020755474291   9.695755464439 
 3.573027186284   9.523661876873 
-7.242660582921   7.172376192544 
 8.726788254120  -5.306777451532 
-9.390501365937  -4.101480521258 
 10.257969243952  0.986196421212 
-5.970594691171  -8.414175896009 
 1.556509244769   10.321632673508
-10.427152388568  1.571100321049 
 10.019320885781 -3.338259725586 
 5.853776524561  -8.830857025235 
 10.484781803847 -1.830596744741 
-7.975962716840  -7.168296213117 
 0.014373840617  -10.783067356366
-10.828155079180 -1.178544868578 
 7.285042009790  -8.160760049707 
 7.940893933423   7.737063258187 
 11.084623252163 -0.266339694556 
 5.231126678854   9.816428169642 
-1.728925461768   10.991243828753
-6.752951862036   8.851493758279 
 9.972201880227   4.971839040230 
 6.723999452175   8.914714839392 
-9.927574154130   5.286490234841 
 4.839670612644  -10.170807373544
-3.618373070229  -10.718260088406
 9.018763731434  -6.981809730731 
-1.462908745161  -11.317902228280
-7.454438657256  -8.702941200465 
-5.299844431942   10.282250973576
-10.193481371361 -5.485603196508 
-3.967311772476   10.974758094120
 11.272980157286  3.142494145726 
-11.302567997976  3.160356974491 
 10.839076346327 -4.618847261397 
-0.443522500615   11.795211531680
-5.127095650073  -10.666924343689
 2.309906050292   11.621982763930
-9.550307272433   7.225746440953 
-6.702797633983  -10.005318728166
-12.017621682324  0.884783418263 
 7.107043491821  -9.740598867653 
 9.859215459974   6.987664102878 
 10.374449524465 -6.336716248974 
 2.616174018769  -11.909432117540
-11.831087583752 -3.209585065731 
 11.891847885477 -3.183306080825 
 4.773488393268   11.495421482934
-10.279433291149 -7.026716249098 
 12.403366044753 -1.141672199237 
-9.366257909868  -8.235586259162 
-2.759799189950  -12.175694962561
 4.373137803121  -11.701527347910
 11.526273684222  4.990244837897 
-11.637522770240 -4.755917566923 
 1.018958771924   12.623362516727
 12.663896550675  1.098599154213 
 7.309704533939   10.578320497785
 0.182052990049  -12.909058076993
-1.555173005118   12.846755291518
-9.035102111397   9.265443079885 
 10.197267244289 -8.179087386047 
 9.781841697875   8.817718112786 
-12.101553876779  5.206671851399 
-11.396713672774  6.691018075143 
-12.843293846983  3.200015711746 
 6.074554418660  -11.773674271535
 12.946640440299  2.866823137230 
 9.360588405895  -9.425023993926 
 8.839965661783   9.997622572624 
-9.049473016464  -9.828154924501 
-4.162044088657   12.709323398682
-13.327734977201 -1.268568473269 
-4.665961098869  -12.560734146249
 2.013152331579  -13.350562481581
 11.269620098349  7.660446217458 
-8.363142559543   10.814539633157
-6.889338118888  -11.851329938096
-1.101230269496  -13.698050144966
 12.359262692289 -6.034003402446 
-13.792587999371  0.976593649712 
-2.677682792272  -13.687287401642
 13.159605431151 -4.622244039606 
 13.135539626059  4.745400220005 
-12.426001467551 -6.403948180778 
 3.816089053579  -13.490782835463
 3.684647432566   13.549154754322
-6.939353964773   12.242071513431
-11.359491181712 -8.321792087266 
 0.160832982068   14.113466628749
 14.090699134810 -1.167367306687 
-11.570158337300  8.228536732548 
 7.228026477533   12.239627824171
 9.022021562763  -11.018161318537
 1.852530875196   14.223279240401
-2.648571033282   14.111718743148
-13.744297088054 -4.180169218979 
-14.120424000754 -2.648871007532 
 8.715173714945   11.565992972479
 14.159672824526 -3.483847486650 
-1.245675463588   14.657504504965
 14.667322251145  1.346339743069 
-14.789899717690 -0.637224189283 
-11.003922069494  9.916716106548 
 13.243946192896  6.646336187114 
-13.606478383201  5.875707783888 
 0.310440262909  -14.907242111395
 11.794754991817 -9.174948738578 
-5.440081741371   13.929894888466
 13.067137533348 -7.524819319013 
 11.522955100194  9.749226813487 
-13.923577492078 -5.948128965586 
-8.084650844022  -12.850366005541
-4.673173478128  -14.477939027838
 5.893928835136   14.058483697119
-13.111962969733  7.825077522515 
-15.335000337100  0.990072904264 
 10.940122461171 -10.801254077719
 15.277821323835 -2.126488644891 
 14.313046191754 -5.785810451510 
-6.363944532934  -14.096732290917
 15.051591531782  3.610031176743 
 4.364613774988   14.898680719380
-11.811545569763 -10.101028738301
-7.316097492777   13.725196602847
-10.717320306023 -11.294419891234
-15.157959206197  3.710386964987 
 8.510732760537  -13.106823654529
 2.588999818313  -15.433581067163
 10.580151474782  11.639339898834
 4.286966427120  -15.191133507364
 15.781663478315 -0.558699318854 
 8.130294072794   13.629272623304
-13.577788093036 -8.241030773951 
-9.698694494125  -12.634466709908
 13.520341735683  8.437566273925 
-15.321905522271 -4.403123761634 
 10.322679099822 -12.224510196984
-15.135410982227  5.289723675144 
 6.751344282630  -14.587587537510
 15.939838567780  2.242297724348 
-9.323973693099   13.245192529590
 15.365573286671  5.139217967997 
 2.375876821718   16.027135338174
-15.945357009946 -2.993984790086 
-3.648448985358  -15.834901680893
-1.134546048909   16.225646879542
-12.809597895860  10.043445630440
-10.896478837367  12.149927059930
-3.934540134794   15.985917531191
 13.060922284001  10.039379213901
 13.877331552036 -8.922910926234 
-6.499738433421   15.171089094494
 0.489924240160  -16.500864614671
-2.034102466190  -16.382712457977
 15.094358659257  6.949848950998 
 9.971032975677   13.309512537342
 0.664397807156   16.645639516881
 16.254590755916 -3.831369367341 
-5.162064213166  -15.914863623428
-16.841314457836 -0.758795616353 
-15.460888751577 -6.865380204914 
