-0.561640399620   0.126534379078 
 1.233162692769   0.329299282266 
-0.239473430780  -1.476488615329 
 1.367318420453  -1.190192845480 
 0.687774519140   1.868528933794 
-2.276025653001  -0.762023691584 
-1.027913981802   2.253385862205 
-2.465831108272   1.058407028668 
 2.858415695884   0.065142562357 
-0.802625498470  -2.923113435914 
 2.295292160945   1.997185879694 
 0.610300501916   3.556858765336 
-2.470214757149   2.811409743897 
-3.748383986961   0.119418071478 
 3.476034495152  -1.527881935658 
 0.849551407815  -4.069742945825 
-3.714830026096  -1.910565046905 
-2.525225011121  -3.329746286921 
-1.486794977037   3.979376415195 
 4.048014832571   1.330375300544 
 2.474146490027  -3.504925488044 
-3.809058705127   1.982535977040 
 2.613764542163   3.547951212759 
-1.382212644108  -4.647597547416 
 4.102625945883   2.931483832966 
 0.411380807137   5.094299397720 
-5.168554795962  -0.533049593563 
 4.468575996444  -2.935638858333 
 5.348456517038   0.279792941972 
-5.200683589361   1.359228451673 
-3.436277038972   4.204272464584 
 0.127718337988  -5.663994457694 
 3.850432847368  -4.372806779924 
-1.564350271343   5.853553048294 
-5.204794810029  -3.113033941108 
 5.948413036950  -1.222569037673 
 5.570816000933   2.494949301991 
-5.247189399314   3.135466348610 
-2.105181402022  -6.213995339751 
 1.928458687681  -6.355080283867 
 2.615124061798   6.127756614290 
-6.692455806243  -0.065098444649 
 0.163642694770   6.691495972553 
 5.299866943430   4.127225305998 
-3.690415590338  -5.705955365515 
-4.914402614889   4.905051827452 
-6.618670357649   2.157901407042 
-3.045377325892   6.310177994255 
-0.735186854376  -6.977335062250 
 6.934865077029   1.405056576100 
 5.597513366223  -4.482987992357 
 4.501283107580   5.702378521960 
 4.506164759604  -5.823941234923 
 6.849057434723  -2.718374472162 
-6.852345748004  -2.905348308489 
-5.652855310506  -5.245325601199 
 1.500636035410   7.572359343764 
-6.676865454577   4.063787666945 
-0.950941768339   7.813684788117 
-3.309709263447  -7.180106699486 
 0.604640300365  -7.938170796822 
-7.863394089262  -1.601038710837 
 8.032012192957  -0.035249140287 
 7.928157222710  -1.563826059945 
 7.561094171417   2.892538891824 
-4.332310344772   7.134410370180 
-2.909088771988   7.838933681068 
-8.152989988552   2.026560332074 
-5.415001436798  -6.841533845951 
-7.680270085938  -4.170409349691 
 3.267928077854  -8.117774427081 
 6.955579003847  -5.406770309224 
 5.185488489360   7.164929582356 
-8.873789590495   0.538397598786 
-6.810747674845   5.718960410092 
 3.309087557852   8.291853850727 
 6.896377502392   5.786668409295 
-8.609450964203  -2.905612618228 
 8.027790639166   4.414179774101 
 5.017180748449  -7.698629981097 
-8.400829369791   3.772397572143 
 9.021634217326   1.935341802152 
-1.742413213613  -9.104439671611 
 6.323540579982  -6.867459637645 
 9.172789448521  -2.432283310029 
-9.387079621552  -1.496918940693 
-7.296696079873  -6.293938834879 
-1.025489840567   9.590693139758 
 9.638491854606  -0.774907511627 
-3.920529922777  -8.870256655137 
 1.523941124402  -9.584369027390 
 0.681198042207   9.700832345879 
-5.221944097773   8.403332969055 
 6.688435610922   7.318538277534 
 8.757423139394  -4.673065360203 
 2.182750977692   9.700939403787 
-9.628354732187   2.632013665051 
-3.238750219609   9.531727627281 
-0.433795132310  -10.164875102187
 3.400245002149  -9.625401947492 
 4.907998346351   9.178311141288 
-9.616051121699  -4.122416459354 
 10.416657737298  1.318266907932 
-10.566922756372 -0.505996549026 
-8.836935498981  -5.951639792096 
-6.787360796954   8.219902060955 
 9.998401600628  -3.751271085421 
-6.834462406302  -8.209591862072 
 5.275997825290  -9.336638956899 
 6.653688753947  -8.419377683307 
-8.211571243590   6.961875720682 
-9.211783336508   5.626900951637 
 8.303890054422   7.101201254907 
-10.042165209801  4.376161531902 
 10.556648978577  2.984307580190 
-2.136645229622   10.857047377114
 0.799926045384  -11.072644618754
 3.540808442474   10.592570928452
 10.942224736208 -2.240455326469 
-3.880261851846  -10.479138772677
 10.035473384643  5.045394631978 
-0.673412538923   11.241353361208
 8.296792410912  -7.682305343499 
 2.909254569377  -11.089876824567
 11.488247744432 -0.019111030040 
-10.967797423412 -3.471072256017 
-3.741654670703   10.970034673542
-11.611254956178  1.497658921915 
-6.330787769600   9.979605587002 
-1.131929091174  -11.782525134125
 10.076700873209 -6.396598692920 
-2.698954996747  -11.687916810239
 11.046312134242 -4.887722573674 
 7.476609672824   9.500621410100 
 6.789119702959  -10.012792214209
 4.464068533898  -11.318487775023
-6.400536451060  -10.348365641216
 2.256451694342   11.992928784430
-11.827299039280  3.195043735343 
-12.197046902525 -1.181342640207 
-9.800584711923  -7.490043985658 
-9.492910430441   7.920683339385 
 0.762221672712   12.380836497972
-8.477381720505  -9.092305020804 
 9.611044743911   7.888283690713 
 5.607250582554   11.274390837193
 11.801700319367  4.601024372750 
-4.915578950834  -11.692945750609
-11.479609595130 -5.414537105943 
 0.123786534813  -12.711379362273
 12.388572885520 -2.961548920305 
-5.176536801646   11.666474354890
-2.885205493959   12.436396280512
-10.763410928476  7.109216749621 
-12.537221228065 -3.272795036991 
-11.647873749301  5.711825355003 
 1.960741608565  -12.827222482782
-1.446716929444   12.953399928110
 8.978920345011   9.481223120879 
 11.351254311086  6.475656653187 
 13.050011413105 -0.749539941333 
 12.879732671443  2.446080834245 
-8.221220008968   10.484718451685
-13.328562662476  0.906321329740 
 4.745035194266   12.595193522308
-9.566908036119   9.697906938817 
 11.575519698343 -7.193856938990 
 7.162360279032   11.653035456668
 10.628028988933 -8.659120769787 
 13.707848720298  0.627158771595 
-0.150876683213   13.751514354260
 9.538237368752  -9.919652982574 
 5.989795465710  -12.430145963268
-9.693493692211  -10.043252942889
 13.263465393515 -4.394435255256 
 3.092448163022   13.646577686844
 7.454627605080  -11.874744717444
-0.882252807145  -14.007937302120
-6.109670367673  -12.704684746138
-4.051205125919   13.545550455938
-13.362688995829 -4.733016504314 
-7.588095641550  -11.997898289749
 14.043530867862 -2.212283036174 
-4.704127853342  -13.472779623899
-3.152014525104  -13.933117272902
-13.291837624433  5.265228998264 
-14.057758920195  2.650252654669 
-7.906466473444   11.952413362546
 4.573248424085  -13.647245416464
 10.807349132795  9.561157878570 
 13.103844510467 -6.144402104036 
 14.038459622338  3.545732845703 
-12.018418488298 -8.124942759429 
 3.074594467509  -14.184124501856
 9.717534969924   10.906486924476
-12.975330466246 -6.744683065575 
-2.787091837891   14.372032276352
-14.487009116534 -2.119615374315 
-12.337000890040  7.891144720642 
 14.551586750961  1.998208676154 
 12.465697682308  7.789828193137 
 13.798911478479  5.155699993869 
-14.739760169777  0.289734678385 
-9.303120865214  -11.571867112038
 6.269867906933   13.465586489235
 1.236671974288   14.891369073777
 8.727859985956   12.209638096108
 1.587691689760  -14.977802262937
-14.657320402789 -3.932721978917 
 15.192783463558 -0.210298976677 
-6.983046822874   13.542579105097
 13.750944528793  6.747005709406 
 11.091497461742 -10.583091704276
 4.874450001652   14.551930831137
 6.031719465912  -14.225518970814
 14.524047816393 -5.351240607338 
-12.202506109662  9.703058564393 
-14.958317388782  4.494342649425 
-10.302766440966  11.758146583613
-6.546112149422  -14.238531547825
 15.222384292730 -3.801081998838 
 12.869063571827 -9.053733316347 
 0.238207794974  -15.752373094757
 7.926384639749   13.624448588251
-2.867847727481  -15.500548847528
-13.899877596581  7.499528474600 
 10.098056623869 -12.164357493587
-11.931245425555 -10.391240060404
-0.860854558950   15.851510325571
 15.215262327498  4.593682420526 
 8.078195393783  -13.713420009415
-13.714843459924 -8.085606188831 
-9.153682572690   13.034279367248
 11.712728191591  10.971167541844
-14.795843871662  6.262510600345 
-4.525225742581  -15.429202888928
-4.151833636138   15.616064357723
-15.170078794269 -5.595669260432 
 16.084898649513 -1.664467516365 
 3.560037187970   15.842418092013
 16.231393600646  2.002236063908 
 2.724344203981  -16.154723486604
-11.815072349392  11.355041438253
 13.389786009417  9.457201799983 
 7.003451315337   14.852897364430
 10.372246164829  12.811988446064
-16.113912511719 -3.497610478484 
 2.132692975025   16.356542578664
-8.389788145097  -14.210657658880
-6.069382142892   15.356891889092
-10.562557590156 -12.714558280791
 15.435958004939  6.084391479366 
 4.408844863010  -16.033503391763
-16.476351657504  2.393538579159 
 14.533828063869 -8.163825648606 
 12.630632320545 -11.001077740467
