-0.351424012336   0.047353613492 
 0.466661317331  -1.283275158405 
 1.048347984044   1.101234861077 
-1.164992325657  -1.434176947057 
-1.939165460396   0.436554178867 
-1.305389183625   2.148752288436 
 2.465373084654  -0.904016459028 
-0.071610248758  -2.904501944060 
 1.937055439343   2.381816604847 
 0.150134189881   3.224607293779 
 3.098627734267   1.100520824725 
-2.904648682245  -1.555369652063 
-1.551684409995  -3.314622184497 
-2.888457109657   2.324577832300 
 2.006867880358  -3.368196827495 
-3.945000341092  -0.456275881689 
-4.069721977143   1.072358215589 
 2.334546229930   3.832748872231 
 4.660234717012   0.626658513337 
 4.528341052556  -1.469515985174 
 0.257471393448  -4.929886395240 
-0.867712308683   4.937671176185 
 4.465335466709   2.306509119709 
-3.074171724052   3.978114988980 
 3.902619809194  -3.251558224586 
 1.167110411923   5.070933334136 
-3.701310524685  -3.953944888494 
-4.547461866322   2.970653795007 
-5.204951595307  -1.782068938062 
-1.164526761306  -5.448247301599 
-5.706864707541   0.835184682708 
 1.624221947696  -5.652473138899 
-2.735243613375  -5.208636729590 
 4.235040238822   4.394611797471 
 3.768252746042  -4.991985165935 
 6.202134101448  -1.567738058904 
 6.265530175294   1.371066616692 
-6.436807449320  -0.603032461053 
-5.588856597616  -3.395149144875 
 5.618104380572  -3.371209330663 
 5.865283648084   2.928986659254 
 1.378840930826   6.713965810426 
-6.445379951476   2.343135822407 
-4.548997792387   5.179600537761 
-0.521841044784   6.893893290533 
 3.438974607535   6.069097447664 
 3.078502487280  -6.347077924405 
 0.357036069808  -7.157208237882 
-3.270750828964   6.441252500375 
-5.320073234573  -4.962063136753 
 7.373165454305  -0.030083622415 
-1.697500880605  -7.381028526745 
-7.929623731155  -0.061925846639 
 7.821865741441   1.467519658926 
 4.966920708263   6.242012027999 
-2.113323433509   7.700524211609 
-7.609066357577  -2.794662860275 
-6.886494063262   4.333727718539 
 2.924824788906   7.700669928242 
-6.863525445108  -4.555131117869 
 6.661557828807   4.931129238405 
-4.933991220092   6.819055172046 
 5.254291999180  -6.641372677931 
-5.200823165169  -6.684805508125 
 7.663771766119   3.754818384967 
-3.143469688916  -7.934753088657 
 3.021328744362  -7.985434598893 
 8.304620310095  -2.272629336633 
-0.526131889960  -8.724632861991 
 0.376055503274   8.744678228503 
 8.796134059440  -0.699426260097 
 7.834345748497  -4.111527611526 
 6.703149989516  -5.776507449746 
-8.642976466518   2.252175206932 
-6.521742100276   6.302073611715 
 1.721430867117  -8.949074729533 
-1.811995687678   9.205480736874 
-9.248899151650  -1.764110382716 
-3.278447862767   8.850105112248 
-8.816859261977  -3.818506687025 
-4.858234669454   8.360874934395 
-9.654484349168   0.815095858056 
 7.022651453386   6.692748599155 
 4.797274272258  -8.433763322388 
 5.525172379853   8.133148830442 
-8.151341902827   5.588216639523 
-5.629507521474  -8.201422360758 
 4.307702503025   9.107309695313 
-6.294111348378   7.894524150264 
 9.203346683665   4.307143828496 
-7.936172287982  -6.365397018220 
 0.644561821423  -10.219592475469
 10.185996773007  1.925815143192 
 9.524434478044  -4.168388628961 
 10.406887083912  0.209027005703 
 1.745240544340   10.296543998294
-9.975855125458   3.328805805795 
 3.275029145774  -10.026161661683
-7.289609308376  -7.756361274288 
-2.449935165603  -10.358981891350
 6.294349518598  -8.699760047481 
 8.756478145418  -6.283225796720 
-0.880538301792  -10.777247254874
 7.934758016780  -7.550200613069 
-7.987350883290   7.524484257538 
-5.118859674268  -9.743270426021 
-9.757364652682   5.158370681373 
 7.058596909233   8.531791766803 
-1.497497309350   10.983810753297
 10.800300015217 -2.605765214099 
 8.725116032208   6.947646364357 
-10.331153658982 -4.427923157298 
 0.465260407625   11.286079030968
-11.171641845178 -1.846707314552 
-3.839293946777   10.805638530317
 5.974716156124   9.804466407051 
 11.074012578094  3.240150029012 
 5.520016422944  -10.141148923612
-9.586534669393  -6.489655016340 
-11.460346319006  2.126691577700 
 11.650177672116 -0.787860000413 
-7.334341839881   9.107818591878 
 3.355777083159   11.260075141136
 1.918475060783  -11.639210131289
-9.562351393878   6.966190317816 
 7.824585340241  -9.153258450772 
-5.550102838236   10.696979473745
-7.833097525305  -9.245084768093 
-12.171814758552 -0.091262869728 
 12.115152100511  1.194908668951 
-4.209448095012  -11.511670533547
 10.718325342465 -5.961592681866 
 3.519585601024  -11.750871956652
-11.370747661505  4.879603502635 
-11.946671517356 -3.510712535511 
-0.247345080114  -12.489922143327
 11.688414763518 -4.752848669688 
-2.456607481448  -12.383209411453
 11.030503414989  6.187077764456 
 9.585412050293   8.303948020079 
-3.333833635163   12.280469636373
-11.697692127443 -5.161759657461 
 12.515510778601  2.648160858674 
-6.294876756931  -11.155920197230
 12.669110098789 -2.037805501103 
-9.714913586830  -8.474773708145 
 12.060071928073  4.557320211522 
-7.066514628262   10.815535845072
-12.838538524633 -1.830821142683 
-1.870726475395   12.878533828577
 5.317980035876   11.961723452529
-11.257403213275 -6.750993803099 
 1.014397923318   13.129875965695
 13.187493697895 -0.519333048609 
-8.797572324272   9.869140396200 
 7.856985209235  -10.655188287907
 10.053371215526 -8.651046899170 
 2.618427642533   13.041853333778
-13.139967470593  2.387695258844 
 2.361969749902  -13.212381002898
 6.705939360345  -11.668290097813
 5.193652179344  -12.451560581355
-5.844320581799   12.169875629908
-13.553089748602  0.689059448306 
 8.032302801735   11.065787248071
 11.352738182562 -7.709841993571 
-11.505427120283  7.537476464851 
-12.960988680938  4.618062112772 
 12.358901392317 -6.157797131936 
-12.425364246707  6.121018627079 
-10.774632520712  8.855059453355 
-13.147981357454 -4.747433549333 
 4.359908303581   13.295441906690
 9.722772351575   10.077467620981
-0.463600153718  -13.998403425097
-3.820511596086  -13.483943804772
 13.937324329952  2.006903562719 
-9.174605095722  -10.725504441337
 10.989455364419  8.998011277329 
 4.011295978075  -13.677158051179
-4.766539261832   13.478454634362
-0.086972172693   14.388905013336
 13.912180705046 -3.684741934781 
-7.572214923459   12.267620454302
-3.238471521969   14.117128792715
-5.866954172681  -13.274077569851
-8.129089445251  -12.124710498426
-1.718029096576   14.558937083576
-12.583993416819 -7.520917273358 
 13.788550860153  5.256342433968 
 12.767363342138  7.514627838359 
 14.819433407150  0.232399678712 
-9.573040092154   11.344374847206
-14.897061255573 -0.550293969774 
-14.778442775817 -2.068519624230 
-10.814801518487 -10.301643563983
-2.140124318450  -14.792038175018
-14.432678337238  4.133269541984 
 3.526984914722   14.593442033809
 13.934965197548 -5.688819763345 
 14.532512198286  3.944457687470 
 8.566005305071  -12.422234292179
 2.557655943085  -14.886953613194
-6.422497603825   13.676118595559
 12.114868448355 -9.076254209350 
 6.731222400312   13.559186297262
 2.070107211747   14.996630897946
 9.837737159682  -11.526825243329
 11.013010915792 -10.431647312038
 8.319892835723   12.725185810372
-11.990163101763 -9.355249232532 
 13.428983069193 -7.443816038805 
-14.693267384056 -4.515520155609 
-13.485691209089  7.427129471563 
 11.349121302831  10.531660289830
 7.249074446082  -13.690825019099
 1.160234326800  -15.455737033850
 5.792570634285  -14.396252285437
 15.321348743606 -2.758150496808 
 15.596395743409 -1.106107405512 
-7.727699928894  -13.600742320824
 15.573289810169  1.567870960707 
-11.192653743969  10.981334758301
-12.238902171849  9.882838883080 
 15.192495641914 -4.615015744415 
-0.596296592819   15.884937983884
-15.768940473872  2.124120964424 
 5.088635344088   15.080758193894
 10.542202112651  12.016935729049
-14.837414053829 -6.112964745717 
-16.074099165940  0.642534419522 
-14.268818839764 -7.509181011870 
-9.332159211939  -13.202903874116
 14.931428409914  6.231441458524 
-9.467486221253   13.122122531814
-6.758244816238  -14.756756090493
 12.924134360565  9.837109633556 
-4.575336666123   15.586525115256
-15.977902384560 -3.552779059783 
-2.246531215553   16.246133710713
-3.614229458218  -16.047817419358
-16.055483656954  3.667873262882 
-15.354599134828  5.972445803385 
-13.550263242155 -9.373362419020 
 13.833315529833 -9.012057506855 
 12.813193231404 -10.426002195549
-0.918434551376  -16.555599388889
-5.419801143801  -15.685349252973
-10.797197693106 -12.638131397141
 3.985188378587  -16.160557353818
 16.301342507911  3.770726709140 
 14.977052330498 -7.466811140466 
 3.042010135360   16.465818980410
 16.852183825981 -0.003265627929 
 9.631354949929   13.832901370813
 11.123764210381 -12.722820529666
