-0.121688084808   0.173530349634 
 1.235302404308  -0.575187899297 
-1.792768992160  -0.305011443721 
 1.201400060086  -2.094816220400 
-0.506169401522  -2.428333437012 
-0.558356716340   2.483491248314 
 0.962528826561   2.359683499850 
 2.837476468792   0.403474995810 
-2.766261102509   0.914895293114 
 2.898103522147  -1.197976548663 
-2.107778542721   2.709639161250 
-2.274413938037  -2.602156553581 
 0.591725956647  -3.523175740290 
-3.857309727432  -0.466464052610 
-0.849214839336   3.998362109583 
-0.896299279420  -4.111694035364 
 3.190512450028   2.956579863518 
 1.533915488594   4.179932911257 
 3.568868157303  -2.758264835416 
-4.181240259479   2.335340432315 
 4.675723928819   1.630728922952 
-2.696730540773  -4.179030962660 
 2.585809560776  -4.294550201972 
-5.120985776309   0.664648113732 
 0.754576092002  -5.155786115672 
-2.125120583177   4.923767413700 
-4.719388799727  -2.712280548970 
-5.422012133728  -1.155102272484 
-4.146537391056   3.875837901793 
 5.678597454027  -0.557657485198 
 4.509552542593   3.839461676955 
 2.534268802528   5.445012436505 
-0.506182321615   6.057793732525 
 4.571630679038  -4.086075478101 
 2.131560267848  -5.936038322711 
 5.806781006286  -2.549155082164 
-1.651035605569  -6.186981827468 
-3.822903055313  -5.489579532967 
 4.169256508312   5.341798112811 
 1.147475641486   6.698658725280 
 4.116949392856  -5.596087998627 
 6.927970097719   1.338071157091 
-2.970493976581   6.527751321899 
-6.085051535737   3.910125971483 
 0.879769663879  -7.205327583753 
-6.666124699837  -3.017293254830 
-7.367301505519   0.206617559547 
-5.345441180772  -5.085846191938 
 6.258505765960   3.933210673556 
-7.017705788867   2.415476356711 
 6.250397457229  -4.217736335420 
 3.436213795756   6.738662612735 
-0.702363782313  -7.558857151742 
 3.308819729324  -6.901633152117 
-4.541799230150   6.259357241267 
-0.526874051675   7.794575230023 
-7.687829450994  -1.542024796451 
 7.686105302694   2.642751347798 
 8.096255180925  -1.159633337179 
-4.656462958823  -6.806995899928 
-2.367659658536   7.940188335446 
 5.758700196242   6.015170369065 
-6.165716644341   5.627330340323 
 5.791999881859  -6.037770085287 
-2.749321506373  -8.088760437286 
 2.412350823249  -8.294671003817 
-8.468107065747   1.851383040874 
 8.240741382375  -2.922066266671 
 8.741513723022   0.211171626625 
-7.263247470503  -4.896933249717 
 4.810706182808  -7.333988326090 
 0.126643351388  -8.839529039687 
 4.901898040326   7.394052382296 
 3.333571640068   8.325069955586 
 1.684536164958   8.830495141939 
-8.320128569150  -3.710663907881 
 9.020600140764   1.918645932296 
 7.542462672809  -5.500859711817 
 8.341163597845   4.203438617891 
-1.040944905578   9.314865590931 
 3.910112798011  -8.605058892247 
-1.904878239007  -9.345828885988 
 7.453625811417   6.118599790771 
 1.302080520283  -9.778859386247 
-9.604329975975  -2.433969407273 
-9.383259992220   3.264406640438 
-9.967435953955  -0.197078028079 
-6.158935738412   7.842689331068 
-8.602174969545   5.044168669855 
-7.432106648618   6.651612828029 
 9.749243332758  -2.136550427080 
-5.023191885030  -8.684524053665 
-4.418255981144   9.108409539237 
 7.302779987373  -7.188248946513 
-7.338471116229  -7.169455659238 
-0.746185121188  -10.341109479920
-2.340998614141   10.211184651099
 2.244460997229   10.255743779975
-3.598893469308  -9.904526787831 
 9.862362856083  -3.739389686617 
 6.370629325728   8.475309070583 
-10.546535788148  1.729633899403 
 0.624503300888   10.679983784724
 10.285105877127  2.995739684988 
 9.010075082512   5.802919413426 
 10.683255473912  1.076250433620 
-9.808732149553  -4.432510947936 
 3.041707154197  -10.330580596242
 3.767684124622   10.141801088348
 10.814562396398 -0.738976126577 
 9.416311507577  -5.453897146489 
 6.423537305704  -8.815077790722 
-8.991189230031  -6.186206506402 
-10.992479704879 -1.488700774315 
-10.238865947702  4.684712469908 
 10.200005765417  4.772424336197 
 7.877849344424   8.075837605639 
-6.085527567491   9.581139488929 
-6.558716982545  -9.382295204712 
-3.984872972143   10.738816183480
-11.006614930109  3.356223732304 
 11.251959113837 -2.608427089936 
-7.430017560296   8.891796261454 
-9.268163041961   7.207426863245 
 7.942915339535  -8.654788670140 
 5.455120106986  -10.410126544515
-2.964219531361  -11.507364992125
 6.100197317809   10.255211009256
 9.230727586930  -7.600808621025 
 0.925247737675  -12.019290283655
-8.295498863638  -8.886018664946 
 1.595391484690   12.145857898806
 11.248352214150 -4.869888116223 
 9.837933536372   7.339311656843 
 3.749524450178  -11.719863643255
-1.014531769079   12.274931968135
-11.227321829427 -5.329404533703 
 10.604640204682 -6.486629466213 
-12.135375397660 -3.005183845408 
 12.459247259145 -1.180352774895 
 12.213643017956  2.737849000480 
 3.300859421114   12.079875529301
-12.566759765877  0.052819051955 
-12.364726240650  2.250211193415 
 4.805478340373   11.614471774864
 7.621337828392   10.013813831499
-0.986744432119  -12.551275923547
-3.159659528073   12.254602102974
 12.657802668668  0.528674719865 
-5.033597152510  -11.642337477808
-5.835260813777   11.309229633550
-12.671216851495 -1.600497384763 
-10.826391794081 -6.897959053731 
 11.513304305127  5.806863035743 
-12.185636203581  4.408215121082 
-7.701158754705  -10.452188322782
 7.041024601070  -11.003800694672
-11.509706720329  6.225177534355 
-8.963813898585   9.550690790400 
 12.416648601975  4.374157860118 
-9.956599035032  -8.694482849534 
 9.736931155080  -9.047221954245 
 2.613715505129  -13.060333471013
-6.550916477655  -11.718181609213
-2.506014413483  -13.298537688723
 8.656690318769  -10.420843237651
-7.648631488161   11.187154001449
 13.132852087425 -3.459432277063 
-13.746185021061  1.203323062113 
 9.403717575124   10.107459265381
 11.759220780270 -7.445748006023 
 5.773067389653  -12.682188733700
 10.658687418110  9.002016975333 
-0.829519437757   13.931205940073
 13.742857357546  2.800342946801 
 13.981899606688  1.253187500264 
-5.546618840837   12.907036821565
-13.773835201030  2.806805357685 
 13.153847479022 -5.010896464831 
 1.247770808170   14.078736617417
 14.038866708127 -1.773593262997 
-14.176049312843 -0.283897244707 
 0.764518399919  -14.166839539257
 12.038332783214  7.592447965506 
 4.057751571089  -13.666608915622
-11.387084051542  8.642686379109 
-4.280311186535   13.751163158961
-14.162125050074 -2.768777742609 
 11.377327923317 -8.946748027186 
-8.505078704089  -11.752595453789
 13.308523622732  5.793519303563 
 7.342552200671   12.542729478302
-12.899354070707 -6.712202092376 
-2.763483129709   14.287166847613
-0.824134464770  -14.541141288160
-13.764097741403 -4.832302484565 
 10.156027100172 -10.495312945407
-13.698218526768  5.106492342913 
 5.114102466334   13.702119297744
-13.107107339994  6.586928426049 
-5.068771092993  -13.770165315778
-12.042615406774 -8.565173190672 
-3.558780837159  -14.378967420451
-9.825712229208   11.131536119119
 14.263425651332  4.229156235707 
 13.243434280029 -6.851195715566 
-10.630128548699 -10.526033532390
 14.792371301413 -3.192759323668 
 2.962845069529   14.865958959440
 8.972431662830  -12.318070759627
-11.179742383267  10.397759278920
 15.365737102146 -0.331339378266 
 2.362183157919  -15.243874620893
-2.301270975651  -15.282515006126
-7.830530308928   13.327985703484
-1.176325525158   15.418307348438
 10.051192705039  11.756620818441
 12.019433153471  9.777750574506 
 8.896770415138   12.786210270821
 15.467005404261  2.260594482370 
-6.548534547088   14.237552711781
-7.476198549548  -13.811066863012
-15.837422935110 -0.764161160755 
-15.482106711740  3.438127197738 
 4.527383521348   15.199375680718
-5.221343934016   15.093097058146
 11.682988253022 -10.968708883761
 7.799623474343  -14.008555676786
 0.616813552454   16.023659754202
-12.685949558099  9.842079980845 
-14.419100827632 -7.072093770873 
-3.384088380299   15.845341903745
-13.965627168442  8.225703492703 
 14.779414944978 -6.703710886100 
 6.117546186440   15.039150963022
-12.620303140332 -10.235323607193
 12.895808028928 -9.916346856720 
-1.018847525661  -16.236775055799
 5.871285191542  -15.173940932059
-11.195752905899  11.911559086917
 14.216949966194 -8.123918321285 
 14.224405127170  8.222192224454 
-14.021259402206 -8.619275398485 
 15.761253029985 -5.001819287106 
-5.020116890378  -15.807685481529
-16.417767524017 -2.374471284383 
 10.588131366364 -12.777051530168
-16.546390195262  1.355633522672 
 16.590520391073  0.680789137314 
 0.637854452945  -16.595060561835
-16.071276259296 -4.248116945224 
 9.359000988208  -13.781214382287
 15.557550058194  5.960862139021 
 2.733792370080   16.472946510687
-10.848478623281 -12.709052649369
 16.551835292707 -2.377377392943 
