-0.493544409234   0.191085315884 
 0.964589710895   1.114708082921 
-0.751300014143  -1.442910971267 
 1.827598485339  -0.692269349618 
-1.899172102867   1.363115585438 
-0.717212459347   2.592030951308 
 1.567104364890  -2.312474819587 
-2.772173488504  -0.841415925257 
 3.014021178456   0.540509150404 
 2.035286423027   2.358652530780 
-0.197897350818  -3.531289392398 
-3.103262738918   2.408070429726 
 2.715763664560  -3.307008016702 
 0.838121304802   4.220353691454 
 3.813514310867  -2.187532249613 
-0.660855014925   4.355937490183 
-2.769723103104  -3.426937916691 
 3.801831378621   2.441745227614 
 4.578559912547   0.138566962871 
-4.654979642904   1.078560229593 
-4.218100885449  -2.362595588446 
-1.646670467145  -4.611931700112 
 1.542391425806  -4.690875796083 
 0.028397959801  -5.102264835847 
 2.909464511986   4.237789402412 
-2.384590690443   4.905345432303 
 5.348348693906  -1.270817802559 
-4.502045984675   3.504949765711 
-5.675249545973  -0.832032497433 
 5.676334929567   1.172061793470 
 4.461466988148  -3.763190173081 
 4.475367550151   3.889204439795 
 0.072718178686   6.367744882138 
-6.001832990053  -2.300928015141 
-5.384711249071  -3.732058639385 
 6.131831857816   2.646085558998 
-2.734923765440  -6.108897113135 
 0.710271339858  -6.667679352110 
-4.337619904997   5.123624261127 
-4.220094105571  -5.242549515953 
-6.020516979226   3.196033166932 
 6.833252980423  -0.788605258444 
 3.015827102434  -6.203402216670 
 6.085576567169  -3.338589853686 
-6.997020889141   0.269416311460 
-2.273644835374   6.779247109094 
 4.934643914913  -5.252146790472 
 2.249557607459   6.893490407942 
-7.288490421121  -1.216014946065 
 4.102068765246   6.162926986258 
-0.897024349639  -7.670032229456 
 7.671580909502   1.684735350154 
 1.950314932058  -7.714511092275 
-7.512677471306  -2.733768528368 
 6.674641514192   4.501566277306 
-2.424925786559  -7.831246539173 
-6.200857992047   5.566859493256 
-5.711315008795  -6.184919953251 
-7.279259095312   4.284033385384 
-0.093614424798   8.503814043143 
-8.463553156173   1.555145168309 
-4.032029723585   7.603791458697 
 3.476414887780  -7.965464320461 
 7.948809815020   3.514391919580 
 5.705745728289  -6.636730499137 
 7.198019491446  -5.054119845753 
-5.512857491306   6.958827551541 
-8.702442674704  -1.776846066497 
-8.921616419039   0.123524790296 
 8.301362096507  -3.287758789479 
-8.385796481646   3.190228031315 
 9.044146245096  -1.481024083578 
 6.245349007608   6.771464587076 
-4.750652203314  -7.912857417504 
 9.234128113563   0.835725267395 
 1.121731559102  -9.235894108339 
-8.122432143070  -4.873140813357 
 1.496845852573   9.365232918259 
-1.309498176201   9.509959962498 
-1.344113838253  -9.772791457220 
-3.482705747308  -9.284299093263 
 3.903717048140   9.129206791814 
 2.786711338117  -9.532547745688 
 8.664408433990   4.857701220205 
-8.698818775618   4.836735442820 
-3.294045873489   9.393844967176 
 5.390121708253   8.385715631709 
 7.461433051766  -6.639317300782 
 9.556752517096   3.370673167049 
-9.851379613576  -3.365024825229 
 9.951562351876  -3.198934292640 
-7.501705859435   7.299632716537 
-8.314289049312  -6.689468868440 
-6.149636914853   8.783219359968 
 2.645841963191   10.424442113574
 6.405443081881  -8.660802351655 
-0.003932775239  -10.780514436392
 1.818682225658  -10.700611469235
-9.662054018259  -5.002699489793 
 7.110777075526   8.298686665267 
-10.904647561091 -0.886397819409 
 10.945304122394  1.645372346842 
-6.838469134978  -8.707356963873 
 8.467634785509   7.145732640271 
 4.301522396336  -10.250116789876
-2.207572991891   10.911442481020
-10.776968310223  2.943721155893 
 9.946249382610  -5.259209992025 
-0.150531199797   11.314877780416
-2.840176236480  -10.979861347538
-11.455204533252  0.641672924960 
-9.077485109074   7.045495962945 
 6.306435497773   9.610189146550 
 11.600128379182 -0.413951629674 
 11.186106717282  3.126445745655 
-5.988578367361  -9.960994439925 
-3.854756368999   10.966404070433
-1.378691806407  -11.558131142993
 9.833630562154   6.240499219962 
-10.229627091376  5.612521746375 
-11.480532680517 -2.274608075578 
 9.282573794091  -7.249562771968 
 1.458360948435   11.735287122347
 8.264720268368  -8.559296957265 
-5.443815996333   10.674131121289
 11.084198082006  4.643064278709 
-10.242311983097 -6.397442692288 
 11.955456087402 -2.018522075422 
-4.530285135421  -11.251565845729
 11.654215814321 -3.567832576354 
-8.042265012355   9.252818826640 
 3.731554067619  -11.700458518318
-11.672868641771 -3.844971960079 
 4.405765985842   11.564304696612
 0.868152629446  -12.381937240427
 7.173911096555  -10.141253955023
 8.919742438077   8.888704785101 
-1.750743904394   12.488954983961
 3.030841767840   12.434069563811
-7.688710112224  -10.235269910014
-9.549116695162   8.579546610425 
-9.709234766564  -8.432831708792 
 8.044734353185   10.170009146525
 0.165285828121   12.985907018440
-12.986180116141 -0.396372815803 
-12.622362590758  3.235808671000 
-3.500141210958   12.594801080621
 2.598210143546  -12.856587758416
 12.476342448770  4.065963196159 
-11.953565092354 -5.436199021113 
-0.957549357811  -13.101565343513
 6.816762473634   11.264251947430
 13.152607117878  1.038572608049 
 11.658726682364 -6.210010311764 
 9.719060412245  -8.980251719987 
 5.173858710605  -12.223625893889
-6.492306103782  -11.585912396014
 11.408855919098  6.819674962764 
 10.871378034105 -7.682314706840 
 10.355752504092  8.385374110621 
-13.208782598105 -1.930600265527 
-12.295657177780  5.380917972347 
-6.585751114479   11.705972730097
 13.396379541311 -1.405420767431 
-4.223882052955  -12.837100768406
-11.544334163657  7.057109588385 
 8.811605246659  -10.311846307770
-2.714560902232  -13.387222414722
 6.675442852923  -11.967636796073
 13.409134302926  2.890704529152 
-8.708422668204   10.644758695971
-13.238732580213 -3.763002641880 
 1.911431124500   13.792335613271
 0.434300802623  -13.918774587780
-13.859825484786  1.648379708813 
-1.049907860511   13.921168787902
-11.872301171534 -7.606524543794 
 5.918820278916   12.809710105073
-9.844147356161  -10.204963333579
-2.602474113076   13.939669410337
-5.746147893677   13.042229283588
 13.906837223544 -3.357541160745 
 13.196059681744 -5.664520668251 
-11.314961824211  8.884197939283 
 4.001900927969   13.842290953578
-4.420564321074   13.823266885284
 10.642699837051  9.942562572880 
 9.075600115975   11.432152331487
 12.044096759369  8.270633878298 
 14.526703079982  1.873496602390 
 13.953297421753  4.566898709047 
 14.695682586134  0.063567836168 
-7.642227760245  -12.581831769602
-13.150469741675 -6.653116111034 
 13.028435560027  7.032277276621 
 11.429042096433 -9.438164545085 
-11.448675950381 -9.415391342798 
-14.403070840837  3.528795362699 
-13.962958944297 -5.084401600363 
-5.448271322818  -13.875184446219
 3.278876003550  -14.570800824401
 5.368419673328  -13.940815366097
 7.982770534124   12.667971232468
-13.285212403473  6.978900413941 
-15.081466656147  0.581818105881 
-14.016659378527  5.600381373824 
-10.977002888617  10.368489045850
-8.726469283920   12.445852143261
 9.998249910485  -11.450314696334
 15.047169835852 -2.241844768235 
-14.909886319827 -3.301626369938 
-7.335633760407   13.405824015425
 2.540839433376   15.206579677220
-0.659761893524   15.410164978222
 13.335790530208 -7.878263453920 
-1.373079096344  -15.451883346116
 14.831719151062 -4.553216407217 
 8.241511841639  -13.212397343753
 0.249525073838  -15.629216393791
 1.870594821224  -15.524306060039
-13.377223968170 -8.163834378744 
-9.743262957340  -12.309629355514
 7.126290007224   13.995406283855
-5.866453972867   14.666477877446
 5.008783044682   15.060468964617
-7.095424484781  -14.205321263961
-3.759565201097   15.449765519157
 12.499855538356  9.839946600629 
-13.052202912610  9.156351077351 
-15.895815100402  1.932345342234 
-3.905851201882  -15.585835139725
 16.104714348822  0.836492949562 
 15.055594883992 -6.086352364091 
-11.905517993240 -11.051965125843
-16.211094373176 -1.126451838219 
 16.232485250269 -1.245495789946 
 0.792392956754   16.322004320605
 16.010673839850  3.307979782952 
-15.926727238313  3.815096042878 
 6.603316536260  -15.007498028936
-15.221639358059 -6.243904522041 
-8.991793284932  -13.798793998266
 9.301431065946   13.598087434549
 15.118041768153  6.593823199412 
 12.677144053325 -10.561214602787
-2.132864214384   16.365618579065
 12.045900783152  11.338003264188
-15.170177090049  6.641652985061 
 13.887564088840  9.133674373463 
-10.762623044154  12.700417281728
-7.407782725183   14.980187947412
 10.267060061970 -13.195995028153
-12.536750921688  11.084616284267
-9.083771324861   14.067763153903
 10.713679254432  12.870016087572
 4.032716789290   16.281538056516
