-0.550013290815   0.566127463598 
 0.888247584507   0.039937560536 
-0.276723951630  -0.978325200150 
-0.953100659443   2.143300065101 
 1.617802744180  -1.895158662241 
 2.515871774673  -0.342651101614 
 1.819712543236   1.975916445891 
-2.736000624382   0.081787833690 
-0.898256994068  -2.831642385114 
-2.535740088973  -2.192384118530 
 0.528040644074   3.315693812148 
-2.908964248955   1.702200207839 
-0.935892870309   3.711597887870 
 0.918319533065  -3.865799897966 
 4.220769341683   1.068186356546 
 3.646710469913  -2.502304606987 
-4.084199062715  -1.748312922596 
-4.437900338896   1.448341222838 
 0.362605691940   4.818262802959 
-2.882589223515   3.923921244795 
-4.878505743307  -0.357150056669 
-1.768809079171  -4.709210188829 
 4.176084459143   2.870331285959 
-4.208250336754   2.958679182681 
 3.205651262154  -4.033574966521 
 5.137908835034  -0.598923470227 
-4.207701351054  -3.442138995899 
 2.661976147422   4.816210359495 
 1.575560180337  -5.316079345504 
 0.051055475018  -5.612038435616 
-1.120251643745   5.548525539126 
 5.587670502719   2.060214141167 
-5.796554694489  -1.729347214403 
 5.176662104637  -3.457387670228 
-6.202148177296   1.964048615695 
 5.265876868042   4.105602315580 
-6.771380597666   0.491035846268 
 1.562212018281   6.731515292442 
-4.052697761024   5.672223746217 
-3.710481434910  -5.962242386436 
-5.916120010311   3.787058464357 
 0.708058317945  -6.992857495580 
 6.931710667458   1.230404827886 
-2.733516048150   6.647104480703 
 7.260872639873  -0.319998548550 
 4.659340466943   5.600066616264 
-0.793422942933  -7.289547671858 
 5.477185374300  -5.035274475350 
-5.824750290697  -4.746071354805 
 6.942186248137   3.059488075896 
 7.254709776132  -2.292830165611 
 3.464391321578   6.858719602861 
 4.313410876184  -6.371584531288 
-0.156652949773   7.859172408984 
-7.407393786865  -2.745991780344 
 2.179689344221  -7.670056977270 
-2.268782701626  -7.820334669346 
 6.486211103604   5.114169958103 
-5.457135671692   6.365774386111 
-7.838274932707   3.499398695434 
-8.424636545987   1.672877826628 
 8.511105490059   1.341967644019 
-1.524178136659   8.483194884740 
 7.336946277695  -4.762159968439 
-8.763894617826  -0.176906386143 
 0.035895438326  -8.823695348281 
-6.900149941897   5.502402666958 
-5.380528775181  -7.050569330801 
 3.978780979261  -8.070297184571 
 5.420098686990   7.185636066529 
-7.577486603997  -4.880831166560 
 8.611730057875   3.022934545455 
 2.373942004491   8.856984286066 
 9.217395293612  -1.056029654095 
 0.722656654999   9.249856563316 
-4.091496884737   8.422910871108 
 9.012788526020  -2.758402421455 
-1.435741297106  -9.331169000387 
 5.496202879668  -7.697524589730 
 7.184405697564  -6.359538024524 
 2.426656213924  -9.288395050713 
-4.247604881873  -8.638497988377 
-9.008412987913  -3.509005561810 
 7.461928332260   6.577454846977 
-0.625590039902   9.940830014326 
-3.018204173150   9.492949983902 
-7.423680878533  -6.664988257450 
-6.142701983327   7.867264960523 
 9.814627562247   2.099784808084 
-9.924218075798  -1.731884598374 
 9.239740064323   4.393236700310 
 9.345119324526  -4.277604905080 
 3.760727667795   9.605128752573 
-10.236988002912  1.289076741834 
 1.154019746892  -10.299070234142
-10.416607516616 -0.235752580551 
-7.900445879663   6.928274089337 
-5.954306703531  -8.776996935945 
-10.084105723023  3.307225956459 
 10.754713643023  0.129872748537 
 6.243592146383   8.793949927937 
 6.735966204258  -8.592613315734 
-0.523380006066  -10.920706103378
 9.060398002791  -6.184671345799 
 4.267937286571  -10.215236255733
-3.461628929860  -10.569660144993
-9.733233831394  -5.394817644864 
 10.551693781169  3.542396335894 
-10.562343533190 -3.691746188946 
-9.876727322449   5.494943654684 
 8.195322691417  -7.804791925464 
 10.824989828116 -3.551084193987 
-2.108023161667  -11.216195256289
 8.695371457085   7.458452046448 
-6.974814508244   9.121230379651 
 11.378418454376 -1.802525518443 
 1.989516234077   11.377408860205
 11.484019561868  1.477775964479 
-3.658841015717   10.993339039711
-7.594879986208  -8.780995182103 
 5.794617604648  -10.089556641110
-8.742118929002  -7.701274304162 
-11.588588877569 -1.240191108726 
 2.512027012739  -11.402486125819
 10.076005053152  6.332993003162 
-5.313655536715   10.711038685190
-4.905841172180  -11.009952675107
-11.644097729833  3.139193195512 
-8.839529693206   8.211690075769 
-11.778665016360 -2.794175926132 
 8.233207831216   8.919159738476 
-6.602028179687  -10.217473321354
 4.874223230123   11.203363005806
-0.232782386824   12.240980425671
-9.963996135523   7.175634798859 
 11.290938625596  5.015830780655 
-2.568808502951   12.130855177824
-12.446460456525  1.647194243053 
-10.218471774143 -7.310315272924 
 12.629803356932 -0.874543677323 
 12.268212917602  3.162902306416 
 8.130022520964  -9.780780481841 
-1.185264765614  -12.691798201971
 5.470365010826  -11.558964412695
 3.740053069231  -12.371851398908
 6.546701649406   11.158415926726
-3.474310131938  -12.497817264135
-12.974097294938 -0.172342320623 
-11.761427402768 -5.534967873025 
 11.666244092697 -5.822834868092 
-8.009451192305   10.290797959122
 7.885981950568   10.394814441976
 10.823566449093 -7.347009960268 
 2.088407594798  -12.928389317438
-12.111519550065  4.999478473637 
 0.558890654470  -13.158629154315
 1.796006997221   13.059657933356
-9.430824670666  -9.234320495164 
-13.066240169037 -2.020840327922 
-8.296152588499  -10.472920792741
 13.309298247003  1.717498524020 
-5.834008176169   12.128971745951
 12.976609419179 -3.862896620194 
 4.484618185119   12.851914939457
-5.413950158328  -12.507411054506
 13.487724874322 -2.225360542062 
 7.490936702118  -11.554074807439
 10.550086253807 -8.947360729800 
 12.639840173194  5.684184547603 
-2.831406315462   13.630638334936
-11.993170387095 -7.185706324458 
-13.168878555228 -4.726657038370 
 0.299189735327   14.002722313795
-12.133741267281  7.050889239871 
-13.645562522825  3.309389963128 
-11.251495945381  8.447866829745 
 14.133165449515  0.197985296016 
-2.585513175831  -13.919992700030
-7.689781901446   11.929618430379
 9.993043941629   10.100371365183
 13.782346916388  3.689400502895 
 11.340588061346  8.666012387967 
-10.972275598945 -9.194119141248 
-4.866865836446   13.497928255925
-10.004095727813  10.318391738246
-1.355721136556   14.365264243742
-14.091431499426 -3.205964682627 
 12.508978648000  7.404900119725 
 6.920749029995   12.799820575177
 5.657208686158  -13.481863101110
-13.708068022191  5.197755277263 
 9.396714398063  -11.274156249947
-13.323248776975 -6.417183067229 
 14.676624976174  2.354148878825 
-4.293753382194  -14.264902578658
-14.893315344290  0.710247953689 
-9.213767787207  -11.757986647681
-10.487036835390 -10.716750033624
 10.746566608659 -10.459809260607
 3.998659671217   14.470871459268
 5.815853773110   13.862582283159
 14.279868283931 -4.729134118167 
 13.604012644611 -6.558132676446 
-7.566346380945  -13.116697540331
 3.946637974748  -14.635389364715
-15.071022146387 -1.659756898256 
-6.231258003593  -13.827732425800
 8.753793198095   12.424151898297
 2.359660555821   15.033672865680
 14.370297854555  5.170497785261 
 15.149798410113 -2.114143217929 
 12.559281240334 -8.927457156575 
 0.548355103222  -15.414174196855
 11.577570036013  10.284099721552
 2.469248197647  -15.350534584225
-2.764594782638   15.300570318262
-12.979450924328  8.677262127435 
 10.431306726110  11.634812084597
-13.432950960612 -8.017429205514 
 8.607450645243  -13.155003066738
 0.886659126131   15.747520120957
-9.358368633678   12.706654916713
-1.321599118285  -15.746735574672
 15.358526623619  3.735600407675 
-15.136209718472  4.600694906277 
 15.822479732202  0.923535318820 
-4.913383273336   15.086698586366
 7.137410115967  -14.274727921022
-0.876395290608   15.936690964090
-12.837063694485 -9.512596266931 
 16.018204224372 -0.626338237999 
-15.579075118461 -3.866039164968 
 7.736745758029   14.078867839174
-15.773843257083  3.052275281287 
-3.637919726671  -15.690085629975
-7.684423884870   14.200453606204
-14.379790178476  7.486687718305 
-14.740034925312 -7.016429578573 
 15.115961098537 -6.365638186435 
 13.870199522957  8.802056898402 
 12.301335861981 -10.940014452277
 5.704508201954  -15.465135421779
-16.466585203350  0.915322266429 
 10.155017972074 -13.080357975452
 5.857854353657   15.515618932023
-6.552475905912   15.242688544459
 15.386513575115  6.446265044154 
-12.415474561089  11.222032912191
 15.967679957606 -5.035026631666 
-6.581348764629  -15.425196038659
 16.561144420458 -2.653470775161 
-10.939736048519 -12.813835949960
 10.551191324515  13.145821181935
-13.547655213494  10.085503820163
-15.724882426436  6.214222704488 
-12.408069754250 -11.536159498956
