-0.846081231785  -0.075922639749 
 1.064775732699   0.564723971746 
-0.293544626046  -1.849352277329 
-1.793412128544  -1.327004337716 
-0.744878791432   2.288953466077 
 2.529527896742  -0.121813028588 
 2.079517510213  -1.591461394020 
-2.988735268826   0.068896996951 
 2.721503579085   2.062668104724 
 0.036601383469  -3.438154735018 
 0.885024470775   3.337869996194 
-3.096010176313   1.781375599205 
-3.316849117785  -1.545456727909 
 3.861697594665  -0.938117984915 
 4.009738603358   0.570759936601 
-4.518809295405  -0.586630606787 
 0.947151402278  -4.743425668575 
-2.565248961535  -4.145594142052 
 3.437993156042   3.520620119049 
-3.249267517684   3.713578484347 
 2.508386575256  -4.251633095423 
-1.538612637634   4.736813343194 
 4.682187220381   1.938060354772 
-4.165291258717  -2.916195727068 
-4.475394369632   2.768517890802 
 2.184298628674   4.838878192847 
 4.896587469324  -2.355002198240 
-5.456243085520   0.837557950222 
 0.713667077626   5.510009649015 
 5.534514711259   0.644488001584 
 4.117295246780  -3.806906243864 
 5.534552995108  -0.918038660607 
-0.356230517399  -5.686581360036 
-5.445822485902  -2.058129202414 
-4.144746587134  -4.609992495222 
 3.025615513450  -5.683982609607 
 3.636874685368   5.319471293746 
-3.112980404991   5.761441135008 
 0.964659148467  -6.489733745272 
-5.999358837861   2.871929919536 
-5.734996362194  -3.567360277387 
-3.153515703091  -6.066309832968 
-0.700769270957   6.803252445585 
 1.960560568048   6.677120019879 
-6.946029260999  -1.586664084138 
-7.276243859821   0.080542496898 
 7.181797844013   1.605455060257 
-7.134893417995   1.837299870310 
-2.221087666862   7.035269649455 
 5.637268250796  -4.823380497915 
-1.970305727150  -7.165425174417 
 6.395413988599   4.018787291528 
-5.435187589978   5.407817124862 
 4.972696324717   6.027741064735 
 7.621373372569  -1.941072920923 
 3.763288327007  -7.092960370726 
 0.586590345013  -8.074325322103 
 7.072503310811  -4.047159101923 
-4.657429672395   6.764044369875 
 8.309271175089  -0.002440605251 
-7.597756770647   3.401649939848 
 3.414311666907   7.606327983282 
-1.361390911397   8.415184517849 
 5.297898173689  -6.715896479534 
-5.345891627417  -6.687191242950 
-7.046826689006   4.890193533797 
 1.862614354486   8.372953035221 
-8.556028926104   0.933930795292 
-1.241600137161  -8.626918578737 
-7.819271160926  -4.165001523172 
 2.943036349340  -8.368320854482 
-8.829039061018  -1.483572402931 
 8.523284648262   2.914620732260 
-2.742762372653  -8.586223446659 
-2.948069956257   8.569152117422 
-6.924490247263  -5.873374723228 
 8.513835289303  -3.219458882357 
 9.063297196103  -1.449975117373 
-8.842668558128   2.497317271209 
 6.479422355022   6.600288606556 
-4.605608179111  -8.048420979229 
 7.528172868645   5.480232166904 
-6.137533524085   7.182836456031 
 0.035677597284   9.526709431805 
 5.480046677516   7.793637186691 
 4.835447999568  -8.329428486569 
-9.986362236667  -0.338448795256 
-8.903604262207   4.572792328483 
-0.373958925634  -10.008641251857
 1.553499338722   9.915150894277 
 8.933811224901   4.600799750948 
 2.269627423207  -9.816540068060 
 10.166216847923  0.789792395091 
 8.207999351898  -6.069987405444 
-9.818736094499  -2.840596227803 
 3.822133624852  -9.701266166925 
-9.137876121086  -5.043974159975 
 10.113692985705 -2.657946266175 
 4.549755583126   9.427267116813 
-3.935263343782   9.719991960680 
-2.939943878155  -10.084338439915
 9.707840117552  -4.264346432285 
-7.841600619675   7.148402288551 
 10.642271541845 -0.762539092922 
-2.559925427003   10.434706776465
 7.417642626589  -7.860439683558 
-10.828231698015  0.961946712800 
 10.665115530194  2.256148315685 
-4.808917176092  -9.878003858602 
-10.598988711676  2.913800459745 
 6.244722296035  -9.053422344346 
 8.995557975034   6.344829137645 
-5.503032853744   9.538824183735 
-8.633406214824  -7.061449218434 
-7.192266894080   8.664659737675 
-6.720540416457  -9.042183328032 
-1.255595706074   11.282717817148
-11.266062769917 -2.195345062345 
-9.790048101849   6.018729199067 
-0.345917925173  -11.509901940160
 7.274817305416   8.976166202281 
-11.559939342659 -0.533757154042 
 10.366656245370  5.371438278260 
 2.940166268750   11.316449778997
 1.501064175476  -11.798257237334
 11.757618272755 -2.182918422268 
 11.998585549901  0.999283378821 
-3.703631343505   11.463968153226
 11.476336476864 -3.742758514183 
 11.621210902163  3.453526787575 
 4.697856783011  -11.220851654574
 6.288313634946   10.415262593374
-4.375394065617  -11.393057663408
-8.959604545276   8.350368892213 
-11.486982550246  4.271567971095 
 0.833006212426   12.241994124333
 10.393008132822 -6.542427484822 
-10.884904257815 -5.841616764410 
-11.708966470219 -4.045573387027 
 9.581079114660   7.913212209556 
 5.080187013975   11.352318832796
-5.514651344290   11.230665004324
 3.192299564211  -12.132644817352
-10.069631639694 -7.552957350928 
 9.406415682182  -8.487743121061 
-3.161464674560  -12.290769283193
 11.480712947215 -5.449785040071 
-5.894906563018  -11.364122876249
-12.471018807651  2.893038922228 
 7.339196052189  -10.509183006222
 8.952405523434   9.315903409960 
-7.569656162907  -10.526694816045
 11.998592023903  5.090402428423 
 7.923898188962   10.414497532013
-1.202394955837  -13.070277162719
-10.691542413489  7.618351914021 
-0.540395678217   13.129775432358
-8.362679988517   10.153645217854
-2.465163938121   12.927949836629
 13.148892646881 -1.238157805193 
-13.146347997439  1.315906493744 
 3.722529684281   12.759724117205
-12.978477937271 -2.946052511634 
 13.466883380318  0.590610920412 
 13.264993170289  2.823993446057 
-9.058261469681  -10.096557904332
-13.608697502034 -0.270442127251 
 11.833013962633  6.816496097674 
 2.169744001610  -13.506664962562
 5.757165828730  -12.521926971958
 10.929327565241 -8.417970292191 
-12.402183357747  6.196317127031 
-6.826965070994   12.119081028417
 10.679018988992  9.054515546460 
-4.240563796085  -13.347667670234
 7.438501946389   11.877464564084
 4.260920228318  -13.363320418454
-13.196255923751  4.801467258236 
 1.791605040787   13.935436003406
 13.763585736549 -2.994522294211 
-11.424311706503 -8.265621462362 
-4.587710848385   13.348726387563
 13.269456523223 -5.095057544763 
-14.009182780077  2.652220860701 
 0.716943473444  -14.350477034383
 9.647899970176   10.720766966460
 5.346394467573   13.407960131580
-6.160863950297  -13.133695388001
-8.570922803943   11.722609003117
 10.043398535906 -10.649078995490
 13.956608744958  4.608595063574 
 13.335961625502  6.178953199746 
-13.617187055487 -5.550724538303 
 7.263798027729  -12.851282781815
-12.502811796352  7.926484655728 
-11.526966671255  9.290776690191 
 14.877115835702 -0.483543951765 
-14.429514268351 -3.721535629952 
 3.497290303150   14.521116915954
-13.150087161465 -7.099316568186 
-9.512713314648  -11.548330455912
-14.940761281115  0.881921400327 
-3.218578335748  -14.652820091550
 13.210035281336 -7.174232435386 
-10.834414402082 -10.423003118202
-6.238177090586   13.692180577731
-10.612554640714  10.674280411367
 15.075004420626  1.862062655121 
 5.793314075904  -14.057011450494
 2.056231417855  -15.080848916752
 12.881746615397  8.165894787999 
 0.069336603512   15.266831200365
-15.175721877125 -1.681446659835 
 9.360874618364  -12.073485067423
-8.396160400788  -12.770492506539
-3.639505565826   14.857587673320
-13.814455779272  6.712808957353 
-2.150294877953   15.213233148475
-1.294730182331  -15.402171391115
-5.126287710995  -14.633867980796
 3.918757605245  -15.040844315935
 9.541483374560   12.382075473353
 1.935936279339   15.589843230811
 12.210021105697 -9.897405728695 
 8.033745481307   13.576368429717
-12.495573700408 -9.661561739242 
 15.283604503217 -4.237595552205 
 15.764724210109 -2.199559353770 
-8.710156187193   13.341268538850
 12.097318423430  10.403640832424
 15.599731678234  3.451304364227 
 5.297691034175   15.116505450440
 11.105495302582  11.557318892910
-10.408525103849  12.265413434092
 0.600563103174  -16.095966742864
-15.209113324563 -5.560618195869 
 15.318672906818  5.318217126441 
-15.670110815527  4.586764329417 
 16.396680756850  0.581533278342 
-2.906298516374  -16.233300727283
-16.536102313667  0.515632545553 
-14.791289051307 -7.418076935435 
-6.503963246664   15.237521064254
-13.634381199031  9.480108446857 
 14.861545586308  7.454712153353 
 15.336733333540 -6.490656659457 
 7.441971284993  -14.922101342435
-4.545792075353  -16.053175036332
 11.700215709807 -11.905279558358
-6.919276074213  -15.195015969699
-1.437192128978   16.638590936783
-12.198503698288  11.509044248272
-11.571096818640 -12.152886814284
 14.814925272201 -7.951976775599 
 13.795055942255 -9.656635377523 
 5.637005046171  -15.893117723589
