-0.497101559340   0.104264485082 
 0.961846478952   1.033934920828 
 0.110368954136  -2.101678213000 
 1.522419192938  -1.537621277245 
 2.267497121149   0.276839213844 
 0.541412473643   2.593470262687 
-2.284523941995   1.500986668850 
-1.735931023018  -2.298182506925 
 2.099453664753   2.250439384874 
-3.200102828398  -0.403871049217 
-1.704277909079   2.905816021274 
 1.899984036963  -3.169926661142 
 3.962428609664  -0.255928242143 
 1.765115637370   3.779273287780 
 3.583840743012  -2.381686468815 
-4.287788684964   1.021046797953 
-0.600203374054  -4.408243029657 
 0.936864463545  -4.459316690627 
-4.239396321942  -1.941615546096 
-3.497311664128  -3.253713317316 
-2.877130180458   3.893362150549 
-4.123584244230   2.546363544906 
-1.325072465932   4.813206216662 
 4.523358114351   2.379282597729 
 0.758176415274   5.062107136315 
 5.158141741984   0.955972132978 
 3.422381289936  -3.977002529109 
-2.290969202921  -4.801565049829 
 3.260619663766   4.207073734753 
-5.348060319281  -0.208886561539 
 5.670691947561  -0.524536093702 
 1.963714531116  -5.768907318466 
 0.391874918391  -6.081870908581 
-5.812387125964  -1.973254786719 
-4.596239203876   4.119267156740 
 5.781472012601  -2.244029198050 
 4.821411992619   3.967556540416 
-0.128649888761   6.314807587788 
-1.229506991197  -6.228628795312 
-4.557703283536  -4.463679087529 
 5.253192634428  -3.885164540268 
-6.136532915739   2.483547815417 
 4.241112280499  -5.302257337453 
-1.793731680790   6.658595992859 
 1.294410199236   6.842303265927 
-6.980660380587   0.751601932977 
-4.142634713570   5.758188504428 
 6.998864895242   1.352170148023 
 6.499677612147   3.052792599143 
 7.183350468022  -0.548398931737 
 2.989332928611   6.569174280541 
-7.177096786389  -1.241715787702 
-6.564736206102  -3.303009209173 
 4.548963476616   5.852486332139 
-6.052307403207   4.721663943648 
 7.094717869882  -3.135047215190 
-4.250792304963  -6.634823483487 
 0.107399333908   7.899515998314 
 0.850434154002  -8.079303259197 
-1.737546468598  -7.937923653607 
 8.049064345014  -1.786799052411 
 6.749583777896   4.742404678377 
 6.335875026211  -5.621077599278 
 4.350653320129  -7.467613442585 
 8.629086910198   1.047507508223 
-8.405291844436  -2.413015645464 
-8.054051448167   3.481862594358 
-3.241510049082  -8.169953794297 
-8.584635963489   2.044086866584 
-5.252691480859   7.144621984855 
 3.098385219993  -8.317866336038 
-7.612401538719  -4.709032987966 
 8.208181492646   3.652155378521 
-3.811265154740   8.151011656472 
-9.222397406469   0.104633220062 
-6.839610866327  -6.240169248542 
 2.506733334268   8.917730064120 
-5.566109997843  -7.527290815361 
 1.796438731670  -9.246844574203 
 9.519666046236  -0.209569969950 
-2.406520568346   9.240493661085 
 9.251111336121  -2.767090769624 
 4.125862736261   8.755396686667 
 6.388686568604   7.294722008913 
-0.367541516761  -9.726402544551 
 8.286591664579   5.229097895323 
 0.584010297733   9.907937816590 
 8.930479952914  -4.672506081643 
 6.776332635073  -7.550682564794 
 10.018653121626  1.636828312283 
 8.118288143680  -6.159957779405 
-2.965976069838  -9.799980549394 
-9.019476625893   4.850876722591 
-10.035443035974  2.596471264073 
-7.915907573067   6.758849636822 
 9.825427454788   3.486416900226 
 8.028178318584   6.848213678239 
-10.413937947371 -2.513595027873 
 3.720431964382  -10.053778830813
-6.735079263510   8.418014156854 
 3.025529804413   10.467781139719
-5.172156875649   9.602328026037 
 2.111867078463  -10.713931498634
-10.894155182649  0.937804943230 
-3.720714912007   10.471402302796
-11.092077548890 -0.705121052978 
 10.996887067597 -1.662506986743 
-10.183054684857 -4.529945197301 
-8.768703096996  -6.943502028545 
-2.009278168212   11.041736817075
 5.508288851487  -9.853411598520 
 10.736436009326 -3.646182731967 
-4.425918837936  -10.462713816842
-1.426492847602  -11.286139094579
 6.854361132236  -9.080112012050 
-7.622570778734  -8.550725648709 
-6.016315617217  -9.764221194272 
 5.691629552886   10.041393216501
 10.303129574497  5.425096276183 
 7.210952157756   9.157907137872 
 10.049232834652 -5.989446774388 
 11.704158668335  0.561269307819 
-11.020123871982  4.164823227027 
-11.573717437137  2.299671048654 
-0.111043500217   11.819074153374
-10.142136363185 -6.241095336835 
 0.219597258859  -12.004830380170
 9.292934010746   7.654859287215 
-9.133300206768   7.879964127586 
-10.436210495344  6.488331968569 
-5.373847358294   11.122580233639
-3.293729428186  -11.995316952003
-12.459800995340  0.839578957509 
-7.325584553996   10.132119207988
 12.339863306378  2.092780680122 
 9.307771627000  -8.368729442827 
 1.356501375597   12.444395266197
-12.112345788508 -3.392845321512 
 12.547977770883 -0.891678482928 
-1.466190204143   12.561976834569
 5.325284911351  -11.599023963982
-4.122539451460   12.096847890875
 7.683827789701  -10.349439316326
 12.174980860275 -4.400868673040 
 5.757003337997   11.603335232147
-11.762250632907  5.531624524981 
-12.861123268578 -1.944854920117 
-12.059787181293 -4.915358200637 
 9.002394573670   9.411552628583 
 12.861595514586 -2.478139788514 
 12.343554453873  4.472586060156 
 11.366477153155  6.649382826021 
 7.249577154566   11.011715607051
 4.123570908536  -12.640231624107
-8.048986599473  -10.583318411329
 2.750186437145   13.014473380181
 4.511498961980   12.542875307830
-5.713933844932  -12.044625575378
 0.775792316238  -13.408131773458
-10.905480662406  7.969125530958 
 13.482498052081  0.872764024102 
 10.594862519948  8.420558679484 
-13.423966400132  2.193406780640 
-9.571274952811  -9.747433486663 
 13.324732437926  3.248581419485 
-11.788632285631 -7.024734648639 
 11.869161372307 -6.889418566333 
 2.796494952739  -13.446250532904
 6.917288360339  -11.943483132216
-10.992696277304 -8.366234878998 
-10.284454824630  9.428748380354 
-3.047779368222   13.631159259926
-7.542761609876   11.787521224841
-9.280933649160   10.556872741675
-14.086056354253  0.123419894605 
-6.091683245678   12.757244744703
 9.907653779143  -10.159764662396
-13.591831563007 -4.114498313206 
-12.331101465880  7.081517395629 
-1.466135138759  -14.163913978986
 13.800918907770 -3.936624772989 
 14.241415743964 -1.856019464104 
-13.620006359577  4.575833623695 
 1.721376486049   14.414225478294
 13.387760268959  5.725773554217 
 11.780403038531 -8.603996313295 
-13.385548242017 -5.849283270318 
-0.883675957274   14.661795457860
 12.744306869351  7.391082825232 
-14.642050981010 -1.686529974952 
 7.395078501604   12.806362550252
 13.717445481254 -5.534137888368 
-8.926501519579  -11.853646736956
 4.892088208200  -14.015625759206
 5.250165908831   13.923521428171
-7.519551012301  -12.860828680663
 1.624458940452  -14.817010092170
 14.933402581253  0.196055436674 
 8.996412073162   11.924224745463
-14.898447670399  1.468909871082 
 3.294746938595   14.623650705233
 6.428276542836  -13.553056982544
 10.396662906997  10.843170288236
-3.601712171498  -14.614317252243
-5.276189072320  -14.135863477266
 11.817058750931  9.393278336507 
 13.206565364814 -7.623912393608 
-13.354290321409 -7.451924517126 
-11.499496759917 -10.083983316908
-12.520670795630 -8.839993367742 
 3.364523896724  -14.971612970667
 15.156093108919  2.502925298621 
-10.389243881961 -11.360579538180
 0.437632232402   15.434661323416
 14.788221156571  4.517125532515 
 9.608317037895  -12.160222959206
-11.601954669348  10.325559049886
 15.211079975666 -3.171447152830 
-0.535569596000  -15.532886762759
-4.563002181960   14.886006668466
-8.291836750170   13.178030703420
-15.669834333668  0.054657288922 
-6.043688632400   14.461251228477
 8.136441072701  -13.445704177157
-9.932297433616   12.318967119595
-13.131729408917  8.853218383249 
-15.245002405508  4.386766630936 
-14.928957143192 -5.370109646838 
 6.820696142379   14.350924717574
-14.971244541483  5.941017763970 
 12.133609534322 -10.592898639832
-2.609890113982   15.955289508076
-8.914121252361  -13.562162710789
 14.861171879395 -6.612416714379 
 1.134346418209  -16.311882619412
 2.062928281095   16.225378595087
 5.392790524594  -15.451311764259
 16.356480608151  1.168255643436 
 14.079640458199  8.604106957653 
-6.663577069263  -15.127735664715
 11.756098212474  11.627617200479
-16.394952859829  2.148500155350 
-1.854708977534  -16.435126030838
 15.063129914023  6.879653942973 
-14.786570106878  7.480222149486 
-16.079985731053 -4.169950614424 
 5.109118442822   15.899008849526
 14.216742176677 -8.795119521916 
-15.052276617425 -7.285635985340 
 11.358599931377 -12.292108589882
 8.556984710240   14.402905915706
 3.092112480234  -16.518698851995
-3.580437058192  -16.423357849863
 16.017381062998 -5.216194322873 
-1.379289895741   16.866647092121
-16.882343501584 -1.263372084553 
