-0.001570190673  -0.674964365170 
 1.204715371128   0.511208816099 
-0.880410843914   1.466626774087 
 0.554673884793   1.953145024929 
-0.874730756398  -1.997457060127 
-2.336329744271   0.534403225355 
 2.445079489362  -0.361725951893 
 1.701324283460  -1.972168264939 
-2.961822402828  -1.497508262183 
-0.275526705385   3.401670134007 
 1.598486642224   3.036941265920 
-0.459991322009  -3.618961640619 
-3.772794973891   0.984892886557 
 3.185088678095  -2.300325920185 
 1.521922671796  -3.626496604091 
 3.330725830808   2.186659514620 
-2.311611328112   3.695551176929 
-3.674778503186   2.486525993865 
-2.977827224484  -3.378114541952 
 4.376222381993  -1.226256886562 
 5.111416159765   0.486129707934 
 1.111384313932   5.082292199254 
 3.320032086275  -4.049531611483 
-5.244794723681  -0.002466313990 
-0.395873194033   5.266262724623 
-5.065686309144  -1.908562942800 
 1.434934296999  -5.282680883231 
 3.941595366859   3.856579124298 
 2.664074117367   4.847741192037 
-5.199789070730   2.033031326022 
-2.152525494801   5.259383398967 
-2.585593969496  -5.100711972574 
 5.247407433093   2.392228874909 
 4.865742260540  -3.421302483439 
-0.737926570537  -5.944807228396 
-3.905611891858   4.754609611241 
-4.954245366111  -4.151873848049 
 6.170907919412  -1.979870327447 
-5.342382445646   3.921221294049 
-6.670653626254  -1.141365673060 
 4.637848322940  -4.949869471384 
 6.888017972370  -0.153656607109 
 2.485464188941   6.490942717949 
-4.038782433929  -5.673302905697 
-2.416634285835  -6.651874410151 
 2.856465088434  -6.681138336524 
-7.257995771223   0.395935269710 
 7.106718697284   2.084712845544 
-1.780940034666   7.227630153060 
 1.182560060442   7.421577264855 
 1.136233385464  -7.450793413842 
 6.488952961482   4.211282924043 
 7.025071144841  -3.277565370966 
-6.954169373428  -3.610688673959 
-1.473971374050  -7.837954663642 
 4.543694590963   6.556845166854 
-0.298470844108   7.985713221800 
-5.965238461193  -5.347650305992 
-7.772953132769  -2.264554987589 
-7.917045764624   1.846980516477 
-7.349030031013   3.500336439050 
 5.893227605523   5.717347519906 
 5.038308588429  -6.588701037029 
 8.326331970456  -0.803264990397 
-5.698592619536   6.182238663916 
-5.129578220235  -6.707425517747 
-8.422033129645  -0.777944986410 
-4.387658822928   7.409646436469 
 0.031768254755  -8.663044118597 
 6.672248199882  -5.544001440651 
 8.676417089153   1.077370895166 
 8.467657575856  -2.809521760970 
-3.846009834664  -8.107901161342 
-7.287566430740   5.282653367094 
-2.066378566283   8.835031340000 
 4.314019958768  -7.991915946215 
 8.022919591861  -4.462831979318 
 2.117443396669   8.970721608913 
 3.802699984178   8.432270975611 
 8.109548826794   4.554061791762 
 2.709611116372  -8.935024943057 
-8.333385089856  -4.557195074121 
-9.476885085768   0.656257426591 
 8.923946846085   3.293554066265 
-0.067568599549   9.717308320299 
-2.842497572255  -9.364961603757 
-3.911189774394   8.979039897081 
-7.323335179215  -6.524522361425 
 9.824172037210  -0.948598136253 
 1.037347349457  -9.878903648363 
-9.836342512656  -1.390915912395 
-9.432458048486   3.190561595136 
-9.441503287652  -3.247447304520 
 7.013623231450  -7.110523999927 
-5.928234185562  -8.092797101821 
 9.853251266551   2.042126074522 
 7.451032880156   6.785090129878 
-0.739341959610  -10.237132926943
-6.748278231456   7.796443265614 
 6.154351055380  -8.348352961657 
-8.004236964378   6.639072331745 
 6.498162614150   8.199886505194 
-9.295891521615   5.030099936987 
-4.852738521119  -9.532520014588 
 1.704741086528   10.567176010277
 9.141058980899  -5.673921198377 
 5.396357404444   9.383304004331 
-2.225893933831   10.618258846915
 10.622503016607 -2.399640639552 
 4.871924448688  -9.794580338930 
-10.989619444929  0.054329613369 
-9.107986151538  -6.197623501460 
 11.066104857779  0.245706870094 
-10.964596896653  1.589127587359 
-5.106756281901   9.941440496318 
-7.689128697336  -8.181952930764 
 10.283234273377 -4.572454527570 
 10.550305700964  4.484272659526 
-11.180903969046 -2.642969431960 
 8.383753835157  -7.913430490649 
-1.076030606182   11.592803314377
 4.042636442709   10.980277469073
 0.354041149471  -11.716344402328
-10.876703970043 -4.386609731425 
-11.111215213730  3.902234987794 
-8.533122531382   8.131684180565 
 9.798194964461   6.680249490942 
-3.526614071267  -11.323188038246
 11.620895955232  2.369965676917 
-6.703791656742  -9.801679950713 
 0.761910994034   11.850664332044
 7.156870643917  -9.486156133043 
 2.634037384318  -11.632182201745
-2.020266423718  -11.769657532804
 8.538087945907   8.364380928571 
-9.723760212941   7.059368107165 
-6.904740675548   9.857277251861 
 12.080234575515 -1.009754212576 
-5.150637811049  -11.006303711463
-12.147658597119 -1.342282904152 
 2.634831618486   11.978934705567
 7.037961962584   10.079165685307
 5.675916466027   10.911558718104
 4.624446512779  -11.447301636017
-9.998727175686  -7.617267476144 
 11.222262791500 -5.758278804144 
-12.514419484952  2.095673395997 
 12.239347363661 -3.449947469224 
 12.770682474969  0.656676658274 
-4.548895598942   11.963088941123
-11.531966553296  5.632716658275 
-8.507416105607   9.762830830309 
-0.411174807620   13.060213642378
-13.087406888444  0.123044801910 
 10.403004766540  8.143558745434 
 1.581485965388  -13.148596471684
-4.558237380606  -12.474448245360
-11.428489110049 -6.804583814050 
 11.062332346314 -7.444852084599 
 9.760589436390  -9.122966144289 
 9.189915783172   9.736056803686 
-2.940464628987  -13.078153425798
-12.940925682382  3.571836823620 
-2.661239847215   13.197118472399
 1.620560168856   13.375501664064
 6.538966531758  -11.854801914471
 3.094696284711  -13.257314658126
-7.406135840410  -11.441392611894
 11.660549655727  7.106264933329 
-7.543026469909   11.422060325571
 12.811849585448  4.827540458633 
-12.935991520042 -4.538501314486 
-13.591216736529 -2.279644837829 
 7.660299821621   11.471088849177
-10.138911999741  9.357278654393 
 3.723636788172   13.375806820009
 6.003611800139   12.558966735210
-8.894105355789  -10.790996223219
-10.052724336259 -9.732784412578 
-6.003009882091   12.651007859868
 12.730659339467 -5.838332010250 
 0.158333932190  -14.071833389705
-1.543563258799  -13.988294134320
-11.614655407946  7.962156678015 
-14.029945273759  1.309298241607 
-13.085590777337  5.503496165055 
 5.406109017734  -13.147156771712
-4.593923956825   13.467628616961
 8.197785470914  -11.635682961583
-6.167117006961  -12.884937344082
 14.306161258767 -0.130715553306 
 14.013091323212  3.527850486416 
-13.067246627982 -6.338092087090 
 14.365180042002 -2.264462001607 
 9.805091727462  -10.749797706758
 11.675971639110 -8.844067970574 
 14.206636438591 -3.823935241007 
 9.504571893033   11.252494029322
-2.050054580028   14.634079199381
-14.774510489955 -0.304926010761 
 14.739571123010  1.522238534355 
 11.002859649403  9.943285230590 
 13.200840927169  6.872780090929 
-14.577061094629  3.599551856358 
 0.797619195938   15.028570288744
-12.524534906933 -8.473693143246 
 7.031239412631  -13.441486531406
 2.893488141231  -14.909934697288
 2.907282591725   14.949493399056
-8.407242651405  -12.714606139880
 14.251380997176  5.433165304074 
-9.251548910711   12.211169858313
 8.755067273411   12.601885691652
-11.376932225811 -10.454969813470
-6.191413300781   14.175869467413
-11.642900132660  10.238909071790
-4.805319848646  -14.754413751726
-7.957700245220   13.407536216381
-12.807045566933  8.891941230038 
-13.937139172336  6.994713134647 
 1.259420647276  -15.549988862194
-0.259265305907  -15.605888297388
 13.879933843190 -7.209158658350 
-2.934111938800  -15.378151813743
 11.323375495279 -10.959609150940
-15.589101241005  2.419861493191 
-15.763404411741  0.894573863037 
-15.024471738757 -4.899133258177 
 14.809741861409 -5.596236431450 
 4.506205485626  -15.194169870784
 15.835938105880 -0.754540458083 
 13.200461380530  8.826847490846 
-10.014594569578 -12.332314040773
-10.791828052438  11.717696927693
 5.634473745443   14.966589795446
-14.504887822614 -6.918469206619 
-15.962217558585 -2.677303757777 
-5.193145312281   15.350369269631
 10.593393988531  12.315007239114
-3.006807905131   16.009985959773
-7.741266091927  -14.386064183026
-1.682224584046  -16.272622200018
-16.324011729059 -1.174312238533 
 10.420781358520 -12.624121094765
 1.770225245112   16.287828741003
 16.240348303041  2.191376956195 
 16.339142402601 -2.249939679347 
-15.730932673979  4.968901239162 
 8.218500986210   14.345809817421
 8.406035302429  -14.295126147565
 16.146807102066 -3.873547876057 
 16.163957642039  3.809193789184 
 15.067198388145  7.015041388350 
 2.591921083578  -16.422471942682
 13.227998854381 -10.084039372157
 6.502473884304  -15.337892764253
