 0.445428688144  -0.167468691883 
-1.383583533325   0.329664871144 
 1.211131889437   1.225160662117 
-0.477251840143  -1.730176815816 
 1.359781150206  -1.494673472492 
 2.167321449433  -0.144598476969 
-0.905810686770   2.337094826691 
-2.892713424816   0.235479130396 
 0.628883800385  -2.884715341901 
-2.143810975716  -2.254891417815 
 2.890429471245  -1.482969786815 
 0.914903433379   3.259895891971 
 2.870721245834   1.910566551833 
-2.640831554404   2.300277484528 
-3.546054393026  -1.445223161684 
-1.143786813031   4.030430612230 
 2.461802078070   3.828205953220 
 0.985968672160  -4.450809144683 
-4.437132858005   1.544797665014 
 3.502337172235  -3.227195687526 
 4.457740912789   2.024362114317 
-1.434796165865  -4.763600699505 
 4.860214329579  -1.118189531963 
-3.049602368909  -4.117242865609 
-4.276595897538  -2.830546247631 
 5.216529007210   0.523805602616 
 4.216902551435   3.595123107415 
-5.603748135929  -0.046142034462 
 0.449621389175   5.704668266613 
-5.427699331021  -1.841743874910 
-2.475909322458   5.188513927073 
 2.386282149095   5.428050633420 
-5.315813153171   2.860977717155 
 5.517616218037  -2.600012630975 
-4.465042269388   4.161875186093 
-1.056467325992   6.246354610485 
 2.990642125157  -5.654380763540 
 1.343939050548  -6.307314078172 
 6.367724953581  -1.075121179524 
 6.209473367261   2.295653120370 
-5.657089117528  -3.446894053898 
-3.945551713070  -5.457994694951 
 6.705681131583   0.713700686778 
-0.892944070582  -6.701548926372 
 4.109121781089   5.380556234033 
 5.055354406245  -4.532976069875 
-2.539044965518  -6.520366619698 
-6.735421473680   2.295785764024 
 5.496325642427   4.729816751344 
 1.997276226260   7.073685239362 
-2.357819842858   7.037657707892 
-7.449435757338   0.621714273530 
-5.714494397767  -5.225383046756 
 1.052329128378  -7.823493730510 
 7.563798983181  -2.277118514188 
 6.866433849404  -3.963718075545 
-7.956053067582  -0.811629906279 
-4.436032918878   6.874020707384 
-7.744743638055  -2.718852917758 
 4.220982391040   7.050605998533 
 2.613593361389  -7.822638848170 
 8.325080132434  -0.490646173696 
 6.348675785640  -5.416257134321 
-7.276247318672   4.175779619447 
 7.286903724063   4.247894716213 
-0.394948891189   8.484702139772 
 4.555658197726  -7.190957652094 
-4.806917565106  -7.087427813202 
 5.737266108306   6.451396742725 
-5.981776263834   6.252147882504 
-1.467803192948  -8.534462858657 
-7.324011413762  -5.001484679251 
-8.998409712086   0.458507125486 
 8.527349326335   3.274211881220 
-3.394740994158   8.529379190022 
-3.798920087854  -8.377021452251 
 0.592272774798  -9.258841694780 
 7.338635337766   5.866191636108 
 9.291466020641   1.489513657923 
 0.890461454381   9.438263551097 
-9.294327540807   2.024360470993 
-6.857037684169  -6.684788120126 
-9.459246034382  -1.639941880840 
 2.435876866702   9.315884011386 
 8.102474601571  -5.308293640446 
-7.526323008642   6.130197945678 
 8.849612821832  -3.994717392460 
 9.790562909966  -1.941638398180 
 9.989911393876   0.084659123547 
 7.594017234862  -6.779861446490 
 4.113075888566   9.407912286369 
-8.813782368088   5.277009355516 
-9.536895705317  -3.913386653067 
-1.721099342561   10.208216223606
 6.605143498719  -8.100037424468 
 5.732847909319   8.782670786576 
 9.033131196287   5.377846628581 
-10.522810365499 -0.382836970683 
-7.497501536993   7.650005592015 
 5.275631170476  -9.329291670706 
 2.064778042834  -10.568811081819
 8.013640160456   7.212231919072 
-1.569354193543  -10.701554146824
-3.141566449921  -10.350810732252
-6.045802917960  -9.026366487595 
-10.265646773602  3.601930900740 
 10.367649507652  3.339598155569 
-3.675035415346   10.401566615977
-6.125116939442   9.186866343789 
 4.083486030949  -10.312032294632
 0.766247942329   11.099518758229
-11.062858656685  1.216614026263 
 0.503534906988  -11.160336555741
-9.173918707185  -6.468296178928 
 11.217518912761 -1.455175343889 
 9.757264180893  -5.849866460640 
 11.218320260281  2.054695667578 
-8.979563530980   7.034919352112 
 7.431406753135   8.850876008875 
 11.554518451010  0.484865205965 
-7.928464073239  -8.456090828126 
 8.293584677673  -8.323026748996 
-11.352522911056 -3.068300117489 
-1.149789712009   11.703606368306
-10.130454503112  6.023524678420 
-10.717501330781 -4.983105233317 
 4.884046756844   10.796290292864
 11.025735707271 -4.583834155738 
-12.053476849721  0.029544017937 
 7.260082476753  -9.649186762509 
 10.773327588789  5.455362604143 
-4.274169932947  -11.344656398501
-2.798627705651  -11.818329200566
-5.652398093352   10.780671467142
 3.486029308012   11.685887017414
 6.443633531778   10.443586941219
 1.991897250020   12.161039702914
-8.724587039203   8.721541544378 
-11.799046888422  3.942225737808 
 5.151746679642  -11.451487412116
 12.231024558316 -3.065750074675 
-2.550701132943   12.383277822121
 10.558088856992  7.117919686619 
-7.392951101988   10.383211719313
-6.612803650828  -10.963142617470
 9.952573800040  -8.074118516750 
-0.101579614458   12.882963075143
 8.884928603116   9.456364525192 
-4.481276781551   12.209195331449
 11.330683844754 -6.432983220899 
-12.885437094562  2.072422943459 
-13.002514618607 -1.202518040090 
-10.248629438589  8.201699639556 
 13.120469241248 -0.674448584029 
 6.703957736657  -11.299057433175
 12.360285167878  4.493864190055 
-8.656565199250  -9.945056249428 
-1.704904041218  -13.095876992310
 12.986137298893  2.464633090475 
-11.926107658922  5.744325849828 
 0.482115630503  -13.231400182006
-12.842048202245 -3.292584603439 
 3.637983611419  -12.753698158025
-11.335060297106  7.155478346705 
 2.147156435901  -13.404895182414
-3.825803588833  -13.078573604079
-11.263732758822 -7.738882456310 
 12.228084950597  6.137700201364 
-12.446458957012 -5.784679832130 
-10.372299278602 -9.025740922425 
 3.434231036012   13.317016094973
 13.013538394048 -4.492445465677 
 7.685102959588   11.500339280557
-13.886448608829  0.311418058874 
-6.695389385597   12.189459636382
 1.867310782331   13.786044998914
 13.934901384512  1.202364616951 
-1.773874820387   13.899426203344
-8.885264407834   10.838542582504
-3.509785883454   13.575117379408
 8.929752307729  -10.855618773716
 10.111915391056 -9.829801929325 
 10.923976481290  8.944474651207 
 5.536939558440   13.052507826225
-13.611601657528  4.075747683742 
 11.431921743344 -8.444295976787 
-6.556852075392  -12.744611712258
 13.993231984480 -3.158028597306 
 9.222408037616   11.039297283397
 13.129773289979 -6.131041373340 
-14.275312682947 -2.603084256913 
-2.876184857186  -14.252499563501
 14.117093945053  3.579521264872 
-14.431765080688  2.016144074446 
 8.122050272068  -12.192505968650
-0.328670789192  -14.647862926708
-11.898980293913  8.639166071452 
-13.156494150120  6.639668538227 
-8.559888382884  -12.082200645504
 15.028850418048 -0.043028428907 
 6.954215771626  -13.339093824762
-0.053076914006   15.067543615163
 10.848526390304  10.513851144364
-10.825463541396  10.601836787303
-12.929704059088 -8.069083710332 
 2.831165498960   14.991050129348
-13.711726305478 -6.728679749844 
 7.842870356177   13.117479067682
-14.704621215831 -4.184690846291 
-15.335313207458  0.717782158825 
 5.207877978652  -14.467704910100
-7.088169512626   13.650405318237
 5.137477448580   14.620858709113
 13.295697794134  7.971216198301 
 14.067023948388  6.656215473561 
 10.734634459011 -11.271195373972
-9.340766582049   12.489390035371
-2.074097231496   15.461785559955
-13.331824056760  8.138448576316 
 1.602579798410  -15.551280889670
-5.005765331050   14.833225820707
 15.595816770981  1.403470785695 
-10.791961506460 -11.358729941850
 13.388388755079 -8.168404453275 
-6.569128836575  -14.250315749603
 15.642371015824 -1.489099285869 
 14.839193678621  5.287886654318 
-12.426509395410 -9.740839834802 
-15.138211570819  4.566444265502 
 3.170736314363  -15.528624074577
-15.836103486191 -1.586517581676 
-2.966939942725  -15.769312031213
-8.257384211495  -13.795675348349
-15.767222941718  3.181230081881 
 12.595460999863 -10.034910473493
 15.371345563744 -5.033646529514 
-9.990163288139  -12.725135951973
 13.105941946814  9.524215708939 
-14.580121379105  7.208878847055 
 9.422317645855   13.265217995590
-4.966446734657  -15.509554234438
-12.771890754415  10.104392308181
 10.935918268035  12.126465936270
 9.678633629376  -13.203691653915
 7.191177806726   14.886441701913
-0.523899588574  -16.558090175574
 16.152065878515  3.683524203352 
 4.191500132034   16.080599797702
 16.397597533542 -3.373014573162 
 12.572802298827  11.092330037209
-14.600682399741 -8.426201466740 
-16.131088733419 -5.011138184434 
-12.360016353667  11.585667381967
 15.572719718120 -6.768612324860 
-3.693656006157   16.622396984794
-1.572726359386   16.976930979007
