-0.717241956657   0.085760821581 
 0.582544388978  -1.162937955068 
 0.359406793925   1.793832665855 
-1.609803842457  -1.162041121798 
 2.096003133290   0.154238109484 
-1.555027355341   1.911034914704 
-0.851985785538  -2.700924589763 
 1.609970771009   2.741586635388 
-0.738374898029   3.420097119683 
 2.967507178846  -1.929940818871 
 0.685997764679  -3.541289359171 
 3.662867758844  -0.063798304885 
-3.510791684545  -1.302897863995 
-3.894316492487   0.864980587786 
-2.541069083005   3.075538126290 
-2.768467457837  -2.931749666289 
 2.216380759784  -3.423205710605 
-1.332473995179  -4.131464707763 
 3.851101788483   2.511899786674 
-4.047465349075   2.404328519354 
-0.128527812311   4.865868243684 
-4.858626875636  -0.505799335333 
 2.793862416161   4.015867830651 
-2.059085102963   4.516769360273 
 4.835074148034  -1.634155643868 
 5.236755451710  -0.162717525949 
 5.137091009838   1.636112366037 
-4.884651401994  -2.300113375260 
 4.517599884309  -3.149194053609 
 3.331380088771  -4.435328266669 
-5.787481910653   0.841051315020 
-1.869784771245  -5.618954761172 
-3.924376400080  -4.595635701334 
-5.565200589027   2.585317361327 
 1.962967254291   5.832764484506 
 1.807442797156  -5.888784617061 
-0.383259060878  -6.165509913863 
-4.828272258154   4.084204835834 
-6.381960951316  -0.705427951717 
-0.129146003578   6.475991889733 
 3.522788729840   5.735685422387 
 6.142269999474   3.373205722030 
 4.810457650700  -5.129357263501 
-6.642267234815  -2.925969359075 
-2.783014409171   6.750074649445 
 6.868607138951  -2.612306023242 
 3.356623741899  -6.546792546689 
-4.511004846219   5.908981898036 
 5.386794383711   5.203912561439 
-1.457394719730  -7.479624478114 
-4.124566129874  -6.450345489591 
 7.538903926638   1.436234629197 
-7.643250036577   0.979261238522 
-6.012960754666  -4.940453011806 
-6.710432246571   4.051513626930 
 0.587265803839  -7.836943159654 
 2.520439463506   7.514890328549 
-0.425314748915   7.948491318875 
 8.009560000524  -0.703470305904 
-8.051785264663  -0.681275719534 
-7.685050718490   2.629592662439 
 6.440675196586  -5.155801935192 
 4.636957444577   7.261706571185 
 8.389056471263  -2.401186679755 
 2.803642699642  -8.279707521018 
-7.669163313012  -4.203301989173 
 7.504809607498   4.658529944413 
-3.331557003778   8.258231730742 
-6.787474694199   5.788661419292 
 6.301527406658   6.501160028448 
-8.944129192303   1.740130483027 
 1.304481081875   9.038552643841 
 4.873656556724  -7.723330422340 
-8.959244229235  -1.893686195495 
-5.900813481353   7.071907337461 
 8.700295603252   3.116569395131 
 9.227526876408   1.264589429199 
-9.339430692306   0.204346741055 
 0.745507589135  -9.355037133749 
-1.528006958363   9.347951201530 
-3.979301727707  -8.618718579953 
-2.498750091851  -9.166107052111 
-8.778142920791   3.812283571457 
 8.742702367244  -3.961000807947 
 4.173770564947   8.745116741798 
-0.853533927544  -9.749359247649 
 6.847212050048  -7.023019875771 
 8.292668230646  -5.477603025657 
 2.331886834817  -9.707000248873 
-6.741447579136  -7.365398624862 
 2.820513623949   9.655865780074 
-5.234048627451   8.655485707303 
 9.948558534017  -2.189196501998 
 5.712338216035   8.498392803406 
-7.408635711636   7.245500133967 
-9.671803401197  -3.755505555383 
-8.918447330481   5.495802810680 
 9.349756718931   4.826950964787 
-8.648525919232  -6.114596212292 
-10.153733004473  3.042130083246 
-10.409606352550 -2.289164922923 
-3.952162574362   9.904044430735 
-0.690347814999   10.720482021240
-5.311265877031  -9.344484632207 
 10.427691657690  2.907931679287 
-10.934916906573 -0.383330940327 
 1.323296324858  -10.883083354749
 10.963480242294 -0.339813534441 
 5.599360510298  -9.505776077178 
-2.462139051982   10.858158381697
-10.239447659256  4.555062818499 
 1.471734395091   11.232050218053
-1.416972372881  -11.267354433417
 9.138167999776   6.800784281103 
 8.059293638484  -8.089527446233 
 4.490293406336  -10.540929224705
-8.913218000845   7.243630637837 
 11.474925868673  1.560285383554 
 10.991387890111 -3.668660296546 
-11.469990567732  1.801957661942 
 8.256911356288   8.197864482553 
 10.251887091560 -5.589022844853 
-7.369188071314   9.065356403348 
 9.443012811651  -6.910113499984 
-7.999950245533  -8.573728226109 
 5.911652606250   10.157240436925
-6.792682760080  -9.635847870181 
 4.350924425543   10.988892203226
 7.209158034173   9.402691173205 
 7.233860805420  -9.491012353557 
-11.088460369291 -4.541811395062 
-5.208666826368   10.884080099174
-3.826276995391  -11.490469284481
-10.095272900328 -6.701227673945 
-11.839597315879 -3.010973925441 
-11.586395128619  3.885485921408 
 11.068759654806  5.792312970206 
-5.813325176570  -11.108655535672
 2.907461803041  -12.229744356736
-12.575935034071  0.598398388415 
-12.680745550428 -1.473564322746 
 6.556167078875  -10.985389378507
-0.413074192264  -12.790967467053
 12.601765985667  2.607507450794 
 10.341747994599  7.738056679242 
-10.290945310391  7.906240794813 
 12.878606805218 -1.630727819062 
 11.001100039036 -6.951463268305 
 1.474679868235  -13.005566372264
-12.857300465208  2.831405189798 
 9.472769743950   9.183977312606 
 5.678950604407   11.966686408268
-10.221653891566 -8.438551480028 
 2.342783539857   13.056946704911
-0.437188971990   13.270978891974
 12.539760273517  4.371152509968 
 7.408795827117   11.033825173512
 13.291453014986 -0.011637866323 
-11.839349929490 -6.047924511470 
-8.798801401896  -10.007322794591
-7.315716251316  -11.172653097509
-2.486142102497   13.160097968859
-3.119905449971  -13.050958914939
-11.635097611249  6.787512935341 
-5.161674068928   12.490505078164
-5.222347846780  -12.497600233468
-12.644847339058  5.093342578618 
 13.357472181449 -3.192326962578 
-8.461529758294   10.892193181565
-13.425816631180 -3.255432551374 
 3.993960997773   13.285784358212
 5.956004380367  -12.530062145902
 4.011842011047  -13.288000552082
-7.194731824706   11.873618314933
-10.032290627077  9.603365566850 
 10.206726997118 -9.652644029072 
-13.979158001091  1.503064843913 
 13.976836946812  1.851489448730 
 12.818147416050 -6.050369915732 
-0.804286760949  -14.261681884025
 8.243552926716  -11.683265906354
-11.712910981237 -8.212999417772 
-14.299200815402 -2.003711218889 
 11.685762685229  8.492229176105 
 1.654805878000   14.446025110092
 11.816552636611 -8.520539938236 
 12.760336774460  7.089063400789 
-13.805592803267 -4.820875206699 
 1.792018911497  -14.515138394621
 14.090865093881  3.954157119689 
 5.747347645756   13.533689686116
 14.598295177236 -1.992932194758 
-13.232811419347  6.499564230032 
-4.147443235952  -14.159714160245
-4.569708900045   14.045993737523
-11.898576113228  8.837139075204 
-13.014420423311 -7.095608939221 
-7.592560403608  -12.766219034818
 7.630938822157   12.759257057378
-1.070713755932   14.828549438339
-14.503954480621  3.330794997107 
 9.862443225990  -11.244125770195
-14.994021124651 -0.511458378611 
-10.008038666223 -11.243258966521
 13.895349543793  6.098213148083 
 9.913736721620   11.498951087231
-11.615220358088 -9.851896079226 
 15.251449426874  0.169672285589 
 7.663424226191  -13.241118929994
 14.864593970660 -3.902922824852 
-6.069732284272   14.121690021628
 0.444091057115  -15.467895000430
-15.495487342321  1.280485122918 
-3.125644168832   15.317379688259
 3.199055915638  -15.375387731779
-13.449716055554  8.224819020622 
 14.758758562056 -5.657745540211 
 11.751030677100 -10.594259735476
 5.750722981061  -14.818117797561
-10.891778396060  11.579059717217
 13.126229075268  9.004241765550 
-8.863019160704   13.239069087883
 15.910931113128  1.535729514491 
 1.328134804951   15.989043357099
 6.985478448617   14.449314479796
 14.387994579285 -7.117893089553 
-15.868957454765 -2.451483952374 
-3.560958372567  -15.669343181764
-13.053397862565 -9.371560248483 
-15.170618589866  5.301881597991 
-14.898875283732 -6.051779914435 
-9.560972039496  -12.943645166688
 3.048395726235   15.816639543026
-0.208992197229   16.121741373501
 5.017574338839   15.361952051704
 12.005705745776  10.911702985474
 10.152139170471 -12.727596862178
-14.105195245344 -8.289113497173 
-7.164727961868  -14.755926519685
 13.349463258049 -9.555496707349 
 16.267972819593 -2.248754064883 
-12.306532756254  10.957661108998
-16.273643426478  2.889954484269 
 10.190372183192  13.087565258933
 16.256859892566  3.304787445052 
 15.801683569910  5.153527963200 
 8.692113035660   14.201954714875
 14.751777896805  7.857386229013 
-4.357992169375   16.224059203427
-11.894263984665 -11.886749056248
-1.849367593875  -16.757229236810
-7.311015755422   15.197648232014
-16.259879402019 -4.478548437986 
 2.074378790113  -16.796260635563
-13.901609630082  9.805741153217 
 17.021229870769 -0.722242256768 
