 0.744325054365   0.449823520147 
 1.058810263711  -1.028237000777 
-0.608069472440  -1.424037450882 
-1.596281253826  -0.193258442621 
-0.640579701960   1.778875022938 
 1.271575435654   2.117423653583 
 2.779959503195  -0.411501966279 
-3.131621082091   0.786286369655 
 0.838074488442  -3.153234993120 
 0.177180855009   3.267081303060 
 2.889570559329   1.622265583672 
 2.944819085792  -2.088123800581 
-1.308412449193   3.498493278337 
-3.038006189463  -2.192192919231 
-0.485735674221  -4.020295649029 
-2.154727025083  -3.520128453545 
 4.246165941275   0.367109197469 
-3.356402390407   2.729446369871 
-4.640315825191   0.428698063460 
 4.572965096483  -1.340174150816 
 1.949475867823  -4.476515679460 
 0.901293740715   4.805952864423 
 3.826093818878   3.508075895429 
 2.779029811411   4.716669748980 
-0.946672467814   5.413348735962 
 5.399585093587   1.351511805850 
-5.461308428961  -1.118856752109 
 3.447519980749  -4.385842433095 
-3.028874941314  -4.869489341351 
-5.038117427083  -2.805994435315 
-0.620205041249  -5.807390385265 
-3.697376216686   4.851780864578 
-6.139126423289   0.552651094221 
 0.383131367679   6.236635843340 
 4.955213512053  -3.873000363889 
-5.784393391746   2.600001243074 
 6.097884400758  -2.494548551827 
 2.392704986490   6.174970460492 
 6.639631847474  -0.180348388494 
 0.927499085103  -6.670645484390 
 4.539175295449   5.006699585665 
-2.540951454156   6.537410297396 
 6.669357784893   2.250349316066 
-5.273284501074   4.738134931680 
 3.008984642280  -6.456121520188 
-1.658685110174  -6.933472174551 
-4.808191529949  -5.280321729502 
-0.985806697552   7.081339978468 
 5.921744148438   4.213733906200 
 4.700641422644  -5.679775433561 
-7.283017436926  -1.583103493254 
 7.385551573339  -1.546304197630 
 6.124980440750  -4.815741677462 
-4.581048612143   6.317031430585 
-7.071081791044   3.583251199024 
 3.676140770682   7.040821662101 
-8.046905498025   0.934237313411 
 0.483865220142   8.134766726367 
 2.214422723841  -7.854023866399 
 5.794319489805   5.892984480133 
-6.522958392597  -5.092554713324 
-7.460630431065  -3.820367776583 
 0.610425763959  -8.380340112496 
-4.377514421344  -7.319763188435 
-3.037197729958   8.058572110561 
 3.924365117058  -7.705184151322 
-2.849267030413  -8.206357465653 
-1.656441501569   8.676428014455 
 8.366050979063  -3.043144816695 
 8.423524452806   2.908677620938 
 8.893262827263  -0.945310173580 
 2.796360980752   8.711732885323 
-8.695507320968  -2.893068415680 
 9.104961442125   1.189689520472 
 5.527477460777  -7.361733063680 
-6.717466043845   6.345921446452 
 7.965895773154   4.701078365974 
 7.293143369872   6.073570825198 
-1.758940697245  -9.339185402732 
-4.869486911551   8.239119831486 
 5.951673917642   7.546575230582 
-9.387208845115   2.194720939863 
 3.112588549433  -9.166535320880 
-8.105715620341  -5.391084241787 
 7.554179450546  -6.169846676894 
-9.787869212622  -0.858207828088 
-0.614111148347   9.806822089466 
-6.982315124735  -7.219766536320 
-3.063874335429   9.571962142317 
 1.443372497071   10.001458936070
-4.042699283814  -9.341935785836 
 4.647156803227  -9.084751320854 
 9.902959618944  -2.526988283432 
-8.493963223138   5.710708027725 
 0.348269739172  -10.251855001074
 1.920541047641  -10.094954652233
-9.324879441210  -4.330639502167 
 9.530751441877   3.937593995570 
 9.017717904325  -5.185853808055 
-9.614652895758   3.974175193811 
 4.261588517298   9.496824415448 
-10.433351400204  0.803578735863 
-10.227620039881 -2.383031769713 
 10.625249493667 -1.000101128692 
-7.208527530113   7.974660628457 
 10.711029401069  2.418798149638 
-1.031961358014  -11.012009478638
-6.083726438653  -9.343638935972 
-10.942856428041  2.246275562280 
 7.667530923298   8.237262363248 
-2.458995677789   11.006529151533
-3.058147129660  -10.935229103881
 9.574925048047   6.116103300463 
 8.948577105215  -7.139651696212 
 4.123027856607  -10.698682983632
 6.085883300229  -9.754078343598 
-9.613204157504  -6.396783043683 
-8.487909994267  -7.953126693411 
 11.621591872621  0.527685244399 
-4.052377966797   10.919582753827
 3.149315457073   11.247441664640
 11.079069731744 -3.700317871068 
 6.441999670096   9.761735444973 
-9.725366383112   6.603248349874 
-11.749421893206 -0.535375278208 
 7.831452839743  -8.799045690703 
 1.070212649580   11.780521631338
-5.690022965960   10.387122690982
-10.985845341753 -4.583495456873 
 4.720164235069   11.000278653727
 10.447011987319 -5.877164264381 
 10.989164965689  4.787763604183 
-4.989624703571  -10.906709682945
 11.773921320493 -2.304196059667 
-11.731220110926 -2.807590188646 
 0.328856680901  -12.132631649606
-1.437261801681   12.175235436848
-11.414045786200  4.691180137872 
 12.495193704198 -0.920522329436 
 9.169033352087   8.546756893518 
 12.332868001772  2.288532150907 
-7.779885944343   9.873685525021 
-12.610617424432  1.024763450941 
 3.468467681330  -12.206565664768
 10.436286575172 -7.451595777821 
-3.378970463623   12.388456484322
 10.625140710251  7.396101862602 
-9.414537303299   9.019023482186 
-10.995558844195 -7.009620576435 
-8.513932045779  -9.895059667513 
 12.400316613139  4.217938023870 
-13.035218566337 -1.321847220469 
 9.594474225019  -8.967652720939 
 2.620383413903   12.877674943774
-4.517776683113  -12.400915321855
 6.981633788558  -11.220206205429
 2.084413295597  -13.055705632766
 5.085943218756  -12.205366804761
-11.290959811177  6.896733537019 
 6.434345712863   11.569637403332
-2.294493997000  -13.051676309101
-9.893091489560  -8.893521707229 
 0.474736246061   13.329512632390
 12.834474846299 -3.817398233670 
-0.745082584317  -13.389173819565
-5.231838477641   12.422143880419
 8.569940483102  -10.492770842281
-13.177615953549  3.207616383369 
-6.044527624782  -12.185751752781
-7.636252784523  -11.321110019181
 11.883698334618 -6.861219697842 
 12.262411244894  6.300241364211 
 4.783228783351   13.000983407540
 9.392501965445   10.252917740772
 13.946522343806 -1.305731852386 
 7.981583287261   11.516721860021
-13.565539115049 -3.686319976523 
 12.917448280372 -5.583938283220 
-12.698412485052  6.074011407878 
-1.291356104936   14.050448375507
-6.989371464281   12.441010802713
 14.251147934320  1.126028197780 
-14.321216677933 -0.470794193044 
-13.112328603353 -5.915217316498 
 11.492668037057 -8.665884223622 
 0.504846985885  -14.425290691063
-12.028384557591 -8.130139850359 
 11.148809358967  9.371184460582 
-3.594254465621   14.215053117203
 4.356734623998  -14.056831703669
 10.398724826058 -10.431567939767
-2.869858463507  -14.449833280295
 14.321428303243  3.480990176792 
-11.911520720750  8.740470292758 
-10.917868674093 -9.991971046938 
 0.783040497616   14.808369507521
 2.846919256962   14.590336052032
 7.157006117812   13.056993268007
-8.892673460747   11.945092476555
 7.920301716892  -12.678156529376
 2.678860901726  -14.728141993490
 14.709047405678 -2.889930109724 
-14.900426380475 -1.873442181676 
-9.259447426517  -11.878268231493
-1.334510288770  -15.048265466197
 9.477051886401  -11.795879019245
-15.080789101595  1.432229903989 
-6.181633434149   13.830456585245
-7.311420259700  -13.318631549283
 9.548247843862   11.819417357511
-14.852860139749  3.483433079601 
-14.377038765750  5.156511627704 
 12.751607766331  8.551796321044 
 13.380895977279 -7.749638128363 
 6.552582943592  -14.039349304606
 5.641836509830   14.438184253440
 14.353358633112  6.007329154514 
-4.429468596005  -14.919704990430
-5.865361526504  -14.424111690369
 14.537353803396 -5.680776700105 
 15.567240669403 -1.197174485267 
-10.764108135096  11.337739393875
-5.068586326253   14.836037699079
 15.753635817635  0.907779193488 
-13.658514706432  7.949567662760 
 15.601994059531  2.599313711001 
-13.984160692561 -7.394575343823 
-15.334553714325 -4.196343039351 
 12.003557445348 -10.699861330979
 1.245613670307  -16.049737867006
-2.111191424650   16.031356870369
 15.612087809902 -4.300326036051 
-16.208121046155  0.324233532280 
-11.028055339817 -11.918966715605
 11.464657222972  11.624586856037
-3.612818202871   15.947519757833
-13.358091221372 -9.509703097864 
-0.385915914448  -16.413862550568
-9.602297729993   13.329210354437
 8.977389510970   13.804730061681
-12.454423575119 -10.790023397826
-16.470846009990 -1.185207123933 
 0.397194883649   16.521308193433
 9.572310701911  -13.491668480645
-13.287966409864  10.048161336353
 2.090392561756   16.595820539755
-16.208065445822  4.364784290613 
 4.789356081487   16.113204296739
 13.470559110511  10.069717163633
 10.651877631071  13.022140094692
 4.577989271244  -16.221994107618
-2.685463233980  -16.681653255418
 13.593190400917 -10.074152530708
 16.710721870206 -2.796110337680 
-10.314055614378 -13.492417761190
 6.735597018105  -15.590884347454
