 0.061270750653  -0.185940048599 
-0.718533978686   1.195233816595 
 1.508802565656  -0.841419157741 
-1.045836272285  -2.038905763930 
 1.709165241089   1.796389742032 
-2.468100309112  -0.413826932563 
 2.545908737660   0.285581389295 
-2.451993829352   1.113962916874 
 1.801926465575  -2.429962702186 
-0.374561359552   3.085151221451 
 1.127936125380   3.221997107716 
-2.189852745279   3.259655552769 
-3.205559960009  -2.304318859409 
-1.693965021263  -3.590960470496 
 3.627934194482  -1.749284816407 
 4.050502169547  -0.206778212245 
 0.396731177423  -4.070197111563 
 2.732575402995   3.300033314633 
 3.912667991844   2.193437607242 
-4.513350446174   1.021610038847 
 3.066169933848  -3.561654696096 
-4.667115683904  -0.974789423002 
-4.129076080672   2.828579322977 
 1.952225860143  -4.773749048837 
 5.221410308232   1.195249931516 
 4.637654782406  -2.923342345175 
-1.562217888174   5.263010254200 
-2.430728254209  -4.979285549781 
 5.573881592889  -0.768655830728 
 0.572385447722   5.657573842437 
-3.483992236467   4.655465244422 
 2.764018396145   5.140021360208 
-5.695810356824   1.978201885085 
 3.848553422547  -4.862869262401 
 4.454962305066   4.512330923104 
-4.752231409955  -4.318129279606 
-6.648114503129   0.107402917603 
-5.932798265633  -3.255083783442 
-6.556591603383  -1.723593838055 
 1.910468554883   6.559419704134 
 6.193463372564   2.915631785230 
-0.719597006407  -6.824979064635 
-2.251778794863  -6.687336635738 
-0.492261541943   7.046583553803 
 7.069956665575   0.299220767514 
-5.518440991197   4.432275943925 
 2.836901669069  -6.531343834905 
-3.161651415041   6.429217241136 
 1.071783445310  -7.101022664374 
 6.924426136678  -1.938578519126 
-4.543973258088   5.798861240218 
 6.196624850052  -4.171671296175 
-7.345933716613   2.337231759476 
-1.992986138313   7.514260883783 
 7.506745694104   2.094920963246 
-3.891886300985  -6.855925166867 
-5.289120146854  -6.008875980507 
 5.722404294075  -5.619061120880 
-6.576113024768  -4.680490987075 
-8.074341237318   0.922488819523 
 8.111802128249  -0.863550018047 
 0.772902083146   8.139169781111 
-8.062616553716  -1.611328703842 
-7.554940263119  -3.360016374388 
 5.840214212200   5.921041900663 
 3.716094450863   7.504909239158 
 7.691676155404  -3.395764047177 
-1.952096893142  -8.189918789101 
 0.114558414987  -8.463526615343 
-7.322303976848   4.292809944135 
-4.230688834359   7.526307146185 
 7.503798450994   4.356756879762 
 8.736335491314   1.097471186548 
 2.830398805995  -8.378457828205 
 7.407311019957  -5.339657217911 
 4.617837140473  -7.927631786690 
 2.068312405451   8.991045749282 
-8.957265711065   2.305190098640 
-9.380987797198  -0.076022969269 
-7.106848261060  -6.202040474001 
-2.677543135594   9.102145442310 
-6.477565656299   7.072033974553 
 0.557965225079   9.666335903888 
 9.628958973603  -1.034987725469 
-1.299956172640   9.742527676951 
-9.148754425269  -3.794735839009 
-9.731926559334  -2.162540205227 
 6.157631368071   7.877496856506 
 8.265891945205   5.683323175405 
 6.359222047726  -7.762704429146 
-3.480891700717  -9.547597594051 
-8.630997815616   5.410278073160 
-8.622950824860  -5.477758851487 
-0.249245925014  -10.240104669429
 2.403289835976  -10.030068884969
-5.682246047325  -8.694175794905 
 10.406494767245  1.547175902585 
-1.755798027153  -10.376218262050
-9.998187509346   3.512727218960 
 4.815833744100  -9.517300298917 
 10.158849839724  3.272172094136 
 9.940882943041  -4.131555322709 
 3.278338119800   10.317661988690
 10.607583958679 -2.418062495996 
 8.236097828905  -7.146129948992 
 10.947131561494 -0.100857509275 
-3.481435863098   10.380887893621
-11.071753294749 -0.791074983143 
-10.907575255870  2.139358614496 
-8.083744358660   7.629950009754 
 9.410584229783  -5.959973251506 
 5.430699836106   9.727819233305 
 1.072378443993  -11.150313360084
-7.909537647612  -7.943645174282 
-5.068251155780   10.077518737998
-6.410258362860   9.301973350519 
-0.372027435146   11.336789341833
 6.568120990857  -9.266842980895 
-10.243876427995 -4.957552188263 
-2.005444547308   11.498840314667
 7.995479808185   8.508208201591 
-9.276001024825  -7.164920072969 
 9.170644070791   7.403138028439 
-9.890117877487   6.750302591404 
-3.794247660352  -11.359755734821
-11.451927300680 -3.510000338385 
 11.152120725956  4.400365404888 
-5.856973057747  -10.496541388375
 11.919152980702  1.574553520053 
-0.801018646413  -12.062546914285
 10.850037157470 -5.478885571395 
 5.865028803708  -10.671850370814
-8.230523042703   9.182633624319 
 3.708708287742   11.764018260934
 7.354355010364   9.938647405445 
 11.904511804380 -3.540185527341 
-11.666731587572  4.281541784459 
 2.597281847558  -12.171752778796
 8.708260917637  -8.892779486524 
 1.731786099464   12.392156505691
-10.790564433179 -6.382415188833 
-12.390986910915 -2.057630576628 
 10.814266907917  6.565547223000 
-11.247318680778  5.927606899570 
-4.969455979855   11.790395750018
-9.353866624959  -8.736341191033 
-7.480657730964  -10.451463486928
 12.444568905658  3.222661677085 
 12.901703429561 -1.031021265982 
-9.755686764688   8.510581014822 
 0.509369656671  -12.942577279392
-2.217858016782  -12.778569754977
-3.250479196756   12.579997663494
 4.223319192205  -12.316577251992
 13.062448263858  0.497397884857 
 7.549984399294  -10.697432801059
-12.958474053676  1.983137448839 
 10.744446305724 -7.525610043919 
-1.379086197321   13.103787445110
 6.596223203758   11.430838888163
 13.075552577081 -2.591923304203 
-10.752218825963 -7.895809291859 
-13.342055352666  0.439427147196 
 12.398761279588 -5.109363131332 
-12.318924721859 -5.533296085865 
 0.407307695738   13.532758925487
-11.226240191787  7.587991976090 
 9.948955971626   9.301462041569 
-6.775620663232  -11.866816354940
-7.505549886668   11.440771966243
 8.852455097934   10.441510417160
 2.178042145603  -13.676004059335
 13.766158269123  2.064354707736 
 6.432553263429  -12.425535604249
 12.397488411163  6.540277585339 
-5.132565363003  -13.048501887606
 10.189082114557 -9.651044159481 
 12.417164643382 -6.622921017332 
 2.555733594504   13.846742626610
-9.153244302884   10.753813092898
-13.294924554351  5.079296800256 
-9.805272694824  -10.325099562086
 9.006570385166  -11.074750921075
 11.897777971864  7.983694744291 
 3.780758563234  -13.869098231508
-4.548060526664   13.670111334345
 5.635212332799   13.288922310754
-8.445961653510  -11.864758746607
-1.200719325446  -14.525387574743
-14.521633792904 -1.367047693130 
 14.148715806651  3.604811733878 
-3.622927846714  -14.180790268083
-14.180029227224 -3.866488796045 
-14.630475063472  1.851383657460 
 1.315908641882   14.756919815640
 7.581669134727   12.733846615343
 14.860985714370 -0.510449291246 
-12.941437642662 -7.413876565128 
-11.429728875260  9.653102825561 
-0.357185440421   15.009505546979
-6.467561813506   13.600027259174
 13.965877783240  5.774357701592 
-14.720173378645  3.537212517856 
 7.963181149363  -12.905209728270
-13.001282391713  7.907882569700 
 0.954080953337  -15.208128936883
 9.970520345241   11.604826545226
 11.767786872202 -9.778775840215 
 14.658230634763 -4.493500187672 
 15.118940441533 -2.700382778783 
-7.554703542550  -13.381497475378
 2.663507820914  -15.134452333501
 15.278336819400  1.661751136442 
-2.656756598094   15.139013562801
 4.796456712889   14.613837939443
-12.440263121250 -9.073494930916 
-14.021885796912  6.682695879580 
 13.621079693582  7.469248433619 
 6.828889403680  -13.990655956762
 5.454243359866  -14.625360292960
-5.072577635164  -14.838843398485
-4.229314784119   15.141636581173
-15.733145705025  0.044340254952 
-14.260129147905 -6.653675099548 
 11.844182791064  10.454423847772
 13.296280882734 -8.592963969504 
-10.855278917346 -11.665208306284
 10.679683602474 -11.981700772299
 9.461817525415  -13.023945152182
-8.259553905207   13.875085723179
-15.158560760273  5.583768721607 
-3.839675182232  -15.780623221206
 9.583469054237   13.132531595426
 4.276769354532  -15.692063410656
-10.732723361420  12.263443789082
 13.343093466726  9.375434685763 
-0.898339301868  -16.313911282194
-13.249656013028  9.587011038361 
 14.862908460964 -6.825851708228 
-15.399963217654 -5.509522379112 
 3.019948075849   16.086396759747
-1.381346201931   16.319761129461
-10.044437402427 -12.969863758328
 7.102302740263   14.847483599548
-12.651535633163 -10.597691418014
-16.477750054881  2.279320439828 
 16.037465988823  4.447596751547 
-16.344014076379 -3.665100804017 
-14.416840973649  8.542957066152 
 11.481865576544  12.244121876779
 0.928182416712  -16.763547384643
 16.779666395174 -1.472382110692 
-14.440946754546 -8.693291436154 
 16.048814185830 -5.273118710623 
-9.925070231290   13.676271944176
 8.586342473069  -14.570401235944
