 0.120259162177   0.841506017445 
-0.732503309265  -0.573741298544 
 0.983695340644  -0.591512411292 
-1.460142189672   0.843465709567 
-0.973808871869  -2.185190088371 
-2.239532435482  -1.265190620385 
 2.675987600067  -1.002508977819 
 0.638853199311  -2.949180188016 
-1.206610768468   2.924388889291 
 3.393898836441   0.372579726797 
 2.769841812099   2.034892263915 
-2.654051172384   2.211143772536 
 1.217968801710   3.264042915068 
-3.862106520677  -0.517596949721 
 3.024261192163  -2.688927223665 
-2.799047925232  -2.932241657661 
-3.887692018339   1.193045595265 
 4.244604833451  -1.308619561951 
 0.245354654937  -4.476051064403 
-1.276224793250  -4.580381883661 
-4.046281299516   2.786420166838 
-1.753692892350   4.600553347700 
-4.712846422174  -1.800351003149 
 1.673380021312   4.915709311733 
 2.326249478199  -4.700940804995 
 4.812088529546   2.339783493829 
 0.230789874142   5.374730534399 
-3.327962237230  -4.370122099080 
-3.460455202203   4.273372200187 
-5.391852461574   1.575624717918 
 5.769014924507  -0.768380023637 
 5.020184622508  -3.005549748586 
-5.914579501327   0.045722040687 
 0.143989704659  -6.024489747936 
 4.410730725821   4.162847978206 
 6.024455296863   1.308710619694 
 4.136085605805  -4.781088420438 
-1.967886363907   6.191729227498 
 3.591315266835   5.467430983822 
-5.602851691643   3.382323053300 
-2.339253772683  -6.178743793403 
 1.235132481549   6.600083804009 
-6.439723568843  -2.054523424892 
 3.222700147492  -6.078610746560 
-5.686051157212  -4.036366196758 
 6.055474849818   3.470438343716 
 1.865908647391  -6.841059886347 
 5.719949431574  -4.669273268674 
 7.431495377755  -0.065882982941 
-4.635413198509  -5.847099842534 
-7.497045344619   0.255051291755 
-4.754853936650   6.085410063436 
-1.125389880235  -7.655652146218 
 7.250006885431  -2.833870932018 
-0.106298492887   7.792687187920 
-7.622746520459   1.877592252497 
 3.249933019073   7.166945898554 
 6.045658729884   5.165098442319 
 5.142406874813  -6.194501236081 
-7.280756039750   3.577410132401 
-3.219710677897   7.450340992585 
-6.149241331681   5.426777845358 
 1.666805634765   8.120269575669 
-7.657770204688  -3.187045666013 
 7.748581645593   2.992443646876 
 5.099561806533   6.634340137061 
 0.160228095429  -8.465407717325 
 4.294088893992  -7.451683525825 
-2.497160577844  -8.571345746746 
 8.770251796958  -1.671391004002 
 7.133804831270  -5.494369426062 
 9.106739774862   0.071143602971 
-9.036611280784  -1.287217934152 
 2.956233347201  -8.652544244495 
-4.355830105614  -8.039462438100 
-7.302398834787  -5.584691703524 
-2.332816492678   9.071589537297 
-0.614699931254   9.450777969657 
 9.237332514473   2.509380882710 
-5.358004206898   7.969348415033 
 3.048946677151   9.122828689899 
 7.489044060204   6.038846663478 
 8.507329244006   4.563510000391 
-9.088576976313   3.258195563829 
-5.963142358286  -7.690312123869 
 0.944101528744   9.689726520559 
 6.666053402442  -7.326350378169 
-8.531844144215   5.077443592646 
 5.211402184217   8.475794169449 
 8.583598571747  -5.048411105114 
-9.083983539438  -4.248155222940 
 1.870139051778  -10.031898910143
-3.825791971632   9.524716475513 
-10.310748988414  0.924154673275 
-1.304487088381  -10.366920442065
-7.576741991205   7.246411016839 
 10.027733289770 -3.151348832729 
 6.016235288449  -8.691867412507 
-4.501042660067  -9.647316135837 
-2.925376695836  -10.250063715680
-10.659866566847 -0.592303252070 
 6.727438975552   8.307968473672 
 4.514650326692  -9.720781671541 
 10.737850362846 -0.036002710762 
-10.262493706151 -3.185882690997 
 10.734054851919  1.576868698088 
-1.582808216860   10.757258845661
 8.586725883739  -6.676687464622 
-6.777645169109   8.590357273790 
 2.722624830933   10.664886867689
 10.530583265833  3.375712161181 
-5.590462537436   9.542050844012 
 4.543727980665   10.096441731573
 10.950163785918 -1.913173195422 
 9.708364784111   5.541012103114 
 0.186084940910  -11.188709163910
 8.436492479244   7.413959041262 
 10.258285875946 -4.662787780908 
 0.877770074264   11.454073466963
-8.792775247414  -7.430041004084 
 2.961176539628  -11.135059897297
-10.161759078518 -5.461937014878 
-6.943185543170  -9.239955066448 
-4.337507580376   10.967779103214
-11.692367083343 -1.871176368355 
-10.838500117822  4.902347799273 
-1.411891669838  -11.877427087844
 7.526483677906  -9.403489809087 
-8.641405861730   8.504613829820 
-5.969238678411  -10.565034095148
 11.687302082192 -3.284078028223 
-11.769597391828  3.201669659892 
-3.623818602344  -11.781504514943
 11.407950968625  4.737427922367 
 12.145440745826  2.277532506309 
 12.358550451632  0.661763550909 
-9.991926580640   7.327536370206 
-12.419195657635 -0.258970969240 
-7.665117532387   9.829454868874 
 5.692618772916  -11.126656621273
 10.113035988671  7.428304684204 
-0.705271162060   12.534071930765
-6.478867602542   10.895677320593
 10.293840029095 -7.413214010360 
-11.845973178235 -4.577993083591 
-3.230048720927   12.342617464281
 9.217730499331  -8.826150729120 
 3.892236851946   12.183776038792
 12.770883814409 -0.784012409183 
-12.751930711053  1.696964931479 
 8.899083910332   9.437955001537 
-10.853207425804 -7.283538418170 
 7.419353064791   10.824686973034
 1.853583009353  -12.996330628398
-8.129501147091  -10.324945098969
 1.141611396613   13.150466880996
 3.440467849679  -12.784598410085
 7.684186024833  -10.967414278500
-5.498042234688   12.237422115815
-11.655808616011  6.682811209700 
-2.863154324082  -13.167843885161
 12.174639834967 -5.783051575301 
 5.748470606958   12.218118931889
-0.212954700878  -13.547977527185
 13.368536875724  3.233281252543 
-12.622277496830  5.468173651929 
-6.586127137296  -12.089606351858
 12.356311020024  6.072137986463 
 10.568039446421  8.859276442549 
 13.150047539876 -4.482638844750 
 13.078741108592  4.754330204009 
 13.904095910515  0.595293629912 
-12.608280430891 -5.919280038887 
-13.914026460427 -0.676920682432 
-10.293342079580 -9.476850398122 
-8.166072329604   11.363045309038
 11.950779900849  7.565024819427 
 4.939541424111  -13.304585189174
-2.600462719692   13.999951376549
-4.357060748558  -13.617772265909
-10.525356028595  9.743931619532 
 14.306204249821 -1.481275569062 
 12.022898661110 -7.952581465302 
-14.272119914907  2.048138733738 
-13.963147885941 -3.642588317387 
-1.498725147532  -14.355646756095
 9.243076593022  -11.094327769786
-1.082711735827   14.435398191082
 2.728903760359   14.283033687075
 14.175190268740 -3.250391899546 
 10.136441422693  10.446143404391
 4.366139185380   13.943698153511
 6.611671602644  -13.054136486222
-7.251044286705   12.739877585060
-12.066328131854 -8.355817373486 
 10.756841463796 -10.009403716810
 8.889162021756   11.739328007399
-14.075553462094  4.375698263596 
-12.160945520630  8.520029466237 
 3.828848063957  -14.362642844353
-10.000239155070 -11.044089889162
-8.289444304920  -12.383119279483
-5.367315837119   13.998523642832
 6.983689076851   13.281388598565
 15.026338596773  1.622501974938 
-6.337026172182  -13.733717415045
 8.624338785157  -12.528626957307
-13.403239939065 -7.284919901585 
 13.800489189380  6.607017449994 
 14.894367735977  3.567210322052 
 1.414959960407  -15.267366963282
 11.589296133224  10.059640218268
 15.362297577220  0.048005084274 
-15.295085099353 -1.781332295158 
-14.445996926003 -5.393223273676 
-15.418254057313  0.298996547922 
 13.777428408444 -6.982958537593 
-3.842070468746   15.002441204481
-14.057582143841  6.555296139141 
 1.886079011390   15.523997757233
 0.229976697624   15.745279183432
-12.018543150989  10.209917591738
 12.620106584478 -9.615992216495 
-10.832318576735  11.607592954703
-5.018496452993  -15.068239679896
 14.934009966982  5.426521620341 
 5.842985851726   14.805907823416
 3.783221756379   15.480703706166
 13.468965414832  8.589143000766 
-12.733136741612 -9.715585089626 
-9.310908104270   13.049538776612
-2.396833581428  -15.868672806448
 8.672298280147   13.520234180679
 15.427798005974 -4.693105688282 
 6.755960478955  -14.674086870744
 5.181941676699  -15.324117731513
-9.871174461554  -12.909796364908
 13.849335746406 -8.504478285013 
 8.219181667275  -14.056623895641
 10.720160753641 -12.307885750803
-7.498731753038   14.554898778508
-15.855477887241  4.275958538984 
-11.432743212232 -11.830845981976
 10.850465012530  12.378659696177
-0.724781815327  -16.445809122369
-14.976128189186 -6.864327751688 
 15.219350173940 -6.315898955506 
-6.117827617636   15.301193187161
-16.416718071003  1.495928171559 
 16.352918626807 -2.101606356112 
-8.803260831853  -14.015715187991
-7.520556500620  -14.828530931782
 16.713621689114  0.728500052122 
-16.195514436743 -4.249902782817 
-13.863974184644  9.414703631077 
 3.880983842296  -16.355151616436
