 0.249766274893  -0.810360425542 
-1.763616035291   0.135551502166 
-0.297703394341   1.751188164710 
-0.849205642670  -1.989691768514 
 1.218678346368   1.839826024481 
 2.496571461851   0.456116942623 
 2.985954016959  -1.114407564890 
 0.216028853025  -3.216558762387 
-3.251851271572  -0.504684769089 
 1.991118067327  -2.788790357177 
-2.837191213877  -1.954224563176 
-3.285423308662   1.651882394627 
-1.197290848997   3.549724471725 
 2.392371120135   2.978523997396 
 3.635632685444   1.631294009850 
 4.106151356015   0.119146215449 
-2.448954415766  -3.417860883061 
 0.942003581743   4.268249350736 
-2.818112318300   3.344392803111 
-1.027147749117  -4.306265905427 
 3.369032022279  -3.494932065855 
-4.801107772595   1.608174868193 
-4.308907355743  -2.678342817109 
 1.322521816747  -4.996233993150 
-0.537610489969   5.156906783549 
 2.766623389827   4.656102723136 
 4.722769058852   2.765315829487 
-5.391105393985  -1.308762622070 
 5.087246139673  -2.417789002979 
-2.391168664292   5.161208242265 
-5.766289338971   0.308564887162 
-0.694409348069  -5.815415730394 
 3.273867629738  -5.010343186713 
 5.758692315374   1.674955483962 
-3.312702137341  -5.018374426909 
-4.325241142151   4.201594369540 
 6.243556841403  -0.110720398774 
 4.672535092373   4.352230088329 
 4.751390497698  -4.292944833721 
 0.888351604086   6.366616400777 
 0.789525281747  -6.537731332791 
-1.188708878183   6.623063531425 
-6.550065960166   1.623888716083 
 2.580474544966  -6.432507604342 
-6.429355803813  -2.623233303107 
-3.818677723404   5.803568554254 
-5.937279133917   3.671141769907 
-6.928862504653  -0.926601797861 
 6.303080395444  -3.375328226550 
-5.536039370880  -4.788887536842 
 7.283521608743   1.976332041020 
 7.358693669687  -1.696661829795 
-3.494463000345  -6.742316846157 
 7.653227225803   0.460969288276 
-7.722842010719   0.559951714011 
 4.495174079025   6.312551853420 
 6.807075397216   3.823021487926 
 2.673569816259   7.417609035418 
 5.750765949748   5.430070657718 
-1.465225620012  -7.805852003075 
 0.909144963998   8.147024514178 
-6.386797696998   5.229126796079 
 4.475711032623  -6.958251663687 
-8.034323436243  -2.153440128679 
 1.833213050409  -8.157019868353 
-8.068837376107   2.225674167626 
-0.966743235373   8.387046705292 
 7.975322329020  -3.079364432306 
-7.472524265990   4.164764581482 
-3.017768395500   8.068691020654 
 6.756387338032  -5.388718424346 
-7.301649145740  -4.735707630055 
-5.750038377402   6.689563677506 
-8.906564513809  -0.600151470296 
 0.384762229269  -8.933646490765 
-6.202032248271  -6.465523651864 
 3.448847042644  -8.446000562754 
-3.414274634848  -8.488372133209 
 6.043511712374  -6.874006209686 
 8.564912217988   3.309133607902 
-4.705052259942   7.921090474322 
 9.258818829548  -0.120983616929 
 7.070852005193   6.149159973331 
 3.471285888304   8.834067685088 
 0.435960551259   9.579541533413 
 8.365250688245  -4.844558131440 
-1.874278446851  -9.726049653723 
 2.589072237001  -9.679413264506 
 9.751936466793  -2.475733203851 
 9.844351924534   2.265466008370 
 2.283661622701   9.870798237307 
-7.884382227680  -6.385287409717 
-5.102894777624  -8.774359085107 
-9.598710917099   3.539371474032 
 5.774291850650   8.529997788996 
 7.712932161009  -6.842580234670 
-8.913823494788   5.200905542563 
-9.956255960345  -2.801615142337 
-10.378707320550  0.999074583748 
-6.641180091986   8.132562778871 
 10.575396071632 -0.844911103890 
-9.524184395963  -4.689572398862 
 4.203364117949  -9.775540061731 
-1.809355018831   10.486513073774
 7.265320059517   7.820127699031 
-3.552573988589   10.126991292162
 9.364753800244   5.580775232074 
-10.947022788039 -0.938351086603 
-5.316144276102   9.663668523825 
 6.523429499370  -8.908276089621 
-8.715470890510   6.854655929959 
 5.079050781833   9.871118242318 
-4.431954547864  -10.211922721787
-7.742822791152  -8.133042746648 
 8.824934733418   7.087491156909 
 10.686917806945  3.734954373025 
 10.952760424566 -3.472478717699 
 0.479519010990   11.519254647386
 9.719146766492  -6.220458791358 
 1.876115744018  -11.399521821113
-9.438147773998  -6.793906084975 
-10.417416530136  5.226881622234 
 0.261862037271  -11.667345716708
 2.945999545604   11.341207603586
 11.482846029316  2.368810029075 
-11.454464810518 -2.517895428635 
 5.622688627037  -10.407807983459
-1.678445886108  -11.856023446184
-11.721477085527  2.535803385732 
-8.355062019458   8.642294107466 
 10.954206721470 -4.976305960713 
 12.127564865701  0.763690554274 
-11.517068792486 -4.028324308537 
-6.799236854215  -10.196572803009
 8.667146866755   8.752460819035 
 9.350074138754  -8.055335954318 
-3.281790389592   11.922702444941
 7.182987932763   10.121070193647
 1.705915390034   12.436294332800
 11.232675554990  5.636055171186 
-10.426141981260  7.054438420745 
-3.545109628386  -12.104569374888
 4.415015079291   11.831440151215
-9.347304825551  -8.525527280855 
 12.452677804497 -2.250091580572 
 4.527775204454  -11.825961136392
-12.091699037273  4.028589402540 
-12.709413209890  1.290985851455 
-5.785268803590   11.411670166977
-0.221895451541   12.847726168629
 5.923232474068   11.408723151753
-1.917444271447   12.737591791187
-11.044610783878 -6.667159429175 
-8.419729055181  -9.805576464117 
 7.216693017951  -10.769226195235
 10.281138404395  7.943308816905 
 1.213861884348  -13.054069050998
-7.404796825180   10.906648652961
 8.959845402401  -9.689325792102 
-13.053620360441 -2.037235040083 
-12.071694689638 -5.434337040502 
-9.848525467620   8.853345581003 
 10.896315526078 -7.620783048401 
 2.859675091330  -13.045617698025
 12.921221062822  3.385964350390 
 13.329812139885 -1.017255838100 
 3.431948752183   13.018987910304
-8.865145107604   10.141563113321
-13.507714039457 -0.578453059869 
-0.396960730756  -13.560486827921
 13.716073369471  0.612709603525 
-12.139981754400  6.444790274905 
-6.257663890665  -12.266367135452
 12.378213007702 -6.070825167139 
-2.287703214572  -13.691678383798
 13.074737585557  4.878791178534 
 7.870481636404   11.652602332743
 6.090940768352  -12.681208998969
 10.730200633663 -9.134118351267 
 13.339367461070 -4.650590766785 
-4.772638948174   13.324026623589
-10.917391103634 -9.225157218490 
 8.839472800945  -11.245520130774
 13.947558235243 -3.187876344324 
 10.118143436546  10.270877419706
-8.480700365940  -11.680580075427
-14.334519635839  1.715835110897 
-11.344697716793  8.971208796680 
-4.801419205382  -13.721586356173
 14.370024938629  2.270424647637 
-3.504159624921   14.133056592625
-0.735577012679   14.555893962739
 6.603332059707   12.993242999408
 0.938183043082  -14.551263944406
 1.011455930890   14.590141434653
 12.323074991132  8.056262489676 
-14.589432985509 -2.084714366532 
-8.896272097361   11.756293368341
 14.771141579831 -0.457650600756 
-12.533854191183  7.904378934765 
 2.598123741040   14.649434674085
-14.235731600080 -4.337969030899 
-13.893835805812  5.372876142215 
 11.587907165016  9.443836555531 
 4.721823895829  -14.271770250157
-14.715770234368  3.187509676049 
-10.255863336277  11.040089496342
 9.546211089662   11.691977410637
 13.061456373150 -7.572234776873 
-13.427553938614 -6.918101935384 
 13.462163895638  6.859591654395 
 8.283554962028  -12.686766715053
-7.880896929121  -13.088042469796
-7.065733878039   13.558303227114
-15.307346534765 -0.710075626396 
-2.092611801340  -15.197696110275
-10.168710817697 -11.518714613545
 10.548999539767 -11.260786982808
-2.086045227589   15.289044844051
-14.495353213891 -5.836031880730 
-13.105861442666 -8.517941908605 
-6.485788829279  -14.275470258948
 5.929510005626   14.518028882525
 2.491547256269  -15.604928413749
-0.620414226665  -15.830411540984
 15.455825967585 -3.817582339091 
 14.662967555550 -6.354031201422 
-4.480573492746   15.343288906431
 13.022599882500 -9.271066565422 
 7.821807342445   13.954734061657
-12.448195473172  10.083044856123
 7.411827519096  -14.209083918018
 15.673425446237  3.617644366617 
 4.001376582869   15.641269178739
-14.218774573742  7.684363679945 
 16.125168706138  2.117166218496 
-16.110724009132 -2.263388144882 
-3.690684355166  -15.854254566972
-13.554204910261  9.032397892718 
 15.301913320478  5.604103368295 
 16.165925842627 -2.122714117814 
-9.707627615073   13.104867098677
-11.862512317491 -11.237741432856
 13.773704041036  8.837570889624 
-15.914353884531 -3.832634212185 
 0.362640537783   16.365414869626
-6.066680139071   15.267224847392
-16.347749854015  1.669684888472 
-5.608820668649  -15.529854390009
-15.590534558894  5.595887657570 
-16.076198410926  4.083780562890 
 10.415539425832  12.925524803813
-8.646786959807   14.195086603111
 12.406783161329  11.109201144073
 14.417154949857 -8.368661723177 
 2.429014090242   16.533115062293
