-0.135647220133   1.010055794570 
 1.491150305010   0.465088111138 
 1.013604270407  -1.206419590664 
-0.493674132994  -1.659895615430 
-1.677267769590   0.822161714120 
-2.318476569658  -0.767016759573 
-0.774021355016   2.640980349004 
 2.730061403010  -0.394786082803 
 2.443320539779  -1.887656909689 
-1.948788636880  -2.403171256849 
 0.952554056679   3.054839803108 
 0.934704716786  -3.225388675715 
 2.939704823268   1.929828817115 
-3.238622161199   2.259809263165 
-4.021069060846  -0.397757519593 
 4.186790760965   0.155273012982 
 2.381685819719  -3.685932988292 
-4.317958590915   1.120658095655 
-2.604140961154   3.708639384679 
-0.384334178965  -4.549732125106 
 1.878173982616   4.358730316236 
-0.566982618867   4.815669083292 
-3.754487679841  -3.121678570484 
 4.170900798158  -2.655134598668 
 4.842665638236  -1.226109760350 
 0.967791040690  -5.208319598027 
-5.440615337299  -0.899875116509 
 3.677718550504   4.187255221149 
-2.129028099061   5.168710941799 
 5.340793917447   1.773568372781 
-2.397168166410  -5.212962383559 
-4.194301281611   4.023704464741 
 2.652660509397  -5.371749801761 
 5.062046415129   3.375013888913 
 3.985848183068  -4.622513156830 
 1.736977807623   5.864235529193 
-5.390115255385  -3.109309145208 
 6.349344824787  -0.433513649605 
-4.463639862477  -4.632526633651 
-5.638515758791   3.148739991690 
-0.667964160724   6.581835702113 
-6.471237703334   1.667504410458 
-0.149938463988  -6.869647350081 
-6.694934032561  -1.964073876148 
 5.699052879474  -4.179876658024 
 6.721241401521  -2.273858636269 
-3.519630397912  -6.220665602981 
 4.574117474192   5.621313372853 
 3.195947532789   6.518508386324 
 1.494006977371  -7.127433176139 
 6.860235417644   2.501449083011 
 7.471635641960   0.772962929412 
 3.213545271484  -6.814604345361 
 5.957441614218   4.622901625846 
-4.853862990442   5.804759159179 
-2.393894536167  -7.297611641950 
-2.840345129348   7.237671515400 
 4.673371222964  -6.232224588877 
 7.718500199348  -1.086510024007 
-8.030719795451  -0.105818717786 
 1.650215735255   8.007581526004 
-7.100911256668   4.379466744858 
-0.886815839789  -8.330159719201 
-6.827114868378  -4.902566411857 
 0.653899783427  -8.517566263070 
-8.000708567025  -3.031555725617 
-8.096187936962   2.936123741482 
 4.347473871030   7.609911849658 
 6.207030018214   6.237366007054 
 2.783867240089  -8.356331525186 
 6.242141540386  -6.346344815693 
 8.339992805266   3.245102640256 
 7.638653808962   4.673388805018 
-4.726262250177  -7.617568213938 
-6.711611328648   6.162228658044 
 0.000617280523   9.222609064982 
 7.586011498586  -5.367446665522 
-9.090953190579  -1.933833680939 
 5.224537081360  -7.763008533792 
-3.905287258804   8.540185106746 
-9.197659697901   1.907717490659 
 9.098305083243  -2.451780487167 
 9.401286997027   1.006984529462 
-2.309744710487   9.204555813778 
-6.596297307307  -6.840448164851 
 8.573408058704  -4.105094882475 
-5.290618551657   7.933208373963 
-3.581571527934  -8.882944696951 
-9.593961509891   0.399547858673 
-2.148019116978  -9.395506925624 
 2.390069613299   9.409950156844 
-8.716672745455   4.409190648912 
-8.471764487509  -5.192514832047 
 5.820518126962   8.067054234850 
 10.127114508909 -0.379700758262 
 7.952637309549   6.310895832836 
 1.391127680395  -10.079157997238
 4.470007603803   9.304254277292 
 0.985829534882   10.483862583067
 10.254503246747  2.483004493007 
-1.147129464777   10.534891644398
 4.361643229304  -9.668933658613 
 7.058472112234  -8.022287968975 
 9.723415060472   4.456007258763 
-5.203024208900  -9.348622256890 
-8.432663797586   6.732214640952 
-10.866189203273  1.692108756204 
-0.565639462522  -10.988493067689
 9.820763028893  -5.008645696901 
 3.558075109030   10.527003886494
-4.573652248813   10.138493394336
-7.175637438023  -8.503199128832 
-10.150761383919 -4.721994959078 
 10.995296841069 -2.169199151844 
 8.544813750984  -7.253497061438 
-6.234054094417   9.359687935925 
-11.005759266796 -2.379135587029 
-2.760833514731   11.069903932780
-8.757965011751  -7.357193556809 
 10.828656945921 -3.845281732600 
 11.398749611972  1.463393544367 
-7.742162884787   8.553763077117 
-11.551172252404 -0.017553014291 
 6.431344843138  -9.641744157409 
-10.115483633009  5.774270064527 
 6.045543663928   9.970181079961 
 2.246901380076   11.494049223288
 7.356119560267   9.146677934829 
 3.094817768117  -11.337122975168
 11.875456892643 -0.852229608317 
-11.396328050881  3.558574924281 
-3.416663111417  -11.444770404910
 0.168465011740   12.035669693102
-1.392333407936   12.090944743642
 10.025702191039  7.170515002428 
 9.169751156929   8.454659458178 
-0.137824019044  -12.499723644067
-11.929078181717 -4.019506608228 
-5.329049533441   11.467365746309
 12.009541676357  4.146341692534 
 4.705074756509  -11.830701611037
 8.640443088667  -9.370906543091 
-12.518772862463 -2.438749932817 
 10.894448352190 -6.750976054800 
 9.906638440003  -8.132069659173 
-7.543547396044   10.410491600171
-11.596596152779 -5.566133911279 
 4.082634350997   12.204368565593
 12.626661381822 -2.548985965019 
-4.815959608980  -12.047120732315
 1.849691973739  -12.910629104488
-9.838807543972  -8.592785891979 
-10.162871242534  8.228945413520 
 7.544503445512  -10.684291159838
 12.219369700123 -4.683603316274 
-11.923048264938  5.475190698900 
 7.649090132187   10.701620365997
-6.716292387569  -11.366403945364
-2.673118854706  -12.947789729909
-11.018181935263 -7.310121977348 
 13.270663844994 -0.197465553982 
-3.906784090000   12.733735286475
 11.564576066373  6.772555712535 
 0.770550602700   13.475326543207
-8.892918210558  -10.188111514400
 2.726973900647   13.297217222233
-13.589323476497  0.685634857636 
-6.869381868623   11.754102449889
 13.567669666620  1.280215807199 
-13.457565592450  2.695094556119 
-13.700173086138 -1.242944654918 
 13.408901467860  3.079705720621 
 6.731034516023   12.027847397746
-9.240207109430   10.241826097990
-13.147015079135  4.273880926693 
 6.869956035843  -12.079982299487
-2.472513722723   13.714992481086
 0.590926625799  -13.973628413158
 12.875775300045  5.822821917468 
 11.176688181475  8.691440339921 
 5.208389462106   13.299907028040
-14.011724687718 -2.840284232308 
-12.280502094710  7.344597745702 
 3.173960177772  -13.961938254134
 9.142279429822  -11.025360186025
-13.675234258838 -4.396307855152 
 14.111109667746 -2.964543030953 
 9.270061520073   11.155339455028
-11.528426099289 -8.855939256552 
 5.114991558275  -13.640572294459
-4.793691285254  -13.810811995162
 11.079788069711 -9.579819603404 
 12.233221515234 -8.235894697988 
-6.608954740213   13.240893592044
-1.605047610924  -14.733548814056
-3.356482215702  -14.446671948817
-10.588489481577 -10.400096900132
-9.162382720987  -11.752776912774
 14.902101462318  0.267169072540 
-12.748750892520 -7.744787502181 
-13.571191490262 -6.198964775742 
 12.701494521287  7.902714480352 
 0.022426758257   14.969573174442
 14.903998369418 -1.424677978164 
 8.436108107244  -12.385520704054
-8.453287208784   12.469507407491
-14.026449897443  5.652123802256 
-11.229646392705  10.167789124763
 14.984323971767  2.424712888884 
 11.279749966228  10.240793825689
 13.471821843804 -7.131548537610 
-6.362623511056  -13.876487741745
 14.144742822807 -5.784908040159 
-12.384217946215  9.124959004694 
-15.385676262373  1.597934420776 
-15.420081003302 -1.336597866075 
 3.513116014161   15.088661698607
 6.916514678707  -13.864070305141
-1.420281941583   15.432902561890
 1.703494144603  -15.453133841832
 8.129492842908   13.288041729030
-8.071820026015  -13.348321097335
-15.002327095626  4.295184907146 
 15.189248876199  3.928536009316 
-5.973526830228   14.618300427481
 4.611534952113  -15.104419062187
 1.592757758138   15.716159397952
 11.065969384664 -11.437721316758
-4.307023044714   15.333961834279
 15.350686332889 -4.758135586897 
-13.741518131673  8.391645746555 
 3.267051049814  -15.803803859039
-4.796831340709  -15.413487167883
 5.808026181060   15.118928658612
-12.965111927134 -9.844334744488 
 16.252597661728  1.359213025566 
-15.861854736127 -3.828208658803 
-10.638787939723 -12.382022453702
-7.863033398762   14.321816938109
 14.483308250154  7.573684405344 
-11.060320484528  12.089795713129
 16.408229413160 -0.737303497963 
-0.380292855952  -16.429696868539
-0.210309764934   16.460592194294
 14.041383340682 -8.648988539303 
 6.323382635322  -15.260417769442
 12.472385207491 -10.842045773666
-14.867198653860  7.230977461580 
-16.541908454706  0.485410084506 
-12.750751815125  10.601296492643
 15.458282745656  6.098807065302 
-2.808064986149  -16.402211568006
 13.537933878011  9.703021694044 
-14.418988793816 -8.359553075074 
-7.687100763247  -14.826028237423
 4.631607808429   16.163634937234
