-0.951418487020  -0.308958535221 
 0.322972156741   1.196204693326 
 1.765076558846  -0.326548662355 
 1.038707948413  -1.666780128749 
-1.293684920708   1.588181801832 
 1.953512027283   1.654815746773 
-1.757694360261  -1.985061524641 
-0.194543678515  -2.751434928483 
 0.942121992920   2.849675212023 
-2.889943183757  -0.816722561902 
-0.644879573540   3.054787246254 
 2.581739195086  -2.125413636341 
-2.860315898567   1.801720299026 
 3.536949917156   0.671824018781 
 1.229860014240  -3.445195915046 
-2.534798502555   3.406087547112 
 3.044091061164   3.004712040874 
-2.167836495355  -3.745213836665 
-0.586021885038  -4.400628989771 
 4.471102890790  -0.521492961026 
-4.960637805078   0.344861781305 
-4.392468613691  -2.396358849270 
 2.255400506535   4.541440087529 
-0.373431003776   5.078362780262 
 4.634029091833   2.569976723479 
 1.038352688111  -5.303471176541 
 3.231756667038  -4.421066243106 
 5.298653303793  -2.134246744710 
-5.279088397710   2.191625117256 
-3.675964751188   4.568641253308 
 5.839334206719   1.432538433258 
-2.269046884493   5.586825049727 
-0.993571909615  -5.969227603367 
-5.103895593727   3.746393463066 
 4.086231172541   4.923671668252 
-6.489987332832  -0.474044601623 
 6.479954929692  -0.839990656530 
 2.796919240232   5.951727837174 
 3.367373618205  -5.985826294824 
-4.804914821125  -4.930381912723 
 0.834159471890   6.891591028965 
-3.124447852236  -6.226525295476 
 5.086796912016  -4.773632127448 
 1.236211967518  -6.908810777971 
-7.030275707786  -2.287745092259 
 6.919188988240   2.640259218517 
-6.186307140765  -4.130356943418 
 6.702571998660  -3.270565214254 
-7.192955832604   2.204165740899 
-0.672232106725   7.520855416070 
-1.976825858495  -7.313302359241 
 7.581241180156   1.182022579484 
-5.527453115839   5.348690776549 
-3.492626673760   6.947047203150 
 6.028156580172   5.232643195220 
-8.001244171675  -0.635882954774 
 8.028431514609  -0.462465807036 
 0.465570618758  -8.237985783242 
-8.265715777654   0.845553727851 
 6.779410258578  -4.961690415979 
 3.304745286975   7.816183319795 
-7.588750251159   3.887231823024 
 0.814761185114   8.573558996768 
-5.589655576454  -6.827260593431 
-3.856878961168  -7.991776794209 
 8.679135988190  -1.889389095421 
-7.062537307029   5.424386262859 
-1.689161399387   8.802017835442 
 4.818354392793   7.622518704520 
-8.021626230811  -4.140523459670 
 8.563111432393   3.068175672911 
-2.090214908494  -8.881724738525 
 4.027331832800  -8.230796341696 
-8.782096777841   2.718292032459 
 5.384252881397  -7.489022420743 
-9.081385407001  -1.762670627736 
 9.329277766675   0.611736463343 
-7.133525484664  -6.057204598484 
 2.375121804583  -9.077581486567 
 7.848091973079   5.164903705622 
-6.489678355816   6.950974697388 
 8.376588556805  -4.533418935548 
-0.712313282434  -9.606460972463 
-3.197658505587   9.088942647970 
 6.316781220206   7.308996452247 
-9.671443096136   1.406829187041 
-5.008959627964   8.477556476839 
-0.078770376755   9.927399413414 
 3.364941989901   9.673001287954 
-8.592151893215  -5.698652952321 
 7.814067956332  -6.732146856791 
 9.836860978975  -3.204397315200 
-4.861949630293  -9.137673889313 
-8.756358445036   5.718383208367 
-10.464871479618 -0.685074009217 
 9.452422370508   4.545981971497 
-3.032580502225  -10.109291924987
 10.281141169193  2.603857466462 
 10.642098942090 -0.860657083205 
 1.080271510654  -10.663397422898
-9.925551869159  -4.080944453746 
-7.802858885005  -7.508039336589 
-10.325650128485  3.384810077545 
 5.146080009932   9.671743311341 
 7.327751403068  -8.155104905040 
-10.794978575953 -2.214949072854 
 6.191191098487  -9.154642993002 
-6.418545786422  -9.027861470152 
 1.205324249897   11.020125534032
-6.550340055538   9.014032404334 
 8.342383585424   7.386808133434 
 10.005706352530 -4.906887354014 
-3.677558258578   10.527190509429
-0.883803129931  -11.147201349853
 4.558733411179  -10.225172650782
-8.597780045410   7.368088628693 
 11.462689274287  1.346785590438 
-1.690189215741   11.467320799394
 9.901662613631   6.107371852021 
 11.404306648247 -2.782924996533 
-0.125896252233   11.763372169160
 11.109772919736  3.910346559776 
 9.865391534932  -6.441406338602 
 2.816957712819  -11.574753388261
 8.063783801962   8.862198275106 
-10.456227325749 -5.879534965238 
-11.577837494213 -3.551303206132 
-8.213524717727   8.950146483055 
-9.796023310617  -7.266134239849 
-3.291496135758  -11.772354682032
 3.804310641583   11.621851028409
 6.885988573816   10.126271242514
-10.842074068552  5.695224416383 
-12.265890878457 -0.378331501441 
-11.898573590007  3.172132587969 
 9.084518696286  -8.373242428714 
 5.960756749885  -10.894408481820
-5.096908934676   11.359179816535
 2.172695799237   12.320978902188
 12.321326172772  2.661760696561 
-10.317818853852  7.254742975239 
-12.544654920503  1.385808555875 
-8.386129418521  -9.514760922082 
 12.744376595525 -0.630677047656 
 11.734650843973 -5.019874395005 
-12.587541524555 -2.132311934614 
-6.599990186549   10.991527608534
-6.641316550128  -11.025036355486
-0.525439593972  -12.874052155830
 1.052460264200  -12.846868829052
 12.995094038784  0.913823511118 
-12.123923262542 -4.956720148339 
-2.148835639992  -12.947187054975
 9.855101615724   8.684308576430 
-4.998571164872  -12.149741704179
 12.629029588201 -3.746951264420 
 8.137206629267  -10.369865378636
-2.595181390481   12.929211499974
 4.112203715992  -12.567631647415
 13.052733330666 -2.200381751622 
 11.938071620747  5.724847445055 
-12.484103693623  4.595417898136 
 5.488891571319   12.200162264378
-0.958875187911   13.425694932619
-4.523220598350   12.779166343738
 0.626066035528   13.559781641007
 8.990597662930   10.213355893816
-10.286579649554 -8.961621051317 
 10.629297432594 -8.658618775093 
-9.343077962872   10.086900142057
 3.783664444062   13.235684131472
 13.370350480912  3.746450656773 
-13.692341067600  2.393247601706 
-11.949894963728  7.103456179612 
-3.743474508300  -13.407756684480
-10.603282636807  9.061267197507 
-13.965791211745  0.792060723196 
 9.835127378928  -9.991914813769 
 2.190237407651   13.930930994340
-8.464252953985  -11.302160056844
 6.922031252952  -12.307547463178
 2.257352015662  -14.032943804871
-6.692906150538   12.555478061435
 11.898929360575 -7.803788311163 
-14.234923040813 -0.697372193390 
-8.469733740217   11.565476957479
 14.276921048445 -1.331748158832 
-13.625575201952 -4.490233074247 
 13.379758555349 -5.235758371954 
 8.173387827101   11.852206712592
 12.048261749748  8.092105532688 
-1.864013605283  -14.433971558755
 6.856580045003   12.943350318724
-14.541136655526 -2.306162039831 
-13.065570881159 -6.789397224463 
 14.424126730364 -2.965372560895 
-6.908597897685  -13.025254471361
 5.887546403938  -13.569171414413
 3.773166815800  -14.324967445641
-12.395005583009 -8.156728353082 
 14.768383143483  1.442913631749 
-2.501496448172   14.713734435200
 1.014223835988  -14.918016004767
 5.074802560815   14.083714301525
-0.661383898721   15.058398939889
 15.132385514633 -0.065029835660 
 11.531602508732  9.811459701495 
 13.413854701802 -7.070570365611 
 14.399397083075  4.967283200190 
 11.381172353732 -10.161325821126
-6.172473747241   13.974661659502
-4.491259826444   14.612679835140
-15.280868966918  1.777767151752 
-12.581199275210  8.861650358467 
-10.185310677253 -11.558621170457
-11.354619996058  10.452241458496
 8.522510849440  -12.897129102391
-14.975705834857  3.940309506425 
 15.149510564864  3.554873633603 
-13.812053051999  7.373159029251 
-0.454429723684  -15.724835843272
 13.859245087452  7.465978077761 
-8.944630446275  -12.975180450157
 10.566772228697 -11.698798163322
-14.707340535840  5.683016208200 
-5.957795920517  -14.641284071029
-7.752757892498   13.781015019063
-10.576241971236  11.783325362890
 2.525094639668  -15.651307575581
-11.572566881226 -10.866054996055
 10.067111636353  12.324549431879
 8.674568384154   13.402643298341
 14.796190506100 -6.050406924165 
 6.900411204171   14.451881136708
-14.579474794478 -6.768520216224 
-16.079270132997 -0.589155740113 
 5.188949455068  -15.317566416076
-15.490486621007 -4.697391067020 
 13.264280258646  9.300280646870 
 0.558928430715   16.227478563722
 13.516562755470 -9.009152290018 
 7.016859494572  -14.662945858310
-9.671769650317   13.134741597344
 16.229672497813  1.961085589302 
-12.967584417494 -9.958998205403 
 2.696663017989   16.184866224666
-3.710017276917  -15.985742480940
 11.814928767446  11.504739675925
-1.401198647939   16.440332654259
 16.460726390653 -1.317350912105 
 4.495314228783   15.934965994067
-8.215132924862  -14.422184567215
-3.246275374192   16.347481968975
-2.227419948921  -16.549329787737
 16.268400120929 -4.316867240272 
 12.686673701814 -11.148427177105
