 0.321184009023   0.038574548911 
-1.219977463022  -0.604551293058 
 0.913631971552  -1.505720895802 
 1.821987124363  -0.138729228267 
-1.074982860883   1.660080001164 
-0.507827178940  -2.166954578790 
-2.227606908027   0.645389485899 
 0.515241900955   2.619445360949 
-2.095534147505  -1.894067593413 
 2.616084846923   1.655595223051 
-2.169758430066   2.886909660776 
 0.506915511279  -3.585771956318 
-0.740869154573   3.743014663791 
-3.355890093620   1.818090070080 
 1.660317310582   3.679834293615 
 2.921076582991  -2.998371757961 
 4.132201596334  -1.033843932965 
-3.796907507146  -2.093640735244 
-4.466960231407   0.124652956121 
 4.611558010360   1.171690225073 
-2.803047798842  -4.039613431645 
 3.428571402437   3.597376590721 
-0.444285145857  -4.954756640803 
-3.118066581693   4.358813079512 
-4.243848528354   3.336202241263 
 2.312180021623  -4.900627188036 
-5.307707731370  -1.363693659816 
-0.210447322116   5.576870635510 
 4.272827852744  -3.730901100229 
 4.935313984119   2.917121544274 
 2.364782334510   5.268854262532 
 5.857389772012   0.017850057827 
-5.489216130231   2.134498349991 
-5.938218387629   0.532317577406 
-5.116849900971  -3.380672669388 
 0.600381418328  -6.193722339372 
 6.111547498794  -1.593240142906 
 6.403391021657   1.554756637853 
-2.653256870341   6.117134572127 
-1.297784608072  -6.574956385060 
 4.047650461636   5.521613864227 
-3.416434088709  -6.030651005554 
-6.867557884436  -1.068008679519 
-6.008935487309   3.855967511507 
 5.687235975902   4.332109448656 
-0.436505252923   7.218340004399 
-4.881159633920   5.338914666787 
 7.340033863065   0.336132355603 
-4.940232902768  -5.460083404419 
-7.116242726207   2.105282268021 
 4.884039391112  -5.672606166148 
 6.917645171702   2.984968132693 
-7.551370571123   0.628323524053 
-6.442149356419  -4.183738197878 
 3.033529446610   7.103304700111 
 6.488613960132  -4.467696895845 
 1.664148560957   7.766264517398 
 3.269813172053  -7.245071129518 
-2.312412732175   7.613018314594 
 1.008617566121  -7.954777504604 
-4.410553092700   6.790949948049 
-2.260779904865  -7.896860597945 
 7.872871733717  -2.894104414949 
-3.819019752996  -7.555487541861 
-7.955351108282  -3.334478108502 
-6.778799969943   5.367088855021 
 6.703502912004   5.612847389207 
-0.709304743615   8.769517792203 
-0.454548713692  -8.895989050420 
 5.247783909471   7.264731751386 
 8.558621834755   2.728178284347 
-8.433137286270   3.097312217230 
 8.998307352115  -0.805688644647 
-7.147864803296  -5.785153532155 
-9.086629362829  -1.667456558715 
-9.233947529560   0.808789946127 
 4.598737127780  -8.067644555426 
 8.186435241360  -4.615584079289 
 9.340882156855   1.132353563061 
 6.564235573816  -6.991439726592 
-6.417918018308  -7.220540881520 
 8.189402160039   5.272855098021 
 4.164536969760   8.839392931932 
-4.865495724528   8.484967655577 
 0.992470976134   9.779086607403 
-5.125842139388  -8.418727251458 
-3.610373669243  -9.171654610648 
-6.351362187878   7.602417215772 
-9.492270182272  -3.485675607157 
 9.957237204880  -2.081194100660 
 2.886056324919   9.761166538843 
 2.858594952784  -9.870505535148 
-1.391064478218  -10.199846942920
 7.152059331255   7.439202556284 
-3.788460495928   9.620416791917 
-9.470585184238   4.181443511351 
-10.321936082597  2.071640583037 
-2.326086802463   10.288108375038
 0.180490436252  -10.556873455788
-9.394299381525  -5.124607711420 
-8.235485511107   7.001432302972 
 10.852444588206  0.478248449624 
 10.275360109010 -3.600840782085 
-10.720491457943 -1.972392972634 
 10.640713962692  2.576085592936 
 6.275745128216   9.029524232263 
 7.082547342386  -8.441603495872 
 5.444577094327  -9.644359443016 
 10.342897834545  4.331539152695 
 11.190168579980 -1.101009169022 
-9.710147198192   5.861190985009 
 9.137544639518  -6.780767095164 
 4.625409656753   10.415002984143
-8.785258941141  -7.275305496716 
-0.240503584861   11.426604058972
 8.896765302279   7.177124885351 
-11.479860184108 -0.402591056539 
-3.330725723677  -11.012818085856
 1.771854187720  -11.429578402939
-6.236819524063   9.790150355928 
-4.987099248233  -10.611886991311
-11.136709183424 -3.956378585412 
-3.918162390815   11.173646879897
-1.801911744035   11.728946579891
-11.088716709516  4.237149045051 
-11.868436252268  1.069621703361 
 1.940869056337   11.776735103886
 11.756334272753 -2.601185834452 
 11.020695414426 -5.016177969232 
-2.092704912473  -11.928590284468
 0.276932281055  -12.108419096168
-7.300459408225  -9.875265501504 
 7.767616576115   9.580515533534 
 11.802126993451  3.588037941109 
-8.151307563302   9.276225630013 
 10.460639385587  6.628443545755 
 7.130145451284  -10.303586537420
 12.549644004496 -0.097810916835 
 3.236131340754  -12.144892114174
 6.283749522810   10.940955598214
 3.705079478605   12.075772438575
 4.789659414247  -11.708694073589
-5.519763923357   11.426921920142
 12.542821286238  2.003292929186 
 9.508307314406  -8.431959299627 
-12.627281371570 -1.469482760099 
-10.438247912634  7.419003787331 
-12.545708282230 -3.093966107219 
-12.753548121757  2.336271404039 
-10.914012769572 -7.141325322669 
-11.704713464428 -5.755343391400 
 8.585151527891  -9.856156759638 
 12.470695913000 -3.928426387142 
 11.025570552440 -7.066138178986 
-7.098500432766   11.080441551363
-12.147188807608  5.366897176625 
-3.616917973540  -12.830784744754
-9.113258516019  -9.766035050321 
 9.556292400317   9.385196181047 
-10.196536966729 -8.689092042062 
 1.541262223229  -13.373461892666
 12.059444349041  6.039498525553 
-13.487514433890 -0.035248943110 
 2.521697416088   13.268378695776
-4.097574895763   12.906358557556
-7.324904865875  -11.411405113029
-1.551986000815  -13.609667434855
-10.384153518567  8.959116523384 
 12.388278351391 -5.962776164898 
-2.481302012038   13.538846330667
-11.950086730082  7.113779499913 
-0.495164825764   13.939419083190
-9.202704073540   10.505110640844
 6.402137463047   12.464804327179
-13.666273376630  3.620985360910 
 4.977034534564   13.255448674665
 1.092062740486   14.128805797433
 5.333676370540  -13.157814272670
 7.747473190493  -11.899917062804
-13.562850434844 -4.211522029046 
-6.456316418601  -12.714984076275
-14.103963768737 -2.166237161676 
 10.727931465383 -9.466140378875 
-14.262106014189  1.764792571043 
 14.254386839720  2.209121469953 
 14.134650996042 -2.912173933044 
 13.890155670141  3.995724150690 
 8.522692867488   11.853181163276
 12.090546521527 -8.291152329215 
-7.650424836886   12.510134767612
-5.836467800262   13.454593873795
 14.010993841135 -4.414650270068 
-5.284209276848  -13.717759680733
 14.706605926473  0.067916047278 
 9.887871772056   10.888266278389
 12.097888799996  8.400307105001 
 0.705758504140  -14.778835975817
 4.186132212139  -14.253164844533
-13.467801468070 -6.328013959497 
 14.880122399742 -1.497761501659 
-10.792095978115 -10.364861312147
-3.696338204381   14.618383041929
 2.481299125315   14.937298146848
-12.203391526223 -9.029692450163 
 14.086414759002  5.661221781843 
 9.915382364788  -11.533005769117
-12.464596851960  8.725464005012 
-13.882100490920  6.274855633205 
-2.064070944850  -15.208860547140
-15.547119183006  0.467854942225 
-0.736173398509   15.551654802885
 13.519788042779  7.783712030447 
 5.937211569685   14.432858136787
-4.271684768810  -15.020030583277
 7.551055167712  -13.676577689808
-10.091461250459 -12.084496157333
-0.586999092181  -15.740982800449
-15.364823905410 -3.648025155117 
-9.861707973861   12.345002381556
-8.168084315134  -13.559242933085
-13.739510810477 -7.904094852283 
 11.687297927098  10.794517097206
 14.044821169752 -7.485429221103 
-11.403297571574  11.140985959776
 4.572973884478   15.287450807034
 15.755702265584  2.586278540711 
 2.122801191617  -15.905352141944
 8.734399176521   13.512143689835
-2.853071997073   15.860294051284
-15.538641685096  4.316026659274 
-14.031947710474  7.998003742759 
-6.675760637449  -14.777219400566
 16.247292625903 -0.324435742332 
-7.392838083945   14.473937519138
 15.954024720313 -3.131821126049 
 11.877327453911 -11.110438402592
 10.265215097613  12.621288561305
 13.352191341631  9.311775961071 
-15.484733102149 -5.281474460216 
-16.249729497774 -2.331963390099 
 7.524466996794   14.627333545498
-15.040977573323 -6.743111254912 
 14.978793485738  6.887582390016 
-5.827399252959   15.425323064959
 15.398694978341 -5.985478616857 
 9.178866596257  -13.759300096970
-16.447825556898  1.804992707700 
 3.841826077981  -16.105077105924
-3.257857119217  -16.295523236868
-12.216299649649 -11.415682750309
 16.686172941818  1.170663947226 
 2.983437938995   16.460070592467
 15.971871913537  5.164677956415 
 10.635405476623 -13.047264851860
-9.194686715294   14.128398212654
-13.488714656639  10.114985808904
