 0.116069719947  -0.470534027529 
-1.324487454321   0.017058348384 
-0.060818434705  -2.031062434889 
 0.455001115744   1.993110083452 
 2.038446403711  -0.875866155105 
 2.382452006709   0.741899710128 
-1.894094327989  -2.161179468233 
-2.255289500282   1.825199429992 
-2.966596957135   0.399125474953 
-0.843650010408   2.873227807551 
 1.817822520800  -2.399963112557 
 0.704309722490  -3.437875773821 
 1.317244734970   3.375352005281 
-1.009628545782  -3.498270844409 
 2.745020269614   2.845563519605 
-2.561214992351  -3.578733752315 
-2.570147881132   3.649569538177 
 4.461859157143  -0.231028127629 
 2.402971377521  -3.821636207573 
-3.835384734624  -2.401269541041 
 3.819906464292  -2.571799015602 
-0.405071745347   4.712346571720 
-4.980468460202  -0.553177917752 
 2.491184380633   4.535207713788 
-4.553951214745   2.598551979302 
-1.726723931103  -4.963487688007 
 5.110362193776   1.433828237482 
 1.556835449170  -5.103257213776 
 1.133015301322   5.270559801149 
-1.992385068393   5.236220210818 
-5.524285422181  -2.018335966438 
 0.153780742754  -5.892123719878 
 4.943646203231   3.298150902123 
-4.261836639376   4.279960257768 
-6.015299785008   1.544838123124 
-0.023448240944   6.232370779629 
 6.029959133497  -1.689204735641 
-4.931996484092  -3.995948285490 
-3.684587942198  -5.215803146632 
 4.374783795107  -4.738099728328 
-6.638149108971   0.165155435577 
 3.295935022297  -5.788747142544 
 5.935837277055  -3.217417821468 
-1.802079157636  -6.518582834808 
 7.058104452628   0.107062273745 
 3.698944716864   6.030320282659 
-1.799567663086   7.036204304752 
-7.066988049316  -1.880539412595 
 1.957159699695  -7.067077830819 
 6.950900911492   2.567303822478 
-3.318503768606   6.738334220819 
 1.251894101582   7.457457401045 
 5.451037030051   5.415334151544 
-0.324510072613   7.711958265452 
-5.916473298207  -5.254515050077 
 5.630264393592  -5.825217204770 
-6.841628214079   4.373726431652 
 4.377861915194  -7.050969544703 
-5.199970977451   6.519836044124 
-0.670295158899  -8.324840663151 
-7.954296187758   2.588155400872 
 7.261475077730   4.210946025930 
 8.294877501165  -1.330674894812 
 8.266229896495   1.555574064972 
 2.992596383857   7.863899633668 
-5.277023860885  -6.737721682376 
 7.277581580539  -4.568225478818 
-7.358523736292  -4.544710673264 
 1.329637772237  -8.596684042092 
-2.988790473289  -8.184867041228 
-8.376838895435  -2.649317428168 
-8.802270825384   0.743423921897 
 4.950302458229   7.448920136148 
 8.282254185103  -3.421242172405 
 8.969868995360   0.097944320938 
-8.979879410300  -0.862211864795 
-2.433680493293   8.806958076939 
-3.962362077740   8.309745647258 
 3.401821187836  -8.582066603811 
 7.210139109132   5.831078845676 
 2.078142015578   9.106180090849 
-1.024461424985   9.498414098925 
-6.686239182647   6.875016674487 
 7.325418019403  -6.295105189386 
 9.230859778946   3.238089795875 
 0.308194934311  -9.784920341372 
-5.620139339016   8.026749679032 
 6.534632371424   7.305804660870 
-7.024103249800  -6.857372013369 
-9.486613339553   3.068759320732 
-7.951633383145   6.036820757644 
 9.870528165919   1.734607452756 
-9.244559554191  -3.954824891675 
-9.844367027315  -2.266049346115 
 2.468039182618  -9.888234803152 
 9.799904062176  -2.959681998622 
-9.180763025838   4.669130671769 
 4.092132708370   9.504198702598 
 0.257115653870   10.423034592773
-4.579451721018  -9.464264691211 
-2.377455320053   10.318843752334
-2.452646918926  -10.314945561260
 6.990202778945  -8.014305862213 
 4.909454460105  -9.447081019771 
 9.671636113514  -4.458454069450 
-6.210047098698  -8.690783862830 
 9.563683927460   4.803437762286 
-10.696291385392  0.482886956942 
 8.792857584105   6.122998379729 
 10.702697389382 -1.618578283895 
 11.091586348695 -0.031105068943 
-8.273674095735   7.514221441981 
 2.221309144356   10.959119621663
-10.983974687612  2.224519266361 
-6.862427869548   8.896953999532 
-11.294530592675 -0.960113129972 
 8.006172285805   8.032518057598 
-5.423123181633   9.973359500418 
 10.716398070534  3.807751245088 
 6.757557414977   9.223128425828 
 0.616631891254  -11.489785036746
 9.758381617648  -6.114057623384 
 11.416785107708  1.657004707626 
-1.011289706522  -11.498574950247
 8.872984197021  -7.418478776267 
-8.333961851985  -8.042930222454 
-9.559524159531  -6.553400119817 
 3.383694147522  -11.119593809521
-10.471988605611 -5.128844036918 
-4.139499182497   10.964081731637
-3.615106266189  -11.407823920092
 7.035187772885  -9.729806043780 
-11.487144894900 -3.618069100867 
 4.949218816115   10.998355088661
 11.681262630618 -3.165469136025 
-11.298303936607  4.440068950086 
-6.255361082737  -10.470707245638
 10.979905894673  5.406483181077 
 0.082318940901   12.239004445675
 9.565409866588   7.687887036262 
 2.216261753289  -12.072467098633
 5.303397805845  -11.130633039878
-10.193416757583  6.950046974000 
-2.054280513178   12.247059598007
-2.380777828215  -12.443822741819
 8.336734540052   9.547415682180 
-8.119495351268  -9.733960766127 
 3.009600254404   12.322625540773
-9.106487327852   8.831451020962 
-5.129729696276  -11.658657004036
-12.630483646956 -1.711490460527 
 12.777353430863  0.018956044275 
 12.268316928207  3.591758455506 
 10.936421266119  6.915847718580 
-3.673258952591   12.418079196227
 7.329143496186   10.738607844871
 9.610010876903  -8.784791397384 
-12.863811818052  2.018315026948 
 1.506007721288   13.091213251390
 13.085453781268  1.683243145913 
-11.852958085015 -5.936008039776 
 0.817573883485  -13.232328569706
-10.338420679841 -8.316192990991 
 12.121373514283 -5.484835609719 
-11.915817698048  5.920026371768 
 13.181344230605 -1.933822663580 
-7.192246683634   11.253230194280
 3.753985837362  -12.844295451411
-13.428185923819  0.072507936794 
-5.711282784875   12.336108495088
-1.142750704518  -13.619405690415
-0.650871617277   13.667623627250
-7.263131258227  -11.603659738348
-4.049054686181  -13.116890675273
-11.661915082164 -7.503601083187 
-11.434352964086  7.852050197671 
 9.959410641431   9.655087463328 
 6.732502085386  -12.211565202304
-13.177573701626 -4.701081993100 
 8.057789827846  -11.483658571647
 11.437750633994 -8.128957067456 
-2.987328093005   13.793899639710
 12.623763969788  6.388284201675 
-13.277383007949  5.087340255716 
-9.122053184633  -10.933679104980
-14.199037573481 -1.309391260857 
-8.953767405129   11.151096460695
-14.243485195661  1.426106960325 
 11.626318320153  8.372314331144 
 13.591457282682  4.806167989444 
-4.706307890834   13.638173636821
 5.076097177447  -13.588997776627
 14.078546675597 -3.641464953081 
 14.526597510460 -0.674829771763 
 4.614997721930   13.800233323420
-6.033150071770  -13.297756174529
 14.216831253342  3.375891208425 
 8.577646452203   11.854726378286
 0.025530581448  -14.673020811264
-10.492127941608 -10.306068448156
-10.557010315413  10.249157269570
-12.915218628707  7.050097033085 
 2.715682819527  -14.561533717434
-14.558603364855 -2.821301474974 
 2.115276623664   14.687138078581
 13.288832257583 -6.606752165824 
 0.298934263819   14.860799442698
 6.881189019577   13.215272814486
-14.390639878208  3.897880553693 
-13.754891672885 -6.107080303815 
-1.649965135826   14.959067111200
-6.517047455090   13.650360582698
-3.018936602560  -14.870388191523
 11.072758369143 -10.414505895446
-12.387554395737 -8.821919138132 
 6.680656605768  -13.720800708579
-4.618998287576  -14.621834945042
 10.143321070790  11.585932546159
 13.218630396444  7.945698649725 
-8.946397337192  -12.673482358332
-8.168085533423   13.271939197214
-12.928595801907  8.812710624974 
 9.888560873273  -12.139475655815
-15.659269701863 -0.737275832517 
 8.311511537887  -13.314602454899
 13.498054886973 -8.117634651306 
-15.616312719545  2.281037308387 
-14.631019362447  5.937703474401 
-9.724031837964   12.448105859573
-4.539920231915   15.135221203571
-1.187367673140  -15.819628392561
 3.652858314270   15.442273875465
 12.710769292226  9.513538602848 
 15.819900389653  1.499084884574 
 3.961999753096  -15.428324552617
 0.961291899617  -15.918637047738
 11.740790840465  10.925247423361
-15.353762175669 -4.702436953312 
 15.269845600286 -4.999329713964 
-16.052821304396  0.748372394159 
-14.093454418241 -7.741330442535 
 15.874087783067 -2.871375588819 
-12.154822442880  10.621470014409
 8.783161788643   13.592440178318
-6.600283746684  -14.786229832982
 1.917414681093   16.274509520373
-3.292727221842   16.056641624938
-0.639144429061   16.429305290376
 15.027293901907 -6.686559834041 
 16.040367114137  3.944197604254 
-16.319403711422 -2.692439640130 
 13.050902260849 -10.195919965252
-15.912391730071  4.617830826853 
-14.817291185437  7.536097614119 
-11.503824549081  12.010386811747
-6.386821183258   15.468705188830
