-0.856212750306  -0.076348619268 
 0.657438390528   0.752243418787 
 0.429788741345  -1.643879664699 
 2.419237411565   0.368933929323 
-1.115241037833  -2.180375720629 
 1.204941849807   2.390832164627 
-2.389020700103  -1.292798090697 
-2.576495858583   1.055541241969 
-0.301298629720   2.806721203017 
 2.328623851017  -1.753774527178 
-1.964029059322   2.657601982455 
 0.183550034300  -3.663372510647 
 2.642967800185   2.871008436527 
 3.634853689202   1.523089872883 
-4.130604554233   0.187364337864 
-2.904250847653  -3.003527544336 
-4.131093147268  -1.332674393730 
 1.832835219126  -3.960884087092 
-3.884818593420   2.114464488419 
 4.827203152138   0.435611634926 
 4.739728139647  -1.141831474376 
-1.381750361480   4.744759581736 
-2.616522518003  -4.541957710478 
-2.888717918769   4.401070277032 
 4.365062312225  -3.392417124629 
 3.717052299845   4.097594154622 
-5.566513778734  -0.361141113895 
 0.639939741692   5.553833302836 
-0.875079716863  -5.565142089367 
 2.495801515020   5.088848252249 
 5.365354197290   1.908698306445 
 3.497502384431  -4.669134495048 
-4.732471789118   3.518864327073 
 0.953946831892  -5.916880001791 
-5.745703567056   2.289507283102 
 5.697821262766  -2.562084387684 
-0.780414598222   6.292159736602 
-2.513388120445   5.858130183905 
-5.320067613458  -3.628161598934 
-4.297376268714  -5.035869674841 
 6.893752952003   0.970210150531 
 2.350453173873   6.595109518987 
 6.393992629559   3.248115645774 
-6.853232971118  -2.224839042220 
 6.999763528011  -1.784724676716 
 4.721536681100   5.494472738402 
 2.383863292131  -6.882447169370 
-4.649881124230   5.653868917857 
-7.425475130432   0.998474698063 
 0.700403579995  -7.499501324754 
-1.995252568152  -7.269125554706 
-7.226226572201   2.548846274054 
 6.030902780699  -4.742807332195 
 0.033829687075   7.695855736841 
-6.035424498698   4.867399350780 
-1.664908269620   7.593502743521 
-7.804775749343  -0.804089527919 
 4.271373654626  -6.588985236293 
-3.712563755255   7.065248657380 
-6.643209832135  -4.612513632804 
 6.361354171662   5.206303178465 
-5.037165447385  -6.561361620687 
-0.889436731900  -8.305361208262 
-3.851964388099  -7.503989599741 
 8.284068026142   2.087134625407 
 2.227420017123   8.268687593370 
 3.885749906410   7.679466318429 
 7.486505725944  -4.307437855335 
 1.994562787449  -8.498768508616 
-8.552473018529  -2.546951003334 
-8.689230494107   2.033220847364 
 8.840642286361  -1.442199578678 
 8.021393211082   4.424063070942 
 6.769138734443  -6.228621534837 
 9.307921165721   0.064068595162 
-2.831321364328  -8.869475511590 
 5.727303060693  -7.403088849147 
 3.552566996655  -8.685274161180 
-9.378277336135   0.617652688165 
 0.482873880769  -9.409387761260 
-0.791818596882   9.482178697554 
 5.379864023380   7.880554132508 
 6.618715421201   6.877305508492 
-8.560587818620   4.238141412828 
-4.115119399138   8.635864414011 
-8.686759205760  -4.049313975826 
 0.891613231165   9.610690113685 
-7.797187965715   5.800730523500 
-6.795167247507  -7.194965500427 
 9.585076639966  -2.824656614824 
-6.079757534305   8.021245501040 
 7.961414806009   6.179661904871 
 3.040331847454   9.616246162144 
-2.389173711849   9.957272386518 
-4.657113369428  -9.234405538586 
 9.873180010601   3.136257401359 
 10.348837240403 -1.249489829108 
 5.315455044202  -8.971603618600 
-10.306801343805  1.823566424688 
 4.699823195221   9.429733695640 
-10.242178366545 -2.517114011247 
-0.696421957664  -10.533544502693
-8.324873644879  -6.553389966194 
 9.270875047072  -5.442867668072 
 8.275456014375  -6.874330977629 
-10.757929901540 -0.283837940716 
 9.477628272973   5.203917173532 
-10.205516581306  3.673471624262 
-0.216704753777   11.034327951982
-7.982162676090   7.637217169557 
 7.897027471162   7.928584666114 
 1.824069682367  -11.061099779742
-6.845644603917  -8.892057478677 
-5.975892376594   9.521458741243 
 1.420140004983   11.167485395030
 4.075138365768  -10.557764884790
 11.311966450993  0.944233012904 
 6.752058356894   9.137837921354 
 10.720143546159 -3.833786288291 
 7.242160272087  -8.827623414870 
-2.408208574582  -11.280941208772
-9.515260563778   6.635201402939 
-4.455981239384   10.718628776839
 9.457635770084   6.737324056636 
-1.882155875235   11.497203602470
-10.431654906110 -5.261875720541 
 11.470302228947  2.645001274807 
-8.655527798814  -8.107293243919 
 5.719673844272  -10.420227614913
 4.631023714001   11.038637800638
-0.293755295548  -11.980306745685
-4.603370299905  -11.065090404231
-11.946779160864  1.919185861991 
-11.156614425171  4.900022972758 
 12.183293637195 -0.293758871527 
 3.056907675584   11.911203285434
-12.092853865688 -2.511997830285 
-10.230168248700 -7.004362301999 
-7.399713506911   10.045720252730
 11.399319924858  5.134926269694 
-7.030462175913  -10.473711579041
 9.258272667553  -8.572096299996 
 0.773046979830   12.641758227302
-6.283603321176   11.058471722501
 12.434383344646 -3.040103448838 
 11.429237201788 -5.837645546548 
-3.506578110521  -12.359851099860
-12.903692372394  0.061369576069 
 10.066145741485  8.112252358955 
 1.112246584289  -12.990719915399
 8.702513267147   9.731585972167 
 8.346188587491  -10.060245654480
-12.316065951890 -4.473285228094 
 2.832930686429  -12.887327670236
-1.959041286521   13.053120774344
-4.176788259337   12.599600779660
 13.238318618296  1.027008763834 
 11.517161456086  6.695626830269 
 12.819966044812  3.661254213704 
-9.292618980840  -9.565002004648 
-2.208838956413  -13.161032937790
-12.800866215222  4.035674679705 
-9.902534492101   9.116294891184 
 10.852309370511 -8.032792133865 
-0.442180953447   13.522852764147
-0.747842236198  -13.587692466808
-13.634212665192 -1.299905693614 
 5.254979295577  -12.689101751233
 6.821608576247   11.945555470884
-11.701470289971  7.416904306235 
 4.695931900319   13.068659750681
 7.814840852516  -11.587082295953
-12.634851911197 -6.077063048130 
 2.436139775309   13.808532961024
 10.258123310698  9.605954493395 
 10.178648900804 -9.824839692633 
-11.038684664660 -8.935352795591 
 13.141165137121  5.551780242449 
-8.401693579649   11.536513348244
 14.065588061507 -3.064941848803 
 0.795973272830   14.388940034895
-8.401408625309  -11.724183991335
 13.580026203726 -4.870164166461 
-9.798524237041   10.613259390802
 12.611710600451 -7.062672513815 
 14.476242124546 -0.589084926571 
-12.258537099025 -7.790489543536 
-6.823416900368  -12.824977640413
-7.243614559768   12.675397281173
-14.164856253701 -3.663338820771 
-13.545744243904  5.540526648439 
-5.334935455691  -13.653677006212
-4.081143554178   14.134776096338
 12.074660223179  8.520256660506 
 8.828221810664   11.868874433441
-14.839382185626  1.025563755109 
 14.702106978125  2.521108412261 
 13.137250643347  7.113473818729 
 7.086749053405  -13.160337466903
-14.593908285825  3.268658818442 
 11.684268412495 -9.387801265499 
 3.372680732057  -14.655605488699
-3.195918838044  -14.701472187155
-1.092016398671   15.043471521812
-14.167298514296 -5.267132567481 
-10.477549492034 -10.924679400243
-15.176525493308 -1.316881699299 
 6.125852331498   13.968968970191
-1.748081259780  -15.167220746810
 1.396574179467  -15.203871151325
 15.321400492340 -2.032592926577 
-13.073479925813  8.368416397780 
-11.990410486691  9.865247622817 
-3.033689472545   15.244606241089
 9.011306055149  -12.682898333958
 5.019169799304  -14.765182306669
 14.724102146207  5.203859879589 
-8.309269319420  -13.259990174079
 4.342331224450   15.154401100477
 0.020070912465  -15.838564891259
 1.835609345092   15.746932529260
 8.366863513991   13.506148946514
-5.549016455788   14.916741676216
-15.795996708980  2.198187076165 
 12.203272354874  10.288908798202
-11.265471212482  11.399955887249
-12.370611298057 -10.296152532633
 10.480374308483  12.263523861731
 13.344139119461 -9.209253589431 
 11.883716863989 -11.102100599310
-7.145378465672  -14.620200903743
-10.313950718946 -12.605895306761
-15.678023902095  4.535495450710 
 14.509812702092 -7.510756020823 
-16.340363627715  0.348928907311 
 6.587501988877  -15.022607201735
-16.187595474408 -3.114003253133 
 0.142075423340   16.513193686544
-14.718560600207 -7.491740510228 
 15.958829951573 -4.263058366032 
-15.092459514717  6.730584422376 
 16.552214222925 -0.347367329690 
 10.858054784177 -12.522583483640
-5.701486076931  -15.566962310522
 16.052128154168  4.309857373509 
 8.270269386524  -14.438913071748
 3.749809481291  -16.217592994332
 15.208467878373  6.996380652554 
-1.500090825076  -16.673751450758
-10.770896914736  12.852175113986
 16.730817042227  1.348939472169 
 15.699090976066 -6.280878015997 
-9.678767309725   13.880906085413
 1.914942195644  -16.829721020354
-4.269850388640  -16.394680664654
 5.910205166701   15.892143127966
