-0.400086550909  -0.749064391462 
 0.145202081502   1.726907111529 
 0.961666204051  -1.483505561289 
 2.171938119519   0.048664088371 
-1.965240784936   1.092051069331 
-0.828802832167  -2.302008486194 
 1.992456398227   1.612884524344 
 2.609009018597  -1.503085107590 
 1.193549180234   2.887329766396 
-3.357948711894   0.328370982842 
-3.248206569811  -1.192734285513 
 0.267616840621  -3.487249064578 
 3.678790541105  -0.061681229215 
-2.695819823947  -2.788164925311 
-0.150966315476   3.943578060812 
 2.112114111093  -3.400753257625 
-3.306579632038   2.480200929112 
 2.775148283356   3.085458418029 
-2.055887488815   3.713033175735 
-1.166126098581  -4.085158606318 
 3.929452905477   2.109267055824 
 4.477626185848  -1.529675327003 
-4.204296405208  -3.072404681686 
 1.315851471686   5.084757023108 
 3.891479656902  -3.862659618144 
-2.405678532786  -4.964779528219 
 2.818749833301   4.743495852572 
-5.406690587058  -1.233434332845 
-0.504422608090   5.522631064834 
-4.103904450961   3.815567889535 
-5.199871563132   2.162271304479 
 1.746613310164  -5.394112951845 
 5.679065259958   0.104859572403 
-0.566629839641  -5.777658950296 
-5.855567281219   0.787032392425 
 5.889276776685   2.129230458683 
-2.922399255996   5.665557502211 
 4.938443999903   4.088268870389 
 5.952081940736  -2.389192895067 
 3.884534121932  -5.365185303902 
-5.719134367838  -3.504055501416 
-1.935256915180  -6.465185721288 
-1.724058642676   6.596928836075 
-5.989106343548   3.497966582351 
-3.762549516399  -5.880784886345 
 4.147306397961   5.685888813290 
-5.154388269281  -4.896902295662 
 2.255481932221  -6.807893848253 
 0.250868011424   7.174279361028 
-7.125051636639  -1.374201335635 
 2.321700121366   6.875457851229 
 0.627885095127  -7.245651408940 
 6.371202822055  -3.960158521403 
-0.866851341616  -7.526326376554 
-7.305029759085   2.100746150419 
 7.604186375239  -0.463968356724 
 6.761783510436   3.613560116995 
-7.868437986904   0.236546944324 
-7.401801185401  -2.946045401793 
-6.081771950145   5.191317228872 
 5.465613253645  -6.206812890592 
-2.709902814987   7.821459382460 
-6.863998134609  -4.897024953431 
-5.314755146231  -6.598695870755 
 1.702956564253  -8.325722137986 
 6.794252295291   5.116300630867 
-1.174760361232   8.472140990436 
-4.282372259149   7.407959178971 
 4.797725082551   7.108518890642 
 8.481560094375   1.293910276672 
 8.094974846528   2.849304516069 
-4.070608334634  -7.600983928388 
-2.616865200479  -8.284836593114 
 1.672902934463   8.599142728982 
 3.612021233463   8.080282274595 
 4.751591105184  -7.556660067837 
-8.885936610900  -1.036045701051 
 7.951879211632  -4.157798734170 
-5.877097706569   6.798971418730 
 7.095359433630  -5.727241685551 
 8.863643299902  -2.553879133602 
 9.289229652230  -0.619154241234 
-8.605364156930   3.894303956870 
-7.734795844107   5.424980716659 
-1.139603520038  -9.572676185798 
 3.099919022319  -9.139690743614 
-9.776047123040   0.577208260495 
 8.718478356771   4.489962403692 
 0.481328740141  -9.820541696465 
-9.587570746766   2.209630765207 
-3.732571834920   9.179710685743 
-9.221935241887  -3.649868838366 
 7.084432795201   6.966266840888 
-2.308918576940   9.666487940116 
-7.469470217230   6.905432720271 
 3.441628489506   9.593263642765 
-5.898499251058   8.451229146289 
-8.218699721344  -6.218961698724 
-3.518869967269  -9.712128843553 
-6.780291231200  -7.830043048261 
 0.107426345251   10.372110126985
 9.834208489570  -3.917303435814 
-5.220386915839  -9.249717306661 
-10.417495077763 -2.078299885151 
 10.587421268928  0.985600619967 
 8.437923478748  -6.642235134472 
 2.196340292977   10.541508714997
 4.994183129435   9.566480520677 
 10.856779993347 -0.582908417999 
 9.424216722123  -5.429253049728 
-9.646425531738  -5.254493018228 
 7.441062699142  -8.186037058978 
-5.122714944753   9.876352775627 
-11.041229989599  1.405579234714 
 10.614956910107  3.426404365139 
 10.908569916042 -2.350860540904 
 9.219325089643   6.324054332532 
-10.202447112251  4.604130024694 
-8.978658772982   6.740493851003 
 2.724351031572  -10.938866439926
 6.539595583251   9.240367292122 
 5.393115308687  -9.976500166278 
 0.857571652550  -11.333177544347
-1.625172470820  -11.351540730327
-10.934924333085 -4.014375149527 
-11.657925102064 -0.300298333492 
 8.435987219079   8.135187535626 
-1.598975404420   11.762676828944
 6.936262914073  -9.676163808699 
-4.150182405710   11.167717578781
-6.868369205435  -9.759409997457 
-5.588992084305  -10.729404874869
 12.195920908025  1.328473680241 
-10.313182694791 -6.850173870401 
 11.040629095789 -5.623039158966 
 12.400220593560 -0.263709350955 
 3.872722469143   11.843769020867
-8.626911583810  -9.033723598527 
 9.977252059890  -7.544017052552 
-0.306473923810  -12.519118830173
 11.670434465407  4.587039683394 
-3.082432672001  -12.185157777974
-9.156229883480   8.612587136209 
-7.766551548737   9.891129459582 
-11.942935781581  3.977532365829 
-11.213809628534  5.802350332853 
 9.929319875312   7.854276801538 
 11.138231658396  6.033346938492 
 6.326865716785   10.989728629019
-4.590195744613  -11.864823663607
 4.118337841248  -12.056142407420
-3.192717398646   12.424510732480
-5.961003316600   11.360668132124
-12.633310265444 -2.578195565076 
 9.146826898541  -9.089930262512 
 1.301522118271  -12.884447750861
 8.419270916313   9.871099147011 
-11.968368919981 -5.171089713453 
 0.570729605402   13.043845664368
 2.093018634342   13.066232154583
-1.220093811414   13.281461873298
-11.225722717272  7.367233698177 
 12.773644906156 -4.237986607566 
 8.272583835786  -10.768469312313
 13.312496390273  2.693543298204 
-13.464940377122  2.132979061999 
 5.372423162497   12.538609215724
 13.674818664755  0.530831213395 
-1.293762969291  -13.679925973245
 5.570155911263  -12.760786817013
 12.631334633791 -5.860669457410 
 13.746489887033 -2.389903534004 
 7.998557426891   11.438925002617
-13.485841219173  3.649146361058 
-4.618239659354   13.203789586031
-13.944061034826 -1.234218151588 
 11.819636986040 -7.555845330919 
 10.938833155429 -8.805339030719 
-7.593434098314  -11.860366359889
 7.312046979484  -12.044039114747
-8.595136421427   11.206132095782
-5.623947352385  -13.004407174558
-11.794090527419 -7.935673815302 
 13.453059172497  4.653123622241 
 3.924179582316  -13.689702034357
-4.151671887300  -13.632522266153
-10.310579612174 -9.906117619831 
-2.995413171339   14.011730230652
-14.353216492980  0.216711087309 
 11.869865262907  8.245804716210 
-13.967649141399 -3.793207563012 
-6.440534119555   12.968465723594
-10.049866636613  10.430091848403
 3.767620904581   14.056373303645
-13.559026318253  5.306866492458 
 0.479457466777   14.562615892835
 10.055505197067 -10.646210776999
 14.644375801545 -1.084956493149 
 0.375532778313  -14.720805311900
 10.891679409249  10.002642256416
 9.809144253916   11.086495341082
 2.332919353966   14.639761253510
-13.860576677042 -5.333249646221 
-9.157641660972  -11.710396169669
 13.450078167011  6.406024572753 
-12.303453866703  8.510625941578 
 7.169021875735   13.324842627931
-11.621360069681  9.849981787738 
-13.344919318711  7.398600170097 
-14.976754160374  2.948574636442 
 14.900737214261 -3.375977696228 
-3.471723904769  -15.047770515474
 14.952471962896  3.901141983120 
-15.333535250881 -2.169255566284 
-5.461376491942  -14.506696759819
-1.352564304174   15.475333971236
 2.009682620761  -15.407471097577
 9.278335198634   12.496543178592
 14.461233711868 -5.763889927721 
 15.581350375182  0.723075177574 
 13.373318429807 -8.033278445907 
-8.014464221740  -13.400175446859
-9.207272821628   12.663856560936
 3.725910337340  -15.280445863726
 12.346459382035 -9.755918737640 
-1.449274909857  -15.670770059884
-3.854133888303   15.334674935614
-5.692149132903   14.876417116833
 15.765897878144  2.403150494092 
 1.297182843099   15.917401037467
-13.846560825373 -8.020048688119 
 8.449402587185  -13.608985362940
 15.901486317222 -2.017239308386 
 10.027163762447 -12.526664889505
-16.026208961452  1.804325648461 
-15.290575730778  5.188210149295 
-11.098706022904  11.738842557690
-16.145301786964 -0.709300392160 
-12.100052999248 -10.747182843170
 5.695392273750  -15.200740948920
 3.020457187787   15.976829868019
 0.515260128604  -16.279972415286
 7.140922606067  -14.654532523514
 5.576520859895   15.381047169825
 12.252396717702  10.865793456877
 8.792735530609   14.026359520759
-15.421592058234 -6.023196272619 
-0.292726058608   16.557511000679
 7.342963856583   14.848297422004
 13.594799336321  9.476408214012 
 15.705830574059  5.444300151285 
-12.875624638059  10.729325498883
-7.375358284093   15.133999138587
 2.971913889500  -16.586745632969
-7.659629943102  -15.013490417020
-2.588976374701   16.655331129163
