 0.802935201543   0.200141591159 
-0.470051021182  -1.667259503576 
-1.688822162089   0.832110784491 
-0.804789526005   2.224318070120 
 2.403569055274   0.004831687990 
 1.350143390694   2.282809556759 
-2.244277804943  -1.562316900292 
 1.711160857767  -2.387976936965 
 0.373486623270  -3.262717285562 
 2.948860630799  -1.516433891888 
-1.540779308463  -3.047474068648 
-2.830682675355   2.317388943637 
 3.036907258639   2.118406051175 
-1.368140465983   3.682824224781 
-4.116006071061  -1.288386891394 
 2.555191840344   3.594033664877 
-4.598714340732   0.576827124129 
 1.591151415966  -4.398400218370 
-1.129970376306  -4.564443972986 
 0.516418321584   4.738661371911 
 3.549917435683  -3.221365725050 
-2.860969047030   3.896781597023 
 4.568382601540   1.618439867287 
 4.504200428964  -1.879036289273 
-2.654188232747  -4.138517002937 
 5.089006085593  -0.304349737489 
-4.546337825483   2.369632768897 
 4.172172869934   3.504749001043 
-1.687321086819   5.334365742370 
-4.257729713353  -3.818857987797 
-5.354223802304  -2.268908551654 
-4.365582352637   3.868278529193 
 0.528073629171  -5.877671670602 
 2.795353557771   5.215835420592 
-6.163550643489  -0.785821380172 
-6.159281320026   1.533758796451 
 2.386498308427  -5.928709336936 
-1.881415171647  -6.137251764838 
-0.072542981748   6.496508304455 
 5.383048659542  -3.687510564134 
 6.311094136786   2.080289064961 
 6.197342766731  -2.422122826241 
-3.734071770127   5.559167641405 
-3.505126078923  -5.916758730750 
 4.924994819272   4.829192224939 
 7.018858709051   0.647012607493 
-5.956385631312   3.835605052170 
 7.203134622193  -0.971815008430 
 6.200319270286   3.857481082532 
 1.420372626630  -7.186784763913 
 4.200047537406  -6.098368139504 
-5.743818944925  -4.676146546017 
 5.475327714296  -5.254530810450 
-5.309898221075   5.475761083847 
 3.183871641690   6.944761963852 
-6.920041832065  -3.540790681210 
-7.783957247978  -0.641845220434 
-1.868477186704   7.773982466148 
 7.576637484722  -3.015181464183 
-0.880960471522  -8.142276516861 
-3.460217743842  -7.447158975405 
 4.961451278722   6.552340719858 
 7.705566249394   2.933000668920 
-8.065415128623   1.716011745014 
-5.472033205390  -6.379403562834 
 0.302650170745   8.547159441814 
 6.668616785711   5.411262838239 
-7.834987542152   3.546725063540 
 8.527374195410   1.140609835495 
 1.842214554694   8.419773066621 
-5.003220018669   7.023164499657 
 8.779749997914  -1.413612272207 
 4.895312564774  -7.438967582576 
-3.919393701624   8.080014566973 
 0.684506351358  -9.026056822160 
 3.559418397605  -8.339231060662 
 7.890880488412  -4.491872221053 
-7.361131243582  -5.371203109579 
-7.315157361989   5.595093893368 
-8.941691123997  -2.357140816399 
 4.883909021256   8.054649912597 
 3.418789443088   8.801732636985 
 7.161232004084  -6.162435410730 
-1.383078502202   9.491008478141 
-9.576355893252   0.661482073176 
-9.312093324385   2.629561171866 
 6.296644568584   7.373776110009 
-5.551828572423  -8.144009454474 
 9.256201134327   3.429001988867 
 9.492894738783  -2.938455679970 
-9.048931612277  -4.116657689989 
-1.216530867281  -9.885399596239 
 9.903021776024   1.841026866898 
-2.916144759470  -9.726212497390 
 8.878762472080   4.945368964034 
 10.222243478885 -0.686967251104 
-7.497217508727  -7.057350941246 
-5.709568687696   8.670628543589 
 4.745569048667  -9.356507260539 
 3.191478350782  -10.071380589584
-9.798901461457   4.200602074763 
 8.865119129431  -5.979833829894 
 6.441441336148  -8.591485813992 
-7.312111537742   8.028512411391 
 3.270480886275   10.372129851687
 4.892965978593   9.799967935784 
-10.972366767132 -0.126945550119 
 7.884812479286  -7.672481860270 
-8.908046670862  -6.492433560283 
-7.059106219353  -8.552066080684 
-4.906355816927   9.960622674185 
 1.547924055757  -11.005587000664
 0.624328700412   11.109261841022
-10.931315651188 -2.144849202849 
 7.666838505092   8.122136173253 
-3.427931606281   10.666580608972
 8.887221192059   6.901228998220 
-5.510803349907  -9.814892603770 
 10.140283230986 -4.947550292571 
-0.214040994582  -11.337043173295
-1.059902218957   11.295466264408
-9.305602079761   6.579712033348 
 11.395223518005  0.714333905778 
 11.112596706498  3.743468740747 
 6.725513974362   9.822756598483 
-11.782505361506  2.022701192123 
-3.138356348387  -11.590037461576
 9.493875222074  -7.570849452054 
 12.035323485845 -1.650841432363 
 11.719427484891 -3.361524879856 
 6.389091522976  -10.431881338985
-11.644049478233 -3.801436892347 
 4.708884676141   11.323205733184
-8.235860717282   9.220139476999 
 5.104538411381  -11.310089009128
-4.743806895927   11.467627625815
 1.697233525401   12.318449305610
 10.701603905640  6.360190478141 
-12.473657176889  0.043997584462 
 3.750938997445  -11.966451232871
-11.099119527672 -5.878739597122 
-2.742203164709   12.278719630525
-4.752928359177  -11.655243480212
-12.501900506497 -1.490172529886 
-7.876345636025  -9.862079001109 
-6.474174579659   10.919706908724
-11.406585096439  5.606677190546 
 8.840045358297   9.189937802000 
 11.017372377952 -6.426574532776 
 12.462147302108  3.054236199716 
-10.010643380302 -8.151361001193 
-12.318095698161  3.920223415874 
 10.336369493408  7.873322157058 
 8.748671992249  -9.629569731996 
 12.040607232482 -5.048673007480 
 12.081904978734  5.101509829400 
-10.401622552315  8.026245147890 
 3.570258465522   12.780774239263
 0.108050575090   13.289272662939
 13.234486963088  1.620757396923 
 6.520230149163   11.667505848150
-6.892693639071  -11.486198033739
 7.813319923854  -10.936459020204
-0.577705546602  -13.465066816684
-3.912333787374  -12.913786209562
 1.044418923520  -13.558495697279
 13.602362499550 -1.211425352005 
 10.906410090077 -8.290099412946 
 13.436529921761 -2.879939454909 
-13.059328260394 -4.714551702696 
-13.912619178276  0.581126886327 
-9.073351678270   10.569491180365
-2.062468961336  -13.784750176386
-6.111892333725   12.569366143076
-11.951688866524  7.254344402360 
 5.824949359193  -12.724177041085
 11.994816259515  7.317886037884 
 14.049606521296  0.320075413192 
 8.719805861739   11.033287475337
-7.737810192098   11.761189484158
 5.187782104257   13.141924389452
 2.824053640949  -13.846100781204
 13.648568896326  4.369991813561 
-14.112191848699  2.509348444773 
-14.244912058881 -2.329819364750 
-10.526597264864  9.878046793517 
 12.421584905637 -7.376568477590 
 10.643608155895 -9.850085132373 
 10.097374033035  10.418995462770
-1.814727553220   14.408336519260
 9.370774010610  -11.175852386995
-13.362984537397  5.951647363853 
 7.932835893346   12.357190636362
-4.250950917449   14.056705352907
-14.683486463536 -0.712201347807 
-14.020015316848  4.429333383690 
-10.765996495000 -10.066028612329
-12.552141403075 -7.734051315613 
-9.552313909289  -11.266663343141
 3.430465009577   14.419613249068
 14.518240955300  3.033236910224 
-0.409283725401   14.981386594007
-5.210329421171  -14.078918125799
 0.514048150790  -15.129177717895
 1.405261767204   15.076310610373
 13.480889390206  7.018132838937 
-12.203518746020  9.065636500778 
 8.569421102288  -12.595924994085
 4.112281606746  -14.684511047029
 14.730600311111 -4.236615528602 
 2.132688374331  -15.183866614303
-12.296349922544 -9.236160661189 
 15.288933992661 -1.935687972466 
 12.444667158750  9.126140643542 
 14.260343748046 -5.904418272881 
-6.828930157559   13.948683056173
-8.665680779344  -12.949795551533
-9.487372151245   12.389163109752
-3.062767800235   15.366155530141
 14.541601759669  5.847167557570 
-15.648563296623  1.197859622354 
 15.689243093913  0.910355079136 
-1.746153225597  -15.620394775336
-13.674153510126  7.883862447666 
-3.495496878801  -15.410722404937
 12.583474813377 -9.620879119885 
 6.402430651638  -14.535057627492
-11.244618114144  11.229312876426
-8.346309504217   13.584186196957
 6.473862300624   14.576988194969
 2.784110420178   15.776204459203
-15.150804699101 -5.212936836855 
-15.816218452765 -2.743686822443 
-7.436720762619  -14.284052489394
-15.567293962802  4.128102774853 
 16.015929597868  2.717284945574 
-14.814678242800 -6.820182573792 
 8.978820099053   13.664858113137
 10.607215270676 -12.449798273101
-10.203427387325 -12.788934456978
 4.670216781421   15.743600748933
 8.217596735673  -14.232935322643
 14.582349318402 -7.609527533569 
 3.383578038206  -16.099760102247
-5.404574786892  -15.575293139741
-16.469283847584 -0.963348253879 
-13.882214193421 -8.934368727928 
-1.020214728909   16.501488052843
 14.020662422592  8.798629481484 
 16.315282168885 -3.207693969616 
 10.598891994916  12.826316388832
-6.160372662288   15.465357732291
 0.903939791099  -16.630889653001
-16.449172703943  2.664011281230 
-12.069637179533 -11.492517749782
 4.909988479640  -15.970916604521
