 0.891873453710  -0.833235735576 
-0.795819007513   1.234656614271 
-0.797063970840  -1.622489947202 
 0.579178614983   1.909841455756 
-1.977858373542  -0.461751109764 
 1.965268895415   0.884974627655 
 2.455598153212  -0.857768876720 
 0.799027096910  -2.927799429361 
-2.409753423226   1.857400606150 
 1.295006542857   3.238714535067 
-3.510002431393  -0.414400212495 
 2.496613376661  -2.627508135537 
 3.801162956028   0.252776274588 
-3.282451927015  -2.170041289204 
-1.591362531348   3.603762937519 
 3.235260284813   2.366777931761 
-0.317699376745  -4.295857589565 
-0.014669545032   4.458262700075 
-4.630803193038   1.264649357212 
-2.208300665856  -4.302047346339 
 4.345972822493  -2.259068947401 
 4.649678751157   1.705746646067 
 2.742532828564  -4.562528849190 
-4.467326356264   2.988878393411 
 1.465220576587   5.187792459545 
 3.347049681244   4.256673337455 
-5.251912977816  -1.491242198274 
-3.907644236929  -4.125515696650 
-2.944454831169   5.082646836116 
-5.104355812266  -3.152179426404 
 5.922006168069  -1.500128329681 
 1.687951094800  -5.922233888859 
 4.589577425182  -4.197871023646 
-4.403725080007   4.542351283775 
-1.568700755931   6.349340705787 
-6.565645189516  -0.357423548295 
-3.483019825701  -5.629349871746 
 0.889300434293   6.586437509320 
 6.698248125042   0.310056615144 
 5.194236044535   4.295122817635 
-2.168546139259  -6.592493420952 
 2.635973573476   6.425965167286 
 6.378943423855  -2.976089367005 
-0.701940955239  -7.033715393631 
-6.672289798148   2.841960581820 
 0.914829987899  -7.281127566520 
-3.127351361370   6.747853105461 
 6.800085175567   3.177742562517 
-6.454514856641  -3.837634715543 
-0.333166902162   7.550342732603 
-7.464946307361   1.209833931124 
 7.528110180185  -1.628296578887 
 4.102064520000  -6.560971310284 
-7.448533313350  -2.475146485356 
 7.667611063288   1.770470425988 
 5.049364151927   6.072979594274 
-5.485886805217   5.740126907500 
-6.736356869469   4.442110029850 
-5.397026894017  -5.999528536967 
 5.821690990991  -5.692591074042 
-4.181848817627  -7.009467218843 
 1.997737326952   8.058821370654 
 3.064085227562  -7.766712189688 
-8.420256179223  -0.268576006019 
-2.299089193043   8.197729994394 
-4.542579265773   7.486082169068 
-0.476746800688  -8.854387403726 
 0.416653686533   8.900594197939 
-7.102121744121  -5.420140133325 
-8.168079924295   3.773816372606 
 9.030804634416  -0.661225850297 
 3.504000190041   8.397722064674 
-2.456118044613  -8.815781780889 
 7.949440950120  -4.559482673156 
-8.960170816545  -1.982626789881 
-9.053854908590   1.630405779486 
-7.005305375092   5.973686947621 
 9.005718754149  -2.519530122761 
 5.224538369452   7.893562871667 
 7.810623078345   5.471397826077 
-6.594422629712  -6.952848877031 
-8.475594735673  -4.555475307127 
-4.345235025146  -8.612914596094 
 9.473128287461   2.054193283074 
-0.965087914963   9.820309223441 
 1.796533599139   9.784721218123 
 2.238554832640  -9.729802980918 
 6.134846229339  -8.061366738598 
-3.884583695644   9.390943919098 
 4.696047875942  -9.034087580836 
-9.694002536676   3.231000092483 
 7.721212154205  -6.834040266645 
-10.410800874935  0.804802749957 
 10.445416756362  0.634949274367 
-9.777318205640  -3.733225866884 
 7.769683068513   7.067570419503 
 0.862873778479  -10.482901561395
 9.281531400233   4.957682879004 
 10.428512840748 -1.490804083257 
-6.212334255307   8.524654764530 
-10.538534911423 -0.752775640877 
-8.502130133914   6.307632181448 
 10.255037006840 -3.469163113510 
 6.828024550000   8.506683318387 
-4.001237411580  -10.277127991757
 3.824252169281   10.359163515000
-10.792136194831 -2.438555999492 
-5.492564557406  -9.633677374938 
 10.538517448043  3.473561893732 
-8.174876590348  -7.541243621202 
-8.060979835258   7.766739014858 
-11.004387603764  2.287317897829 
 3.988375929004  -10.515953362552
-5.290555323503   9.950496146034 
-3.040833721615   10.953777644739
 5.928864021243   9.757467891843 
-10.382756131721  4.814860634355 
 9.430495753849  -6.548715181375 
-9.985234211318  -5.844984430877 
-0.662760773400  -11.559743268139
-0.837062873542   11.626302483216
-2.632650489762  -11.360953872395
 10.401315326382 -5.347422174976 
 11.705968425838 -0.565758411273 
 0.798522089796   11.694311653352
 7.009464708614  -9.427000377289 
-7.137244854579  -9.614954680470 
 2.350300059740   11.748070129671
 8.864138542594  -8.104855979606 
 11.800486300487  2.320008764192 
 9.763771106675   7.184504855718 
-12.251789301333 -1.090116061013 
 2.592350726961  -12.029689971570
 11.246418292696  5.095189958238 
 11.963504152338 -3.487128000561 
 12.474405828127  0.967729655145 
-12.242884089786 -3.015050026338 
 12.464769267417 -1.918561696325 
-10.664670540249  6.776711437339 
-4.884528575405   11.712720556637
-7.644472399891   10.176566351698
-12.492872111318  2.533654546703 
-9.394039578918  -8.650134728781 
-1.859242994579  -12.647062610274
 5.428469818904  -11.580027016868
-5.616766154148  -11.496112157085
-12.069029314659  4.456815060936 
-12.842629597566  1.049875192628 
-12.001031569828 -4.768388201424 
 8.389649183634   9.822452035081 
-3.901026059686  -12.445196926767
 5.180988103521   11.986977754542
-0.221411219525   13.059847152472
 6.699857959014   11.251645627728
-9.604257101688   8.965655966103 
 12.003195044792 -5.369723100974 
 9.761416149899   8.908734813865 
-3.634740032792   12.718770518444
-1.780616997484   13.185149283293
-10.891584594018 -7.692118373788 
 13.357766379237 -0.335393550756 
 10.687933159019 -8.021727679204 
 7.794211829109  -10.898407696774
 0.006969375222  -13.416349448097
 12.810985808216  4.097102840841 
 3.871469235727   13.007790530611
-8.248944068801  -10.790809859443
 11.897009176785  6.843932523947 
-12.249200441450 -6.353309933760 
 9.966820356123  -9.702292531526 
 2.540104643524   13.833144733176
-9.781851446639  -10.165851125374
-13.983923574474  2.085955332946 
 4.447135285640  -13.504276431998
 1.940364523832  -14.084757013458
-11.188961912538  8.790561675159 
-13.922829630127 -3.406190658959 
-2.260702960889  -14.203158445079
 0.735244459750   14.413248390839
 11.713390582389  8.446195837490 
 14.197775344816 -2.793001663439 
-3.799869786477  -13.963311999791
-6.938439778884   12.711457508854
-12.872711656745  6.634924162886 
-5.376383327994   13.465452133171
-7.624509335836  -12.358870482968
-13.564203154146  5.239424929159 
-14.540088027588  0.553238930787 
-11.288006495772 -9.330020235901 
-3.519908753276   14.228986835240
 9.529222824551  -11.154487899017
-9.461632438857   11.234132026739
-13.738675206986 -5.223241382437 
-12.356140223040 -8.091751089840 
-0.881661869813   14.743704648323
 12.995344647941 -7.028248683987 
 5.381468722380   13.800842694972
 14.582582900146  2.630969996129 
-5.633917070207  -13.737823778913
 13.958807682099 -5.091082043335 
 14.836955965341 -1.297919936462 
 0.686162533986  -14.929956336653
 12.259762317644 -8.830051393795 
-14.637781484380  3.840625063115 
-8.531360515600   12.515291338260
-15.177299268493 -0.893658242258 
 7.431622294672  -13.280818990030
 13.335261084190  7.340035301173 
-9.717768503828  -11.746461069293
 15.219556503425  1.125410642464 
 10.239277757902  11.333496447472
 5.937262607128  -14.076692091633
 9.172313609842   12.403717968679
-2.407575899846   15.322344080550
-1.191104868505  -15.588096997289
-15.522295443624 -2.671321820353 
 7.824201175496   13.711340519385
-11.397557637477 -10.974006530938
 15.280514341333  4.190301496301 
-12.562532765304  9.678148398615 
 14.669050969440  6.135337704449 
 0.096172616350   15.913182556332
-6.813816460878   14.402460456213
-15.906960528667  1.304517639664 
-7.801540112513  -13.936838283621
-2.747762053338  -15.767411124187
-11.537495741302  11.097399744594
 9.404199454112  -12.958654166559
-13.904914804723 -7.954358228944 
 11.653825991911 -11.026445530917
 14.638674599695 -6.581493194695 
 11.935716365987  10.791736048992
-13.017655391764 -9.467947943578 
-13.911379904021  8.099838428230 
 3.555976764388   15.808199590264
 13.190200494728  9.509833139207 
-4.573670622601   15.610404335094
-15.110179266179  6.157185716008 
 16.309595673968 -0.589904568834 
 3.354424376448  -16.002444679113
-15.536170382728 -5.346236571771 
 5.251496558094   15.581997583039
 0.287269243125  -16.448905485092
 13.812999538374 -8.977332480216 
 15.979934979357 -4.235718790704 
-8.683866239669   14.149635602000
-10.145932057383  13.147233408804
-4.639307363942  -15.948421985024
-6.600871145625  -15.335091623385
-16.679048548358 -0.759528535344 
 2.105208082139   16.635590325217
-11.038244755376 -12.646987668207
-16.354766855347  3.904694458858 
 5.442699476408  -15.935695283781
-1.802913911760   16.749815925731
 7.313223327466   15.188491412107
