-0.515073533918  -0.736256092890 
-0.730607526034   0.924043786992 
 1.916102021762   0.172929418644 
-2.098772573152  -0.469075214324 
 1.430906977261  -1.661663256035 
 1.072667071433   2.468754475398 
-0.958173028464  -2.879954460396 
-2.245770040067  -2.088550031438 
-2.343117756937   2.161221907865 
 3.037892298316  -1.096779510883 
 3.075413222056   1.366331487407 
-3.391149054575   0.962338276501 
 1.607249151281  -3.483612070534 
 0.183700835741   3.869161529343 
-4.327271868884  -0.385184806829 
 0.370292006013  -4.333498715816 
-1.763568908355   4.093082706184 
-3.713707241430  -2.468962601050 
 3.955217364941  -2.315159472615 
-2.182988991360  -4.188290434094 
 3.947465686165   2.598780020087 
 4.902628077898  -0.144587895943 
 2.685094406066   4.170246890464 
-4.472335580430   2.428261247491 
 1.312823248541   4.922781470242 
 3.475266912520  -3.920169645474 
 2.110305840638  -5.039391427274 
-3.309681261341   4.374191289410 
-5.847733591959  -0.801787062267 
-1.347579466742   5.832131196077 
-3.506067564568  -4.922673777371 
 5.521167392999  -2.565365449199 
 0.209251533521  -6.200171567665 
 5.998384802909   1.786796627131 
-6.001063944169   1.804198835960 
-5.535117369993  -3.025082852227 
-4.826437068143   4.063802317188 
 4.863371098928   4.572277684224 
-1.418800049069  -6.628376466907 
 6.803022181246  -0.354093855711 
 0.843200626043   6.859982530043 
-3.873115294733   5.818833368016 
 2.235885211186  -6.644682151729 
 3.359495868714   6.271107556002 
 4.900674116031  -5.433403706943 
-7.317542312416   0.467451571008 
 7.010669611589  -2.349897197761 
-1.328212681868   7.342523881228 
 6.888043276888   3.029252749277 
 6.223899339291  -4.269940579254 
-5.426536367732  -5.309410029288 
-6.864594368210   3.249575742227 
 3.888533493484  -6.626765462709 
 7.535998067257   1.560358132416 
-6.227586854309   4.650593451851 
 4.982195827188   6.099822416730 
 0.575646908277  -7.986046575255 
 2.237683606815   7.709767069034 
-7.566477930300  -2.761911347838 
-4.080302881980  -7.025868620526 
 0.091013474237   8.189054669858 
-5.602996614477   6.110689914870 
 6.814406125761   4.813158469526 
-0.919268860768  -8.303094279829 
-6.978690042569  -4.781508121532 
 8.709646199269   0.146824448963 
-4.326702411091   7.647874144785 
-2.516350577881  -8.509899492323 
-8.403335761478   2.946006789862 
-8.839460681348  -1.127054718753 
 2.476304250832  -8.811178606677 
 5.981168233682  -7.001836845210 
-2.732480208843   8.823390234529 
 4.860931674484   7.856296884165 
 8.590925449068  -3.579005424710 
-7.946391251885   5.011880756432 
-6.304561125762  -6.991823581326 
 7.632140721184  -5.545827336629 
 9.372662568343   1.518035147042 
 9.429778373378  -1.316150795888 
 3.682889970335   8.874668370239 
-9.462445670390   1.789817804853 
 2.104208232851   9.443720456300 
 9.040201306505   3.690177814388 
-4.200353322667  -8.819170270317 
-6.999497528743   6.822923084817 
-9.189931236754  -3.483459978590 
-1.132398513192  -9.801240295964 
-9.871912027257  -0.026487050977 
 0.359954148165  -9.962241041588 
 6.579590359857   7.532876392663 
 8.043239790166   6.248966807070 
-5.761554928707  -8.406904551593 
-0.320295773905   10.278678111572
-9.014695652097  -4.996017158390 
 7.514070956534  -7.129436779739 
 10.372126167951  0.341532729048 
-8.206222477290  -6.448819412764 
-2.991362176064  -10.028991142059
-5.222260002974   9.153267053995 
 10.244223552216 -2.836911223782 
 4.969470757294  -9.460027003908 
-9.979318185663   3.857324332095 
 9.270937050629   5.345362323979 
 9.369152426630  -5.222577325110 
-2.832356453871   10.417453015367
-10.556057585648 -2.406041728122 
 3.533101571448  -10.248268469806
-9.503784549027   5.301245592863 
-6.792573620641   8.537789769941 
 1.273601141650   11.075180465164
-10.870598926377  2.618575947827 
-1.989541171378  -11.179688563079
-5.282063272004  -10.054145573520
 5.459080081712   9.976803853533 
 11.351332580889 -1.392401879790 
 11.034561206220  3.384338811284 
-10.539932286983 -4.827949744570 
 2.033034245055  -11.429608456319
 9.568755462553  -6.738126319951 
-9.161240864816   7.324929093797 
-7.545643813112  -8.991386290540 
 4.242022215301   11.001598659484
 7.427210578183   9.202723375936 
-11.817158312700 -0.807718614897 
 6.998002129085  -9.568980617930 
 2.702972072511   11.550969712463
-1.922372469297   11.747133052218
 9.062622640829   7.849557305587 
 10.979830271952  4.925611349264 
-4.013890279285  -11.395793987714
 11.220222892921 -4.485456808753 
-10.305016585923 -6.325578597514 
 8.945408443795  -8.192459313551 
-5.140224318994   11.021158949622
 0.610191460559  -12.152449083613
 5.847364555957  -10.678615116672
-12.139105422830  1.088418336200 
-9.504319545242  -7.673369454958 
 0.034519570464   12.361929139087
 12.329179843558  1.461949484478 
-11.171658774542  5.425038198771 
-8.047374773569   9.619018120401 
-7.038317914692  -10.450747680999
 12.594009652517 -0.409016520528 
 10.739245487071  6.684003440296 
 11.153752009835 -6.005829495594 
 1.620529705174   12.590115620846
-9.090024593356  -9.186594715156 
-4.167914878809   12.245878878053
 3.827350832568  -12.386103306408
 12.826810479991 -2.282991532609 
 6.600615433835   11.309625638584
-1.540607973230  -13.136734153347
-12.973427871760  2.653254740637 
 9.337135753898   9.438995262527 
 8.195823508086   10.536265301504
-7.194376286503   11.363030094115
-13.465193320950 -0.390895424970 
-13.121156180131 -3.065828429680 
 3.227944205252   13.089328044408
 12.867468706966 -4.202428676913 
 12.453353118682  5.317980429744 
 13.210483740155  3.016500483094 
-3.456712768666  -13.114990194786
 0.146282489141  -13.644123715396
 1.905010732031  -13.517372937825
-3.015837492259   13.383073586523
-12.868366130183  4.811468527417 
 5.529809611499  -12.650962702559
 7.501440535140  -11.612174421171
-8.538851183870  -11.001028218990
 11.333368071516 -8.096057076359 
-7.069458141569  -12.016971737499
-0.836871903442   13.967936508349
-12.087511639410 -7.070737757029 
-11.791100789512  7.657944284738 
-5.627157945097  -12.886376351540
 9.135570801977  -10.729910381375
 5.027328667642   13.181067915069
-6.261917457472   12.646684853314
-10.570902233362  9.416615403943 
 12.959530136105 -5.744923312982 
 14.184580293640  0.811602434638 
 1.339150296798   14.198568873428
 10.566463081288 -9.583476067756 
 14.259812201546 -0.750300943009 
-13.105645241449 -5.821948801823 
-14.209422336023 -1.990811772747 
 12.404697556781  7.258996854515 
-10.505907874112 -10.018665702568
-4.920360185974   13.790214071038
 11.789924743476  8.732167792239 
-11.955458843036 -8.627526719173 
-13.357208439418  6.416200517398 
 6.974142027481  -13.119419906893
-10.077538524006  10.925898756045
-14.691854520280  2.844728420865 
-15.023835186058  0.367225033692 
-1.636648040150  -14.946781967560
 9.641375404672   11.578925020908
-7.913627426857   12.827170976175
 3.630998432861  -14.731941495923
 11.152690543073  10.310550703726
 6.880397606154   13.544645209011
-3.530175231259  -14.877244465389
 15.216813769204  2.047023310252 
 5.477912274756  -14.359769434286
 2.906443217723   15.106245498305
 15.198741437420 -2.451000702018 
-10.070472411450 -11.654750100897
-5.550887533010  -14.394169894385
-12.105411571086  9.671361316874 
 8.388827134267   13.030923579083
 14.674354249993  5.072464485183 
-0.147049794128   15.528589560254
-15.182636078801 -3.554793607781 
-8.596353466780  -13.019668665288
 0.153488110185  -15.635759906950
 9.617130517603  -12.349660700495
 4.598100261727   14.971064783935
 15.183139178227 -3.985329533219 
 14.309166918369 -6.597958671668 
 13.980076444096  7.343094621008 
-7.165040415194  -14.116085121439
-9.613489014093   12.630070818649
-14.994361299532 -5.245658083735 
-4.362363207788   15.296433160675
 12.458714953727 -9.938157480444 
-7.349455241006   14.241088415905
-2.829912747567   15.790673020151
 13.510701899605 -8.735566549126 
 16.097224813956 -0.209017798020 
-13.413988367898  8.912727609667 
 13.469255822757  8.883565489926 
-14.232050397608  7.635605338694 
 1.936307114246  -16.064640153589
-15.347772145618  5.438773906124 
 15.913729711509  3.569409040639 
-13.968949902594 -8.439728678029 
-16.176957365303  2.313103412840 
-13.119485223301 -9.745279240021 
 15.419405228327 -5.512676199323 
 1.467486862894   16.334227884335
 6.189001257409   15.231610536585
 10.846561815933  12.521952025058
 4.767589272655  -15.872384468698
 11.832203393272 -11.625489647584
 16.555107774066  1.255243954982 
-16.438717455904 -2.378123687080 
-5.855324389998   15.546741839232
-16.609261924404 -0.743957621029 
-1.259158235523   16.597777406000
 12.672668522824  10.797430695002
 16.606392334608 -1.670752970692 
-11.538449815412 -12.088077996928
