-0.145846935491   0.110496660363 
-1.423936235513   1.284221768005 
-1.887854264105  -0.380073923704 
-0.040632702330   2.219466426488 
 2.305732655251  -0.041889207545 
 1.755563638299   1.551545290414 
 1.266126036040  -2.114916426347 
-1.247093300044  -2.516931172829 
-3.102292744584   0.782675268234 
-2.754175756472  -1.865991784209 
 2.775600961199  -1.877269327753 
-1.554459877303   3.417945302478 
-0.068920425340   3.793936520752 
 2.287524903652   3.060040677831 
 0.794238340215  -4.318291417048 
-1.772057575851  -4.159189283941 
 4.323194292625   1.737554982617 
 4.375187434755  -1.733973016466 
 3.501784350936  -3.234606598505 
 4.828813370429  -0.255897049311 
-4.867098812248   0.345107868652 
-3.464173757624   3.450662012261 
-4.645019042563  -1.535377088380 
 2.373479195506  -4.313795991823 
-4.480732943306   2.111068353150 
 3.807015694511   3.248833050632 
-1.607100602439   4.976149700977 
 1.552840178933   5.024337926260 
-3.955471607926  -3.650945835799 
-0.186474465199   5.551008862194 
-1.664100749487  -5.675051989585 
-3.118303570461   5.268767232449 
 5.899947702960  -2.080793159211 
-6.068653437174  -2.008417524679 
-5.312821526996   3.744628937158 
 6.511062175147   0.589594927681 
 2.673461389888  -5.967572657408 
 4.015500964860   5.331981388969 
 6.391679160022   2.276765785798 
-6.619128895840   1.598543389966 
 5.375005126013   4.205756602346 
 0.970031728440  -6.818209408140 
-3.921572205271  -5.747180274328 
 4.385976069633  -5.493617511436 
 5.990500649098  -3.882206499331 
-7.276903838491   0.052411242153 
-4.620745830967   5.658273363882 
 0.901276820052   7.292873985231 
 2.445138313000   7.014177618378 
-0.660482194544   7.463917945432 
-3.137256049700   6.835450500988 
-1.894474751030  -7.293514808470 
-6.195362150318  -4.340606807183 
 7.644227843919  -0.792761727652 
-7.079434185537   3.189331688049 
 7.606389482616  -2.357717069695 
-6.557366015553   4.664002962715 
-7.628860034401  -3.118025658574 
 6.255210367824   5.474492926630 
 4.362817249900  -7.170532205199 
-4.148329471667  -7.374150770527 
 7.651422228703   3.649107278332 
-0.785208642907  -8.467533223757 
 5.126825932784   6.834625358394 
 6.048895600021  -6.114934834394 
 2.684242267126  -8.178142202790 
-8.370196037899   2.086015202982 
 7.741506496133  -3.967773551100 
 8.443254177429   2.263479788950 
-2.489746098480   8.418612064158 
-8.998443814147  -0.573059444816 
-5.702558715840  -7.024002577263 
 9.037337404739   0.440064833351 
-6.348976402112   6.629269904602 
-7.693667032639  -5.168783409329 
-5.221387731858   7.901755201621 
 9.563609568316  -1.388890524373 
-1.917995090335  -9.512671915631 
-8.810317474007  -4.080423283089 
 4.718208968850   8.505068266332 
 3.338091311316   9.155646905499 
 1.653457319839   9.613893427040 
 1.365358715847  -9.721459969798 
 8.173595500099  -5.502261642298 
-0.295171940165   9.925129505095 
-7.312290495976  -6.841293617623 
-8.949820427617   4.617488635487 
 6.633115728668  -7.618718663792 
-9.747039607496  -2.863148832174 
 5.099472529007  -8.790010783249 
-4.209602431540   9.291605046113 
-2.428627655765   9.929156541388 
-4.004769845640  -9.491895866998 
 9.700878615189  -3.522366189517 
 7.946883416789   6.665400062825 
-0.259808848456  -10.379871143986
 3.489976210430  -9.795361727380 
-8.262290864945   6.596589704716 
-10.387003661905  2.111734847290 
 10.598624014212 -0.231515234374 
-6.700408024369  -8.466368247105 
-10.798800623587  0.102843435855 
 9.194295938383   5.787739074375 
 7.104512454075   8.299207841826 
 10.097701816862  4.457371201838 
-10.983639670317 -1.603120508022 
 3.024373578720   10.717468527917
 0.714231562720   11.189158259420
 11.055128372356  2.006602906573 
-9.310228425044  -6.306530224751 
 10.952565705805 -2.558376141444 
 9.897455788643  -5.482310515743 
 4.901384888302   10.228698804139
 6.673250804533  -9.208758321058 
 2.408306733640  -11.150796973620
-1.637087761568   11.293881262143
-2.488184748122  -11.329133087932
-8.534381506243  -7.862181901094 
-10.956213242409  3.945565971827 
-10.437470422873 -5.193026775932 
 4.842285594616  -10.622109035325
-5.970156787537  -10.033110364303
 9.140594038530  -7.314665300111 
-10.052941615714  6.054314836572 
-5.511166337238   10.404372482018
 0.757119843076  -11.796877380007
 11.760543778194 -1.292658953169 
-7.216805312015   9.417590875920 
-11.341173234747 -3.577746865200 
-11.955658055024  1.080076514320 
 9.458195534005   7.607290757202 
 1.986388629635   12.014145145235
 11.681641572485  3.532161767100 
-3.876654116075   11.582972459433
 11.502254361118 -4.294830313246 
-4.786345985184  -11.370673736134
-0.377357058436   12.374334963506
 3.828407682419  -11.925944360686
-9.445728286818   8.279962501008 
 12.573848661535  0.195112218040 
-7.838869559169  -9.853742860249 
 3.937589139988   12.001064101910
 6.407223670955   10.929019711729
-12.400234924989  2.649316452622 
-10.750559866079 -6.740463054695 
-0.537369428265  -12.758382066793
-12.727127210005 -1.849209837878 
 9.306178772303  -8.886490227021 
 7.751470537720  -10.305301273683
 2.421859846334  -12.734651126406
 12.678992075628 -2.940769339942 
 11.625280711689  5.946106235501 
 10.630716663130 -7.585868869371 
 8.053828572194   10.387723327565
 11.536115459542 -6.339717276324 
-11.518968476646  6.465057922687 
-13.265193089612  0.268621573744 
 1.009337170996  -13.281287404195
-12.559445237519  4.448032590255 
 11.051131618852  7.523190793550 
-6.416359519284   11.896217530567
 6.865046392912  -11.693358678772
 12.888409194887  4.423579725250 
-8.932998308286   10.307500751079
-2.897024662112  -13.329710747864
 13.603255206954 -1.453749141760 
 13.525473335055  2.260399696614 
 12.749913341603 -5.146308491970 
-9.403427546282  -10.031832128738
 2.486936506578   13.560454528441
-4.428950007329  -13.123019689534
-6.961393700144  -11.980527153176
-11.007194570314  8.549635036462 
-12.593186730996 -6.009680238240 
-2.142587853870   13.880620868076
 4.371041985650  -13.349888156281
-13.382475519753 -4.352667755385 
-11.066440441129 -8.705673473500 
-3.937378319148   13.541135314090
 9.907296344906   10.087835414861
-13.949862666587  2.349037876815 
-14.300408211678 -1.197032122711 
-14.141155063533 -2.712329635329 
 5.042113414152   13.490172802379
 14.542850182509 -0.197830947740 
-14.007599816674  3.998447544965 
-13.117066942746  6.397823388019 
-10.502479738438  10.178025250428
-0.768645159682   14.627505543016
-12.339534093050 -7.908579723846 
 2.122017590532  -14.584360707619
 1.262887519031   14.720959959743
 9.613130799062  -11.252608694833
 14.425650950278 -3.394511138841 
-12.453610502934  8.106931044795 
-0.268470303967  -14.865035393995
 14.812484274508  1.337300426566 
 12.254748800652  8.447167557514 
 13.092250693652  7.099968929076 
-14.929740489642  0.233797164441 
 12.826806726968 -7.727973147443 
-8.361589233090   12.442805881704
 11.646068723462 -9.452686245550 
 6.513176909996  -13.515907352479
 14.752201125787  3.646407026736 
 7.341004354864   13.309550776228
-9.395510031625  -11.952441032352
 8.116477089484  -12.893859146931
-3.245367144189   14.987661123323
-11.612589528780 -10.378602606503
-8.275304317934  -13.205506176721
-6.592623480341   14.143003307196
 10.234572500092  11.807417120911
-15.307951445927  3.223011608305 
 8.814471493188   12.945175313864
-4.737666527879  -14.929476818141
-12.267220457607  9.757204674512 
-5.182447324234   14.805269634740
 3.378494225934   15.340443459885
-14.340220901925 -6.510597089369 
 3.466770322965  -15.373780880789
-6.507317678383  -14.358968728155
 15.696847445902 -1.928887618561 
-1.911741953655  -15.809793812424
 14.637492489343  6.449187858938 
 11.502036987287 -11.124988051065
-14.715686005371  6.384696968041 
-9.846341380806   12.698992744215
-15.490662300087 -4.276942179505 
-15.878300996028 -2.527348561286 
-15.374448136717  4.873201744075 
 5.375039419895  -15.208703299348
 15.299153315409 -5.184656849097 
-16.083526524873  1.784730248593 
 15.410664457913  5.032216714535 
-13.990571263402  8.349025405359 
 1.018318198411   16.273615910876
 14.781330092668 -6.954478704941 
-13.819927383209 -8.879731666460 
 16.074342267806 -3.474477398631 
 12.859193452763  10.304969196070
-12.142304446491  11.292253514218
-1.094630566448   16.584878955249
 2.145399655776  -16.490194783833
-9.918792527947  -13.402056616481
-16.696523824706 -0.991892037793 
 7.030876839241  -15.209544662953
 16.737256788689  0.920081114313 
 5.511291927968   15.833465452446
 11.751348958554  11.966365168600
 16.567242816896  2.684048250733 
 10.755381399847 -12.922857735258
 7.429077231812   15.102887189769
-3.792152840549  -16.506460474160
-7.865082872955   15.044653239731
-11.524338433059 -12.473379159018
