-0.441282382189   0.358017159696 
-0.265172787255  -1.233196709303 
 1.405113368700   0.933933292427 
-1.817633863099  -1.537208862450 
 1.074391781635  -2.138557068543 
-0.720234810093   2.287816535881 
-2.632444134147   0.551646223853 
-0.516084444339  -2.723158575610 
 2.813878103009  -0.911495550951 
 3.376583678569   0.588930787830 
 2.022754293527   3.160591952609 
-3.347900608815  -1.800078007570 
 0.979863375525  -3.729798199573 
 3.262264267488   2.185348159844 
-3.977962716284  -0.395979088965 
-2.281921947207  -3.402147457025 
-0.091865095523   4.227732702932 
-4.200809561532   1.336370276433 
 2.576086670659  -3.623116296473 
-2.653836384846   3.588417107538 
-0.733159230800  -4.468096933988 
 4.642553206467  -0.485017061419 
 3.896891408459  -2.602914546636 
 2.239661169224   4.661370919890 
-4.189087291691   3.253265161661 
 0.706705577677  -5.316614838760 
 3.884208131103   3.942850459724 
-4.981139772185  -2.519134406480 
-5.534217217196  -0.766517735595 
 5.213539805172   2.236685015320 
-3.615926753870  -4.475522752573 
 0.963737094561   5.815939962186 
-2.180601458555   5.512543207680 
 4.068152309217  -4.322729810639 
-2.091008297755  -5.631928214112 
-5.516109968707   2.533831805447 
-6.278489670806   0.790296689963 
 6.108910045656  -1.917278337603 
 6.500204819206   0.409156370134 
-3.793838770169   5.327924881862 
-0.440712340595   6.660554268035 
 2.365178601393  -6.383170336348 
-5.148594420299   4.490800858614 
 0.210686874614  -6.855362611721 
 4.958730332380   5.028217561198 
-6.720892270219  -2.591770298586 
 4.236249303351  -5.986035009973 
-5.649486740751  -4.751615010722 
 6.130777189489  -4.169450923542 
 4.083720286864   6.270752654749 
-3.500854701753  -6.690946041116 
 7.262371355756   2.403780249370 
 2.601215104455   7.224592607951 
-7.494892793776   1.700416865059 
-1.790830284850  -7.483765497807 
-7.102707686185   3.220480689118 
 7.819910366715  -0.689262438473 
-2.305995939041   7.613217740879 
 7.992500006601   1.038428905899 
 6.708154049127   4.523649240097 
-8.039873737346  -1.286107537621 
-0.127398711848   8.202343835329 
-4.020162041592   7.167088655547 
 0.494648107584  -8.339350392104 
-6.568140540830   5.388039836628 
-5.073134795498  -6.846722504607 
 2.917077034304  -8.137797833837 
 6.518914951832  -5.754521989293 
-5.508570084504   6.732766331583 
-7.915419941737  -3.627501800963 
 7.676929765635  -4.260255989352 
-3.332495595356  -8.287204983697 
 8.706214265689  -2.163812366220 
 6.377245235926   6.347429265468 
-9.024869392331   0.881021952262 
 5.698604601572  -7.125110952741 
 2.052760334513   8.964395582299 
 9.295911256838  -0.153548254956 
 5.039441421473   7.816387982770 
 9.076020387950   2.420307219901 
-2.338515174511   9.134154049632 
-8.309014419624   4.494334270468 
-7.169808070076  -6.366884214946 
 1.597702684242  -9.488446088449 
 8.392706701930   5.049106376232 
-9.646188274504   2.494277388139 
 0.221632043385   10.056363504444
-7.299494482851   6.975262633537 
 3.897362555551   9.317348798111 
 8.257932617019  -5.827152191923 
-9.924811701270  -2.038472119144 
-10.135063641413 -0.205817181740 
 9.354867490416  -3.998503689583 
-9.403663301686  -4.017376209848 
-8.639764549991  -5.478561303399 
-6.354033699046  -8.019863470584 
-2.545077503542  -9.938263817140 
 10.248591155840  1.066176809151 
 3.641256171057  -9.684455115859 
-0.721448253194  -10.329313287876
-5.498797256796   8.799727237689 
 7.169769687086  -7.514483133279 
 5.073335523963  -9.188753073310 
 10.393208140551 -2.750188768307 
 10.744519551510 -1.073199838091 
-5.434209395262  -9.368719501488 
 8.239724042090   7.075293378984 
 5.877204696148   9.349920148624 
-8.789545932095   6.697386767993 
-11.012196860472  1.213923708068 
 2.171493347743   10.871618114728
-4.453979105845   10.244577436536
 10.884459474516  2.983147148272 
 10.283825833585  4.867818330472 
-2.969529280153   11.021988286140
-10.637008331157  4.333691570687 
-6.953289721996   9.274032915328 
-10.185611521683 -5.543533085656 
-1.557368978465   11.528025248586
-9.077446280403  -7.380202254197 
 7.416509321150   9.102854375321 
 1.837478093137  -11.636549821317
-4.438863867999  -10.933607539719
-11.834629966684 -0.282800365569 
-7.781271634096  -8.948103576432 
-0.435482476906  -11.851200574697
-10.314537925711  5.857159997498 
-11.621230467148  2.607532000027 
 8.463350514287  -8.380743810532 
-8.585067089419   8.261991958966 
-0.042159120527   11.914833845858
 6.119284277519  -10.326003894153
-2.614033952793  -11.729855873873
-11.276381420195 -4.242046548496 
 4.926764036973   11.067141802309
-11.982575240565 -1.886526597645 
 10.367228809782 -6.439210236255 
 11.127995284057 -5.114723927987 
 9.639414066144   7.631465173315 
 12.174684677440  1.784255165187 
 12.046106970723 -2.989979427747 
 12.433307829773 -1.028047568702 
 1.680023888142   12.387177198169
 4.851597912895  -11.703853231441
 7.872034669421  -10.057272070733
-5.490660545438   11.539209623524
-12.761808897479  0.932461912236 
-7.016586984486   10.780318717924
 8.988127320758   9.220931849461 
 2.970297288049  -12.647036600625
 12.465312823570  3.708822831557 
 13.042280492456  0.494663806708 
 9.998790569727  -8.417011827023 
 0.458652604261  -13.094437698106
-11.442626025536 -6.443345864471 
-11.083732548150  7.217889294420 
-12.782413269012  3.814961725286 
-8.270710443197  -10.466409943970
-8.751168608340   10.079623150469
-6.839575876750  -11.519904540299
 4.153704184316   12.817470268296
-13.028994764631 -3.459532209385 
-2.008465637173   13.354054025764
-10.105859386332  8.970065060956 
-2.206777718602  -13.414235564104
 6.793958116683  -11.776612698013
-4.070368235458   13.009443046617
 6.906251883179   11.760987191372
-10.111045444807 -9.158959626638 
 12.344282491641  5.854863302067 
 11.578155804742  7.323693752588 
 2.709525945296   13.519705419670
 10.525130999312  8.954065367748 
-13.818348606623 -0.309232618971 
 13.241845202290 -4.022655034858 
-5.879075207592  -12.688859436636
-12.742095924280  5.813545275223 
-0.768451049001  -14.037433039152
 14.074488753531 -0.637451908408 
-4.505250916213  -13.349976304526
 0.356805116097   14.097226069726
-14.062729150948 -1.813355961300 
 5.011683821729  -13.380205671655
-14.200642461285  2.034809821564 
 13.168076212552 -5.773621732773 
-6.766606334874   12.697847216739
 14.336115479278  1.379420338188 
 10.522858034827 -9.894886126384 
-8.194600800007   11.935495175680
 5.582603182922   13.427586063052
 14.349158357184 -2.492267916241 
 14.240235876016  3.354427693337 
 9.006542837440  -11.613472811397
-13.917985422128  4.870607402187 
 11.806430783800 -9.005485514718 
 9.526398974041   11.399727200854
 12.991234121434 -7.279556471680 
-12.171711314641 -8.701721192329 
-14.085398822451 -5.108888530347 
-9.323299567827  -11.755766730326
-0.969118133384   15.004285347482
 8.445720673465   12.441729440747
 2.191130351285  -14.958533660990
-12.875128569713  7.948086104770 
-3.207167566393   14.829209175102
-3.561952655618  -14.758040361270
-14.844426939275 -3.246188733625 
-13.520439597175 -6.953750892508 
-10.869407856265 -10.651294706709
 14.755233064359 -4.225630178426 
-5.405638084181   14.380893945128
-7.318293266603  -13.578355200047
 4.018899390732  -14.940649018187
 13.034926469959  8.378321208158 
-5.732664535135  -14.422897635876
 7.800878675810  -13.467312301066
-15.216464797310  3.363533730552 
 15.604756244200 -0.523400188725 
-10.809025501378  11.277314806255
 2.112191665307   15.489316927520
 14.700763703011  5.597168273820 
-9.691271397115   12.400541474480
-0.323332941303  -15.763598490582
-8.066606118185   13.556330324891
-2.047293008927  -15.690028921478
 12.245739838937  10.106998178636
 15.847838579953  1.731465704194 
 10.432534130757 -12.083631277353
 3.903598386123   15.520976600939
-16.026415702358  0.035290585895 
-15.919829805499 -2.127503672525 
 15.784585174430 -3.025860020242 
 7.711605353303   14.114264012245
 14.491492106958  7.140632833870 
 1.209674139278  -16.164193947852
-13.019790306108  9.657285907766 
-16.079041683681  2.125442901549 
 15.845520508667  3.465305219958 
-14.984415880747 -6.522603489897 
 13.427634410556 -9.341610996921 
 11.834228329305 -11.522852858647
 0.051957063968   16.539307671794
-9.393961956637  -13.655272001407
-1.987658902717   16.464117198794
-15.020625822228  7.072264053542 
-12.272443137872 -11.311980484023
-14.102170961909 -8.954802900493 
 11.187493794403  12.430194202252
 15.875403762325 -5.268007886706 
-4.519845793204   16.142312692218
-7.470271657048   15.047233129514
-3.667378938379  -16.401568557100
 6.658449157905  -15.444303530122
-10.896624957955 -12.895122426531
-12.470290178306  11.407038587496
-15.960186072415  5.662176467907 
