-0.133113099520  -0.332267610974 
-0.015000698912   1.252322593337 
-1.796088105145  -0.178416812578 
 1.448741696104  -1.091985644630 
-0.599291133341  -1.767032410047 
 1.827723722359   0.461267645097 
 1.805388283044   2.225334977733 
 0.445928639079  -2.848079474997 
-2.833966979246   0.926661997815 
 3.156332607485  -0.416469493658 
-3.011860377608  -1.118196724852 
-2.064914183021  -2.688290372327 
 2.060714216792  -2.906379312411 
-0.415734069830   3.629309651913 
-2.472393536750   2.932979679718 
 3.456543919005  -2.026195243851 
 3.615441924083   1.760465661521 
 0.805401608014  -4.415990749393 
-1.123355256556  -4.423431143119 
-3.706412482720  -2.990693807296 
-1.766637866450   4.532911967240 
-4.852596071882  -0.418964926163 
-4.479969371379   2.295403994588 
 2.112570378918   4.618532634717 
 3.670578981357  -3.532651390023 
 2.467992905425  -4.456938973254 
 0.367396105486   5.090121279873 
 4.881211309707  -2.570104546392 
-3.761490683745   4.162164503199 
 5.635966327838   0.190979027542 
 5.572332046168   2.201278926894 
 4.560493901316   3.885782672339 
-5.672288151886  -2.441974373763 
-0.970464067240  -6.133032546088 
 0.827791418640  -6.206744752893 
-6.147916205909   1.467268115103 
-4.722943537450  -4.201575853879 
-3.331035712540  -5.386591865804 
-2.439155459400   5.941645647504 
 3.839152568486  -5.235323092921 
-5.770951792699   3.180258008442 
-6.602669656867  -0.355665507187 
 2.590163343500  -6.112194567913 
 0.422681204519   6.803783292707 
 6.750486858187   1.240750195637 
 4.247219770895   5.408444664946 
 6.853909544828  -0.815991768402 
-5.053142335021   5.046578791299 
 5.491089706728  -4.791347951174 
-1.081737370927   7.392127451622 
-6.223215706113  -4.146117813094 
 2.405615539639   7.085135972780 
 6.967386959632  -3.073009397964 
-4.176067805037   6.372636796900 
-5.094443958870  -6.056603518558 
 4.027489310720  -6.851504765354 
-7.623286588232  -2.642056440229 
-8.135769163059  -0.629009549344 
 2.493143889956  -7.775723070927 
-7.138043972521   4.016765089272 
 7.145248457237   4.016291570177 
 8.019024416802  -1.877857130345 
-8.104245179710   1.549423207736 
-0.996411625847  -8.203222895909 
 7.925873985915   2.338299270545 
-3.206777733336   7.622302683623 
 0.202911666552   8.330851644577 
-3.068890216181  -7.820738819576 
 0.713370868406  -8.391182895911 
 8.459568941385   0.410742197636 
 6.105647641592   6.045925216441 
 4.615050956720   7.328610672754 
-7.081663202364   5.560449420984 
 5.528159733770  -7.245370958820 
 7.968919027257  -4.443596528972 
-7.661531979409  -5.035168122484 
-1.079846317303   9.111308110150 
-5.282836154092   7.684269426659 
 1.561416082450   9.222704589325 
 3.473748664556   8.879812949003 
-8.889940290997   3.525666758211 
 4.060473749245  -8.659828239905 
-9.558328286132   0.382313220716 
-6.271659578435  -7.255517603442 
 9.186793137221  -3.158317327613 
-9.173641361306  -3.481075217943 
-9.776152545075  -1.128915791893 
 6.068582509353   7.754169563123 
-1.580979319941  -9.764294061141 
 9.927915905672  -0.555246787539 
-5.233915203107  -8.496544581421 
-3.605491443313  -9.428211593323 
 7.996676099165  -6.179356196578 
-0.083300499069  -10.254079251142
 7.868915873863   6.611930094950 
-2.909934270957   9.898090323787 
-10.186865255862  1.937417785327 
 10.201341620975  2.368090662484 
-4.503855173507   9.458532235638 
 1.930019066795  -10.477217797782
-8.629564439990  -6.278585427666 
 5.325945472625   9.259218573617 
-0.106559820442   10.745071743763
-8.115359720016   7.220262527086 
 9.251095445845   5.772168108844 
 3.074880501247   10.570468506974
-10.460478992988  3.531898672450 
 10.138134874126  4.511180587182 
 11.124849345521  0.537131036944 
-9.512037375061   5.794290158224 
-6.068202069125   9.371179462004 
 5.836455187982  -9.521059803009 
-10.879090028628 -2.843624218527 
 10.319026717130 -4.574805573789 
 8.079415828125  -7.920581790504 
 4.092611859597  -10.598147367271
-3.231760488100  -10.962325320599
-6.104248468479  -9.737916025779 
 6.878456533700   9.324053440984 
-2.202082322389   11.430837544930
 1.766820950848   11.526487309258
 9.547894439959  -6.819275348893 
 11.420575000538 -3.008693012640 
-10.251451933485 -5.915569808317 
-11.690927496477  1.972545217648 
-8.330460389027  -8.491835183518 
-11.002258637617 -4.537219781789 
-11.880117125225 -1.364513729165 
-3.932182225339   11.389538334481
 8.306288460835   8.768631390391 
-0.480597081476  -12.152211877165
 5.104321448362   11.098889488458
 7.576571186486  -9.594138157044 
-9.631536715716   7.563041653619 
-8.049899250471   9.261864830272 
 12.216547850073 -1.312829768951 
-5.452782724316   11.067270846296
 10.930523750943 -5.951791898611 
-1.033759582091   12.457840549512
-12.545140525329  0.440258987007 
 12.174262973317  3.190669785046 
-11.790131996966  4.640133952254 
-5.809763998229  -11.495889588492
 6.620558314409   11.101944996448
 3.528824966663  -12.442554334638
-12.757067184253 -2.613446527189 
 10.049586034392 -8.298652959600 
 0.980466290315  -13.019924184136
 5.724720887570  -11.752479363565
-11.210809137523  6.842729622080 
 12.082222832226  5.168158219434 
-10.136249503404 -8.465470911531 
-12.539054297397 -4.243358641988 
 10.293013714114  8.412248577128 
-2.996584169488   12.961967193721
 1.398869236505   13.250591254573
-6.943510334233   11.373847739487
-11.364574641973 -6.969221953902 
 4.758300623712   12.577333571133
-1.666531913190  -13.350437284623
-9.336063975529  -9.764074987631 
-9.953181859836   9.198602012248 
 11.430605290604  7.282623506732 
 9.446243690715   9.752837452244 
 13.587723437524  0.339154903620 
-8.394232974873   10.763234048724
 13.490230643858  2.182673793087 
 13.498636604492 -2.382179124443 
 8.549260980133  -10.749855065772
 7.322511076759  -11.630606605044
-3.422393451139  -13.363116425288
-8.432354530382  -10.981387632092
 3.440350497938   13.414672058555
 8.404910859357   11.086360036155
 13.215576527029 -4.710239737649 
-5.520069429611   12.977212622822
-13.447517018180  4.450266001747 
-12.814213587766 -6.265853589474 
-14.196983306636 -1.648092513642 
-5.145501367805  -13.359690957045
-14.374212649553  0.350239348702 
 10.047119562451 -10.387446354967
-14.223712003994  2.644300270688 
 1.829931139370  -14.353210581079
-14.002521000352 -3.667616458566 
 7.073356786166   12.662382106300
-11.794472458352  8.538622660035 
-12.645347493007  7.287161863994 
 11.953861771648 -8.390783975075 
 12.809437478299 -7.027296624217 
 0.142450138689  -14.617755354112
-7.028536992874   12.924780867990
 3.634241984289  -14.280729800139
-2.034813315506   14.608074344427
 6.460635152271  -13.428610908473
 2.238616696780   14.766135998058
-0.491324385831   14.949980943911
-4.463307057714   14.290288626383
-14.088852333714 -5.182455591816 
 15.033567923362 -0.762637199734 
-10.103640042782 -11.159337119895
 15.001389479871  1.519409480526 
-12.099670842939 -9.066021959341 
 5.650051339623   14.099688133656
 11.505902805083 -9.967915341107 
-7.123165197919  -13.457992085495
 14.849810957504  3.402898841812 
-9.548195201651   11.908876639888
 14.429959952086  5.144973511215 
 13.777971240555  6.778618043862 
 5.171900589556  -14.460253826527
-13.975463703370  6.382192414951 
 9.848475111759   11.886090052289
 12.628204732582  8.935603486401 
 9.859757306962  -11.966234932334
-6.277215417109   14.282460412640
 11.713588115682  10.383802733300
-4.313181870340  -15.092360417699
-15.443330439087 -2.824760920281 
 4.394400001485   15.097101223068
 8.560731341571   13.262571414756
-11.099060663950  11.354942689684
-2.017000012997  -15.863227004624
 15.064444164247 -5.439818169731 
 2.122797674255  -15.876392149322
 15.902758448459 -1.992326156197 
-8.344689773181   13.746754258900
-9.672862202615  -12.853616895867
 8.342069191642  -13.811030648272
-12.155774958389 -10.631786213623
-0.185441930793  -16.196453351477
 14.619337383891 -6.975120780805 
 16.208747220423  0.277157759512 
-15.643826447496 -4.330218479925 
 7.508989950288   14.393495071522
-16.164878482322 -1.506913461441 
-16.262350046526  0.041151412553 
-14.242850268315  7.968340311541 
 15.880676857287 -3.784298791076 
-14.918656203673 -6.695138533312 
 13.912086376724 -8.602865092111 
-15.770283883077  4.383053842968 
-16.207778919452  2.575339266512 
 0.846011146544   16.409327926503
-12.846519224716  10.266416236528
 16.439911312416  2.108547291471 
 11.591779778239 -11.850372820844
-15.567581088934  5.896628015991 
-9.970549585351   13.443022104258
-14.360249458966 -8.707758611444 
 6.132051751631  -15.649691352854
-3.425790864425   16.505727925952
 11.406435611547  12.423644147964
 3.640948655262  -16.486202315387
 15.945203628048  5.816237171460 
 16.470507709200  4.188277184899 
