-0.238997096589   0.676039102534 
 0.808850909505  -0.751868145739 
-1.549248975708  -0.250384501527 
-1.971175634706   1.272182297361 
-0.871269788051  -2.214493505481 
 2.474369514648   0.288440448627 
 1.491368316844   2.194887950717 
 2.356352967788  -1.244232253305 
-1.010918874944   2.477212542309 
-2.527859110019  -2.134659484960 
 2.021781957320  -2.778329707605 
-3.757543702025   0.350600253733 
 2.986447360490   2.446395006784 
 0.109475502906  -3.917462556930 
-1.108910471225   4.013790873475 
-3.304322083373   2.564425821279 
-2.368917451617  -3.753339589691 
 3.862561316666  -2.283746177899 
-4.443259744322  -1.553304110827 
 1.071473073470   4.808180982905 
 4.481444662598   2.154257160423 
 1.946202351838  -4.644488850778 
 5.056782065896  -0.149648206380 
-4.193937000235  -3.176325911357 
-5.339056453377  -0.080282086072 
 2.890203619145   4.692940482179 
-1.472544331874  -5.390168646294 
 5.366378530138  -1.933900962138 
-1.965096700158   5.359699816300 
 4.364898991889   3.748599176449 
-5.520476111586   1.793672957145 
-3.823831104881   4.559091528277 
 0.739056023417  -6.038482536656 
 4.430055882969  -4.243554081956 
 6.483285489421   0.481249794501 
-3.504166138479  -5.507492483004 
-5.893322883012  -3.070513178139 
-0.893871943646   6.639209406185 
-4.994882736919  -4.466029308280 
 3.143862878813  -6.008013711178 
 6.450749202868   2.170302794994 
-5.816803359502   3.773573378995 
-3.428783492742   6.066563141205 
 5.937803294907   3.674433450542 
 2.911594883792   6.536979044657 
 6.607440328565  -2.871673775691 
-7.249926460210  -0.607432811089 
-1.786550124508  -7.168402167755 
-0.134610409427  -7.424475596910 
 4.622079147827   5.826620625011 
 7.356499831628  -1.312316746539 
-7.221103259893   2.002276802670 
 1.111172941580   7.645888852335 
-4.983767836025  -6.010813265066 
 2.450440932463  -7.547747906476 
 5.979202926760  -5.294072715909 
-7.618736464964  -2.598882277451 
-5.049509344530   6.287114879349 
-3.126890523779   7.546998864922 
 8.186311256458   0.615741396119 
 4.598381285043  -6.913891119654 
-1.186214191219   8.239733954493 
 8.211351931851   2.358045237619 
-6.696698618687   5.562372015562 
 6.285441067345   6.157590597950 
 2.879882580478   8.315653406768 
 0.359806021821  -8.911446020601 
-7.867218102862  -4.418230169368 
-2.818626929428  -8.571874283141 
-7.946909128225   4.326685693162 
-9.060053125330  -0.335374695878 
 4.506536964272   7.880081578419 
 7.998426916480  -4.513187507858 
 7.671733858507   5.131452312048 
-4.347063793540  -8.167761474879 
-4.756044785995   7.987561173333 
-9.063218302851  -2.137153588016 
-7.124721675092  -6.092048053712 
 9.144601821454  -2.497450257596 
 2.479976172595  -9.183757351863 
 6.070153867250  -7.443191200569 
-6.124556082102  -7.441595456069 
 9.737918341865  -0.188182468417 
-0.210808870164   9.755395814811 
-3.500143643906   9.126563263938 
-9.374590039854   2.913102196773 
 9.030305484533   3.886290419544 
-9.758000291069   1.447193213009 
 1.809233196180   9.731355712037 
 9.828260376613   1.695384893992 
 5.071771956099  -8.675488822838 
-1.061302412260  -9.999992330427 
-9.437200453135  -3.656237911522 
-6.360456914880   7.882102719822 
-8.283236625745   5.915686404653 
 1.118380930610  -10.271127062792
 7.626286624547  -7.060139679138 
-2.560769545430  -10.191097006250
 3.658895136857   9.871507282241 
 7.270360978901   7.620432642869 
 3.730554135317  -10.028455143234
 9.112600811905   5.909496862811 
-10.855625896560 -0.586783414422 
 10.313804612887 -3.441576283895 
-5.911033951582  -9.183254690420 
-10.010840105692  4.437228355043 
-1.351101765221   10.868361643381
-10.643317493718 -2.663584140215 
-8.862248840027  -6.731904620719 
 11.193620956777  0.271539178622 
 5.981613511474   9.486116606767 
-8.423636211018   7.433046817936 
 7.021226160046  -8.814714056697 
-5.664223834312   9.984143398922 
-7.681573079535  -8.565910020302 
 10.952123154057  3.727045448413 
 10.326432114360 -5.254440349584 
-3.881640204167  -10.917143229925
 1.152319918086   11.571615968575
 2.773856994201  -11.299867430649
-7.546533144844   8.862210405080 
 11.583957588610 -1.280478413720 
-4.082616988696   10.933951018288
-10.168061155883 -5.785227773275 
 5.452555987132  -10.397207611461
 7.482596711748   9.179163790883 
-9.939237887822   6.646866120866 
 8.791459103542   8.106668569942 
 11.910548085164  2.205180045226 
-12.128981110925  0.750594154413 
 0.889701138029  -12.168278405230
-11.599171376157 -3.915406569939 
-12.068508639300  2.838787511731 
-12.147857118059 -2.506545441867 
-0.802541241515   12.449422047096
 10.200848019022  7.192344051114 
-9.253379228866  -8.386896748313 
 11.389304097926  5.406191620151 
-2.619449104485   12.392166877967
 10.460914000086 -7.143308143725 
-7.131632443594   10.472533369668
 9.054689382421  -8.988601874719 
 3.213400523737   12.363907890453
-9.787407471967   8.223673904923 
 12.757202803564  0.919746203471 
-2.251646655143  -12.604455008614
-6.557484020970  -11.045539722477
-0.461774446482  -12.866980373608
-5.748951230084   11.524781601132
 12.653610448968 -2.681153390160 
 5.428841456435   11.846267468280
 12.231315299773 -4.516653169793 
 13.100862753705 -0.823616985530 
 12.457958468901  4.204178992395 
 7.672090968834   10.718850415493
-4.984677868386  -12.233100928450
-10.761221964777 -7.699110651715 
-11.769671934865 -6.136734945315 
 4.621958188671  -12.580480761932
-12.407209101327  5.091881380588 
-4.178338827770   12.747460894206
-8.115518257191  -10.706491106026
 2.191027575344  -13.284439349106
 7.357060410239  -11.295377553027
 9.223601982548   9.947255242280 
 6.099565759365  -12.172070716455
-13.653556063808 -0.702676100378 
-11.280963437486  7.821266062225 
 11.956847656768  6.855315829264 
 1.916326466700   13.651621526947
-13.759688338583  0.939475922901 
 13.600203737350  2.457247783218 
-9.169291040625   10.361575003265
-1.651673327127   13.808077762654
 6.943973738422   12.088716902169
 10.724085043870  9.062908047050 
-3.447087804292  -13.652762300561
 9.062707958580  -10.912902799308
 0.766651494437  -14.172608679601
 0.065232562522   14.199221082370
-13.635376630636  4.205387726502 
-7.111615122121   12.387034048059
-10.149702753226 -10.157113399806
 11.922325532182 -8.085013501045 
-12.837375818309  6.569250273430 
-10.845656818958  9.541470180132 
 12.954616335375 -6.430452660343 
 13.850756527010 -4.233139940644 
-1.006708780963  -14.511211728015
-14.380331405585 -2.210978320462 
-8.003221428557  -12.254794926548
-14.548933931001  2.233142109420 
 8.566226141237   12.006421939458
-14.055746748356 -4.510226020282 
 14.603992397110 -2.463352707644 
-12.460825465402 -8.179951020613 
-13.568269558475 -6.206853513856 
 4.402799692225   14.336072218242
 11.324886338420 -9.831382926516 
 14.995901584952 -0.641519835257 
-6.931812804068  -13.377726739444
-3.075669757238   14.792312490896
-5.232871003390   14.207275829548
 7.464407768511  -13.192962229005
 15.161046827475  1.128770011415 
 4.031033161278  -14.679458901447
-2.522526877902  -15.078884652859
 15.096915585822  2.730612790322 
-1.580465151387   15.316906461993
-15.409400028473 -0.038733419430 
 6.037592458542  -14.180795135569
-4.704992653332  -14.679464322285
-12.000051933168 -9.695827807960 
 10.667555170878  11.260658947646
 14.515473584829 -5.607403798370 
 3.085922407191   15.257315132900
 7.857306701013   13.443385206341
 14.125969190999  6.682199583845 
 6.250481474971   14.344374982200
 1.023469943016   15.631233862237
 12.207935383982  9.849442777804 
 15.026734371850  4.502842342855 
 13.604090091117 -7.836228376081 
 9.800304815624  -12.285811017124
 2.241502497080  -15.568864986374
 13.460360732149  8.179648111355 
 0.509285722941  -15.801233827959
-9.427795004378   12.714961123622
-15.519150375648 -3.370665494320 
-13.903262994144 -7.686456989884 
-10.706688319947  11.745112965015
-13.868877048598  7.909349120941 
-15.462221354902  4.334536610219 
-16.047426534990  2.921622281920 
-11.827849714421 -11.274421156900
-6.753890671049   14.961752657479
 11.668936121991 -11.595511773129
-8.598758727463  -14.034109250005
-10.708883814224 -12.525817448028
-13.096474781968  10.083797573793
-15.351462480662  6.232539093130 
-16.505347561213  1.454060439150 
 13.570580175949 -9.520814793028 
 5.337554854458   15.699150938274
-6.675344101629  -15.181434858103
 16.459027524482 -2.038381542546 
-3.368388244068   16.263763867361
 16.527976949094  1.825986393242 
 5.399521621869  -15.752771627804
 16.018204489374 -4.588293333178 
-16.585593321516 -1.803613709776 
 2.268552225028   16.633783071724
 7.867477820192  -14.839496580069
-16.123232709218 -4.748489145420 
-15.657886133220 -6.397793891790 
 10.747380805875  13.089499822878
