-0.446075860157   0.693083782808 
 1.148896467650  -0.632809493587 
-0.887900304889  -1.231998243116 
-2.161113390143  -0.121893480268 
 0.254275619659   2.595660573752 
-0.359733752048  -2.734789371575 
 2.572625546162   1.026350211927 
 2.004633642222  -2.174754344991 
-2.193142337872  -2.042863144114 
-2.174160161391   2.150553780218 
-1.109284951158   3.329411996297 
-3.361452177414  -1.040178484694 
 2.519070412861   2.684962740828 
 3.588301815227  -1.858505635637 
 0.410813946217   4.369775481703 
 4.141410857091   1.600951678557 
-2.322433056630  -3.816254897874 
 4.444494099668  -0.607802514352 
 2.083693711053  -3.985025551636 
-4.446295177114   1.222628763080 
 0.080022218190  -4.623882104548 
-3.932941254313  -2.506378471870 
-3.715537410158   2.826789281598 
-2.131255322171   4.502005887263 
-5.051433912389  -0.852244544637 
 2.458030679531   4.723996156622 
-0.846575814227   5.376447365523 
 5.056716323263  -2.260953872085 
 4.565967850533   3.304694279119 
 5.804477369357   0.818989357573 
 4.202928065086  -4.169997127450 
-1.691942667745  -5.726832501094 
-5.966556041482   0.752997712875 
-3.240733249231  -5.199068449575 
-5.481900884541  -2.869646039448 
 3.907151894576   5.189461020196 
 0.195530861771   6.608575659304 
 0.173992901516  -6.692118936264 
 6.069262844036   2.885999641169 
-5.909863157551   3.218300221845 
 6.534717003865  -1.771486164730 
 2.092968002745  -6.485016917057 
-6.832959246759  -0.780047501014 
-3.336734023283   6.027957222686 
-1.511758078278   6.836785192210 
-5.006441426840   4.938895624110 
-4.741844139907  -5.411552085481 
 6.101555108414  -4.007737718572 
-7.131270270927   2.289520639820 
 3.774845189161  -6.566577626553 
 5.391506473619   5.452018216979 
-2.375910813933  -7.385192314735 
 7.487400176355   2.239338823010 
 2.304545612256   7.557612216540 
-8.075480237942   0.291861560484 
 8.086127274754   0.060313013458 
-6.780980449499  -4.480614478710 
-4.967449093628   6.479325304076 
 4.573083836601   6.793697106619 
 0.015651578284  -8.288917448446 
 8.107205005602  -1.745380814402 
 6.921014238461   4.638486913856 
-7.795943278415  -3.067426566217 
 0.676217211970   8.360812952978 
 6.141270576652  -5.716027117455 
-7.385109851574   4.083105773209 
-8.382864643719  -1.661449241806 
 7.981536767677  -3.311671391701 
-6.164818338816  -6.154937598583 
 3.360167031093  -8.132183129126 
-1.332889126481   8.755558579874 
 8.775376588610   1.412829994162 
 1.928959874460  -8.754442449415 
-4.031097100669  -8.032519286703 
-8.485348879430   2.984082284198 
-3.122931752001   8.537871328160 
-2.636858868934  -8.976277608253 
-5.531453432611  -7.545776808158 
 3.402411261323   8.783267308187 
 5.207476926900  -7.971179348159 
 9.074768133812   2.884340046442 
 9.462524629952  -2.882755328276 
-7.592599927946   6.348161574334 
 5.067555270323   8.509095803406 
-9.913692908096   0.496085889920 
 0.604541947246  -9.932776164891 
-7.853420264365  -6.145039559807 
-8.737488939476   4.937336037183 
-1.346234838537  -9.973919238104 
 7.244532466983   7.107030961989 
 8.328785203497  -5.802371724159 
-10.087920942808 -1.785481698291 
 1.637974751094   10.139297127061
 10.287846850922  0.697031322221 
-9.974727896387   2.729505160943 
-6.844302136092   7.811885133418 
 8.472496220788   6.062430783682 
 0.092441553454   10.492042402462
-2.326345244614   10.243432945412
-3.990262452713   9.768492076705 
-9.577945531626  -4.478391359138 
-5.632165429710   8.949073715442 
 10.507488582269 -1.450002137296 
 3.766971435666  -9.953539719862 
 9.564664616451   5.025145682715 
 6.640234354364   8.592803511846 
 5.340756719329  -9.587425009659 
 9.719210601061  -5.181065376857 
 7.851510443082  -7.731445806534 
-3.571118475483  -10.451316792374
 1.486473444951  -11.161282070286
 6.835229515467  -8.961426414401 
 11.015993711341  2.640623630117 
-5.197838770977  -10.070860387215
-8.430314241197  -7.669486770435 
 10.807578242075 -3.644865139698 
-0.122895267496  -11.417643407977
-1.183732352076   11.403463779350
-11.069469377153 -3.035163550021 
-8.839327615844   7.572235689052 
 2.887642830539   11.277879870709
 8.805676736784   7.679944276546 
-11.704243733869 -0.870394108271 
 9.436121943903  -7.156970038053 
 5.181090393870   10.651423630324
-10.778694088036  4.973847173880 
 0.910231380551   11.896610709317
-1.846036529592  -11.789403895892
-7.589258162163   9.209543402176 
-7.645714884335  -9.185523979857 
 11.957052282954 -0.496007160101 
 11.092168125182  4.590768603347 
-11.507803505668  3.471814079869 
-5.042057082766   10.976853316561
-12.099976903406  0.715019220065 
 4.858070895606  -11.119325275629
-10.178716525676  6.796582195159 
 6.744817191849   10.286403794945
 12.145688834705 -2.008963954505 
 8.418850002627   9.142342777250 
 3.308721798479  -12.002059180299
-11.166771806670 -5.540332965993 
-3.363047142602   12.056952388192
-10.062930250232 -7.539806749990 
 11.779988033748 -4.810584821127 
 7.955583737940  -9.971674368249 
 10.903192165951 -6.700910413453 
-9.100190022207   9.051871392572 
-9.211383832213  -9.004116488227 
 10.528673740631  7.426102316052 
 9.549419074098  -8.685221806726 
-5.977448813608  -11.455026468240
 2.127927635401   12.780815841955
-3.942921269020  -12.370463537519
 12.868004839431  2.021905637192 
-1.498871564441   12.943496792779
-12.800368169529  2.478855204763 
 12.532080197154  3.678641405739 
 6.474459163534  -11.360708594342
-7.621869694823  -10.699564676479
 0.354933774998  -13.339295073255
-12.859293110473 -3.613830510844 
 4.561691000402   12.615995642166
-7.868413873188   10.898108352768
 0.085529917323   13.441776510368
-13.379165146468 -1.876962912720 
-10.506930468138  8.503642717825 
 13.278641832775 -3.544299378938 
 13.746926566657 -0.081274091899 
-12.573995031860  5.672663315524 
 6.381261176817   12.237379845874
-13.770244831931  0.987403595598 
 12.113777180056  6.714971290503 
 8.274327935635   11.158799592288
 2.344663741663  -13.776258988335
-1.106138960668  -13.970804412409
 4.738516514933  -13.231833358375
-5.347891994037  -13.082427876678
-12.097500661614 -7.371730323480 
-5.072052827310   13.250764544404
 11.098603613341  8.917725086389 
-7.021575059443   12.396434635333
 8.586336184999  -11.377881151432
 13.399805157817  5.144632517447 
 14.276578138879 -1.899346652302 
 9.873023231107  -10.557655401550
 11.824906910334 -8.328832096214 
 6.401638136574  -12.981450071829
-2.974929544296  -14.177552717372
-10.591002000640 -9.919192149013 
 3.871623593143   14.020220622472
-1.083797601605   14.508652212257
-11.605281772238 -8.798350213996 
-13.853221373455  4.537020140640 
 14.466508830713  1.961189861282 
 14.181168868512  3.511094941566 
-2.870173808987   14.327495018068
-8.758353946178  -11.697405780756
 2.137749381601   14.472387938026
-12.050293701436  8.374804623664 
-13.426300865234 -5.972063566880 
-14.495829152754  2.445679415995 
 0.982988790313  -14.703730166697
-14.812970010336 -0.341006134305 
-9.346186310728   11.582776610512
 13.087731966396 -7.139493037321 
 3.682538334960  -14.523009158070
-13.101321405314  7.281472045047 
-7.196750517622  -13.150662281384
-14.729038966771 -3.363542282784 
 14.135801066145 -5.406513063499 
 10.970691657878  10.591443588353
 8.482628586533   12.731140375229
 13.671700845734  7.015170758906 
-11.445110957474  10.350925501673
 5.588978661821   14.509467180257
 15.145640265720 -3.676091575536 
 12.702798191922  9.032214922699 
 15.623540667521 -0.621022506045 
 7.418336992010   13.890798629235
-1.632507337573  -15.688044076892
-13.905775983319 -7.481195916515 
 6.308415313438  -14.490780307783
 3.406003590695   15.448925772813
 2.306457046679  -15.667436431442
-5.558529947366   14.856725532490
 10.148729615475  12.245056050201
-10.724813473531 -11.763157267603
 12.573912506027 -9.770008546198 
-2.233626909387   15.807533287597
 7.924084935452  -13.911780127816
 15.901381083911 -2.144824972429 
-7.989064036075   14.037186475767
-15.421314641606 -4.904671613096 
-14.909140660083  6.321087963790 
 16.097710873452  1.802953701473 
 13.681962324465 -8.755066180825 
 15.384376995155  5.230966404514 
-16.080686377112 -2.478863759300 
-15.873632402117  3.625348726011 
-12.623141940111 -10.317447039210
-4.100756076269  -15.799682548769
-16.316939916992 -0.914847069153 
 1.130711013480   16.309079117767
-13.436825346773  9.331025862375 
 11.688496226094 -11.450187963883
-5.975230662190  -15.248141531654
 4.790333386302  -15.717760204293
-4.182764986038   15.946103774605
-0.487272065016   16.506372751175
 0.692682151996  -16.617638940921
-13.894848097610 -9.383804399519 
-16.755595429547  1.524865922120 
 15.708251261728 -6.178103359920 
 3.544453526773  -16.585910160429
 8.908836465538   14.452488317426
