 0.878743306542   0.091444192353 
-1.280089243163  -0.218185920329 
-0.174328776610  -1.471299875576 
 0.557950236838   1.734510275409 
-2.084880798579   1.084206071131 
 2.323479723379   0.583015695797 
-2.108936261369  -1.532160000097 
 2.130018241896  -1.677939967619 
-1.523223535604   2.771522053197 
-0.647844763480  -3.117062180473 
 1.185052670847  -3.424620040605 
-3.669672596889  -0.233476697995 
 1.422989940611   3.590058423636 
 2.854480689350   2.825323791070 
 4.068100012975   0.714778278215 
 3.856032483408  -1.627495474780 
-3.985568333252   1.877991005238 
 0.047319468895   4.551058927381 
-3.059928164997   3.422748254361 
-3.592594108539  -2.961091295271 
 3.469607278992  -3.127060318405 
-1.688980814197   4.645846154725 
 4.399110326350   2.392748207165 
 1.109667436923  -4.942812124830 
-2.744641139340  -4.314312472673 
 5.167132402316  -0.415158220166 
-1.535880233315  -5.211722028228 
 3.472908376814   4.202324322248 
-5.491272766422  -1.270705803708 
 2.269848454146   5.172712590470 
 5.692205248271   1.185139318178 
 5.403492726626  -2.273608356717 
-0.115974402869  -5.902148073933 
-5.631300556701   2.186934344716 
-6.023315706714   0.590352665358 
-3.772423924091   4.852385826544 
-4.494883526717  -4.511934826322 
-0.827415671810   6.414383756462 
 3.724081455056  -5.409150746960 
-5.484096364131   3.754289409293 
 6.719919107936  -1.063016654285 
-2.791700938720   6.204444105935 
 5.641681089821  -3.859674468169 
 0.765308150867   6.864391162747 
 1.102051583685  -6.830468477383 
 5.117447829890   4.809062761070 
 6.398180586601   3.108721969464 
-6.154345919989  -3.643873383681 
 7.273033206986   0.958236401063 
-3.358192958627  -6.598350958576 
 2.532746653077   6.977238762260 
-7.223811608529   1.778234308571 
-7.481145089649  -0.113808749544 
 4.039214450250   6.625417230554 
-1.953081550615  -7.539231941476 
 5.394945437058  -5.658256019394 
-7.382714204168  -2.668792068780 
 2.476300612048  -7.567727664573 
-4.360064098804   6.784129616903 
-5.815683597000  -5.640935274843 
-0.040657965570  -8.104120438851 
-7.386993933964   3.575596544257 
-2.632587580633   7.776781449549 
 4.520270621960  -6.977783115588 
-6.693613429730   4.960266835824 
 8.022646442845   2.653964337971 
 0.927152821017   8.406691756115 
-0.875689004903   8.430513118043 
 7.067125091061  -4.743573196268 
 5.780810204630   6.260734092081 
 8.491698117051  -1.401294777866 
-8.625299340209  -1.323882913287 
-4.604796803418  -7.479349371436 
 8.181911018753  -3.315212136046 
 7.588604381495   4.533016026807 
 2.686332691905   8.596481906752 
-8.995241737318   1.085137814155 
 9.083786761715   0.486346361572 
-6.070191716122   6.823450306519 
-7.637374753671  -5.037446747085 
-3.307194258828  -8.694425823976 
-1.312399825092  -9.318895102575 
 6.651947942144  -6.685993325550 
-3.949815188653   8.659991437260 
 3.766139044536  -8.879569545035 
 7.645017949259   6.141402601483 
 1.442445899914  -9.751399928134 
-9.364910131997  -3.232993862602 
 0.944862410978   9.919459947565 
-7.325257985904  -6.867364437661 
 9.472911395752   3.526702614318 
 10.017904715928  1.672245069076 
-9.193491701277   4.467276234251 
 6.722211961090   7.746689213322 
 9.906188083643  -2.671864235133 
-5.566056991559  -8.653473630099 
 9.516192029323  -4.133268243075 
-2.427677518260   10.095061730339
-7.972411183229   6.660064249470 
-9.322973782182  -4.822020798417 
 10.434962711937 -1.253513832303 
 3.370389684618   9.976707645085 
 5.361601130880   9.119568216410 
 8.891157867793  -5.772726462719 
-10.262325115652  2.786447666886 
-10.735838164421 -0.579735631072 
-3.147675540205  -10.293156515599
 10.789532634406  0.249142162044 
 9.515534479621   5.261311356708 
-0.675474179398  -10.914745212600
-5.614258625319   9.475371903748 
 5.970203044817  -9.343251655618 
-3.905390229188   10.436143414929
 8.031706913234  -7.740271474328 
-0.193913161863   11.168030127525
-4.846610544073  -10.095915361373
 8.656565767301   7.299991339866 
-11.426193064018  0.777259448455 
-9.263662592466  -6.761323287263 
-9.754769457382   6.049281192695 
-8.019434521103   8.238740778005 
-10.835165638675 -3.890120924615 
 2.183545706894   11.392480443177
 1.096161549593  -11.568543600652
 4.883734779672   10.553844664422
-11.482094846680 -2.345888297978 
-10.971698632640  4.423631523165 
-7.872823125160  -8.856021510853 
-7.155524995088   9.504051847737 
 8.155728479782   8.724460261921 
 11.672411999068 -2.605621669041 
 9.574319486744  -7.246814962424 
-10.536322982446 -5.793396453416 
 2.910978498725  -11.666667495822
-2.343007048898  -11.896183593578
 11.056941732736  5.125375366699 
-1.542019379371   12.124030838139
-11.948007912820  2.760434524534 
 10.401031381893  6.551170929463 
-6.325385567892  -10.587487767593
 10.798853674461 -5.960270248925 
 11.795901207298  3.702218058115 
 12.259584409230  1.658245529332 
 5.191539992227  -11.342881371686
-4.341542712258  -11.766999443082
 6.896803778932   10.503894837829
 12.613401194948 -0.375700340908 
 11.785072577987 -4.820048591764 
 0.283861548017  -12.830764858445
-5.615271993664   11.573824018321
 9.679762766093   8.502547067523 
-10.674667326487  7.243501128291 
 0.851585412067   12.873859794928
 8.060985307876  -10.094521743805
 3.777192306563   12.359418413200
-9.750708280950  -8.510440431064 
-12.606750843857 -3.405292466788 
-12.148807851185 -4.885917774631 
-13.121057635272 -0.265496829259 
-1.295047526529  -13.084515078517
 2.185168087140  -12.996403519346
-3.016667879812   12.844331012662
 13.084914864144 -2.027944965087 
 12.873994787744 -3.770413270374 
-7.474874379967   11.172507582127
-12.678643565681  4.493730573653 
-9.144880750057   9.949907481560 
 5.369235836089   12.423915308621
 10.430805583641 -8.642720256588 
-13.450527339890  1.810617795802 
 12.608685183653  5.344241637538 
 11.476776269708 -7.489866191497 
-11.677668815593 -7.175153217886 
 11.309995064937  7.786237942034 
 13.714097770788  0.949762696873 
 7.449320648211  -11.577824696311
 3.877555618998  -13.228439861532
-12.334562577294  6.259586898021 
 12.500131012639 -6.169834302097 
-9.048930212780  -10.612603037923
 6.048401062107  -12.593905250074
-13.791015197474 -2.399094076908 
-10.512955648756  9.314939228556 
 2.764353966241   13.796721239699
-1.735162173857   14.087291976628
-4.554895373714   13.446216710858
-13.804473874576  3.344549516818 
-2.878867320951  -13.953900906361
 1.029387973793  -14.226690627225
 9.914753512760  -10.337714677572
-7.009209775663  -12.524052414876
 13.848891770429  3.908541690305 
 9.882716488503   10.459902713411
-11.503784267595 -8.677463181107 
-4.525519481582  -13.746222805620
 4.365235209754   13.853617363029
-13.634951452429 -5.261010126032 
 0.931345607783   14.671268962342
 8.954193276262   11.703577601830
 13.009473000459  6.929922559031 
 14.674017718470 -1.457957504929 
-9.262676222524   11.553896657071
 2.700370612194  -14.573598967373
-6.715843899723   13.318786465243
 14.839710999734  2.009664273211 
 7.802229553803   12.783599859263
-15.090108374862  0.012754694042 
-13.952652955594  5.783126957672 
-3.220985783096   14.891392835384
-12.021882502726  9.361865178507 
-13.139080346120  7.757374436681 
-0.567736414109  -15.286443111256
 7.670587062714  -13.267154455624
-9.009429660961  -12.428043712773
 6.146854205602   14.074059906109
 14.741280991801 -4.324992395081 
-11.504183686652 -10.359829358950
 2.535209667591   15.333670434953
 12.516998945565  9.220834280932 
 6.429338790356  -14.205444474681
 13.094475617359 -8.531140024454 
-6.820382098825  -14.110240473543
-15.215284624958 -3.780374923260 
-8.463078023680   13.226405594082
 9.546316944210  -12.611847056271
-15.406267843362  3.829910385980 
-10.953593825540  11.496602321556
 12.406548520607 -9.916934271593 
-13.927204881131 -7.696431045255 
-4.530982400405  -15.275748907257
-4.736694324854   15.228486219216
 5.197275560419  -15.087393413714
-1.581866147902   15.890415202546
 15.130523776047  5.429712626964 
-16.013993059085  1.550023744702 
 14.950498595313 -5.947113693202 
 16.063754934003  0.999535523937 
-6.328369155011   14.876749330521
-15.419090721646 -5.380628059675 
 1.077031341509  -16.302797494195
-16.290978166433 -1.435385499772 
 16.304026800114 -1.308198040397 
-10.827439849653 -12.310661351444
 11.902138085357  11.327996944509
 10.680132717869  12.553820352252
 8.238291622226   14.311305243399
 0.577526425378   16.514250464659
 11.851933894051 -11.566410201827
-8.439102900439  -14.284659490780
-9.996253697320   13.253168550088
 16.192270461324  3.745910451149 
 4.523511772075   16.018798693059
 9.001797585902  -14.029729481805
 14.642980001482  8.023256572753 
-1.141447754573  -16.674703755542
-13.908696148541  9.330003315195 
