-0.671796009494  -0.241258150264 
 0.126022612329   1.029707496343 
 1.205625547062  -0.209267737034 
-1.890751449728   1.083398527689 
-1.783522240891  -1.310947658848 
 1.669681973510  -1.726495684957 
 1.696150351049   1.951662624362 
-0.417610628118  -2.600708346063 
-0.260858314117   2.826743290303 
-1.820103838882   2.696057370400 
 3.141550674452   0.984745917937 
 3.574177255346  -0.982128220201 
 0.987751542753   3.727181874090 
-3.631945636388  -1.516169488989 
 2.621095129774  -2.979592924858 
 0.381146099299  -4.077490359025 
 2.925514047032   3.037519094190 
-4.236911429751  -0.065219671746 
-0.538730694629   4.338018705079 
-2.924231391693  -3.744648050938 
 4.729681487672   0.576286622669 
-3.115220874007   3.617922890291 
-4.517514647895   1.918390904448 
-1.713650301926  -4.687892770609 
 4.064395971253  -3.509195636978 
-4.569261044758  -2.857627617910 
 2.345793589722   4.854104144262 
-2.042462781202   5.262046447266 
 5.286033032533   2.034369563470 
 5.319077830609  -2.131438935105 
-0.012158183747   5.814604865020 
 2.967312044665  -5.224024631123 
-6.032617837701  -0.572164907030 
 6.082610786541  -0.566822383970 
-1.060408875825  -6.070639469753 
-5.885876671846  -2.070588139905 
-4.158377046177  -4.813760242576 
 4.830951858141   4.202579797450 
-5.990127774990   2.321613915159 
-2.665243121832  -6.013926631348 
 0.298740059360  -6.730037872111 
 1.808544297229  -6.511446833611 
-5.581071980428   3.964706218504 
-1.008037742538   7.056667497486 
-5.606407495303  -4.402596151569 
 6.949032292924   1.654425018627 
 6.999564185443  -1.781113715333 
 5.887198223742  -4.253514741860 
 6.321925403538   3.703022096389 
 0.473963020912   7.343489887882 
-5.056917248367   5.425202659644 
 2.717901322934   6.911842763701 
 4.187664210837  -6.144673209413 
-2.512576679972   7.003347178010 
-7.318727112194  -2.526595324954 
-4.341875488600  -6.501834348349 
 5.033488631146   6.117912758180 
-2.284038984866  -7.617977942067 
-7.836507451857   1.461527923873 
-7.126739558565   3.913664344039 
 1.330915137010  -8.115675732965 
 8.286033394458  -0.908665357930 
-8.294201375607  -1.289174011571 
-4.935424378855   6.961243516416 
 5.786212801052  -6.338122469961 
 8.034344745474   3.042201760226 
-7.523548570066  -4.186634261761 
-5.924146769861  -6.456059559756 
 2.939761758709  -8.258020223042 
 7.496164481973   4.701022551402 
 2.670193501335   8.457458676501 
-3.856551788247  -8.043171814450 
 7.611314763358  -4.841643440579 
 8.349737996259  -3.435282490370 
-0.059787355315  -9.084114900125 
 4.531120648777  -7.905295471634 
-3.558006864344   8.444758160912 
 9.082982635258   1.299982151706 
-0.879547723182   9.140681533385 
-7.320859990298  -5.697061256202 
 1.259030750532   9.290830851779 
 6.859622740966   6.422828758298 
-7.507533942997   5.694834875731 
-8.795048392760   3.967316763012 
-9.712869361058   1.152282576461 
-5.543168325925  -8.099229951763 
 9.756060450260  -2.058416681958 
 4.449759719546   8.970288596828 
-1.462155586450  -9.932254179595 
-5.914279708426   8.237732883338 
 2.036561538218  -9.996752811673 
-3.421690875047  -9.710525955025 
 9.135469836318  -4.785497845373 
 8.917584353033   5.180272199766 
 10.331614238331 -0.078313393632 
-9.700989704131  -3.597020777752 
 9.945661862845   2.870283487911 
-10.347440736770 -0.689290914351 
 4.406458691402  -9.444392132085 
-9.014773138132  -5.349082592747 
 5.888553967773  -8.704202218037 
-7.499081247618   7.437420375649 
 5.997707296467   8.705606733519 
 0.396660338186   10.621898188104
-4.607223446691   9.695821497872 
-1.479838924926   10.669323434961
-0.169347959306  -10.770655037721
 2.333780697053   10.653880349313
 10.797044008590  1.576869281373 
-8.170695489528  -7.359960456290 
-7.039726304159  -8.474488499107 
-10.312573173911  3.892421332013 
-10.810369871956 -2.314114200416 
 8.332650192202  -7.290494816173 
 8.102209243952   7.620924941203 
 4.099704219873   10.610592319697
-9.889289790404   5.821862728713 
 10.710620052858  4.240717404543 
 7.601741917500  -8.658363407018 
-4.675195421377  -10.559989437632
 9.776696772670  -6.203338720585 
-3.722317759405   11.041924759283
 4.202228165673  -10.963565170500
 9.816482128256   6.506000819780 
-11.555261950909  2.782210654622 
 11.900035653172 -0.012886025128 
 2.830105530890  -11.578785512471
-10.838745690597 -4.968617701940 
-9.984902246277  -6.629944614354 
-2.991979167278  -11.652592870117
-12.043417981085  0.111150383448 
-7.334748587319   9.553397064770 
 6.009178235279  -10.581789275756
 0.677174531827  -12.191705633751
 7.589835714159   9.609046831780 
 11.359225821107 -4.575346326644 
-6.211951847222  -10.675535251441
-1.700843056451   12.236958731247
-9.027382243948   8.466741535537 
 3.403732047042   11.946917432665
 12.170750406627  2.850165816022 
-8.555002314692  -9.178248552388 
 12.360005776484 -2.262922456418 
 5.857700928726   11.273353136345
 9.804083544789  -8.136668037033 
-11.823274395474  5.087451186167 
 11.557019749894  5.746856779904 
-1.657705435789  -12.808514828594
 1.267414779827   12.866783230951
 8.024541247278  -10.161322837319
-3.368647054945   12.534503438215
-6.344687860086   11.338961214951
 10.062886972693  8.382162441668 
-0.232683389503   13.095003179982
-12.810345135354 -2.795021280822 
-7.712232388137  -10.627501862711
-10.729633759464  7.720010436652 
 4.462966732851  -12.541663447915
 11.350861119953 -7.088690857935 
 11.234773270240  7.310840793605 
-10.058246196885 -8.860945627476 
 13.294331188251  1.763538173821 
-13.437889714163 -1.096110977452 
 13.486777095760  0.222589741612 
 5.978425089198  -12.159053462583
-4.877776785464   12.675979111012
-5.362684225273  -12.479918089263
-12.146479260049 -6.230657957986 
 1.257590052461  -13.652407643100
-13.815399701914  0.631679569674 
 13.354827918508 -3.667767711061 
 2.756151372450   13.600668149067
-13.734238733593  2.302722316505 
 12.948580103122  5.131621355640 
-13.200804540798 -4.612709143506 
-13.253301902435  4.615273479775 
 10.281988677559 -9.561023381711 
-11.441324220742 -8.165737022528 
-8.318664009060   11.351602918652
 8.950527927171   10.903632791894
-2.685688941064   13.922344466904
-9.286271936477  -10.743075456684
 4.778281956262   13.551320716974
-12.288486576773  7.466434623973 
-4.402703209485  -13.693879428742
 10.277439188327  10.171581359406
 8.902996743435  -11.437027407377
-6.892448764437  -12.871532782158
-1.074106831177   14.599723736519
 6.415724011316   13.178681438508
 13.163712734466 -6.477421233513 
-6.308668848541   13.246056942201
 3.084255879373  -14.347650140748
-0.748578540451  -14.662012534090
 11.606070435802  9.014646010117 
 14.210713564426  3.874688244962 
-10.151232783242  10.691793794708
 5.719082002263  -13.645244029865
 7.504463455179  -12.791376600793
 12.709788751537  7.709089346205 
-13.585724569836  6.305780968059 
-4.324055036074   14.366218884985
-10.772923178898 -10.488281307321
-7.775548733546   12.912666620744
 15.011500061642 -1.535143709656 
-14.792394587415 -3.377717008352 
 8.376398135753   12.674556175835
 15.033706161834  2.413770598583 
 1.121183005028  -15.198029434732
 12.199989640641 -9.150309593844 
 0.357457336440   15.343500857593
 14.618664975530 -4.782736559259 
-13.289892979126 -7.757957071683 
 2.418672583679   15.236121946590
-14.348708037534 -5.729676518695 
 3.977091356824   14.931308091632
-3.181277395809  -15.186550962719
 15.535602790762  0.171611114026 
-14.698769918006  5.078500090679 
 14.244582846645  6.319160027883 
-8.502984532187  -13.070268445800
-12.540094962773 -9.276570919190 
-11.776169004951  10.231283195601
-6.236106078712  -14.425800208026
-15.342257861443  3.438817019546 
 9.107865644297  -12.926568940130
-15.742890715806  1.709825091943 
 9.975307191323   12.418953747228
-15.819964189970 -2.053822692800 
-9.523617410128   12.846650566879
 13.811754434051 -8.165401912893 
 15.761146646557 -3.179146082308 
 12.494269162804  10.237019830691
 3.805629882338  -15.706212028007
 11.139665668390 -11.720094339038
-16.236194455036  0.173942332156 
-2.014821690705   16.185946344289
-7.701420783401   14.411872793364
-7.811136441430  -14.408467314858
 15.724670100055  4.733674668879 
 14.382298185808  7.944410172238 
-4.087215851289   15.928427384881
-0.150242428409  -16.480956630703
 1.503768556130   16.435547855535
 7.635354618266  -14.653520176261
-14.674921351966  7.620758898362 
-11.182543817861  12.212510095578
-11.225339435005 -12.206216507675
 9.192996272899   13.938680284218
 5.732780820865   15.701016602947
 5.804463130263  -15.681384442024
-13.915522145201  9.272852621072 
 16.638434017479  1.794334348834 
 7.829582759554   14.814048063831
-14.911952409641 -7.671373758410 
 1.653749933279  -16.694782791684
