-0.479483803394   0.351811089947 
 0.047380627680  -1.129436554014 
 0.777889527431   1.198037716581 
-1.563324790890   1.759333776577 
 1.083239237546  -2.215092760115 
 2.465705639393   0.235221469989 
-2.460396324106  -0.298338419313 
-0.553355707528  -2.519691547598 
 0.481288514688   2.923774499009 
 2.156236221710   2.238695521053 
 2.571518128486  -2.429208759038 
-3.026001169578  -1.986910116523 
-1.860049768820   3.275179172498 
 3.655398646625  -0.993499807993 
-3.783430742738   2.053458187270 
 3.890950486118   1.972540396039 
 1.399668392612  -4.263420535518 
-1.764627428031  -4.235132532432 
-4.617980670669  -0.566305611487 
 3.125662779982   3.481974235338 
-0.607879263300   4.794011819185 
-5.041841760244   1.010706732469 
 4.029555078861  -3.361012657267 
 5.135382596973   1.107332244512 
-4.331564448087  -3.038083776361 
 5.389604005380  -1.514617630869 
 2.483670609220   5.034178824071 
-3.443138502437  -4.463816253843 
-4.022711803392   3.970213897651 
 0.769543685765   5.750966028389 
 3.440571183393  -4.755942431768 
-1.884188268039   5.759113629848 
-5.367521358009   3.014585596331 
-0.356357312109  -6.164886725779 
 4.548985637360   4.316701355940 
 2.021835345843  -6.186146323619 
 6.508793749271  -0.335012752595 
-6.537695444702   0.015437683145 
-3.770821593384   5.467541895737 
-2.889440777653  -6.060180979684 
 5.803239696764   3.413091235428 
-6.074055529515  -3.229595207501 
-4.480950525593  -5.548195626156 
-7.019572337323  -1.643965775613 
-6.818288279794   2.458663248306 
 0.854293225967  -7.297936234151 
 7.171305226486  -1.909388362880 
 4.778623851864  -5.746912591133 
-0.010460092905   7.488576007419 
 2.711972881040   7.072383445837 
-6.169105226531   4.463475980821 
-2.107201786306   7.325981644195 
 3.619751624874  -6.740867241170 
-2.028556882625  -7.504485404198 
 6.304986274254  -4.592946481297 
-5.964459196746  -5.064500567359 
 6.029897100424   5.068397349415 
 8.012511716537   0.606231001220 
 7.605557707696   2.667647071659 
-8.089110528490   0.895112324995 
-0.612547330416  -8.121772949763 
 4.910095817773   6.503386911250 
-4.737488050159   6.771216362713 
 1.763370552418   8.353958760455 
-4.161885997124  -7.638978376793 
-8.408788167361   2.399726681709 
 7.543493540089   4.553522570767 
-8.853031487558  -0.457315923461 
-7.758690572477   4.368546860085 
 6.062749350342  -6.536556904712 
 3.811435306457   8.175323382335 
 8.448614300408  -3.212596498620 
-0.787144544312   9.018298457470 
 9.011077947756  -1.344990869150 
-6.573894360893   6.360364564864 
-2.577608402890   8.824424684893 
 2.369339846007  -8.950724338333 
 8.038028565311  -4.709832702652 
-9.012043044577  -2.610565893350 
-2.984911465012  -8.899334846861 
-8.131923609936  -4.806032573726 
 0.694150864739  -9.486225448572 
 6.880760800250   6.721926901026 
 0.829491353937   9.767337360849 
 5.252044438733  -8.291956673006 
-5.897347112308   7.903536893660 
-5.547228856578  -8.285552970557 
 9.050421806746   4.230332487490 
-6.848782299992  -7.374922215012 
 2.359979807421   9.879142646710 
 8.350977353902   5.834066742951 
 7.608920539141  -6.805927352152 
-9.862481509673   2.975741829407 
 10.352911205419 -0.502513676241 
-8.211611634662   6.436081341431 
 10.052295991630  2.804504410269 
 10.389866379235  1.296567892969 
-9.376248798706   4.773237266706 
-2.190635513485  -10.303498568536
-4.202556037338   9.777009358677 
 6.079421275132   8.764900026960 
-10.650933676172 -0.697511219916 
-2.793702809075   10.408473136609
 1.821288952688  -10.633112360287
-9.938965653993  -4.219084288196 
 3.364769739489  -10.451588308531
 10.616465020124 -2.866794055682 
-10.875247766116  1.637468590508 
 4.080028521815   10.336163094098
-10.845110184436 -2.454372531527 
-0.850497802533  -11.092349752009
 5.149355181811  -10.103484530184
-4.614646039596  -10.385134961107
-9.263040249583  -6.648440513273 
 0.436022782811   11.404366220391
-6.083735360227  -9.772001272858 
-7.591836907781  -8.678142692233 
 2.028300215911   11.354546883334
 10.451863891113 -5.028691500151 
-6.174704440760   9.886518041192 
 6.848003571912  -9.475394531603 
-7.468367556125   9.021806640175 
 11.531097071651  2.319960098453 
-1.065710870241   11.752417104610
 9.280531428723   7.301682880298 
 11.875255638647  0.641931283082 
-11.992107734823  0.223033457731 
-11.057046595583  4.802049723025 
 0.477401016159  -12.046109892006
 10.165427280758 -6.555459616030 
-9.362237101886   7.705707369804 
-11.688707498542  3.230744535455 
-3.030198596894  -11.784999178494
 12.133553003639 -1.059014805141 
-10.493551977808  6.214030224298 
-2.551092807236   11.977311444190
 9.514820128428  -7.911490431497 
 8.420239696262  -9.179407909356 
 3.133336276582  -12.076554243382
 5.859872135037   11.083301007724
 7.167836330302   10.294432321635
-12.480616800133 -1.359078750852 
 11.673574199310  4.625623322431 
 9.012439911457   8.817524290481 
 11.993951649126 -3.915242490232 
 4.965866108559  -11.627293167169
 10.975483985320  6.411840812553 
-4.711223619196   11.823300113589
-10.818581490759 -6.732390210965 
-1.739453297669  -12.720915178041
-5.400156759677  -11.705259249125
-12.864998653862  1.631537400193 
-11.789542517829 -5.452805808324 
-9.079162407370  -9.355557706702 
-7.602550399842  -10.751549287353
 0.811688877599   13.160442484606
-12.533774452644 -4.139561011692 
 11.975927257572 -5.645600679125 
 3.679280255856   12.739530033311
-1.654012382720   13.254908419883
 1.640973718144  -13.336339490337
 13.433137338447  0.926318576931 
-0.212828643125  -13.474174160670
-4.117858721164  -12.902547896548
-6.436705758187   11.921088427946
-11.344794536203  7.579273114640 
 13.461830870201 -2.225344333979 
-12.148853002498  6.249893918576 
 13.288899824617  3.214406275124 
 6.617660363044  -11.996378721549
-10.049221340680  9.320863521118 
-8.016557655646   11.140611812641
-10.933104417607 -8.634378695342 
-13.699759134582 -2.665899417129 
-13.488367627873  3.613694807033 
 10.637794439872 -9.053988016120 
 11.960719478417 -7.253718288642 
 3.952642346334  -13.455108776552
 8.055731345080  -11.517891372894
 11.181934068641  8.532026159800 
 12.793804983632  6.027510578200 
-0.323077539946   14.159852998299
 13.316844402288 -4.857706040258 
-13.325277752472  5.160698142772 
 5.317892473735   13.286633783224
-12.121338418553 -7.713650080362 
-14.356082895841 -0.980779463994 
-6.570731285158  -12.847121916567
 9.910894115842  -10.509673122796
 8.440911400881   11.734016545361
-13.219764964845 -5.918996555594 
-1.614361750424  -14.534225954861
 1.679530017777   14.539475284516
-8.893025667442  -11.674798293617
-14.669352564443  1.015986304566 
-4.725165421104   13.955535439269
 14.357344527264 -3.455175818905 
 10.320537850305  10.597681761802
 7.257815114630   12.910875479653
 14.781932476532 -1.269557491069 
-3.197948380175   14.545532231792
 14.031689857715  5.127607457693 
 3.454092331170   14.567195436601
 14.989403522182  0.287189607220 
 2.344134177747  -14.858957560694
-11.798741128444  9.463363877425 
-10.525432641910 -10.924225340610
-4.011593071803  -14.705145460597
-15.001707866253  2.709034030299 
 14.822151555399  3.670340703421 
-5.713688265432  -14.171839296146
 7.878153874380  -13.096760835709
-1.745358671837   15.273022347078
 13.345638294557  7.707160760544 
-6.298576343403   14.072701576276
-15.248115395251 -2.466282200349 
-13.733568123247  7.088154219078 
 13.833926797789 -6.895274753684 
 6.667516531643  -13.996986837898
 12.198401726434 -9.727832650954 
-12.286879331445 -9.646802737227 
-14.874373581894 -4.805962928121 
-10.423628060884  11.673903884569
 0.089862069255  -15.717086585610
 14.794214283573 -5.379811764345 
 10.109449484606 -12.083159155365
-9.426860224214   12.853126206682
-7.975529672551   13.805901531350
-15.956930348252 -0.769104631307 
 0.311539435564   15.981066866237
-13.399813065693  8.732765179065 
 13.497635545125 -8.621052043029 
 6.299395534573   14.757629249093
 2.602228029343   15.868767276279
 15.886623462790  2.587977225625 
 10.449770100457  12.287559358434
-3.010351494300  -15.879434888742
 13.212254848396  9.355877783467 
 14.903384400678  6.352896512486 
-9.295270441453  -13.271512034306
 16.112997034119 -2.107779860459 
 5.677996682048  -15.279586964991
-12.169040033083  10.918188499850
-15.630357766304  4.853867157000 
-4.071619618748   15.913130654455
-10.885672756362 -12.404878082360
 16.160412246274 -3.610094463156 
-14.144401838444 -8.634812146842 
 16.576379418643  0.078982404696 
-15.224162834057 -6.608799112392 
 1.383920374119  -16.557199384395
-5.536438854263  -15.733298453791
-1.527823123599  -16.609674747901
-8.339667553670  -14.459713836292
 3.347339005691  -16.392281348968
 11.942209159741  11.909185289046
