-0.526230773149  -0.584153182531 
 0.635189459866   0.562966942154 
-1.262140017912   0.871507581781 
-0.681733611880  -2.273029221381 
 1.301105457705   2.115967585953 
 2.219413188137  -1.193935082514 
-2.546128941992  -1.129379647432 
 2.708930605491   1.470858983484 
-3.028947998987   1.344735489931 
 0.879076915498  -3.225881713721 
 0.425744913590   3.392836071914 
 3.563709110105   0.202169509884 
 2.427994764528  -2.714085584648 
-2.484784310723  -2.712273084967 
-1.545211682237   3.396383825922 
-1.626308784885  -3.982312406678 
-4.553339776536   0.041478761231 
 3.407250633850   3.050687669692 
-0.459305286004   4.633655775971 
 2.028275502709   4.334221003742 
 4.068224271660  -2.663950918575 
 4.865449260753  -0.991610034738 
-4.851939731768  -1.618775156074 
 5.129423754797   0.661896447727 
 1.488358106564  -4.955273593047 
-3.908977414592  -3.838232073047 
-4.257381415895   3.460506040671 
-5.240244039505   1.976632487465 
-1.053988642481  -5.537078195173 
 3.444439818780  -4.496318041689 
 1.230285961606   5.656058260036 
 5.609811441027   2.302823179504 
-6.174736755018   0.539211421925 
-2.947697288382   5.499874311976 
 6.310707050717  -0.309903693149 
-0.141742712896   6.322850288263 
 5.062713674948   3.805051842741 
 3.468458925262   5.360445255463 
-2.654246103222  -5.959639587497 
-1.641776796912   6.340897163135 
 5.615050459757  -3.558772820951 
 6.353593747688  -2.131996882333 
-5.818845785493  -3.841329925508 
 4.962480163457  -4.935899131398 
 6.966861758118   1.062102205635 
-7.019172817351   1.788017480374 
 1.966668222222  -7.001732340078 
-6.868019929625  -2.702191828227 
-4.513950937967   5.875381617299 
-4.203838192203  -6.208159790505 
-5.879346068906   4.788741261497 
-6.874458846277   3.310494403750 
 6.849632312544   3.474687139656 
 3.483620014475  -6.861447651641 
-5.531223909979  -5.442640561740 
-7.699533961756  -1.005990229113 
-1.865809717242  -7.743224528996 
-0.490303919506   8.008395746188 
 2.467735534542   7.652433590902 
 0.006742109462  -8.052104446741 
-2.679520930640   7.595644310059 
 3.953857435725   7.204632461137 
 5.364102747044   6.243715860248 
 8.077111108581   2.152268766803 
 7.844857305246  -3.009370892102 
 8.435797745434   0.338245847515 
 6.706159722193   5.258603242828 
 1.129918615966   8.452616743059 
 7.278344533441  -4.452552154718 
-8.485171027783   1.391043148772 
 5.771025026933  -6.499162599656 
-8.379348221300  -3.035005094359 
-5.575311176205   6.980195466861 
 8.993895161487  -1.386530966950 
-3.482693457905  -8.457824510991 
-6.387445825438  -6.691762220432 
-5.242561483992  -7.663716721602 
 5.014112092282  -7.886301072625 
-7.073555673180   6.261217279330 
-8.477702120605   4.497445653758 
 3.798874986478  -8.827513723987 
 1.685379759188  -9.632420758323 
-8.481705676907  -4.991520282136 
-2.509609722398   9.621693220074 
-5.308835412698   8.464722542800 
 6.024398528822   7.981199974853 
-2.006312902583  -9.854037899161 
 7.286552803752   6.982697829550 
-0.968209970567   10.084145563036
 10.002833657612  1.668394846879 
-4.007019883405   9.327573144624 
 9.641802740732   3.384845051037 
-10.192155991868 -1.043937408269 
 0.949845990665   10.222378301587
 9.835874949800  -3.009541547742 
 2.649149092377   9.996779043561 
-10.219072083948  1.736692514776 
 10.385496646849 -0.047252361022 
-9.748066816119   3.598023036835 
 9.194269516416   4.947847688980 
-7.991160795824  -6.720906034527 
-10.187954120674 -2.558809395921 
 4.266826380887   9.613584336022 
 8.562978287726  -6.233587833396 
 9.421421724969  -4.915763760503 
-6.920952695354  -8.124924418053 
-3.897867414941  -10.065965332421
-9.895719712963  -4.474004393868 
-7.531489239868   7.917361890350 
-5.814849187953  -9.317402451006 
 0.091466662873  -11.025481467700
 7.134435217546  -8.591630565310 
 9.132398383007   6.513153432684 
 3.025383276251  -10.847311207917
 5.077699341811  -10.072013747133
-9.187845179296   6.681800223848 
-2.333938864188   11.175964231074
-11.448423592866  0.223186959648 
-5.259055035777   10.232339140362
 11.382738780674 -2.282200963028 
-10.454422252881  5.113271922869 
 10.822083740598  4.350777911448 
-3.943593257141   11.066100860115
-1.285228246540  -11.700048548154
-6.797691236473   9.622145782955 
 6.203307773220   10.041806708771
-11.743728927651 -1.609611773007 
-8.644185772712  -8.173971309129 
 11.585653787087  2.703906159294 
-11.668807979634  2.443343002649 
-1.034816651200   11.961954245514
 8.502647336171   8.534184606263 
-3.269988900618  -11.610520322065
 12.065535597155  0.242172864185 
 10.397484405477 -6.182959440381 
-7.489398649253  -9.715392961412 
-11.606743935027  4.095525626538 
 8.883194848849  -8.541125387722 
 4.018472508314   11.653163341148
-10.157761793822 -6.987716530674 
-6.067371770977  -10.823499718544
 0.855637921313   12.453486464586
 2.206265617596  -12.286578803826
 11.577963820003 -4.686114343670 
-11.545971101386 -5.023132221142 
-9.641667506110   8.323975519360 
 5.760487822489  -11.431919069750
 0.519177842045  -12.793234098201
 2.785006816673   12.629500620333
 7.921506692081   10.257644563963
 12.988943467775 -1.493758661637 
-2.648610592971   12.812014437137
-5.233215624258   11.994395109955
-11.155844285431  6.896090042609 
-12.653612322031 -3.648439481154 
 6.119784933716   11.782479471892
 8.064565294916  -10.585279251633
 11.547150485875  6.672139416221 
-13.167684785592 -2.124149716832 
 10.622298882582  8.103968336738 
 13.236525304650  1.923242560981 
-9.897866894131  -9.024626352944 
 12.903607338133 -3.797003146604 
-2.105455381303  -13.308734014122
-13.321274737723  2.150833754647 
-9.109227596965   10.219474308826
 12.539882269504  5.498299806537 
-12.686614541482  5.171519347131 
 11.464363158117 -7.606962173764 
-8.324077640709  -11.016986026441
-13.817957680120 -0.135334871542 
-0.587112973000  -13.824633982395
 4.632710325537  -13.095510575666
-0.818221219105   13.897078803095
 4.843323570017   13.087507120800
-6.443732241387  -12.408673727567
-4.899168019374  -13.162525606041
 10.730293746254 -9.157204805207 
 13.748326959133  3.423875969979 
 1.202016274927  -14.133952257974
 3.201302245955  -13.877131478323
 12.785393147520 -6.352395428710 
-4.586416361805   13.538078810092
 1.473411096228   14.248167550644
 14.061652605499 -2.810359371543 
-11.570455852748 -8.480029881842 
-7.530395239997   12.218043154091
-13.946448439917  3.568693020192 
 9.512231920893   10.857837203959
 3.544086187998   14.007091097525
 14.470771789570 -0.556976242504 
-9.830825394429  -10.652054764623
-12.821076700777 -6.779903368003 
 7.799749316921  -12.294225969401
-2.748153509192   14.311783954401
 7.356749981199   12.666386285646
 6.496617241902  -13.239783879727
 10.997803217981  9.920926798340 
-13.152972349376  7.024092451166 
 14.841048798008  1.816081596672 
-3.227271763540  -14.601212751689
-10.866730657455  10.316984827647
-9.140467853865   11.886703340395
-12.443283335417  8.403863266282 
 14.120179810429  5.236419173105 
 12.808997970550  7.922332356882 
-6.194780666889   13.734753828121
-14.143512025352 -5.198389993769 
-14.808499640359 -3.831069475923 
 10.339393928124 -11.409327607248
 5.344111327512  -14.482441391813
-8.832961331829  -12.663752480269
-1.517897022523   15.432531479829
-1.204419274447  -15.480663456249
 2.050898273216  -15.403247231204
-5.893158639387  -14.391471007069
-15.607090062592 -0.640052607446 
-4.279801406641   15.027386772446
-11.430008242290 -10.696508097379
 15.358728977917  3.257656140785 
-15.560984085105  2.547100820447 
 1.053480434519   15.755201489383
-14.690828292294  5.840619026327 
 13.473190547599 -8.381031143885 
-13.642756109804 -8.153236831136 
-15.712184547376 -2.529570835543 
-15.342134671882  4.258783594149 
 15.202285672842 -5.125632659647 
 3.238203963101   15.741118017878
 7.909999423016  -13.999290850165
 11.065255294785  11.710903796408
-10.455308024801 -12.433089493010
 16.191924734798 -1.316384600757 
 4.870885832675   15.499445983624
-16.243632272753  0.870563271067 
 9.812783267478   12.975223046566
 0.735682291388  -16.261252266115
-5.762233721253   15.257868789892
-7.814400761308   14.329839106855
 12.079237586623 -11.016896884965
-2.751827996853  -16.129929200060
-12.883283840059 -10.089376759474
-14.740350969497 -7.110727280045 
 6.716039104646   14.964237891042
-9.640750788572   13.306446980341
 12.932384338551  10.149745616865
 8.621218012012   14.032314335736
 14.789924828724 -7.327760583294 
-12.162254883826  11.194521746383
-14.677426486616  7.627451835989 
 4.463418345160  -15.946035935014
-0.271967008567   16.571521299931
-13.334877335636  9.923038350625 
-7.851082657651  -14.744084507997
 16.703158429507  1.837760146684 
 15.902544947049  5.584493106785 
