-0.943779846076   0.566771169130 
 0.828368481994   1.183114776009 
 0.476704020976  -1.459751727197 
-0.942660707029  -1.953162451642 
-2.445453179678  -0.096284612396 
-0.847138216332   2.444052064113 
 2.693612962724   0.227504490791 
 0.660788951755   2.689615961436 
 2.508201117594   1.835030912420 
 0.541801454779  -3.524765088317 
-3.524150259277  -1.530839192230 
 3.187078733197  -2.313231336938 
-3.053470931175   2.656204852401 
 2.341628903268   3.463666481581 
-1.708432613624  -3.830142917124 
-4.116812689561   0.968864160249 
 4.576459692096  -0.032693853926 
 2.026460777412  -4.253666719932 
-0.503921082519   4.740005864809 
-2.072945057801   4.496248403674 
 4.715355823678  -1.553947048881 
 4.656832210593   1.927390315043 
-3.397394905676  -3.957900462240 
-0.938517041924  -5.164508118558 
-5.037618393310  -1.625006794463 
-3.689889129469   4.116153995827 
 0.798277669724   5.487717010576 
 3.579923721553  -4.333380431951 
-5.666137412647   0.196667936178 
 3.511298538372   4.473891043814 
 4.749617427329   3.537092363683 
 0.652166033722  -5.954689240773 
 6.118659844098  -0.836281098534 
 2.487514708871   5.691165901102 
 6.176519709793   0.944979221467 
-1.237219103630   6.204962578907 
-5.758025278039   2.682713938635 
 5.357522168265  -3.434199712113 
-5.677392527396  -3.137293371143 
-6.629070506819  -1.201571445938 
-5.249266381159   4.322434698088 
-3.329100788738  -5.982697417651 
-4.631711129578  -5.076888851894 
-1.603956957491  -6.849591929781 
-3.905994610721   5.959107782444 
 2.403079636554  -6.836074871907 
-7.093897834339   1.635745048487 
 0.268871687298   7.277121449680 
 4.330875862588  -5.940975446397 
-2.484896973175   7.201645499402 
-7.626522846441   0.046190330162 
 7.630610417020  -0.181398738173 
 1.086494645905  -7.603017402501 
 6.532279403544   4.136865742389 
-6.152680882646  -4.742925385306 
 7.479843653824  -2.175616040200 
 7.300352092776   2.770346007634 
 4.180778159385   6.603298430131 
-0.458430778014  -7.843418386555 
-7.114670068899   3.403873383216 
 6.071994638789  -5.061256705813 
 5.460807283438   5.796755226550 
 2.561951962883   7.635674967482 
-5.865539903943   5.701296039752 
-7.632213167030  -2.969767925367 
 1.178166450924   8.659165429062 
-2.081953519285  -8.497558212880 
-3.555783489995  -8.052529387778 
 7.939966443718  -3.968377933067 
-5.090641283821  -7.327965626662 
-7.675509156316   4.800259311318 
-3.419943507307   8.459214831284 
-7.721585806736  -4.895346593980 
-4.988199978320   7.705893408513 
-1.767588159933   9.060147783804 
 3.628055323269  -8.575773882258 
-9.137933575778  -1.838205553294 
 5.483228119762  -7.587305125681 
-0.250743789441   9.363303005558 
 9.053588196034   2.433729810901 
-0.282138760283  -9.382406677279 
 8.056554438477   4.823397010135 
 9.409249825914   0.578811618904 
 7.460986844960  -5.813459503781 
-9.468895140007   0.596568399044 
-8.816112010490   3.545950088953 
 4.618863808150   8.484721667734 
-6.892333526282   6.867719409888 
 6.590702150319   7.159772186485 
 1.841986916814  -9.709809989174 
 9.890778202228  -1.001989812432 
-9.082255784180  -4.157269515002 
 2.037367681632   9.928459509325 
-9.940603902719   2.179466505693 
-3.969613556261  -9.561885991530 
-7.253433683520  -7.423885565181 
-8.321868720255   6.265669942656 
-6.124421725509  -8.557718350653 
 10.149325370036 -2.991329054027 
-1.196415737960   10.650659145461
 3.285169154787  -10.237951433006
-2.732089436676  -10.438087720708
 10.246138423007  3.422709179565 
-9.474455254055   5.201055751754 
 8.054214609570  -7.257109305556 
 6.250296855577  -8.879932456513 
-3.590056488687   10.277338001681
 5.982201465070   9.111298734016 
 4.181795353508   10.095201704408
-6.368083522993   8.996967474144 
 9.938491766083  -5.057556492982 
 8.564369792261   7.177397626801 
 11.203945968410  0.865772056805 
 1.145196960689   11.222347069647
-10.723188083770 -3.566561014087 
 4.844279810033  -10.269987421873
-10.706412725526  3.794576836963 
-5.533434700757  -10.016163336851
 9.392726472493  -6.551445241620 
 0.776807757629  -11.533745083612
 10.201286985631  5.485837241169 
 7.865211013727   8.561231487855 
-11.574018310672 -1.300941575766 
-8.542692025852   7.988812895281 
-2.527423610618   11.471214561019
-5.625568559920   10.353643573526
-7.805489018620  -8.879577188837 
 2.338931827214  -11.640204671322
-11.886561902300  0.186142907977 
 11.657644905732  2.548914978997 
-9.979109562496   6.620802701884 
-9.888987355087  -6.804308137802 
 8.034581795229  -8.962065212915 
-11.814029089919  2.534551194042 
 12.088933359494 -0.433643522114 
 11.877195916914 -2.622267913302 
-0.810655785003  -12.210229883440
-4.728767574596  -11.317542161115
 5.248998829638   11.194011667396
 6.984077095397   10.232019498716
 3.859629024779   11.829975111111
-11.224691207057 -5.476253471911 
-0.504658061547   12.502138491341
-7.217413674891   10.319592060587
-3.446430075528  -12.126462674592
 2.306490818260   12.434177442720
-11.420340935166  5.532115939321 
 6.464070267779  -10.977297891123
 4.797465847969  -11.923098638835
-12.742301194618 -2.389475059111 
-3.898350989020   12.423764524082
 11.831748532670 -5.547130166029 
 12.436450060369 -4.049765137425 
-10.244541918866  8.134008761622 
 1.373705236633  -13.034987161130
 10.091982760524 -8.507108963277 
 12.387296970102  4.569675909484 
-7.257445026857  -11.115958485361
-2.217848734354   13.129241327800
 9.075700216996   9.758296988823 
 11.926222527464  6.025040146145 
 13.220517000357  1.942327997752 
-5.883632796280   12.009191097116
-9.009843332535   9.966271616664 
 11.141549420758  7.512947172100 
-10.698471128479 -8.177234474068 
-6.069460634468  -12.041449053268
 2.921798358994  -13.183737214005
-13.529346270433 -0.895311684875 
 10.335618310994  8.815868948116 
 6.781505587506   11.796677734688
 11.569231608983 -7.186464811306 
-13.581981792434  1.207978184028 
-11.799636583605 -6.964213581706 
 5.266379907716   12.723189464722
 13.460805593702 -2.906934946988 
 13.765583018758 -0.713460309819 
 0.429163909702   13.820763854602
-10.002209403436 -9.668447622393 
-13.122362804156  4.922069666381 
-13.463768231302 -3.979098382417 
-12.856800601354 -5.798212851427 
-7.395814745541   12.032205916459
 2.066508583509   14.115073313111
 4.472147009587  -13.557119380383
-2.694248184668  -14.025603087183
-12.713922251084  6.554769447140 
 0.103475297013  -14.309411924074
 8.873944546251  -11.251617279179
-8.987221920224  -11.250324449188
 10.453074743431 -9.977587593894 
-14.268496555059 -2.530135158666 
-14.122511400598  3.424435173146 
-4.574033318548   13.851115768428
-5.489313293248  -13.611198376689
 14.027441134694 -4.359590269536 
 6.029092073653  -13.399684787000
 4.044333675798   14.170353193272
 13.944245579111  4.836159521861 
 14.527629280570  2.893028080054 
 14.809723446300  0.467167116710 
 11.835835249617 -9.011932310967 
 8.401985689151   12.283855628024
 9.921354105294   11.102986388567
-12.376096369008  8.305152954170 
-6.615878612756   13.377597494999
 13.247597394844 -6.891905108959 
 12.815288306601  7.747225821156 
-14.979485056839  0.337178721883 
 2.166188409059  -14.856999709220
-10.674788118670  10.761457407232
-1.396855454750  -15.111871500614
-7.776112304443  -13.066812189948
-13.133212038152 -7.720908577059 
-15.130769463749  1.916520295062 
 15.197595891478 -1.488893256459 
 14.978757238452 -3.098827871172 
-0.762645953764   15.371097935550
 0.974218179082   15.359390725195
-8.772001162190   12.715670740323
 7.968676099615  -13.249405690057
 14.030200942429  6.616063675005 
-14.826666764309  4.771044094340 
-3.670913047363   15.190435214293
 7.722247607549   13.625471737442
-4.381664899917  -15.048269712480
-13.918234434682  7.552631944430 
-12.803592714507 -9.327597834588 
-14.385803044928 -6.673257962460 
 12.563686510365  9.690742093985 
 13.353084632071 -8.619458762878 
 6.257642847754   14.630679847616
-12.216742355631  10.271327815034
 14.978030859564 -5.643985920074 
 10.388239696894 -12.204861590021
 0.557291399634  -16.037524263213
 11.636903290949 -11.051156044136
 9.921566164122   12.617997761003
 4.253136542376  -15.479503294815
-15.326756971973 -5.037692657823 
-10.344943175435  12.437713680345
-16.105988959122 -1.651491658046 
-5.267546424580   15.318186960271
-15.821311684801  3.587616580691 
 11.481207947511  11.540026473604
-11.844594756659 -11.405657277703
 16.429832037176  0.945573314053 
-16.058471834588 -3.702368001838 
 16.472669117976 -0.635201552384 
 5.983831864008  -15.371631502005
 9.470062392626  -13.528972598873
-7.329531267324  -14.835413665552
-7.112938845738   14.983552671003
 16.033852603406  4.505997795666 
-1.261482538698  -16.610404511928
 14.200974844219  8.769614209236 
