-0.856296917347  -0.267850464272 
 0.722624797764  -0.694833756573 
 1.032149880230   1.920558069058 
-1.963721494628   1.599449409707 
 0.228439589342  -2.862266681422 
-2.594491344530  -1.531783387753 
-3.013093900063   0.166470861454 
-1.493619438399  -2.672668801002 
 3.093892224427  -0.271623714156 
-0.130633518080   3.137591427627 
 2.255780406134  -2.275602693378 
 3.440757560521   1.277105028974 
 1.542571069524  -3.653445170798 
 2.371103184860   3.487341803862 
-1.319352094629  -4.188878152904 
-2.186195318237   3.831797086722 
 4.325146664825  -1.356418087429 
-4.388515601826   1.463251443310 
-3.528496581421  -3.039146274046 
-4.440268794853  -1.412568026231 
-3.881406524197   2.972166563142 
 3.269977662878  -3.668714316219 
-0.159244023580   5.025575492317 
 0.807772285627  -5.126435868466 
 1.365080486660   5.059961823157 
 4.746515110443   2.470567483365 
 4.809515354829  -3.100820688586 
-2.449011122246  -5.223501406593 
 5.809996221315   0.813678306472 
 2.956289862067   5.100227086825 
-5.075888747825  -3.063274764956 
 5.853045360085  -1.283761617812 
-6.059153558679  -0.647173404079 
-3.983616017988  -4.683926071546 
-1.718908596344   5.907144360471 
-5.527020577357   2.725697190291 
 2.136805256930  -5.894473169003 
-3.981426631685   4.929798244013 
 3.517245138742  -5.285610055188 
-6.298630553288   0.967620958253 
 5.133276093795   4.126788916033 
-0.000224850239  -6.619150276571 
 2.199700730425   6.464974466857 
-5.488363113769   4.287383421424 
 6.361289851320  -3.044045344904 
-2.140203837033  -6.731798188346 
-6.586645200642  -2.865303475316 
 6.483835249480   3.276126588132 
 0.210648820037   7.320126079581 
-7.526592560493   0.049345731463 
 7.548690206841   0.057903317703 
 7.375544607393   1.616431657460 
-7.054124723405   2.901878561268 
-6.204837605846  -4.453974510446 
 3.502618764309  -6.865300825077 
 5.987946190975  -5.102821601870 
-4.049521227518   7.042270397803 
 5.671077101544   5.893995345193 
-1.921013154590   7.970080409114 
-4.552759661646  -6.877744677321 
-0.607015415448  -8.321733118072 
-5.938417164877  -5.982069789147 
-3.268630321704  -7.800316092947 
 8.376449263332  -1.243910422584 
 1.117921963950  -8.453808266532 
-8.305356633878  -2.091483372226 
-8.367251804596   2.158689779790 
-7.840756440720  -3.702815649569 
-5.955830149441   6.312406977202 
 4.557765396735   7.494961788580 
 8.124203734821  -3.748537550526 
 2.865276192854   8.518951405743 
 8.081095207617   4.146482399031 
 5.293821413935  -7.451924584547 
-3.447098964375   8.498661706116 
-7.327474707057   5.535175551540 
 3.525930518897  -8.628788569338 
 0.888592528548   9.377884222544 
-8.449541818884   4.188108433330 
-9.500751148599   0.158742315197 
 9.625461494918   0.287631139196 
-1.445233976735   9.525741132935 
-1.706726151945  -9.573900671993 
-8.286308293244  -5.265790646477 
 7.300508882238  -6.619601242066 
-5.242032367949   8.357019219067 
-3.269382847154  -9.310864690721 
 8.263076786794  -5.443292797035 
 6.089672147548   7.879135792735 
-4.727544962879  -8.838955211513 
 9.830121685592   2.221297218134 
-0.240000305292  -10.090114641793
-9.846396579477  -2.594886027251 
 10.103716518235 -1.591969657350 
 8.066261917062   6.503310828940 
 5.115428185798   9.138118442285 
 10.156446554806 -3.113820211932 
-9.654809136913  -4.433116027074 
-8.524816524592   6.498550830787 
-4.486934604148   9.773679504714 
-10.634023949211  1.741123274985 
 4.764428497823  -9.703423643401 
-6.723629018794  -8.582961400035 
 1.536271134526  -10.801338450689
-10.283100677997  3.658564903247 
 4.091025368756   10.275156670674
 0.736806949116   11.050902050100
 11.091202413625 -0.032679049666 
-8.587518430178  -7.153378166443 
-9.848179602476   5.377758839831 
-2.059448770373  -11.047945366479
-7.956188926885   8.046329252475 
-1.344257949172   11.286676462896
-11.376654314952  0.001839109766 
 9.761559068135   5.904114627261 
 9.665265966787  -6.062044542697 
 10.742106669436  3.890155614813 
 2.457788457396   11.164430149992
-6.412323894627   9.490299194152 
 7.723630005759  -8.465834653997 
-11.302467710596 -1.930674258188 
 8.805940571233  -7.350615514538 
 3.112832142914  -11.054290167067
 10.650372027685 -4.660867968588 
-0.450115805235  -11.661664636913
-11.152248533380 -3.445141013995 
 6.653292894327  -9.599743988543 
 11.475977921569  2.362459303256 
 7.247010331216   9.501456424715 
-5.092955783115  -10.881991036016
 11.922953888514 -1.532750981006 
 5.594619537786   10.651382351558
-3.301686108220   11.650709898434
-3.524426615478  -11.813082397507
-10.854103070314 -5.942046573093 
 8.897036052125   8.691984620703 
 1.181950037470   12.544258753677
-12.563974734604  0.984167432807 
 2.423271328776  -12.392248369440
 0.711609102786  -12.640308019687
 5.601318649400  -11.405861203711
 4.621997744028   11.844681852920
-11.952462651462  4.469067346043 
-8.198277604976   9.937519876791 
-9.286195379440  -8.932472764277 
-10.472101214449 -7.587298283597 
-12.912508351917 -1.002742916559 
 4.205827944832  -12.260919286926
-6.302604147764   11.422995099730
 3.179789662599   12.665408613012
-4.828026357558   12.137679696184
 12.620964561630 -3.565215454526 
 11.244983697067  6.836951254636 
 13.192008221396  0.630852321457 
 7.214927407050  -11.064766041041
 12.141357044006  5.250319608036 
-0.316586628006   13.252180406933
 7.094126221389   11.206101818472
-12.890225804473  3.153012110217 
-12.796982501753 -3.767548267401 
 12.002455180818 -5.901786996879 
-2.196463769835   13.221052713584
-5.058567025269  -12.412212257984
 8.708196290963  -10.242505918132
-7.956897578090  -10.882831380978
-10.728121738264  8.178951736172 
 11.283005518444 -7.407117812783 
-12.111174367931  6.041321350885 
-1.760969746417  -13.437210445503
 13.412199529651  2.736271699452 
 10.646693353491  8.774758192453 
-12.602514127502 -5.917177383066 
-13.944898137767  0.219275763626 
-9.849231192191   9.880845488815 
-13.894743428687  1.826861073497 
 2.870557122916  -13.907102419165
 10.690203207188 -9.398091197869 
 9.165103778894   10.891468121173
-13.339721934956  5.099932241870 
 1.277029426908  -14.244554156424
-8.190336154016   11.751910883099
-10.883384189111 -9.432081931148 
 14.212942436233 -2.432843964070 
 12.809475775691  6.654480748587 
-14.126310666009 -3.010296742935 
 5.351030320176   13.440715243819
-12.270552607894 -7.738235935674 
-12.330623398497  7.789885411218 
-6.462620436825  -13.115281165642
 7.622033085155  -12.634665567180
-0.403498186982   14.776868569549
 12.921349950463 -7.189440897401 
 3.925466390268   14.273725831242
 7.467223400192   12.784668801264
 14.810956203788  0.540027639872 
 14.431343030285  3.951851994607 
-4.889466350379  -14.191347140964
 12.198890111154  8.781740077626 
-9.331318655066  -11.855816613524
 14.253165269690 -5.040442442529 
-14.143089176470 -5.356794535043 
-2.057611856758   14.999186648056
 1.402847663606   15.092282116296
 10.298990893140 -11.140599212978
-4.272476902854   14.561090775331
 14.055784398306  5.724924374630 
-2.953248584060  -14.906883902142
 4.932517719741  -14.393814796648
 9.116950919922  -12.243576440183
 6.515019255643  -13.808183242543
-0.579800053878  -15.369877050507
 15.217749823978  2.352521487677 
-12.163263350298  9.511570030679 
-10.905964935854 -10.977983935750
-10.871374924227  11.037959797918
-15.491036695427  0.509566829546 
 10.700202191473  11.279346196190
-8.159240145544   13.251771054272
-14.034423225466  6.736513398583 
-6.414696602803   14.324295158675
 12.914925477598 -9.183667961975 
 9.239835734633   12.908001733892
-15.626105474535 -3.290055395109 
 15.775945185302 -2.739977733344 
 14.001025113652  7.778706484294 
-13.778434833234 -8.184596459535 
 6.192350309823   14.881994354776
 0.762767446322  -16.132094718053
 16.120302221275 -1.060564038760 
 12.292430748096  10.529680149751
-9.684464093750   12.977353500034
-16.163322257748 -1.253965213962 
 14.559564998401 -7.176260404505 
-15.815279499478  3.724143382107 
 0.087436862342   16.252968969773
 11.915899086330 -11.139761952419
-8.926184554168  -13.691395483701
-16.302122223214  2.255689478551 
-3.952806806589  -16.061618659335
-2.395679488937  -16.402785437845
 9.302024185364  -13.747762535486
-7.078562922700  -15.058956454860
 2.334170411492   16.484525433448
-14.305101975762  8.611705758338 
-12.829131941493 -10.740835756582
 5.110857558008  -15.955525256874
 14.347442570653 -8.673223564380 
-10.650314992559 -13.011294595418
 7.751193257425  -14.922321057128
 15.635989890137  6.196944573100 
 3.442927736984  -16.470044227762
 7.955030469169   14.838632898419
 11.113014765585 -12.667108783662
 16.268944100845 -4.470358406237 
 4.760926410909   16.216946979968
 16.778131533484  2.458881801170 
