-0.454034255018   0.892349450324 
 1.119376090372   0.412224911741 
-1.249756173224  -0.732120589114 
-0.393997705882  -2.257903326553 
-2.046533114748   1.161603282966 
 1.301657314030  -1.993268085304 
 1.302970591012   2.636901932216 
 2.650728638518   1.490885098434 
-2.872785788390  -1.012396619739 
-0.621751781696   3.002535539698 
 3.599088584734  -0.174262487307 
-1.392115422154  -3.456866405076 
 0.252930949543  -4.071843908455 
 0.379062632156   4.157564961804 
 2.234679357711  -3.751093157690 
-3.277325500456   2.984803605349 
 2.168003430751   4.021901788060 
-4.014872959259  -2.301770149308 
-4.690070052821  -0.251604372092 
-4.508513969759   1.440313435012 
 3.976497049560  -2.573060169750 
 4.667785721469   1.428257769439 
-1.112728899952   4.824029073554 
 3.790331751289   3.546506687150 
 5.122805020338  -0.899985611146 
-3.523053393296  -3.867791011569 
-2.227733924099  -5.008224369566 
-0.365998360069  -5.524671085391 
-3.101951388360   4.605338419609 
 1.258126944396   5.509663830006 
 1.209917402950  -5.688076078980 
 3.586267763298  -4.579631973883 
 2.915663057109   5.334163717613 
-5.772412114993  -1.963175463434 
-5.272157410659   3.692943591952 
-1.474542998442  -6.540743150227 
 6.239547873373   2.508498518771 
 5.368399001216   4.075930975017 
-5.297466102767  -4.219919400077 
-6.872565879108  -0.324561100794 
 6.883430537797   0.427062900780 
-2.179577295250   6.551122294458 
 0.746165284394   6.966113702240 
-0.764150267550   7.054708666754 
 2.238028608017   6.735514993592 
 2.419710449833  -6.697799867037 
-4.148930612647   5.885389965939 
-4.183194761622  -6.020512486528 
-6.668317566984   3.100766698906 
-7.290887825105   1.123924443421 
 6.765373752117  -2.980249435784 
 4.772556621306   5.684342590150 
 4.216608247413  -6.192201774021 
 7.544458407735  -1.198068160500 
 6.144720567602  -4.597463385889 
-0.168237359511  -7.701962820252 
-7.994388744210  -1.455933506162 
 6.769145097226   4.704945307803 
-5.886925795091  -5.887468079115 
-6.315692894498   5.531362755527 
-2.107298291012   8.161491450859 
-0.202603058058   8.492876429192 
 5.919523463198  -6.225317443875 
 8.554529432143   0.923180002677 
-3.596516332468   7.827305607426 
 3.655200439802   7.889725511532 
-8.028259228306  -3.384885678416 
-1.658921237631  -8.554611619263 
 4.065991711838  -7.724483260350 
 7.981275432495   3.603337596501 
 2.072000707166   8.767515738903 
-3.717868068610  -8.229922339114 
 6.421033357610   6.378885123854 
 1.584807726391  -8.946291095155 
 8.268572940385  -3.805519773138 
-9.119891297775   0.175682323338 
-8.519228718943   3.696132813172 
-0.087738811947  -9.336082166508 
 9.122494390300  -2.286842122135 
-7.743069326976  -5.449388350728 
-7.986283084701   5.107708865717 
-5.919777942600  -7.536680261801 
 9.601623172209  -0.839487287630 
 7.502808981211  -6.152633127975 
 0.813720707864   9.695230862407 
-9.589128777775   1.912866191936 
-1.369307310709   9.716387508085 
-5.002774691082   8.470027329028 
-6.354677627920   7.613874737568 
 5.406652802838  -8.546241625866 
 6.643128952931  -7.672440285708 
 9.751363741645   2.845947348376 
 8.435117605706   5.728108806334 
-9.172306166867  -4.566752211877 
 5.984625399669   8.321177948135 
 10.309515672526  0.524424298389 
-10.016369821193 -2.746347063901 
-5.333088846446  -9.003048146675 
-10.471202388484 -1.093808340472 
 2.978175363417  -10.214772631971
-0.982097672912  -10.610229722908
-10.645196574199  0.829147835265 
-3.928519406405  -9.978929081009 
 9.220989024422  -5.489242428718 
 2.298158421226   10.515726555334
-10.025284716682  4.062365035865 
 0.710801637653  -10.866605411073
 4.620316149944  -9.876512316610 
-0.238234203437   10.987718940853
-2.638293426999   10.676932608421
 4.001844520318   10.251319734074
-8.993151520370   6.398260049667 
-4.267670927364   10.241177215697
-8.242881850849  -7.431203987543 
-2.604565409599  -10.863722590738
-6.267310781519   9.539945932587 
 11.413349053296 -1.427526838340 
 10.577584383626 -4.572034516172 
-10.722307437356 -4.271782444736 
 11.179627921672 -2.933236850089 
-11.304275401457  2.455890968425 
-7.638593637262   8.691028772554 
 10.767207080753  4.389391354465 
 7.360659619821  -9.062626759135 
 9.445201372157   6.945164581120 
-10.136976504862 -5.924308042008 
 8.097842221377   8.534824964701 
 9.489754793272  -6.967128307749 
 6.939963221595   9.556598909150 
-7.796120474433  -8.899309521864 
 11.884099856349  1.022918973393 
 1.232670050085   11.935291297173
-11.987232704287 -1.110540762795 
 5.739620426423   10.594208167158
-5.037753227424  -11.006913285077
 3.346456598251  -11.711282331406
-6.600256059393  -10.295553346920
-1.121600146468   12.475596222057
 3.056026303578   12.170396949085
-9.988133902423  -7.642509271971 
-10.033273865031  7.666050808150 
-11.705256968556  4.785655363007 
 10.944509314549  6.406035056195 
-3.761361279210  -12.122727762010
 12.415084537833  2.679104872277 
 4.564409912701   11.905692144841
-11.193180460830  6.382686997472 
 9.712100014080  -8.550935024224 
 11.392530978296 -6.249636488279 
 2.104508115997  -12.837635286712
-12.465467646882 -3.809843577141 
 0.132626161578  -13.061849075259
 4.748313366806  -12.329814398857
 6.456072454430  -11.551570156006
-6.657822245894   11.493434563822
-12.179493201359 -5.305219502387 
-9.478259256148   9.325210286344 
-5.148665359571   12.284881399445
 13.114306866542 -2.459021932833 
-13.062888667133  2.728085366820 
 8.751394973729   10.135839239075
-8.020007932443   10.762501722130
-13.415173360861  0.508083740413 
 13.427946975551 -0.642685389174 
 12.586885773916 -4.871152201829 
-3.562466390073   13.030954522307
-1.445368967422  -13.540296146729
 2.249542510924   13.507702910521
-5.759936154641  -12.427125815962
-13.616799394492 -2.385059139467 
-0.427793793375   13.845661229635
 12.430099037318  6.160722788187 
-13.226850489652  4.234925474178 
 11.066850200785  8.447617179019 
-7.253805744855  -11.907565147619
 13.907125720113  1.364678631252 
 13.404238078595  4.223236529924 
-12.342364655753 -6.807199954324 
 8.444533006532  -11.403472766725
-9.375943405453  -10.653583217301
 8.200784559037   11.651065309689
-14.286698836276 -0.800499638362 
 10.020957289094 -10.340537118857
-11.695206152615 -8.432913500914 
-10.691996968910 -9.708326106470 
 12.845914407346 -6.628305745363 
-12.450588545645  7.362954045071 
-13.958015052722 -3.988656616175 
 14.021887504103 -3.955187596701 
-11.538901610952  8.923130294561 
-13.362932102542  5.976147642134 
 11.348545080708 -9.276175073418 
 2.752996574952  -14.515074426133
 7.010423547034   13.061942234366
 5.163998953253   13.899205100184
-1.905363793149   14.730457537456
 12.496788802003 -8.172469442423 
-4.041356645251  -14.420455392161
-14.951950215814  0.968720891514 
-10.669774138625  10.525619521926
 15.049194140294  0.132520922673 
 12.610829865130  8.224389569311 
 10.432178340676  10.857026388394
 0.734893960770  -15.093935426210
 14.941077373367 -2.400799862959 
-5.322467049289   14.203611339168
-14.957641611628  2.555157893076 
-5.900423678938  -13.981661965401
-3.702378500288   14.733734578200
-1.344554819706  -15.164129824967
 5.114540951088  -14.349311271853
-9.630658824328   11.878100837745
-15.241605035080 -2.131479845582 
 7.588138113994  -13.483630836554
-14.309301829227 -5.896332124448 
-7.546853958156   13.538461193291
 11.930015896245  9.961323469093 
-13.211652157826 -8.220105598463 
 3.029790223921   15.323883272165
 14.322936712488  6.260720653309 
 14.463776580036 -5.959096403892 
 1.233858563485   15.683797118578
-7.566161615510  -13.820738965629
 11.144266187323 -11.392902651767
 15.534077135033  3.758606867335 
-9.267575767254  -13.043264386282
-0.830421924622   16.008624459411
 14.152637980587 -7.573528602304 
-15.381643946974 -4.689544008734 
 9.593456138580   13.006758081912
-13.976422490629  8.168793264533 
-16.269766113115 -0.361363124287 
-10.629528101266 -12.343268082042
 5.360646340101   15.436533061249
-14.860009534435  6.810355291812 
 14.145773593531  8.228669653696 
 15.510002380593  5.276553485973 
-12.106332249306  11.057651952638
 4.293158397871  -15.827075036589
-5.229619002849  -15.543767624611
 10.158378986934 -12.884154127622
 16.391804131463 -0.711200866940 
 1.792707025334  -16.366058145656
 16.420233884656  1.325322219147 
-3.217073776853  -16.187080822720
 15.857011550866 -4.582381032993 
 7.046836139173  -14.960574260924
-3.058933267894   16.260418523541
 13.578180235731 -9.467790933252 
 6.969312767879   15.037094847789
 11.886973269518  11.561199930524
-16.594706477299  1.153134884035 
-12.135701222342 -11.382379547617
-15.948865121322  4.873777103169 
-16.432933621824 -3.136682356150 
-13.434809862903 -10.108328924260
