 0.085131232646   0.973073247640 
-1.026674542266  -0.323179042545 
 1.230728038841  -0.007346328747 
 1.771777626923   1.586667803675 
-0.238788475717  -2.493543245009 
-2.422950140524   0.683601959939 
-0.279600126744   2.750426922434 
 1.582168673521  -2.285916074073 
-1.989857223423  -2.050763270339 
 3.187687512341  -0.133912674733 
-2.739016002168   2.771594255675 
 3.578948666801  -1.686572987155 
 0.069716184372  -3.998764476329 
-4.081078429675   0.904442357057 
 2.615698556093   3.294551787365 
-3.759504864271  -2.027702786896 
 3.743765998873   2.293150381766 
-0.836578134228   4.355331839401 
-4.510854896965  -0.614273641426 
 0.760960666278   4.584388121359 
-2.793153678754  -3.742493008299 
 2.458005827898  -4.115834301855 
 5.045053936195  -0.746132735151 
 5.043262991847   0.932899505098 
-4.553365115116   2.742160101327 
-1.063530453223  -5.338563521801 
-3.058044414397   4.936928846453 
-4.451834706735  -3.823526326187 
 3.576509414470   4.687681919931 
-5.679292339571  -1.861878679391 
 0.763023337557  -5.930968871262 
 5.253876719192   2.868534560609 
-5.879073990003   1.285458983659 
-6.049902734746  -0.283924696999 
-3.590364728076  -5.168507152384 
 5.160685431222  -3.630259890915 
-4.738231494389   4.258762926856 
 1.665469871635   6.188139537297 
 2.390119532926  -5.954427524690 
 6.139263323553  -2.488097690402 
 3.976156409238  -5.508847647106 
 6.792309286785  -0.916934905490 
 6.607893005096   1.867803760834 
-0.518173250939  -6.928638924206 
-0.918697732987   6.984942481376 
-2.772018540732  -6.511285406452 
 0.614443056280   7.323320138248 
 6.335355568653   3.959341929554 
-4.666431701165   5.856510572844 
 1.526900672296  -7.419684692088 
-6.164472627082  -4.434735411187 
-6.786292082461   3.439308939477 
-7.713058829873  -0.762612633068 
 6.869188891405  -3.896740611256 
-2.517902240423   7.508383202842 
 3.333979710730   7.288599523464 
-7.634379555295  -2.448409495630 
 5.193238092742   6.254611493324 
-8.092287345352   0.973931450485 
-1.640714552236  -8.050654280184 
 8.222030278411   0.371543222889 
-5.057254082884  -6.658828242672 
 3.193467245247  -7.778304477298 
-4.116517041854   7.458973832790 
 8.304889737561  -1.973168172216 
 4.811231802366  -7.431185495809 
-6.450210914034   6.102825888632 
-8.388415678413   2.968989131087 
 6.640761388100  -5.965736781536 
 7.171319620136   5.322315031955 
 1.113818057198   8.885811978571 
-7.557478656700   5.067943816410 
 8.414865575049   3.539547911982 
 8.920201524252   2.078685397831 
-3.781553903322  -8.393439820889 
-6.897395393805  -6.125085961928 
 4.837784249192   7.914725627569 
-0.609958250501  -9.257885873511 
-9.321675004088   0.079778492750 
 9.300304237608  -0.688432265868 
-2.303785154200   9.345376875894 
-9.464818206391   1.857655544017 
 2.752010135486  -9.286557714051 
 3.531789865595   9.056260932587 
-9.624295924660  -1.636390449234 
 6.679396895927   7.170700092019 
-9.261331442374  -3.521092612475 
-0.793288037231   9.978327117800 
-5.722295341969   8.306126334135 
 9.811389422518  -2.977669842599 
 4.611105815901  -9.160001568577 
-9.281465083331   4.424497979042 
-8.498957671407  -5.787815422220 
 8.296179589377  -6.086889515570 
 1.224588928323  -10.330207412029
-7.975130956032   6.859034746439 
 9.360619657920  -4.939601766457 
 9.677614001144   4.514573282344 
 8.938478690472   5.884280348700 
 10.501908145010  2.312715093497 
-5.822669863845  -9.055200135240 
-7.221987331259  -7.989332901893 
-10.801001946416 -0.239287256550 
 6.288538468085  -8.880929449275 
 5.493841412697   9.429467583952 
 1.171261940207   11.037551879295
-11.026457530068  1.736750413959 
 3.355885883375   10.669935175811
-4.357125054292   10.305415318387
 11.159327945828  0.856596090378 
 11.206672118620 -0.703687710367 
-2.789248278602  -10.899279253144
-1.232875055256  -11.229318472498
-7.408750803368   8.537070459674 
 8.183081572412  -7.900200792049 
-2.418556963480   11.201760177869
-11.280942490784 -2.213098306010 
-4.282584744765  -10.691471658636
 8.244623521126   8.206746169942 
-0.378929590711   11.662260899720
-11.059532710842 -3.785737236418 
-11.192519588938  3.492184530372 
 11.157828435674  3.886968219070 
 3.915736229641  -11.297087626067
-8.926843253682   8.056649614912 
-10.676923832903  5.658680990437 
 11.882649547312 -2.492116007072 
 7.136153041761   9.904356158933 
-6.411521198743   10.428507893489
-10.618167903164 -6.298486499495 
 11.524060826962 -4.530168615219 
-12.387033630238 -0.666372942183 
 9.740384346975  -7.742258812014 
 10.799053796368 -6.224967008688 
 12.216173121365  2.677590563080 
-9.291099316046  -8.399014941211 
 5.436281457734  -11.296074300008
-7.582767793749  -9.995913634205 
 10.586882252643  6.792843312878 
 11.327621852956  5.475035510016 
-2.229742404183  -12.383987028399
-12.643528663518  1.160640939472 
 0.713426257541   12.697538884719
-6.005193979911  -11.215229880739
 7.442048856745  -10.391056051183
 0.092396235653  -12.822218159850
-4.890715668495   11.919336647059
 9.957324421399   8.212885465173 
-10.450125426757  7.603987410214 
-12.040148150669  4.767374343265 
-3.759283600186  -12.414806150785
 12.922350930328  1.219766536369 
 2.457838213684  -12.748202933689
-2.900243943669   12.713089668465
 13.001462224251 -1.003082779005 
-8.107432837018   10.293068688734
 5.011173695993   12.133014556915
 3.535252558448   12.664932883851
-0.931474209305   13.186549395579
-13.039695315508 -2.225378814432 
-12.648116201373 -3.893748075341 
 8.913544198089   9.843857616053 
 6.766476810559   11.483488617125
-13.316965068677  2.620416364540 
-12.175702669719 -6.003037393400 
-10.089665313352  9.111111202093 
 9.519454790162  -9.820722813846 
 2.240373191133   13.501500754494
 13.510669884308 -2.565507278240 
-5.416054946131  -12.763612501196
 1.415068490495  -13.849930920350
-9.715519981116  -10.018664143654
-13.977306733320  0.404032682800 
-12.095653682238  7.041181512966 
 12.466662975555  6.459024335117 
 11.350817595706 -8.264514486401 
-2.088710821378  -13.957986913345
 4.909228514141  -13.274356286646
 13.299751923771 -5.428857697552 
-8.718084279347  -11.424056768736
-6.077610108900   13.045999208611
 3.401766900277  -14.042586808956
 11.999556431238  8.078934563355 
-14.414254882431 -1.315306666666 
-11.578555317775  8.743897568883 
-4.296789670752  -13.866618442163
-14.133335452977 -3.360510779056 
-7.487165385463   12.468280374174
 11.025654382469  9.501992550255 
-4.737587552963   13.788813148568
-13.600435438332 -5.284022899369 
-7.609086194481  -12.478130766997
 13.796946360570  4.897488468617 
-13.911808940147  4.569043859592 
-0.436134450261  -14.637680137203
 14.353555873697  2.918957213642 
 8.519007180302  -11.928919131576
 14.197707094743 -3.913622447156 
-11.752957415551 -8.906342422020 
 9.686221284982   11.154662943580
-14.672003468492  1.756030401004 
 6.954606465296  -13.051035579787
 7.629603192904   12.718097037548
-2.575242147861   14.736203084072
 14.875103371528 -1.898672554380 
 12.883500597928 -7.757339536531 
 4.925824817327   14.218228001896
-11.020436870546  10.527030212075
-9.074073182794   12.260627104205
 2.034519923038   15.167868796417
 15.349985878122 -0.388488594205 
 1.062345085443  -15.434202753706
-6.276546981452  -14.146935089435
 11.804722423830 -10.013877525499
-0.286891911576   15.506139550939
 14.006651231478  6.853625467778 
-3.076811765481  -15.330446735647
 5.880120023135  -14.547944153404
 3.757852086494   15.242251795720
-15.715128500291  0.056444895415 
 15.825445831966  1.274142914294 
-14.390374221592 -6.728021821243 
-14.299512498826  6.932139478314 
 13.500670902893  8.491510597578 
 14.851935749084 -5.813587775267 
-10.309570311727 -12.223173051870
 9.455472075840   12.912295093423
 4.325888606248  -15.424646922281
-15.740742493688  3.003605975157 
-6.924709497227   14.475020225426
-15.668101856688 -3.577123349984 
 11.987850011967  10.771275000151
-13.725629809602 -8.457492868932 
-10.609503025047  12.169337343734
-16.065372242665 -2.101334121691 
-12.273783272062 -10.630442226629
-13.783105210893  8.604428871609 
-1.658068821746  -16.212559710554
 14.516119872980 -7.426458479795 
 15.684248230086 -4.460978737973 
-8.006749949941  -14.210791687958
-12.726229373149  10.215997764502
 11.162817464885 -11.947480022477
 16.165693140110 -2.666259844866 
-3.516698471354   16.044977259634
-15.445637445194 -5.624118258559 
-15.472824636528  5.622183883438 
 15.699783243681  5.036447886553 
 2.957380290111  -16.267095755929
 8.426451082570   14.289872967520
-5.296700911137   15.771118251439
 6.654359137585   15.277676236561
-4.384699689695  -16.110586298944
 13.435957897168  10.020789256413
 16.377820392935  3.594675570779 
 10.074524163985 -13.480111761670
