-0.434726761451  -0.454098128011 
 1.113734132540   1.103785752594 
-0.358334946144   1.874474334166 
-1.950517960726  -0.074887099308 
 2.125956331837  -0.046887476338 
 1.555829753876  -1.756198328430 
-1.784918775939  -1.637336391648 
-2.653991657082   1.506703709699 
 0.117029915602  -3.167071886297 
 1.006642992171   3.037828696999 
 2.297445015560   2.269646833611 
 3.178108920191  -1.832709098186 
-3.674952251574  -0.733605964236 
 3.858606130401   1.193357912865 
 0.002981333576   4.167991563529 
-3.404793652475  -2.414500352962 
-2.829942561980   3.356314428779 
-1.137218376246  -4.317299444685 
-1.644371784748   4.288753979119 
-4.600365850836   0.599216743744 
 2.328746413322   4.057259193088 
 4.782123707558  -0.283470516599 
 2.721247328584  -3.958667645806 
-2.958900726347  -3.957206341082 
 4.169256099498  -3.140756750231 
-4.303924294960   2.956125909479 
 4.565121298871   2.565039470676 
 0.574017256774  -5.291357886729 
-5.274068492688  -1.565399265861 
 2.111801388414  -5.500482247446 
-0.988678955762   5.880752036720 
 3.884148929560   4.705446606937 
 5.638174567866  -2.422481770244 
-1.094440399561  -6.044318044452 
-6.127306984416   0.866288343661 
 2.166240728272   5.908390082308 
 6.112093246756   1.818965963963 
-3.282297376346   5.516406862784 
-6.018639289439   2.394904007472 
 4.720850885509  -4.768986631078 
 6.665179579973  -0.877528502298 
 3.617138513776  -5.794862573180 
-3.676739665080  -5.880474805441 
-6.667912731630  -2.193488636088 
 0.249952259190  -7.079570850889 
-5.833958364561  -4.238382764781 
 0.879078792737   7.173422093767 
-2.325799769200   6.957479318240 
 6.274212755399  -4.017699564696 
 6.337334992134   4.093010675252 
-5.810992536674   4.823479276665 
 7.562982869941   1.056319318012 
-7.514852695870   1.541704803540 
 4.497713915724   6.243382156972 
 2.380032064265  -7.447244044114 
 7.283734028836   2.871467623201 
-7.828222832897  -0.154466528250 
-4.475620629934   6.577041249141 
 3.519633409412   7.402710542592 
-1.798410263045  -8.061125165181 
 5.389042285437  -6.342360420029 
-0.121215458933   8.328217101045 
-3.638763215495  -7.597168280379 
 4.153203401319  -7.336028571409 
 8.416047221761  -0.701179763205 
 6.012910635241   6.187739303569 
 1.322875195102  -8.537895945990 
-8.494907105515  -1.729128807094 
-5.163481251709  -7.068461905233 
 1.902881023002   8.587079697183 
 8.577469353511  -2.360546854584 
-8.101076852078   3.688628607221 
-6.584932283067  -6.024306225269 
-0.142934963968  -8.938845308327 
-8.397525909655  -3.569766357114 
 7.777892655176  -4.795065601015 
 7.997248486426   4.466335682873 
-2.177668749446   8.938002109975 
 9.028935724752   2.267900618726 
-5.950262930848   7.171357652659 
-4.186840104980   8.374408948743 
-9.543463877727   0.072343872401 
 9.603270813836   0.368930505477 
 2.927204848403  -9.291592319897 
-8.097066420509   5.540383058849 
 5.943181786460  -8.131243631393 
 7.176259875632  -7.126093324356 
 1.067051381314  -10.092014369112
 6.418595565435   7.898864477434 
-2.275034317642  -10.026735281786
 0.278028195447   10.283188304785
 3.426853465073   9.715536587845 
 8.384583561599   6.029705606085 
-9.078057949789  -4.960838526383 
-5.252667117920  -8.933979157491 
-10.257365517075 -1.591189166247 
 5.291836893945   8.944113449352 
 4.435865332334  -9.460132751497 
-10.026840203618  3.191540887601 
-10.446002575895  1.474985198282 
 10.447407432046 -2.464893333437 
-7.540590709962  -7.644825131437 
 1.779683894502   10.658346106778
-4.112481836551  -10.034738771459
 9.625811186009   5.059404719793 
-4.323413968893   10.044628910889
 10.139777362408 -4.260432017149 
-2.663397212517   10.707509515661
 11.083419670632 -1.004510115762 
-10.396108030774 -4.107150732983 
 10.517568760828  3.848641399498 
-6.160232870643   9.386825976053 
-0.987004005857   11.187052349392
-8.924650316675  -6.923088652477 
-9.849721522494   5.597090234916 
-7.829478786539   8.241769679750 
-11.463019861955 -0.150702709166 
 11.488860981894  0.459083029918 
 9.594936898505  -6.459628855704 
 3.130337664116  -11.138381479716
-0.417092196492  -11.606576193236
 8.987318569083   7.490289886266 
 1.643602936651  -11.655223286799
 11.627476049178  1.985510431066 
 6.084113172061  -10.163525634170
 8.773928356835  -8.012698904685 
-1.911933112694  -11.769959208081
 7.205139273268   9.543886880660 
-10.694892969750 -5.627319191692 
 4.034610436739   11.391825024192
-5.393243538946  -10.828739407119
 5.931984557876   10.633405227287
 2.505596569236   11.977418089078
 11.904717672952 -3.005517039207 
 0.242523824495   12.293143811915
-3.948308824039  -11.657092373855
-12.256600603920  1.524379657909 
-7.137274833451  -10.083238918014
-11.878101803231 -3.672663415129 
-12.061282389613  3.155787600681 
 4.730304768101  -11.577812433421
 11.246527165116 -5.652052957949 
 8.763026675172   9.068692636580 
-3.280069579873   12.188172637875
-10.407972117920  7.178113860738 
 10.699918869813  6.753590170787 
-12.596075847808 -1.428994922897 
 12.668118852484 -0.852205380636 
-9.048951681914  -9.022291872978 
 8.485335429290  -9.575403483905 
-1.340351687289   12.725906357514
-8.102788424662   9.989951150039 
 0.720995125498  -12.875901306757
-9.440373862553   8.829723813999 
-11.639788470815  5.652172513550 
-10.363142792998 -7.895752188200 
-13.029420936259  0.091859320074 
 10.558993638736 -7.783494295990 
 13.189294070710  0.786674686384 
 12.844531201363  3.201356420796 
-5.559197146406   12.016841913615
 12.350806171064  5.214802522330 
-2.968980040812  -13.158284828740
 7.691626885797  -11.180318567279
 2.442482942607  -13.353649824613
-5.974533869583  -12.215829650333
 4.656194673810   12.833932964572
 2.682598165806   13.509100609319
-7.116064438638   11.828068947250
 6.961569915021   11.919773640169
-13.792355145344  1.446693330341 
 12.886936128134 -5.186417926395 
 6.603684488323  -12.230589930025
-4.586081207509  -13.136229924625
 13.551088986566 -3.509258259517 
 12.090910519596 -7.212401882743 
 11.358244870152  8.482583163185 
-12.855378345465 -6.014197535019 
 10.410888038167  9.793078796383 
 12.354545592188  7.314196004926 
 9.112264050286   11.099067361478
 9.398839213719  -10.904993545241
 4.801970963498  -13.583935569239
-10.099690185688  10.281206621557
-13.992592418455  3.461210682834 
 14.304238896755 -2.172107594260 
-8.394355528464  -11.837291481639
-1.739419059943  -14.408851055992
-11.923831282939  8.332610481735 
-14.211093723559 -3.173108871518 
 11.219942387550 -9.361103527941 
-12.241828683026 -8.017095240504 
 0.417620402196  -14.635205673139
-10.882236061147 -9.812962751183 
-13.514733330658  5.796475981663 
 6.267329513192   13.314695047507
-0.492052547932   14.767562277150
 14.920485542235 -0.633512226569 
-14.194396310450 -4.685566851255 
-3.294733704528   14.616216328838
-6.658759305007   13.446311790005
 1.988429166354  -14.881115192845
 14.701871572221  3.062083393420 
 1.222562030919   14.973797169352
-6.272616703716  -13.730168334496
 6.364637721668  -13.746752092196
-8.800247771124   12.345900634224
-13.200533664625  7.509847424922 
-10.089333937742 -11.394451991979
-15.227171955693 -0.456266832874 
-4.054769948347  -14.690709884596
 8.069050065069  -13.008117618958
 4.856410556693   14.523834547590
 13.787075339635  6.780929293315 
 3.745856941585  -14.912818755432
-4.969208539893   14.566044537834
 14.802982573138 -4.379828199958 
 12.716104838330 -8.927678366173 
-15.421507744669 -1.987988932308 
 14.876183108188  4.699803181344 
 13.900904411412 -7.233184588984 
-11.939519346350  10.298938154857
 2.983498462668   15.487651974364
 12.685136876289  9.432397318789 
 15.774804800349  1.039603065589 
 7.923171475359   13.734548236154
 10.273161271505 -12.174581600751
 15.684359322230 -2.787027530678 
-10.529058985584  11.994584400120
-15.994904203743  0.954978221594 
-7.773593016792  -14.165578266668
 13.888788740645  8.326198681574 
-15.690555804182 -4.202976303640 
-14.974600592647 -6.375964811929 
-15.827881029912  3.878046010403 
 10.160192938982  12.819171683457
 11.816186772981  11.344315354946
-13.674338007722 -9.090312930376 
-5.641553936049  -15.434994066934
 6.753152158015   15.006326860405
-1.840326113525  -16.374189482411
-12.726330166164 -10.546324322402
-14.864090159698  7.363455099972 
 16.224119230036  3.714443873031 
 0.593399629099   16.717076198601
-7.687012796078   14.865129282159
-15.775598065153  5.715233203511 
-16.763808378908 -0.747338519010 
-3.744650408930  -16.436489368666
 1.428286780833  -16.798912379705
 12.368864795392 -11.460387143757
-2.135024722094   16.743700800514
 3.336860686592  -16.549587482451
 16.789944257669 -1.767499234379 
-9.467712176088   13.993240898388
-6.174598305470   15.760548398184
