-0.632519577485   0.582988144250 
 1.114490436908  -0.540930490263 
-1.325242459992  -0.839983673229 
 0.155612472414  -1.796813692344 
 1.680095120969   0.881899466100 
 0.322782380061   1.974533813489 
-2.825298837059   0.112960221475 
-1.435046999665  -2.481179265149 
-1.621468213023   2.492465829811 
 1.331413573281  -2.731302282964 
 3.059745402483   0.180468942893 
 1.858497478610   2.740612933672 
-2.966416586625   1.764409514359 
-0.144523178409  -3.532729715914 
 2.900542763306  -2.269427888902 
-3.499888147901  -1.602066586733 
-1.069274316688   3.956376883839 
-2.926450165012   3.286821538773 
 1.092296333403   4.368810510635 
 3.833171055970   2.366436736820 
 4.479167907992  -1.055314742480 
 1.197259912184  -4.492915182569 
-4.455385374684   1.378073302253 
-1.367790590188  -4.502415916710 
-3.726331826939  -3.351913365303 
-5.057297472119  -0.550945356178 
-0.782093437781   5.458925161243 
-5.008868429609  -2.344803094240 
 4.007193739154   3.992365174117 
 5.599092370735   0.909495431260 
-2.996686318010  -5.116321977325 
 5.007912566323  -3.201552807569 
 0.813935094647  -5.948373488544 
 5.470777630896   2.494683329633 
 5.981933040237  -0.935263403973 
 3.921024727982  -4.822096248468 
-6.218173956711   0.444335380640 
-3.802927147197   4.967922192493 
 2.189392294052   5.876676817234 
-5.993837968451   2.958595818539 
 0.126223023036   6.723763475860 
-2.825902676639   6.108380083319 
-0.885034430269  -6.730790697075 
 2.616779723134  -6.270178891874 
-5.324814112381  -4.271530421534 
-6.634579451483  -1.821779520608 
-5.588852821689   4.910628935870 
-2.369775282910  -7.135567781868 
 1.227766113531  -7.496475614822 
 7.668416905163  -0.805652232834 
-3.903387636725  -6.659528113579 
-7.641890537708   1.330488822133 
 5.726266499555  -5.273600010924 
 4.248153257711   6.624318584629 
 6.330528695150   4.713304415531 
 2.081520025875   7.617297397472 
-1.510269301401   7.759243797675 
 7.529458691634  -3.228183656214 
-8.243424988683  -0.095691160722 
 8.057499309581   1.769542787047 
-6.946437392432  -4.451670793995 
-4.294770134919   7.102641111475 
-0.841092893758  -8.285140168610 
 0.339397659694   8.332656665919 
 4.764019991785  -6.856944271275 
-7.790505263194   3.130225919268 
 7.748177259260   3.256685646954 
-6.189746474239  -5.751241227264 
-8.110718697929  -2.384696880197 
 2.891906022085  -8.002656763271 
 5.788808742008   6.244033345099 
-3.137787053322   8.136152950566 
 3.629833855355   8.026929977340 
-5.793269216464   6.694505096356 
-3.533601939128  -8.258818461227 
-7.008434854662   5.707782828832 
 7.655331855806  -4.987032487235 
 9.219367180163  -1.312353475852 
-1.399000553913   9.293465900707 
 9.592019671297   0.402847143586 
 1.289414818641   9.538885283780 
-8.350041824981   4.876809386791 
 6.167901115665  -7.456393331194 
 0.089727188532  -9.706079710004 
 2.101648441601  -9.540013085091 
 9.331521545978   2.946792961278 
 4.008836996525  -9.098220457711 
-9.868140478599   1.244266461740 
-7.671766065246  -6.331222753369 
-9.951716832269  -0.329406409814 
-6.426061138100  -7.656172333730 
-8.670484875738  -5.137973974787 
-2.882875051669  -9.701339030603 
 9.691456298045  -3.068560863631 
-9.583721919371  -3.570833563219 
 8.854004723223   5.189550539021 
 7.832591517415   6.632321892098 
-3.315409787370   9.745423068900 
 6.774156788885   7.760231584634 
 5.585213780177   8.700250042408 
-6.711070368540   8.040051602547 
-10.037449780190  3.097477481039 
-5.488305073272   8.963571200512 
 8.651463620785  -6.183006555135 
-10.491211148568 -1.850574549830 
 10.784660767528 -0.766877974545 
-8.025298370725   7.310882184603 
 3.305716883474   10.373672561916
-1.522661474418  -10.827248546756
-4.741299043424  -9.945370111491 
 5.611600578172  -9.512567160071 
 10.940098352837  1.607424129336 
-6.195227672265  -9.231142218722 
 10.487343401222  4.053076520771 
 4.943425690055   10.149267125312
 10.344111400234 -4.551694194086 
-10.029106414694  5.279610163421 
-4.836665359506   10.384025765567
-0.073059489159  -11.459713554775
-8.245048192542  -8.100543537994 
 3.761870994994  -10.982818661297
 1.945969205154  -11.450750319473
-0.803727198035   11.645106769131
-2.614811466900   11.496879992246
-10.335126401847 -5.821755773437 
-11.894070632197 -0.371268497445 
 8.284355695070  -8.564480195953 
-8.100665769381   8.827291667018 
-6.719773707766   9.998553991456 
-11.852173781335  2.579573002437 
 9.036594640500   8.129686573819 
 10.300708470011 -6.468820147451 
-9.756107187664  -7.278541169979 
 10.787483577451  5.668741832708 
 1.503449502955   12.137722329649
-11.456286920738 -4.428604039485 
-2.293569276457  -12.127543047052
 12.060886824186 -2.646877050110 
 12.107305498964  2.958789726040 
-6.040547745688  -10.916511954342
 5.420642419085  -11.366175431304
 12.665248758520 -0.579660102991 
 11.963571874651 -4.257497958194 
-9.934671280139   7.945104368880 
-12.528294702584 -2.435881933571 
 6.661713767066   10.915812196812
-4.246847347565   12.070276148731
 1.126604301325  -12.788588470169
 10.621518246741  7.245807892381 
-3.988140830492  -12.244075407486
-11.237116808609  6.405780346825 
-0.871919514928  -12.931271748435
-0.054387030750   13.027734024715
 3.168641395180   12.658853261726
-5.802689728123   11.732735022460
 12.140693655551  4.935153519952 
 5.057272124436   12.153065700598
 9.843199628687  -8.784541854526 
-12.448747799332  4.516070972454 
 8.623544665562   10.066508841108
-11.845002994043 -5.987039741636 
 13.256954447006  0.935269288009 
-13.204453916095  1.862066888404 
 7.309440500328  -11.197858995242
-8.200605594861  -10.626084673412
-7.505744765288   11.386573251117
 3.027224243912  -13.334837751444
 1.421068241823   13.644793672444
 4.862861443470  -12.843750605136
-3.075395641364   13.416739645085
 10.177329789175  9.273855686592 
-13.020043725891 -4.501923106853 
-13.740127585216 -1.040369002520 
 9.027326908195  -10.470785514515
-2.404440770564  -13.667355962776
-1.384315889303   13.860441832438
 11.386647744105 -8.081952061677 
 13.782278531532  2.504075971939 
-6.225686423042  -12.584787577580
 13.537215720076 -3.937590276132 
 12.478335858608  6.722067420809 
-11.258419069276 -8.638019791238 
 14.240102663987 -0.383635015437 
 6.937425836034   12.554339478870
-11.959483830115  7.972917474958 
-9.744371712976   10.574813629321
 1.397649533413  -14.312440382747
-5.676007976115   13.269547830945
-7.751777574095  -12.203439222400
-0.642620664113  -14.456695445743
-14.477564198767  0.377942516559 
 11.958594521324  8.187326460748 
-10.389432718620 -10.135348485785
 12.952828230879 -6.549653254757 
-4.738183980191  -13.777047869047
-14.231719675774  3.263884212479 
 4.553497023581   13.962270302041
 14.480762832152 -2.471549075593 
-13.416112014880  6.084440398345 
 6.912354454185  -13.077669094559
 9.570829436017   11.322596751102
-14.697749544722 -2.394499862416 
-12.992358302998 -7.292775711330 
-8.996615112748   11.906584904671
 10.694638585121 -10.437598791456
-11.590988721770  9.558998095724 
-14.265821851832  4.846412722060 
 9.009224848444  -12.172274342752
 0.325931610645   15.219490714501
 4.534967538358  -14.546164031510
 14.610299842854  4.621085942895 
-3.395284328880  -14.956007924475
 2.344076382905   15.164412236834
 12.970846578822 -8.284291759996 
 2.698796751368  -15.176478018975
 15.409658191138  0.568900554934 
 11.265406587469  10.588482441277
 8.541427664586   12.998839190703
 14.250058896519  6.283559302115 
-10.206859882100 -11.771298676372
 6.317707969292   14.337738504474
-15.639697380316 -1.213042799076 
-12.673124902789 -9.378746069616 
 6.221131915163  -14.525373550582
-5.521248371829   14.980725551100
-2.555637990923   15.771614572723
 14.569048684928 -6.567459638163 
-15.108311372653 -5.325124812231 
 12.823041900192  9.609861034306 
-8.728049601158  -13.464174862302
-1.168259272001  -16.011884362275
-5.033545288476  -15.282792696010
 1.254136259797  -16.056961012954
-10.635181261981  12.166063188695
 16.170477786625 -0.996336877308 
 8.109841968338  -14.035502008877
-0.985698042627   16.228501959308
-8.103457774468   14.097571691172
 16.080572857862  2.602084639228 
-15.953472165314 -3.344659963008 
-13.556821282465  9.094132469900 
-11.693425171920 -11.492010333996
-14.096174278572 -8.464963588323 
 16.184351401141 -2.963738342995 
-16.339215930220  2.541766179316 
-16.647247481541  0.576549696835 
-15.292361327537  6.663450792688 
 11.129179450818  12.476857941016
-2.578787957317  -16.570289039538
-6.732002183610  -15.365175549861
-4.051388044067   16.283241338248
-16.086544559884  4.846172171148 
 1.193371265991   16.760880180396
 12.554127852513 -11.247198568611
 16.075856289591 -5.174875365840 
-12.619931876886  11.272198831848
