 0.535197132888  -0.591534844729 
 0.541229596583   0.951905143127 
-1.240002990256   0.756789591832 
-0.573228350198  -1.634824636184 
-1.838012302282  -0.756555907759 
 2.165127207643  -0.924615159845 
-0.562612118555   2.475345385147 
 2.046954525425   1.774022643247 
 2.997850022899   0.325469347105 
-2.441113769736   1.789158985256 
 0.032022222965  -3.119951837123 
 1.160975375166   2.996004673473 
-3.340790529148  -0.561155550885 
 2.044574319912  -3.054364029521 
-2.008805094223  -3.447268592248 
 3.537951375594  -1.951592457746 
-0.463716988146   4.099904128352 
-3.987401582681   1.134395325068 
-3.513149325873  -2.477537909010 
 3.321211090371   2.771325495465 
-2.989481196011   3.230210163954 
 1.099617725602  -4.388584218110 
-0.629033552955  -4.714559236226 
 4.713883439289   0.735628123172 
 2.531078983031   4.048739495548 
-4.929654261950  -0.798181619893 
 5.432527697912  -0.660875067510 
-2.659385985829  -5.014594038774 
 5.213732485342   2.244365688341 
-4.777527060460   3.122713803964 
 5.286845870633  -2.173288832011 
 3.350096391414  -4.635283381746 
 4.552914214344  -3.489949789374 
-1.650538732742   5.592548158111 
-5.691508707828   1.629005114525 
 1.694203940203   5.812273603030 
-6.258432309423   0.210183843091 
-5.638991301012  -2.869964550519 
-0.183620363058  -6.372862428949 
-3.924333164336   5.146838966982 
-6.401402059253  -1.330427264587 
 0.347292993549   6.537440837252 
 1.643084897889  -6.382456156003 
 4.717541406302   4.746696705454 
-5.064809089148  -4.523678882333 
 6.841946508199  -1.237333971599 
 3.202373829144  -6.210816261355 
-2.578059731958  -6.570338876639 
-5.540044525081   4.548712126927 
 4.985467321218  -5.276368063500 
 7.276465704957   1.117321930060 
 6.162755969423   4.067257864136 
-3.096542100818   6.718603390845 
-1.294695182318   7.303664213130 
-7.321028309091   1.403730101502 
 1.666452056937   7.418063057706 
 6.338665380476  -4.387368506447 
-7.039777163602   3.289655064641 
 3.823018808503   7.037717652553 
 7.779072094839  -2.645401008963 
-8.191441210792  -1.049485919815 
 1.772799635737  -8.145907413327 
-6.817099097847  -4.870208845019 
 5.465131170185   6.429152051527 
-5.215268782562  -6.645137520627 
-7.773718337641  -3.468453199568 
 8.024517592933   2.950035387057 
 0.274015642531   8.556942880098 
-6.637413278076   5.589349524009 
-3.302853434224  -8.030767004823 
 8.700570446528   0.603048753207 
-8.749838923461   0.375646684947 
-8.454906274994   2.557426416270 
 5.957671798127  -6.599436456301 
-1.641930760496  -8.748610042439 
 8.854070844263  -1.266559250339 
 4.417447399865  -7.782926919781 
-5.687515598018   7.116872133423 
 7.495785913176   5.212431707200 
 0.159657305511  -9.182246800079 
-8.162383543670   5.008675218126 
-7.136276026991  -6.521622669389 
-1.348079532739   9.620681495684 
 7.060627798073   6.699523719743 
 2.264908103816   9.478960033861 
 4.352812116644   8.873807536472 
-9.564337163400  -2.576695716334 
-3.034672624681   9.429204177027 
 8.413525037030  -5.288173134537 
 6.075541399597   7.899859233067 
 9.472635903899  -3.123489701658 
-4.517515457790   8.944426256961 
-4.364768482279  -9.106827160138 
 2.963857504906  -9.659786942160 
-5.748192785680  -8.518847706781 
 9.310023273272   4.559023606201 
-7.711483425692   6.941303197389 
 9.907098311210   3.182352844588 
-10.020876951452  2.817914517735 
 10.376505732523  0.963898073945 
 7.712288190558  -7.015229181584 
 0.877666378859  -10.528690828406
-1.298703852178  -10.584398113410
 5.533713419291  -9.174435966323 
-10.741084956369 -0.648127809911 
 8.843780571642   6.226170164262 
 6.890131866471  -8.451404414576 
-9.733873108181  -5.010440622156 
 0.614211106178   10.967566430458
-8.751706667889  -6.705701455893 
-3.691028907234  -10.456031598419
-11.076219875563  1.612434885474 
 8.252242754802   7.838678997201 
-10.915331484463 -3.251785696601 
-6.624054498438   9.269274241040 
 11.310808964927 -1.793425134949 
 4.828756748972   10.468382273575
-9.378389991906   6.705651956180 
-7.542619243949  -8.764990844521 
 6.960481251453   9.333235220931 
-4.219527741349   10.860567192238
-5.257610248341  -10.430234120965
 3.781607037875  -11.097675158263
 3.194412899442   11.372526101778
 11.722520561306  2.004702178047 
-10.682762459051  5.470115314675 
-8.859557554809   8.169764735957 
 11.043723427101 -4.913955469681 
-5.910140242478   10.622552131419
-11.577246757200  3.764448878717 
-2.139906965528   11.993345753118
 11.215339058176  4.766514799781 
 9.480219891727  -7.667845896373 
 1.146425793076  -12.283765004632
-12.285852630091 -1.269871804074 
-9.195863356538  -8.371990940101 
-1.643577132365  -12.343740785537
-10.374690987361 -6.924931581728 
 12.472459707979 -0.225699527245 
 0.764198916069   12.521558181957
-12.559323821006  0.862994909495 
 6.385577439006   10.887820767109
 10.915078466390 -6.513987706763 
-7.028786494657  -10.609307240637
-8.069232912469   9.891492711677 
 10.936907251544  6.688587910023 
 5.797233421824  -11.468672560660
 8.452513134562   9.687911125156 
 8.483303620441  -9.948031694855 
-0.169051667184  -13.087059456795
 7.213805045606  -10.963245079953
-12.883211692960 -2.792318016996 
 12.773659241941 -3.347405253021 
 9.968374090383   8.714904257797 
 2.308077354315   13.048549435825
-3.358080419540   12.895466681505
-3.135365011134  -12.975457564208
-6.121318449872  -11.878218421792
 4.051053618899   12.744901444835
-4.807672752440   12.481434955373
-11.592283716258  6.696338366455 
 13.042459065116  3.477673118746 
 3.707426615844  -13.008606813819
-12.413286203413 -5.504121621429 
-13.192039558492  3.442201569611 
-9.213334263514  -10.301924263776
-12.697090645397  5.476362025399 
-4.653736802867  -13.028311623109
 5.958093554617   12.537526796930
 12.446282757681 -6.153089412008 
-13.264821114181 -4.262559622288 
-0.091826831563   13.938995546129
 12.437643670937  6.398265230770 
-10.994943024663 -8.790416730475 
-10.584882284646  9.292345001878 
-1.818898742647  -13.973809854750
 14.109047629346  0.572717913987 
-7.030120861933   12.294849785404
 14.021436058480  2.298846202483 
 5.283177813636  -13.239339158902
 2.567972539726  -14.037021870367
 14.112324001409 -2.382354576383 
-7.819465990659  -12.013132767394
-14.290874336932  1.778232870112 
 6.742635064248  -12.790342457060
-9.392541202245   11.032609910768
 9.239320197606   11.295412526438
 11.039447495649 -9.567859993779 
-11.920814411450  8.472830224203 
 1.823264193593   14.535238741008
-14.686440443066 -0.793607897862 
 12.161503519915  8.293160920854 
 13.913900486743  4.850548044116 
-1.873699314830   14.664341257622
 3.793485389955   14.339499590947
 0.380155230547  -14.832077204423
 9.116493925819  -11.735812536254
-6.378027137172  -13.424099476700
-3.684135598011   14.421612562438
-14.561256073932 -3.213051072511 
-12.894119654728 -7.600383078359 
 8.335761111807   12.556661441153
-13.744686024819 -6.223453810678 
-8.589405328903   12.503078247592
 11.581463620627  10.150736460556
-15.140631992714  3.027568542531 
-2.731003027111  -15.235849007004
 14.558052269112 -5.274405881275 
 15.492779026979 -0.085163139618 
-11.853821732555 -10.086887105953
 12.872033828137 -8.757608402788 
-6.271913917692   14.304157863583
-15.612296477960  0.961131706181 
 14.246753019984  6.479350957051 
-14.454995402871  6.046327132944 
-13.499069741467  7.978557180830 
 5.275623042054   14.781199621121
 0.154061404746   15.713536705501
 4.476741958536  -15.071929006577
 10.930792800517 -11.331626438306
 13.874832435888 -7.483059382270 
-14.914449403765 -5.128437161899 
-9.190862344948  -12.840031170527
-4.445985799277  -15.186970250439
 2.016277370138  -15.817275455397
 15.939639818427 -1.683684374335 
 8.276572725319  -13.740285896078
 10.478513617949  12.156960036472
 3.072785986322   15.841793659995
-12.918794172633  9.692467033828 
-10.265137952145  12.546521283854
 15.831486835175  3.828736278428 
 16.019312210455 -3.294233330476 
 6.766669625343  -14.960489688069
-16.392228153207 -1.152176982068 
-11.920210118333  11.330742695063
-6.958675917514  -14.907737745410
-8.602934741862   14.025534257797
 7.475842608251   14.695574005122
-10.843880535493 -12.441177959878
-8.464425201467  -14.217111973788
-15.804489282257  4.994041171465 
-13.902592312667 -9.040842437037 
 1.669161548249   16.500436116367
 16.033531263872 -4.851433914542 
 9.985557466995  -13.459222145551
 16.586071073518  2.520405048262 
-16.453260525198 -3.352727105677 
-0.447432150736  -16.786356871062
 14.187595721098  9.079726536659 
-2.661269764704   16.641128083625
 12.834947046889 -11.019425153308
 13.289860450435  10.489802531897
 16.108355361359  5.311826768275 
-12.319297473494 -11.771532909693
-3.718673360261  -16.708324951274
