 1.085949311383   0.168706801373 
-0.905019219167  -1.045986239697 
-1.184743842512   0.733797458128 
 0.620606700690  -1.328493531035 
 0.360749420643   2.213168930250 
 2.159107669731  -1.834101176490 
 2.844140672901   0.021957322824 
-2.203576477218   2.032183402473 
 2.038537443413   2.280649668383 
-2.974137746713  -1.040709041802 
 0.751903866925  -3.065480284385 
-3.295660671308   0.793281438524 
-1.207916511451  -3.202175877842 
-0.889363030662   3.560867398550 
 0.815141288118   4.203184759933 
-0.098174905524  -4.371573417132 
 3.512127693378  -2.652923053840 
 4.466006872254   0.697174569400 
-3.689184735009  -2.626109207182 
-4.535498422928  -0.977481456177 
 3.511608629798   3.108765414311 
-2.257313014540   4.259102960868 
 2.312300369087   4.513778467681 
 3.035733377144  -4.149889796375 
 4.949463995212  -1.832522710915 
-0.975116164677   5.318060913313 
-4.609208777759   2.905715515803 
 2.015514957898  -5.328103279431 
 0.483801898332   5.798245609806 
-2.673238623657  -5.212822235345 
-0.972214329206  -5.783989834819 
-5.360040124071  -2.523822199692 
-5.979456586113   1.034804948989 
-4.662985046081  -3.971983394571 
 2.024735667003   6.006091190808 
 6.008871882061   2.029077762774 
 6.351415123210  -0.394694428824 
 4.760991891984  -4.236080513587 
-6.312615281610  -1.363388839528 
-3.843521347103   5.377163308397 
 5.981411369451  -2.929822236296 
 5.214558613667   4.255254780394 
 1.142578924990  -6.639477233107 
-1.795123242391   6.732368272563 
 4.057586994622   6.069766338773 
-4.039847462203  -6.143057483943 
 7.128529663878  -1.897194107586 
 7.381150673851   1.099669518716 
-0.145537964701  -7.495542074461 
 2.909344807628  -7.131940006973 
-3.285763225858   7.018464893569 
-5.970538730257  -5.084070323729 
 4.915115986783  -6.255082167648 
-7.986189465892   0.813209188853 
-6.336028284220   4.934686041250 
-7.274420550751   3.651409002276 
-7.195913584329  -3.835855579686 
-8.168487570017  -0.967222598641 
-2.321853539671  -7.968374681522 
 7.799771462544   2.839837594671 
-0.843123463981   8.262013524050 
 6.933674762893  -4.608905475327 
 1.411980830097  -8.275250653527 
 3.192280135132   7.883313301522 
 6.540849226646   5.451825800965 
 1.029469325924   8.465456556209 
 8.013548980692  -3.291235836440 
-5.594010430013  -6.824311528616 
-5.592188522448   6.859883088712 
 8.898739389587   0.181355271930 
-8.592536573928  -2.433595460070 
-0.968752093564  -8.883107189243 
 5.843131224557   6.915498853888 
 6.500880679436  -6.371601705967 
 3.878166330568  -8.283118006061 
-3.666555992230   8.514175794529 
-7.073304612340  -6.168774826766 
 4.885026688907   8.094211609612 
 5.653508361282  -7.663836136260 
 9.337471662123  -2.317486777197 
-8.152856630498   5.238584521836 
-8.724596843894  -4.275573430503 
-9.165423147898   3.319380869839 
-4.351749021136  -8.774954565200 
-5.197934171926   8.447370299415 
-7.144319492837   6.988504926912 
 8.892540862558   4.581225958895 
 9.663954028184   2.686949443396 
-9.997776208742   1.179528404321 
-1.032174354939   10.056109026475
-10.102386265639 -1.487262727793 
-5.873888514710  -8.472231115527 
 10.261020783185  1.297451484028 
 1.785733440441  -10.196067789097
 3.398200699803  -9.811096778049 
-3.141651574654  -9.988869526290 
-9.964768574056  -3.287943645635 
 5.149314960722  -9.145731405385 
 0.973079241142   10.461292167870
 7.612243529891   7.246209601768 
-8.761812009614  -5.825285966404 
-7.170102113566  -7.716926399232 
 9.207333441862  -5.135044132149 
 9.970632062375  -3.841845067180 
 7.693187457097  -7.612573841265 
-3.879954984359   10.141546861923
 5.917976926326   9.300957576905 
-1.326037328579  -10.952802443104
 3.077616704437   10.737419193786
 9.018879577489  -6.653102150263 
-9.901897278089   5.360445453127 
-10.182481491517 -4.874315028722 
-8.913125926285   7.020133145080 
 11.375724659339 -1.126401775694 
 9.680441049626   6.102630383809 
-7.505472699154   8.660998788712 
 4.652263269029   10.480606383359
-5.202001615260  -10.225792907195
-11.539302699176  0.601245467365 
-2.770857680667   11.291059163197
 0.060499574556  -11.632715595621
-10.990005260462  3.924905687136 
 6.988426670430  -9.450050405223 
 11.483610617820 -2.946474333155 
 2.298488708489  -11.649432027953
-2.825937355844  -11.557638141868
-11.684809126577  2.267992359439 
 11.385988740491  3.595563109945 
 5.741396017541  -10.524704797816
 11.918372996059  1.614429443129 
-12.033899648603 -0.867706772267 
 11.059419504850  5.173004150107 
 3.970017849764  -11.569364292411
-5.843992514418   10.746829272338
-11.810476049395 -3.198542844792 
 8.529086222641   8.853037693263 
 9.256203716548  -8.149949835911 
-0.043173687984   12.373876107375
-4.300537040870   11.757945988690
 10.098787745669  7.581461755310 
-7.354423378619  -10.268884624312
-11.467528335638  5.352060785094 
 11.646257181580 -5.107507320722 
 3.790504909535   12.164393772139
-9.510654755949  -8.520339215337 
-1.625308751787   12.716703072466
-11.595568643795 -5.764101195437 
-7.560971302419   10.520356239067
 12.917152715044 -1.199861477773 
-12.542860225025  3.551436803286 
-12.995091722225  1.192503737148 
 13.093904597480  0.403920939853 
 2.356735031070   12.976467939608
 7.229799389559   11.039704375550
-3.159655284785   12.842893785513
 9.078010149944  -9.645584745164 
-9.364949196153   9.483601317064 
 11.533233443306 -6.695175705369 
 5.586733945959   12.127400457255
-11.031479826264 -7.608397204892 
-2.342265231703  -13.197219181072
 3.099169444137  -13.107981589784
 12.643362404508  4.900014033942 
-11.438966254795  7.353836360175 
-4.369132911522  -12.899761039025
-13.627351890124 -0.542082171546 
 13.317953677905 -2.947956258669 
 13.343009400524  2.961685830037 
 5.195529331706  -12.724153495213
 1.218421090041  -13.785708400445
 9.178584006975   10.446009644147
 0.309512521945   13.918785694809
-9.249287470718  -10.407929616875
-6.682139537509  -12.235835958603
-5.412184390371   12.868977217303
-12.962109117249  5.212764960086 
 11.305695948702 -8.268927477409 
-13.316464485697 -4.362050417726 
 12.127431390700  7.104001238635 
-13.976531438402 -2.341401451373 
 8.008360520804  -11.713093627984
-7.257683265916   12.200411604554
-1.221022927157   14.171654612752
-10.940892159615 -9.145445858755 
-13.946505463294  3.020649274487 
 14.231991198292  1.593278117627 
-1.039036336574  -14.285488631101
-13.113554110375 -6.075026855487 
 10.938965961489  9.478425148702 
 14.548126132689 -0.989334103949 
-14.571063060604  1.110280147663 
 5.399758604650   13.653525549057
-11.541196966186  9.086133138252 
-2.719357851354   14.496219164724
 14.224544850652 -4.341555433608 
 7.835244887298   12.659654939708
 13.720414840864 -6.007193752001 
-8.867181424172  -12.108768632922
 0.321057504281  -15.040346147032
 14.510917544780  4.219609527961 
-12.842863252338  8.099170453240 
-6.735597200686   13.672196188190
-15.305942136081 -0.679905888073 
-4.442854741110   14.663085039668
-9.593158298196   11.953342439635
 0.907049638559   15.312238574274
-3.592562270964  -14.912672389764
 7.196602704109  -13.596760034599
-13.418829383095 -7.555399508247 
-12.506974747671 -9.006205413923 
 10.314125562138 -11.474343593217
-6.951199367889  -13.778515981848
 2.605398713335   15.269856260583
 4.075496032986   14.961105467854
-10.458313742915 -11.455903608634
-5.199701548983  -14.620764471678
 4.617772038168  -14.818091988628
 15.341683982432  2.655612740400 
 12.509101281818  9.283341732446 
-8.498655887873   13.061420624236
 14.530675852699  5.957556296453 
 15.702309035290  0.971788389887 
-15.086626867258  4.486389493052 
-11.666354137297  10.610239527533
-1.296352540228   15.753292438540
 1.726171368614  -15.720198306494
 11.647073392892 -10.716682813450
-15.591682612048 -2.950484110948 
-14.449496661997  6.722223692747 
 10.458456405831  12.057598645373
 13.563580556505 -8.415360937562 
 3.347271656531  -15.644806552609
 15.738481082656 -3.369743374563 
 13.853621764883  8.300022894217 
 16.121800708369 -1.506094294412 
-15.110265970923 -5.955278688508 
-15.682482801935 -4.461779074969 
 12.178576948955  10.865232094998
-8.941753989642  -13.687554491930
-3.402226878938   16.035598425121
 8.452537488339   14.055802741629
-13.255561105365  9.810173479855 
-12.686595383840 -10.539853637557
 9.054520245584  -13.822872118622
-16.202759470386  3.467528092981 
-1.968356963075  -16.511254652828
-10.419539540408 -13.074960735085
-6.141187383940   15.592323978628
-16.727130960064 -1.580179717489 
 15.870227599303 -5.521688872941 
 13.442285750654 -10.247662472714
-12.028459931864 -11.888438185021
 6.856044566444  -15.495705899274
 1.378304945928   16.894280652272
-14.516983303985 -8.793769263800 
 11.353035874423 -12.620016018053
