 0.622615596002   0.398393605182 
-1.338615297231   0.218864254792 
-0.467247881137  -2.084250170606 
 2.220068818526  -0.365598456070 
 1.552440957560   1.725159320429 
-0.391747281163   2.423102985533 
-2.238294757476  -1.177908813186 
-2.358642909787   1.321508523716 
 3.037578443985   1.138516212867 
 2.352690317222  -2.276062699623 
 0.216897474437  -3.445555729048 
-1.441768733327  -3.586483283106 
-3.873532092360  -0.495539867214 
 1.884143539819   3.487600280834 
-0.880071305811   3.979976771163 
 1.836564893068  -3.701198377257 
-3.535406399611   2.254819070490 
 4.193186539135  -0.841133234726 
-3.165836444131  -3.098152430462 
 3.911054377948   3.020582560750 
-0.647849547226  -4.964962692363 
-4.919513787651   1.048977830222 
 0.963309289173  -4.986079855166 
-2.918903083159   4.375200504761 
-5.161286147766  -2.039610799210 
 3.969836061662  -3.935061527324 
 0.524710693485   5.582679156423 
 3.351119565797   4.567230694674 
-4.994539368801   2.790130147126 
-3.056957394055  -4.911288431860 
 5.922091009224   0.697771827921 
 2.467532708706  -5.432631184667 
 5.442161367950   2.541945754387 
-6.093067913245  -0.606846412218 
-4.896120107025  -3.698506108972 
-1.564231091008  -6.244212373737 
 6.036639374743  -2.396770224009 
 6.496714663934  -0.902438577459 
-2.261109368353   6.231466984936 
 2.939484313757   6.023889993190 
 0.506848623002  -6.765466114593 
 5.376532584207   4.139050817488 
-6.587754046067   2.208493803828 
-4.008456340048   5.702130250509 
-0.288504369251   6.983614904205 
-5.997990697701   3.965109150393 
 4.522021577953   5.625361294905 
 5.107965167960  -5.114601275099 
 6.389684997056  -3.932132476247 
-6.991986366018  -3.040457686942 
-0.812753522531  -7.640621547151 
 1.099054580157   7.661818677623 
-3.378198063652  -6.971806407267 
-6.047754236960  -4.891103453427 
 7.665033231446   1.381048102116 
 6.925788597948   3.735280875308 
-5.014295085382  -6.068154366589 
 4.532426638929  -6.629524291710 
-8.182554597642   0.943876638309 
-8.321584517604  -0.630307361493 
 6.176977778566   5.643133381374 
-5.339382376121   6.460077180943 
 2.161624212545  -8.137862532925 
-4.009205362222   7.537236086070 
 7.963694546374  -3.110595428297 
-1.748690793366   8.444417585580 
-7.471551873265   4.339453647861 
 8.622457380287  -0.770728724728 
 0.598371685127  -8.637583913252 
-6.670669086797   5.619989322793 
 6.626488444160  -5.917069198494 
-1.671606631658  -8.947381153856 
 4.189719247575  -8.258120258919 
 8.713257672487   3.174262786202 
 1.178758912729   9.201253852623 
-3.989766483726  -8.456845574640 
-6.942656962640  -6.332583960313 
 6.105393891711   7.200987526489 
 4.121135662449   8.562713467275 
-9.237282771056  -2.360918345339 
-5.703279600831  -7.741487099339 
 8.225392400624  -5.014327871021 
-9.334818200245   2.540758828834 
-5.436322647456   8.025336098433 
-8.186807522710  -5.302972396656 
 9.617931013606   1.846399236445 
 5.819474813770  -8.052264603733 
-0.191976122273  -9.950557133863 
 9.319509058587  -3.797450897359 
 8.212053030102   5.861113988844 
-4.149865920176   9.239167750852 
-8.216086084499   5.925308250886 
-10.117693980287 -1.096713636503 
 10.123359181556 -1.399265241406 
-9.382176469576  -4.079529022920 
-0.108774969057   10.327394024773
 2.025474482993  -10.147222452718
-1.660302413138   10.279447554228
 10.419781026899  0.138885253725 
 3.546527062982  -9.818430317658 
-7.240483730371   7.631822604554 
 7.692965977754   7.348610963347 
 3.874925384539   10.060380152978
 10.262966717908  3.389187551159 
-4.022404771428  -10.136983037409
-3.227297362240   10.440170676934
 6.700758187234   8.698538983546 
-10.983700583486  1.250054335879 
-7.374571257510  -8.245571239229 
-10.609619813923 -3.148378098753 
 0.773792246668  -11.102670008528
 8.822026195810  -6.877584445537 
 9.742280944073  -5.499572855933 
-9.854489228619   5.330661018127 
 10.838940542248 -2.857058280107 
-6.281634622701   9.388270654429 
-5.847649820965  -9.710632662718 
 7.680104197559  -8.362314619242 
 5.711374334280   9.905191766516 
-2.693139860999  -11.161572302508
 2.779333199575   11.146547029385
-10.975131715003  3.581487727635 
 6.226887994775  -9.861235148270 
-1.113248565229   11.693338351115
 11.736609139683  0.877970602513 
 10.728106653554  5.020412059159 
-11.890902624356 -0.026020812816 
-4.810254923580   10.875576574422
 9.668776209375   6.931219758253 
 11.866180332094 -1.005616456926 
-9.603748175624   7.209508602992 
-8.544545302834   8.533466733756 
-11.917537243498 -2.264299901526 
-10.981923411024 -5.186909071279 
 0.908809789197   12.171467983963
 8.408338201268   8.972486612880 
-9.485243555035  -7.948941639396 
 11.416139982349 -4.888249649171 
-4.285755087588  -11.675905139096
-3.623556772701   11.954541887840
-1.170350252235  -12.441409421950
-10.652054084887 -6.692435680112 
-7.962232452220  -9.845054240314 
 12.551914432938  2.159602423086 
-6.693871804148   10.908627855807
 4.730575402824  -11.897793829803
-6.192341147183  -11.209113992001
 9.151662126417  -9.056599149204 
-12.305082121340 -3.866298757283 
 2.642690806481  -12.651193386187
 3.744604420600   12.439464442619
 5.943493112654   11.581358904238
-12.971510449193  1.161091871769 
-2.864243138215  -12.737163771225
-11.891029749678  5.578495024830 
 7.688356007715  -10.720574401854
-2.133746458808   13.078763533072
 7.588044557381   10.873134370071
 10.806458173523 -7.887393036826 
-8.740466567270   10.149659128594
 13.418967417439 -0.801308717345 
 13.433447877714  0.930470193294 
 12.999206853880 -3.548763960043 
-12.992199495077  3.744126418836 
 13.049824767764  3.593870919600 
-5.010595755578   12.633003383465
 6.614910524048  -11.879043454597
 12.054833202429  6.310314437643 
-12.398819783650 -5.732446104251 
 10.026721101468  9.298694264153 
 12.120380130783 -6.416104945199 
-10.676832742131  8.638709268443 
 0.821338643065   13.716409712897
-13.741380759235 -1.425864680305 
 0.577072210469  -13.932403078310
-13.643283985583 -2.994519881067 
-11.078506808248 -8.514053340044 
-4.653042256990  -13.295597021701
-0.948073777035  -14.056418513357
 13.913783307907 -2.268900782103 
-3.513352271297   13.711534921966
-7.924563370001   11.803644885871
-9.545930169211  -10.551549143166
 11.621660083019  8.312225172936 
 3.588634885276  -13.859367192985
-7.901674575456  -12.037742522440
-12.434885959989 -7.271590395741 
 5.048721056001   13.526325281503
-12.163807400275  7.829902809166 
-14.333536178201  1.954557922470 
 6.852499555806   12.835517692501
-14.560348651314 -0.107555223243 
-13.199081303258  6.351540868924 
-10.460007803347  10.315303089886
 14.710200208043  0.017732743281 
 8.809341257662   11.799270020414
 2.549029787765   14.600807045174
-14.100344935488 -4.886954106613 
-1.013967159051   14.966623557598
 9.109604119659  -12.003487924654
-11.270159400268 -10.011161574528
-6.384589916999   13.692934483328
 13.603120637039  6.667261565792 
 5.496395173022  -14.136336781539
-14.471541685786  4.740386892665 
 6.931792041280  -13.591809726869
 14.029782207882 -6.027193385356 
 4.130708575832   14.843691947113
 15.343238390739  1.570480356590 
 11.103457110343 -10.717786439146
 15.113667593210  3.291801343422 
-5.039741144845   14.624756268971
 13.187042974925 -8.163623353604 
-7.105331845799  -13.860418677420
-10.137501469518  11.881351412923
 3.131604857556  -15.337457659198
-15.466347056273 -2.461786446973 
-15.630597095277  1.135612244652 
 6.421876869766   14.359686479928
-13.127832592950 -8.705360733583 
 0.432150244547   15.750380321115
 10.605266430267  11.654989266027
 14.770469619470  5.496338309458 
 0.457595365539  -15.847621208128
-13.668269145098  8.050127762597 
-3.034988434677  -15.665865064189
-15.949528225708 -0.851056735045 
 15.509474861900 -3.817837368241 
-8.264802616052   13.847419662258
-10.407844064523 -12.319390443327
 12.580365907789 -10.104243248828
-12.897697793138  9.743031527750 
-14.307923684490 -7.525824511276 
 7.918121993857   14.099450713467
 2.084295336191   16.057050384379
 11.979758066203  10.896351348723
-1.521731815666  -16.150765976619
 16.188488601577 -1.176586711958 
-3.117340892319   15.937048193189
-9.023346672419  -13.519715235125
-15.103464998560 -6.078037358407 
-14.946194381669  6.630040769411 
-16.248853311741  3.023133223817 
 13.178864376456  9.985526710960 
 14.500280420392  8.019692168703 
-11.830427230411  11.766097485431
 9.656904267678   13.614763090445
 8.072012998150  -14.706168665628
 2.043325693511  -16.653773098369
-1.378234330261   16.722268857827
-6.858318163928  -15.368394572172
 16.673940670500  2.478221443559 
 16.666270538862 -2.706341536007 
-13.358734424493 -10.369618264266
-5.385154619005  -16.053387843797
 16.308590302211  4.601777492759 
