-1.263694665241  -0.172828010995 
 1.500588354748  -0.417650550749 
 0.822784347412   1.392195380525 
 0.573386180799  -1.842246357350 
-2.686907650797  -0.709991770028 
-1.418044481493  -2.560682768579 
-1.220024998864   2.854708166237 
 2.091079508437  -2.640255378862 
 2.485375176468   2.297056347250 
-2.997132324756   1.589020320821 
 3.508487050966  -1.095302949108 
-0.273980206054  -3.899020583286 
 3.856612448715   0.684157799467 
 1.521430755860   3.611996008378 
-3.934664544264   0.380982162081 
-2.523608611544   4.103639552450 
-4.619991087232  -1.376916569439 
 1.698138537726  -4.593256462235 
 4.215116742907  -2.666256317305 
 0.429560890217   5.003596186306 
 4.079308263469   3.007276009565 
-4.240145458748  -2.893384073793 
-3.102499306507  -4.158474546418 
-3.962800554771   3.439584564017 
 2.851077231216   4.464107651128 
 5.429183171329  -0.385715330350 
-1.416355915372   5.504010617655 
 5.802212225354   1.699661945564 
-5.915643837482   1.322247336457 
 4.271358111770  -4.494898173617 
 2.182592439978   5.970916474690 
-6.362030189373  -0.312150811451 
 2.566758837611  -5.881030739911 
-1.594118780607  -6.286318338747 
 5.968910619848  -2.580114310055 
 0.797072425389  -6.515379115927 
-4.440384636534  -4.852545032764 
 4.246173736436   5.148871942277 
-3.215144572163   5.856965896616 
-0.147995454483   6.800811510502 
-6.148901732324   3.303618261027 
 7.120359211813  -0.604719722861 
-7.016246555159  -2.236166282223 
 5.732661774954   4.626728378241 
 6.189652438913  -4.377342186476 
 7.332841623420   2.153633671627 
-2.199275898154   7.346128341734 
-3.834438873379  -6.656739060476 
-4.984920870139   5.855987218004 
-7.334736144268   2.364051618638 
 1.926354025314  -7.574383518284 
-7.798024035444   0.721040189007 
-6.949523189308  -3.809202140815 
 3.409621776748  -7.234521565930 
 4.095458469757   6.891700986705 
 1.690005780195   7.882033666090 
 8.099765138422   0.547447074155 
 5.077203136509  -6.421560018746 
-6.388378351734  -5.207021585933 
 8.135071885778  -1.720845756676 
-8.272868243842  -0.920180090011 
-0.034103017441   8.379030353642 
-6.878298812262   5.087818635836 
-0.098366405698  -8.568519484595 
 7.893564877904   3.561649734621 
-5.411598438729  -6.795975960119 
 7.899933980808  -3.658365966645 
-7.853998629428   3.831836303480 
-2.850150963651  -8.277009032956 
 6.222367779795   6.480302828340 
 3.556753832249   8.339935601906 
-4.128767917606   8.177085946039 
 9.179680265309  -0.499941595613 
 7.574856225255  -5.258240238758 
 9.095053363194   1.918257778599 
 7.549164186682   5.440177649074 
 1.994039708607  -9.136199727881 
-9.224700970480  -2.635302410543 
 4.260866492284  -8.748135903441 
-9.693176205841   1.017252618922 
-9.399270609721   2.830877407001 
-1.870470363378  -9.676741476144 
-6.830225787805   7.177367736000 
-2.831178470980   9.537828898251 
-5.707245970102   8.223312100376 
 0.174822260802  -10.060301971359
 1.122386703746   10.014572805624
-10.067513094392 -0.768978458525 
 9.053358004488   4.528211153810 
-8.773916445179   5.097133744077 
 5.847532428748  -8.373603212038 
-9.026784837104  -4.866121894102 
-5.168536252402  -8.906530489211 
 9.856332234541  -3.007352799492 
 7.461199071160  -7.145954662859 
 6.518792976027   8.079951672244 
-0.800585696781   10.387043195573
-7.310016462048  -7.476792128160 
 10.451350167510  0.688600473023 
-8.413417220545  -6.296216133657 
 3.004684157981   10.133069859794
 9.437932228356  -4.857957684389 
 4.508650958763   9.859238935878 
 8.671117504015   6.556588592818 
-4.114594611209  -10.124192581984
 2.260661956900  -10.787163021567
 11.043473830847 -1.372633748667 
-10.542298040063 -3.907336457215 
-10.984938365080  2.499688182758 
-11.290358811315  0.269851551111 
-4.243514629086   10.499923519015
 6.116468070641   9.578061239484 
-11.183989591288 -2.028796539518 
 11.182784756478  2.157138757212 
 10.692157360967  4.180340115344 
-0.930465833583  -11.472771976734
-6.273974036026   9.670207984999 
-10.399436984468  4.986066857510 
 2.066627834167   11.383838010411
 7.309840546636  -9.004234576254 
 4.073909806599  -10.883893839954
-9.342511179232   6.984322019937 
 5.861327789101  -10.169010268286
 8.893862198637  -7.683175040088 
 10.008639972492 -6.288146468698 
 8.055497386376   8.735545533986 
 10.314439716799  5.959744313396 
-8.099999054075   8.740877969223 
 10.991465298190 -4.630207998563 
-2.268573892034   11.736391787060
-2.905064244085  -11.618019472478
-5.641576192369  -10.663957296827
-8.094797728068  -8.958852995112 
 12.162800706699  0.449738376781 
-9.756853223149  -7.290854357148 
-10.961338012119 -5.349355631117 
 1.086204566045  -12.200643983384
-12.080070998616 -3.250120365624 
 9.484467435514   8.254672756133 
-5.644853856567   11.278454970844
 4.653031738894   11.754979553727
 12.169577499051 -3.426779642998 
 7.262992985957   10.611316558449
-0.125521183446   12.919262588141
-7.817342111922   10.289511184026
-12.863555459891 -1.722419875383 
-4.664870315516  -12.111625254234
-7.779253219358  -10.547419976512
 12.530153425326  4.042649110938 
 11.574197834891 -6.276861909990 
 2.519976060988  -12.940067550309
-12.351598435446  4.621909100744 
-11.185283750593  6.998981310972 
-11.365185861916 -6.800759929725 
 6.675325477515  -11.442176631250
-9.645593332182  -9.121936014075 
 10.157999837857 -8.596717549677 
 12.121633523753  5.524318228470 
 5.048818656626  -12.359696348174
-9.443899769696   9.484720624125 
-12.527415485627 -4.752560482011 
 9.035445257583  -9.905940149111 
-1.801344735594   13.301113332466
 3.606160182790   12.943172469101
-13.453303980637  0.612570768868 
-2.411442429734  -13.328202514971
-13.396445104095  2.335674869106 
-4.851172636910   12.794974277255
 8.829214260928   10.521026571946
 11.825650461843  7.287185790763 
 13.736275828902 -2.189795095874 
 1.225925461030  -13.867375318413
 13.948313632688 -0.258288762434 
 8.235604363715  -11.307679581523
 13.008425186262 -5.185147655157 
 6.377567850634   12.524386834527
-12.606971079529  6.271181171511 
 2.007110935826   13.970882783086
-0.830893999402  -14.171038240497
 0.389490618625   14.375299676899
 14.355826624267  1.864699398603 
-7.518994050784  -12.387010256604
 6.485286914838  -12.978630614277
-3.375848170363   14.113996806702
-13.915363376380  4.187773512821 
 14.163861295003 -3.661243644504 
 11.733930174719  8.793021927628 
-12.052039556436  8.451567648124 
-11.034817823973  9.750482490107 
-6.954812669054   12.998479670571
-14.722823493252  1.443081883154 
-11.659208871425 -9.171842159564 
 5.068217850050   13.946028545015
-12.998859219082 -7.244831690350 
-8.761742581792   12.048750453521
 13.537385876550  6.261318816803 
-9.237839328894  -11.712110183418
 5.214917451268  -13.982560791664
 10.088124080770 -11.005964411905
 13.072973277014 -7.216756846521 
 14.365689533229  4.212878836398 
-14.210366073518 -4.859576362001 
-14.923801802152 -1.725912463760 
 11.083283833811  10.178247943914
-10.804783218271 -10.563734212656
-14.835839459001 -3.288868479330 
 3.901532476026  -14.775037189670
 0.578264412771  -15.328914807449
 12.225170454181 -9.331860731975 
-6.377623533281  -14.018747861061
 14.584940798662 -5.143010873561 
-4.678822273209  -14.746443807836
-5.766500557431   14.360628779891
 3.713527623032   15.032516019355
 13.196770684732  8.155659133690 
-15.540550082563  0.007109645365 
-2.075161279007   15.429422281047
-14.378848462385  6.050487500399 
-10.659862175616  11.422542643337
 8.413518289906   13.169454451591
 2.550858505069  -15.462577879332
-2.810325336454  -15.466659445591
-13.678738446231  7.809447341521 
-0.841582989356  -15.832560392932
-8.797435381624  -13.249785311160
 10.518687014950  12.044764813938
 7.591063061161  -14.124703829645
 7.422832499242   14.371157666813
 11.922515185808 -10.955835216873
 15.117191506353  5.942831015711 
-13.050984347286 -9.788904935452 
 16.296553326708  0.862837394624 
-16.050105797294  3.012511632793 
 16.074842353779 -2.919750112008 
 14.900823527290 -6.875338634694 
 16.256623990082  2.400292037102 
 0.963984087816   16.465532276082
 16.473887749675 -0.916941177301 
-11.403909200699 -12.014705834390
-3.745301596933   16.140355607119
 5.117730396087  -15.781002298617
 9.195629744486  -13.809821321744
-16.591749595532 -1.480623822834 
-14.283926465739 -8.684597401474 
-7.410263124010   15.017637138866
-8.980160538941   14.143385690611
-15.881924598151  5.352428382628 
-15.608474779935 -6.176065293840 
 6.599676711270  -15.458516599932
-16.541790548888 -3.062536295709 
 10.542140599039 -13.110568051662
 12.142569287919  11.712765458653
 16.064171347297 -5.497440272832 
 16.353359106622  4.680167867854 
-6.240716491811  -15.863371280322
 15.088578069928  7.979022526755 
