-0.182003709527  -0.534177059235 
 1.226868295699   0.637505156382 
-1.549641827288   0.292297836901 
 0.135652591658   1.729883564016 
 1.265835179420  -2.217773125184 
 2.845677240282   0.144314213911 
-1.144011959419   2.668024507281 
-1.566787617386  -2.676740609730 
 1.689480584541   2.609201350308 
-3.190666063713  -0.740812815136 
 3.136942389084   1.638955589843 
 0.115876809272   3.581777886240 
 2.953755962416  -2.516885319722 
 3.770340508210  -1.231894894012 
-3.384597678652   2.140342824197 
-0.266781142467  -4.069380542019 
-2.984179557469  -3.196624149367 
 3.270827737035   3.134411074711 
 1.474848465923   4.299828380980 
-4.492317019466   0.865965941020 
-2.043024743098   4.220618894019 
 2.715644451905  -4.220558023551 
-4.986631210080  -0.660658005345 
-4.472558804432  -2.393246387196 
 5.173207365899  -0.466428012119 
-4.010066333142   3.559993386946 
-0.300759343948   5.356703407219 
 1.209485144768  -5.246889408423 
 4.943596447239  -2.197565024145 
 5.230955889047   1.446727429770 
-4.979647652549   2.349727810628 
 3.578141346662   4.700701320631 
-2.183064890052  -5.578130484778 
-3.672469362933  -4.837520951644 
-6.002608259105   1.068358416089 
-0.743542145791  -6.167352773252 
 2.415002076458   6.024930604188 
-2.880218984782   5.829369292941 
 5.898582445337   2.934926439197 
 3.506860632642  -5.639118106089 
 5.187900497964   4.298906354933 
 0.890333623374  -6.736334595059 
 6.805883901763   0.655044662526 
-5.309984309743   4.399256902200 
 5.446310335991  -4.294752994724 
-0.596157757256   7.034915368517 
 1.135241223921   6.998114513194 
-6.490194141199  -3.095632072121 
 6.570423644836  -3.074216232902 
-5.422927693219  -5.004414659498 
-7.008391667395   2.573955744533 
-7.538412993416  -0.776265885493 
 7.494742078091  -1.124807347613 
-7.629917670217   1.015288112184 
-3.224153020972  -7.111771190027 
-4.695749748872   6.334160167486 
 5.947234804290   5.597984450344 
 5.107125363225  -6.480772624693 
 0.226565627800  -8.283193185390 
 3.962819544329   7.302845797942 
 7.298173279145   4.156296907611 
-6.935247448425  -4.803872203715 
-7.391301718778   4.115858705710 
-1.733758251726  -8.334552042142 
 2.837131247030  -8.132409522133 
-2.804794331533   8.252780311189 
 8.303877801771   2.727436598805 
-5.165588806345  -7.277638622874 
 0.913735489838   8.907290953515 
 7.683580777338  -4.627491197317 
 2.605250402792   8.601136166402 
-8.273616039878  -3.532204243783 
 9.099469338258   0.546105154184 
-8.970667561783  -1.810306901716 
 8.707106296926  -2.894550452963 
-8.644888251348   3.075510502484 
-7.446499408995   5.764467852469 
 6.956436174289  -6.455644261755 
-4.503485871497   8.472220957277 
-6.744949861529  -6.835804956534 
 1.271998197695  -9.559844263836 
 6.228512170655   7.372971998811 
-9.528503274483   1.626244329391 
 5.364111992634  -8.044288136928 
-0.640674410099   9.648428839145 
 4.964000392696   8.468843249559 
-9.874561664308  -0.396351682116 
-6.211962288173   7.954925577571 
-3.125165290555  -9.618241452600 
-9.042227320418   4.576005735720 
 8.411752105338   5.870209352343 
-9.122602627461  -4.794535679701 
 10.190121834113 -1.586054043761 
-9.832339598959  -3.192592758059 
 1.098159561478   10.512697127743
-3.744985326076   9.925609319907 
 4.644047444445  -9.551718993318 
 6.987765012618  -8.038587962578 
-1.316848749437  -10.669347100826
 10.597854636274  2.041833723552 
 10.216857132854  3.654296613604 
-8.829126610756  -6.337560352656 
 7.873028072146   7.547100308334 
 10.122082183380 -4.077688453075 
-8.531315664914   6.863614262455 
 3.992646444715   10.197167133186
 8.698081728060  -6.766090772691 
 6.473152373659   8.985864018394 
-10.708953431186  2.989578476985 
-1.830509821180   10.976640110269
-5.374537381968  -9.750815517072 
-6.744172258163  -8.862365331984 
 1.960098337424  -10.990844764276
 9.872514131977   5.309063978539 
-11.435347389287  0.017632107422 
 11.542200917906  0.472302546243 
 0.307774923214  -11.651752216650
 11.342021101384 -2.936835690199 
-8.572986248162  -7.994171326107 
-10.768672172009  4.683330843662 
 6.481651129135  -9.879238754044 
-4.208917834746  -11.066153301993
-11.601018524373 -2.592557809724 
-11.179907559101 -4.135896423813 
 10.304135116855 -5.998496879643 
-6.319673975154   10.135291570330
 8.474561468522  -8.475272315306 
 3.742464857765  -11.431612081537
 11.976529178388 -1.256697885032 
-11.944563617757  1.810931475502 
 11.665922860213  3.241421568833 
-8.672187700890   8.474565272158 
 5.288039264206  -10.982089567446
 3.669555814879   11.707369128899
-2.792395247833  -11.958931915786
-10.368467955342  6.690390559644 
-10.766807490289 -6.281341606345 
 0.127368155522   12.475237223259
-1.569314901804   12.455048902721
-1.062575642175  -12.517407669946
 9.959336490527  -7.732311223598 
 11.455449608674  5.293758573060 
 1.833733656952  -12.505540651837
 9.083606988403   8.847661600679 
-5.763310616616  -11.299702426995
-7.834151873748   10.022670857827
 6.633098864417   10.876598419886
 11.822134071483 -5.033035760527 
-4.843928208913   12.008203943657
 10.362716727890  7.787669008342 
 1.602452463690   12.903550117571
-3.087827534032   12.736993897816
 12.936914424900  2.354760196814 
-13.128327549772 -1.171254555589 
 13.267775848062  0.346323593164 
 12.757399069511 -3.762823817319 
 8.301445573178  -10.421175671275
 8.473586050954   10.295316891858
-9.644128248212  -9.220652004608 
 5.526948124331   12.238132484697
-6.470493589519   11.788863115035
-12.626025798870  4.746274385161 
-8.526940535054  -10.538891106624
-13.251274429883  2.898275809136 
 11.669936257020 -6.944001218130 
-3.868557076677  -13.026198812285
-9.947201192367   9.281574280944 
 5.099975985585  -12.613487466081
 3.160117516638  -13.237855595651
 13.652317993478 -1.226424456508 
-13.446303962783 -2.991724089169 
-0.242086634060  -13.825898734857
-13.848583122850  0.713167088523 
-2.399129287635  -13.685724826108
 10.094723092587 -9.569255606897 
-11.231623672649 -8.288000465987 
-11.520711051800  7.929017107051 
-12.477184842102  6.365874673985 
 1.266738623553  -13.971348834232
-12.811994029213 -5.739231824118 
-1.890521480605   14.043232489613
 6.636666875701  -12.631816820306
 4.677929939480   13.520850387465
-0.398408526968   14.334224336590
-8.669791027043   11.482019487674
 7.364741334164   12.391285115165
 11.870581437748  8.218455948102 
-6.902951316242  -12.805808645811
 10.581765961725  10.125994753283
-14.692207737564 -0.764222770513 
 14.721138338582 -0.139709978236 
 2.942478433610   14.457826894663
-14.156528809456  4.383084440821 
 14.201500722941  4.257040988133 
 14.226491606523 -4.284192587437 
 12.299771744682 -8.346444419568 
 13.664352163048 -5.877127379065 
-11.188103419481 -9.804541207696 
 9.123840018510   11.764553177252
-11.523418433370  9.435738403267 
 4.207804382026  -14.344750121288
 6.172491236309   13.689166241468
 8.240195490380  -12.560583953903
-4.095581916714   14.508582097639
-10.270100175688  11.050379802235
-14.935787858486  2.215531678431 
 15.086140909125  1.362103203567 
-8.754951271975  -12.404177446244
-7.981359093194   12.932190857355
 10.115260124896 -11.384592852354
-3.487546031677  -14.862237924968
 0.463083185144  -15.274242618845
-14.082278974020  5.942969866899 
 13.501828280543  7.218428896896 
-14.931575824870 -3.508485760842 
 2.297117797638  -15.182869132237
-1.714418716998  -15.268454661294
-5.077170611082  -14.506079427699
-5.932630288115   14.202663395988
 14.236135285187  5.889576960420 
 15.361652900642 -1.763553464000 
-12.852566749399  8.699289662374 
 1.374811647471   15.548951701024
 12.242801533557 -9.861568485282 
-13.951016971271 -7.254327965523 
 6.190544759165  -14.462562974117
-12.833970249570 -9.216600985041 
-1.110932549050   15.787723211808
-15.752706626579 -1.883393337839 
-11.046566460331 -11.420914028470
-2.931487822184   15.625115711863
 13.849453306361 -7.811861254548 
-15.978903260324  0.805075732299 
 8.407960026348   13.649494918257
 15.672779709905 -3.611770083174 
-14.268162910550  7.625400658840 
 15.199270742430 -5.575413156400 
-15.423009172303 -4.964153321642 
-7.828899782159  -14.279501266622
-11.914682521602  11.183198992139
 15.789191304630  4.306208115635 
-15.875985768659  4.125710851294 
-12.410400926091 -10.734214388994
 3.751476076274   16.026320459608
 16.466718943145  0.148560609061 
-10.494458124348  12.703540371690
 5.237169857569   15.652176804178
-15.617770095931  5.666899611179 
-7.206559928039   15.052918482762
 11.288080167290 -12.335520809792
 13.412050951250  10.003652398775
-16.531598943971  2.691049419822 
 10.744920618580  12.862387122174
 12.331542771535  11.359066089352
-2.995827208602  -16.497503646465
-16.775140633854 -0.475702570068 
