-0.001087502062   0.230544970730 
-1.421858668405  -0.746447171237 
 0.893348269212  -1.890084553707 
 2.075193999576   0.870917372603 
-1.241133523729   1.881627102038 
 1.120875901646   2.219935094136 
 2.378372750153  -0.901022958338 
-0.340840905472   3.193845753310 
-0.511746888517  -3.209248122377 
-3.047807725991   1.629129587896 
-2.872276644621  -1.981835080035 
-3.677039206173  -0.693633055214 
-2.246986459661   3.394906696006 
 3.511469814450   2.235349836591 
 1.077750005344  -4.037454206887 
 3.079125173150  -3.015987823507 
 4.530693599106   0.050518082153 
 4.446278682953  -1.550688465584 
 2.091978510041   4.295135563683 
-1.570132922929  -4.672754183990 
-0.393364854933   4.970518012831 
-3.974316652735  -3.122440856982 
-5.164375071138  -0.212046083107 
-5.052823069738   1.631856424679 
-2.339585444930   4.929176427129 
 5.231250444438   1.605264241013 
 2.278954592024  -5.208426556825 
-4.031064104747   4.289774353654 
-3.248057702013  -4.941057018588 
 5.231636213329  -2.834547999581 
 4.153633020105  -4.452115640528 
 0.338818222587  -6.131659444973 
 4.556220850158   4.250163714675 
 0.984546974046   6.260827484042 
-5.854905835544  -2.650405639227 
-4.965921223366  -4.292713133473 
-5.669219933649   3.728575420943 
-1.785404681259   6.616141192135 
-6.848966841467  -0.471172780337 
-1.203659353131  -6.799235531288 
-6.559208456767   2.184996857962 
 6.676474442260  -2.255985751040 
 7.004674453819   0.930321856051 
-3.596666700806   6.124387893482 
 2.917240187080   6.613756465993 
-2.759427826670  -6.724964845436 
 7.339885340691  -0.772868263666 
 6.358031261661  -3.846799650281 
 6.386776422032   3.843752388405 
 5.429935035751   5.552428702533 
-6.546474352597  -4.193932654873 
-5.463223282328   5.551857503128 
 7.434175500129   2.591236803963 
 0.772135323054   7.914288358530 
 4.038658554824  -7.050042252710 
-5.236570802937  -6.271059878740 
-2.762107932853   7.839495043025 
-7.337706507645   4.020027367972 
-0.870230103903  -8.380880002431 
 4.566053696079   7.146619751833 
-8.289766166081  -1.937097885002 
 1.842889012096  -8.369851772168 
-8.563034095120  -0.454132739105 
 6.136680942833  -6.054947885362 
-2.585912734303  -8.461369584595 
-0.602953055988   8.834286452180 
 8.611884275471  -2.147395315923 
 8.891617781495   0.452346929381 
-4.456371327920   7.882061841133 
 3.534397315809   8.362251175858 
-8.975237801561   1.536031038528 
-4.396329157484  -7.995992188889 
-8.669726283577   3.093930307692 
-7.900958746773  -4.874824442798 
 8.153667005841  -4.482629312337 
-6.808712023942  -6.404175015858 
-2.087255925815   9.216542764920 
 6.054063294973   7.364768626728 
-8.821122728466  -3.657275868094 
-6.049950717025   7.495163993912 
-7.281486493297   6.331011039408 
 0.296578667392  -9.737043905874 
 5.929212685035  -7.730086270534 
 8.265663923800   5.357116498546 
 7.877346146367  -5.973635887488 
 2.553062098613   9.568706991490 
 9.399538797014   3.361122422801 
 1.043890431203   10.025240871652
-10.073551339972 -0.456514329046 
 10.066859237935 -1.648831667483 
-1.194028988973  -10.134813003958
 5.031330794934  -8.962864354598 
-9.097138993906   4.797025079018 
 3.292781957281  -9.751522292536 
-4.245744155613   9.379549258209 
-9.981168491234  -2.579937515167 
 1.762630717266  -10.279641244530
-3.492555581654  -9.828651459314 
 10.499406477863  0.331444280700 
-5.972087957822  -8.642477056160 
 4.776090580274   9.460880556914 
-10.471229475263  1.729569426290 
 10.480952721655  2.221317773805 
-9.097659774991  -5.814791767095 
-5.925681919909   9.097835818024 
-10.283188807362  3.600151931377 
 10.058891786826 -4.255038673434 
-7.995869397066  -7.540233819045 
 6.504485474622   8.961984552468 
-8.984140201568   6.510467202581 
 8.181855498130  -7.589533945793 
-8.068026445204   7.750180535299 
 9.559868062015  -5.891248596511 
 8.434358208038   7.422616068914 
 0.595407506656  -11.226491785355
-11.273278298095 -1.498343400145 
-2.193531903996   11.223202740077
 10.611776674700  4.296741853075 
 11.418607685058 -0.994726820473 
 4.752799865240  -10.444601712366
 7.262585547305  -8.979611507067 
 10.038804561348  5.788542180281 
-0.209904030548   11.731619573425
-11.290694872772 -3.471685763525 
-4.849985032669   10.782662606169
-7.525198861033   9.233445285765 
-3.793417744243  -11.357789189367
-11.958899272222  1.021075085434 
-9.566949352508  -7.311696220763 
 1.274691668503   11.980626720494
 2.826039544301   11.733485753128
-5.477090146254  -10.812520437980
 12.057560126295  1.261060099249 
 8.062116694907   9.090128263697 
-1.998842417824  -12.040576058998
-11.086289919598 -5.110434761189 
-11.189057190518  4.997310604154 
-9.619121397381   7.879920198952 
 3.815144049609  -11.839196126105
 12.040814458354 -3.133423063213 
-3.533560721262   11.929903079570
 5.418219201364   11.221552295772
-8.962255125306  -8.819894121253 
-12.045638959299  3.692952162892 
 1.313253224477  -12.651871886695
-12.730064150340 -0.516684746266 
 9.481614234204  -8.599379125311 
 9.750951132744   8.304368152756 
-7.014377760377   10.779383950743
-10.851653915640  6.917188403565 
 11.921984859054 -4.946429358284 
-12.709754744851 -2.367849729901 
-7.726159942953  -10.370615898987
 12.594216129956  2.957962427586 
 6.520876042798  -11.213708628950
 11.942316894021  5.123263253959 
-2.089996127488   12.838229694763
-11.075197687672 -6.859602848968 
 13.043639060913  0.083410197763 
 11.232840477066 -6.677802470163 
 12.997464614366 -1.681255096330 
 7.505213555957   11.114556890152
 5.284310694369  -12.329742229600
 8.221684053942  -10.667270567457
-3.145383521048  -13.154550274030
-4.870402747124   12.619327015040
-9.402960430347   9.749640277285 
 2.981573092023  -13.225745383764
 1.901918468059   13.427479772714
 4.420789356874   12.829285043786
-0.795092193445  -13.554536561979
-4.653146050037  -12.897499067110
-6.547415561304  -12.058519309073
 9.064130511205   10.355607961947
-13.506312588515  2.767209451539 
-12.491267115416  5.952797496737 
-10.448342161370 -9.081077956798 
 11.343037505375  8.015429052950 
-13.286107736373 -4.123075421873 
-10.832085705593  8.874440650669 
 13.417759482451 -4.342847996675 
-12.877651088817 -5.766078260772 
-9.421020409108  -10.546209013438
 1.011881632556  -14.129999550122
 0.429042320307   14.162463488888
-8.346134682821   11.496862520415
-14.280444512283  0.824875555155 
 10.416964182983 -9.862225674546 
 5.985483173108   13.123997030292
 4.683724504414  -13.718114619466
 13.912688456098  4.142095976380 
 3.175603255021   14.223376761458
-12.122740107749 -8.113859241603 
 6.740833247424  -12.938913894287
 14.362805682975 -2.839262807577 
 11.767709852473 -8.741588007886 
 10.579821928826  10.216175255509
 14.740190696978  0.023575824963 
-14.685006662671 -1.517433131093 
-14.075937409815  4.805737679530 
 13.436366489924 -6.496692816985 
-4.253932965882   14.326177725937
-6.190133016519  -13.604445943540
-12.610274963646  8.026330172502 
 14.870706920785  1.903209745879 
-8.474241005356  -12.405191463222
 8.380216330394  -12.505816338251
-10.439804024276  10.868230910632
 9.275259997049   11.883353151186
-5.742480252804   13.971522054883
-7.156601740823   13.310606995616
 3.479090447504  -14.773062277247
 9.842553536997  -11.559462002529
-15.102665726911  2.194804172151 
 13.568753539072  7.007191984380 
-11.872897177666 -9.911572323648 
-13.776647318204 -7.064392001077 
-1.177245247564  -15.443036300026
-0.877298122551   15.489464441390
 12.390386257584  9.338642985298 
-15.541482752743 -0.271161503542 
-5.033350970511  -14.739167830682
-3.182353955966  -15.281161063852
-10.462539060751 -11.627677393759
-15.322676154848 -3.256210631220 
-14.300030571581  6.433086160146 
 14.991669416989 -4.850564754724 
 0.706546379550   15.753955870913
 11.784278974500 -10.549123270858
-3.257042721155   15.485999370627
-9.430740012275   12.712512133635
 5.087741770757   15.077389140532
 15.821392199104 -2.372716559967 
 8.403174364552   13.827145113346
 16.251000398893  0.527305868507 
 2.124303058513  -16.132913983075
 15.643027963418  4.643676059158 
 2.521396860922   16.145111822788
 15.111706838665  6.247417892711 
 5.416557318304  -15.456682259428
 8.190010221070  -14.234390042142
 10.979351832095  12.230287322133
 14.552038460841 -7.738860452805 
 0.177666124954  -16.575335002705
 14.483016457240  8.239865861320 
-6.640031955944   15.307143248779
 13.255441814780 -10.178851706249
 12.681068417119  10.927302126409
-13.100108607399  10.436592682870
 10.762718532005 -12.865550050234
-16.654327688293  2.114267127442 
-15.826505893755 -5.651376231456 
 7.363937161699   15.147396128493
-14.537922529983  8.516850610275 
 7.017981964462  -15.326441280491
-16.185924909601  4.712072498066 
