-0.388283974214  -0.408064881980 
 1.070305927957   0.065402502660 
 0.464753765833   1.675944181128 
-1.837152582260   0.138995208624 
 0.518578638955  -2.038884107292 
-1.107739772580  -1.937530443890 
-1.501519039427   1.821894891855 
 2.397448081643   0.842659466971 
 2.667669255243  -0.733490159387 
-0.283007394516   3.087879782065 
-2.773155286720  -1.489601160406 
-3.196336018416   0.798757025232 
 2.382584995587   2.597667119114 
-2.978150072378   2.334579067705 
 2.855578503997  -2.649667055253 
-0.160971689020  -3.973803579067 
 1.700476445505  -3.747706614544 
-4.126378976046  -0.570191787629 
-1.876983408085  -3.798053754533 
-1.567847669637   4.048503168147 
 4.572946302186   1.201493991322 
 0.453587546599   4.847490757447 
-4.241439355394  -2.606154569851 
 4.302031037240   2.876303823675 
-3.462693747294   3.867317194113 
 3.499415298186  -4.013823097193 
 1.962354323188   5.094605251544 
 5.430058618520  -0.713032588883 
-3.633715938360  -4.128902999007 
-5.542153730425   0.739314956021 
-1.025527338592   5.502673678164 
 3.413804627207   4.693437797117 
 5.350174216321  -2.283279099843 
 1.264516948151  -5.779461818203 
-5.695413255595   2.268673684966 
-6.224790318793  -1.805639523654 
 6.461391332385   0.827874302182 
-1.087743055130  -6.431885878846 
-5.394487325498  -4.090745684761 
-4.212143954849   5.368010653597 
-3.312199695274  -6.046593192951 
 3.441760548273  -6.084895056148 
 1.648093569167   6.822476470044 
 6.029772002012  -3.643087965547 
 6.199690404990   3.419612108861 
 6.877855913155  -1.781981854007 
-7.150312263043  -0.255197774597 
 0.438319368503  -7.177012965155 
 3.692637508164   6.186522956411 
-7.090499440048   1.405975982140 
-5.763823242145   4.375741073829 
-2.778640742341   6.741075253435 
 0.044044666330   7.295071669883 
 2.325111434993  -7.145961283340 
-1.523679087600   7.823558860200 
 6.210426783921   5.075791057940 
 6.098192688294  -5.253720311482 
-7.727483633932  -2.592715934721 
 4.972395786148  -6.496438798305 
-0.744489100407  -8.321649078846 
-4.472148838961   7.063003950039 
-6.262778016454  -5.553124456972 
-7.913959225705   2.860760970041 
 5.546269901546   6.479484881191 
-8.530302483675   0.500413354674 
 3.432775750009   7.846083241643 
 7.966058991670  -3.215179032411 
-2.641897083630  -8.187888705398 
 1.801876136049   8.423293468837 
-5.823595698705   6.371491292718 
 7.784502638469   3.798616025761 
-7.531271775730   4.445037045877 
 8.618953765407   2.048625172757 
 3.939525825935  -7.954765131866 
-5.484421664605  -6.983986895992 
 1.700857762850  -8.724488080939 
-8.960989631983  -1.061784990795 
 9.154766959478  -0.327918733561 
-2.895524001896   8.706598388325 
-1.023638503748   9.262885023234 
 6.434259515689  -6.933587021991 
 7.044324774878   6.328023810797 
-8.296643498465  -4.613006101388 
 9.288427618711  -2.037408225847 
 7.803578166175  -5.451882245981 
-4.315136154357  -8.581676954830 
 5.329573022717   8.402800091946 
-0.427901076759  -9.956873511779 
-9.596301978137  -2.827201628625 
 1.905752498883   9.936014696174 
 10.031585289807  1.459566013625 
-5.930530740604   8.246631154132 
 8.434514800493   5.729301179463 
 9.406249838312  -4.030811790952 
 9.299623838333   4.297406580254 
 4.201149184825   9.424591815250 
-10.322376068040  0.806134182519 
-10.093942815862  2.321239907060 
-8.240993111595   6.298707252317 
 0.444813322971   10.363689143251
 5.141615461043  -9.030997411074 
 1.002000585849  -10.429890542060
-10.445910904428 -1.436713346413 
 10.216526154847  2.950972339601 
 6.837359462103   8.255330340294 
-9.428252725885   5.203234619672 
-7.476138002517   7.876787313773 
-8.086179598685  -7.271462043871 
 9.322357845022  -5.651527047799 
 10.932124056795  0.259476144224 
 2.802639211136  -10.610670100787
-3.020308266471  -10.603765971049
-10.389915114133  3.807061059555 
-6.999175237289  -8.644209005686 
 8.365167647889   7.355744085018 
 7.861539916323  -7.893926280638 
 3.326076063572   10.657655211180
-5.322039061362   9.974121642714 
-9.698586163824  -5.846891071024 
 11.171020864554 -2.011490829923 
 6.884249439813  -9.055657620896 
-1.780915251001   11.275319179546
-1.528160898963  -11.663318601136
-6.062747588796  -10.115052394002
 1.379047218678   11.723164949522
-11.789841015828 -0.626187233504 
-7.156113226622   9.391529523834 
 10.726396511130 -4.935394676138 
 10.202944181996  5.987003497935 
-4.589742273569  -10.916627429974
 6.280310886255   10.065764612862
-11.543109048023 -2.828863711075 
 11.360673941416 -3.558734890867 
-3.730563077144   11.321688435488
 9.646497844276  -7.224504558139 
 11.675122716550  3.516697668093 
 12.117379326102  1.373089112801 
-8.953172423076   8.357405144497 
 1.261482068943  -12.191561765586
 8.513264113101   8.855592722453 
-12.105192100107  2.473483379477 
-9.831973724003  -7.509246228434 
 5.779078056606  -10.964578438230
-0.257085370431   12.476824949798
 12.436761047426 -1.175959313582 
 5.243001007370   11.347057485309
-11.500882254301 -4.958226523397 
-9.031582885518  -8.838132650199 
 4.311584913302  -11.887768742728
 11.590036675613  5.109209230088 
 3.841574299130   12.094801407897
-7.676019968708  -10.241375020695
-10.740073026373  7.009966516483 
 2.701878797221  -12.669971273058
-0.111299431159  -12.970209159452
 10.349012070360  7.865337493717 
-13.091431102600  0.618262860189 
-2.175944655668   12.938945979782
-6.815289430539   11.254313968698
-11.785507131381  5.861778208169 
-5.379789621555   12.039144466912
 11.342981448928 -6.812966229220 
 9.437624107807  -9.317936885952 
-3.993934815519  -12.647328605381
-8.485800717842   10.289376131936
 7.607289978091   11.009595912912
-12.751888212895  4.173291218356 
-13.031132744375 -3.387718916301 
-13.439837356042 -1.127499127774 
-6.217086050702  -11.978091675347
 13.537873162105 -0.056072298744 
 8.125722226739  -10.868919828832
 1.233290078256   13.594572424318
 12.967410561683  4.304635171807 
 12.526840159670 -5.525789474746 
-11.739638677354 -7.150393502521 
-10.870800982525  8.591599526934 
 12.273130735429  6.511690569713 
 10.935967202319 -8.575219586789 
 13.748826854580 -2.079486961339 
 9.870720320385   9.800551919781 
-0.754395659503   13.987193482816
 6.001289572419   12.716751446787
-2.685858474626  -13.807009646407
 3.614741669370   13.618941013351
-10.171578649470  9.935063970007 
-11.361251581742 -8.657918973802 
-13.458892799240 -4.831174763597 
 14.118542689904  2.373362460630 
-4.533079287515   13.637738221192
-12.426133185338  7.278760393631 
 2.345452183457  -14.229502789370
 6.752125587721  -12.755527511547
 11.948957499946  8.286127697259 
 0.778919967949  -14.643661509621
 14.100603369594 -4.160980396639 
-6.532311792601   13.190318936276
-9.093586226746  -11.609723282591
-13.592055159481  5.740626352930 
-4.163026784378  -14.198506119050
 5.417354811210  -13.793845583135
 14.871138744429  0.883003375206 
-14.545403184652  3.318847383286 
 5.097745628480   14.071457027521
-3.099226928211   14.703093689542
 1.914722849576   14.931906097169
-8.443548679931   12.471476528964
-9.666121106597   11.586876620242
 14.012495587251 -5.877591720456 
-15.117431133329  1.672951665111 
-10.579516649614 -10.965574103615
-15.245169155056 -0.461131323475 
-14.806759533865 -3.781559987025 
-7.664977212286  -13.234111515388
 3.827826921020  -14.837713244723
-13.544384675944 -7.204736363348 
-12.022126939696  9.644335157368 
 13.555534187533 -7.390404144883 
 11.712644877391 -10.081917028093
 15.387206995388 -1.790562825220 
 9.581736771160   12.187706996564
-0.722805129430   15.556933646069
 14.867235802931  4.869990147105 
-15.492015029446 -2.395059078057 
 12.077978470191  9.994433722158 
 10.955538074422  11.223234482595
-5.892305637403  -14.570913739354
 7.513693874111   13.806533224493
 12.911790494258 -9.011531058897 
-0.752675690020  -15.730482680802
 10.851841856239 -11.477760202681
 9.305730730681  -12.790343002901
-14.873221472152 -5.511040615776 
-15.040935951645  5.342557403891 
-14.291755445336  7.196542009817 
 15.790927938169  2.933916776851 
 14.507586065977  6.910173754926 
 13.353630734522  8.984271391580 
 3.905978360822   15.672949257773
-12.220039990298 -10.681056697084
 0.906590705519  -16.209120929141
-7.516318058987   14.395461105043
-9.288849322256  -13.337467355948
 15.780645142916 -4.058019041092 
 7.114758254613  -14.676991554318
 6.466964399928   15.185066195122
 16.521927209993  0.922614213772 
-9.253951057664   13.860235732682
 0.252234064306   16.702566976896
-3.861583666463   16.280845069773
 15.219883677628 -6.952465981622 
-5.838097734377   15.695202407140
-7.663151309255  -14.904695168941
 2.473157507474  -16.599801899018
-4.652454783530  -16.153267404053
 9.219713092264   14.069339192106
