-0.816256528293   0.087895431834 
 0.580484101843   0.778644024021 
 0.704668755584  -1.284800542738 
-0.981455425190  -1.441449057609 
-1.656718483242   1.425320910871 
 2.426943892241   0.348411900718 
 2.313994247109  -1.583065264030 
-3.130567170766  -0.618047051898 
 0.457965059791   3.250524691618 
-0.881415324334  -3.434524058954 
 2.540327717456   2.733772015195 
-3.045794279962   2.259147089790 
 1.794042025993  -3.344251488465 
-2.225788682106   3.706544194474 
-4.218855426046   1.224919771545 
-3.617574460392  -2.572065853816 
 3.943995475250  -2.163084577329 
 4.340640012218   1.577273520200 
 0.408813476139   4.763198593627 
-4.770758289978  -0.372401805057 
 4.709867451572  -0.847117596128 
 0.154118758638  -4.816853656780 
 2.599909056594   4.284593450710 
 1.753852703214  -4.874312064785 
-2.202332413884  -4.711274010230 
-1.169627187269   5.144272468125 
 3.559441853894  -4.103450075034 
-5.790823524634   0.941357505780 
-5.377045376964   2.388141707474 
 5.896509596825   0.483879310461 
-2.663594267111   5.325455739412 
 4.243617758421   4.188478042562 
-4.323985668003  -4.136121539250 
-4.316444668468   4.185070296303 
-6.201332309841  -1.023806845893 
 1.010799871766   6.205208605512 
 0.086857562044  -6.429115546246 
 6.139429523353   2.239901778608 
 3.227569994149   5.735499312271 
-1.915754191085  -6.386510064137 
 6.133315576073  -3.015745598254 
-0.827193083264   6.858193166990 
-6.351895598950  -3.236135478767 
 7.074333988410  -1.553366762725 
 7.315269271716   1.155443140569 
 2.788386745753  -6.875897360436 
 6.205718256468   4.277203779577 
 4.327437261427  -6.201029279527 
-3.553148979049   6.685485085851 
-7.595962596180   0.535793465632 
 2.398458167763   7.252348751435 
-4.520709985086  -6.193717676569 
-6.985341544678   3.294357356066 
 6.253138535924  -4.834822136357 
 0.812267579036  -7.922743112398 
-3.235201109776  -7.407785960965 
-1.712891513372  -7.901385721055 
 4.727936838549   6.665012151677 
 0.960975781785   8.116927016016 
-5.931917143975  -5.630416959676 
-5.991691518624   5.631667058024 
-8.207956470727  -1.031107933429 
 5.961939774819   5.767448115458 
 8.354522343489   0.028430611321 
-7.976540595623  -2.571187001622 
 8.041760086819   2.472747521573 
-7.421243272654  -4.533210820518 
 2.360716572837  -8.485216855352 
 3.918562794300  -7.897609735447 
-2.391617218788   8.519545948040 
 8.512512054359  -3.147365016598 
-8.579958508450   2.982012958372 
 9.125760779341  -1.414291291152 
-9.127401716677   1.408703143598 
-7.817028364425   4.963112362154 
 5.820091563832  -7.208448972555 
 3.641718073945   8.520899671359 
 0.172336075191  -9.449827682071 
-0.302192189786   9.486647154235 
 2.239369600656   9.245346835540 
-5.424259652307  -7.906770455376 
-2.537250394431  -9.306174766513 
-5.803573217397   7.781151021789 
 8.481652658398   4.740499849962 
-6.716307708550  -7.024563101197 
-4.276233689236   8.767706906253 
 7.287168966564   6.584651361329 
 9.846230171815   0.411617100495 
 6.085218571508   7.760387363575 
 9.859934521948   1.933198270263 
-9.552861359248  -3.226708009844 
 9.460604763625   3.575737371220 
-10.070335768423 -1.368071444184 
 5.171561127606  -8.836618781413 
-8.610657865860  -5.704936950506 
 7.751513039615  -6.828269414544 
-4.612293136219  -9.269963190985 
 2.533311041196  -10.063638880403
-10.053437965051  2.689960471392 
-2.210263089413   10.237087149225
 8.911304943617  -5.640234130686 
-10.581471815719  0.895512606401 
 10.397542652790 -2.358324793292 
-9.473580965295   5.006516382936 
-7.301201386070   7.996716752545 
-1.823200000815  -10.718645298300
-0.004171629234  -10.963573581233
 4.779396064927   9.867672180890 
-7.097357115508  -8.501798578641 
 11.106136656487 -0.806305007603 
 6.778297063104  -8.858960355132 
-3.688262618475   10.577850046551
 9.429056474730   6.075326839117 
-8.527767331176  -7.364672403083 
 1.160757795556   11.215530715546
-8.725220582199   7.142288410028 
 8.549591642309   7.417546257383 
-3.414662657364  -10.804589423800
 10.337947909601 -5.025296277351 
 6.878464731276   9.261427035027 
 4.866613613571  -10.514974799295
-10.573725647258 -4.776494745068 
-10.944617908385  3.933711580220 
 11.523023850443  1.951953606298 
-11.504753607190  2.235238251819 
 8.236110980587  -8.392408273280 
 11.013888536210  4.126966050486 
 1.404327072686  -11.687725552937
-11.456909752146 -2.921741406534 
-5.606150221040  -10.522981685371
-6.356241476184   10.162933796799
-0.756447734118   11.997045405605
 4.061665554443   11.320777238898
-11.980582799310 -1.356864630949 
-12.181406825549  0.454017806859 
 2.950343536447  -11.855367570790
 12.097831676248 -2.164999392851 
-10.512158107831 -6.489700183228 
-2.969866626514   12.010377924358
 9.679238021239  -7.759635076668 
-8.696570602973   8.985810067112 
 8.602168612744   9.118547434590 
 7.363956940838  -10.272726582414
-1.098536739545  -12.596965507389
 12.654247989985 -0.523854275915 
 10.048341127952  7.815244910404 
 12.189582347342 -3.789689414291 
 10.886296781492 -6.717356519897 
-11.259531750562  6.224029807757 
 2.287705937455   12.664993599990
-8.573974266173  -9.644626893132 
 11.664972417051  5.525656823577 
-12.090572996542 -4.646440461320 
 0.409077034375  -12.947453579288
-5.486540444967   11.937007118871
 4.617302583825  -12.322520621718
 0.170797110302   13.217064833276
 5.939631448988   11.946693660961
-13.110677676669  2.496143861044 
 1.988150369174  -13.202047655471
 11.416541118226  7.046356034941 
-7.392622370452  -11.221476447729
-1.727337403248   13.340890178467
 7.804663812568   11.038923188421
 4.205800898959   12.852839871581
 13.110633115652  3.497002642356 
 13.448472846374  1.994827868729 
-5.844608570729  -12.344610087558
-10.723059930918 -8.528708481189 
-3.401365521454  -13.329248314253
 9.738988604579  -9.727898159847 
 10.128722962573  9.335795625860 
-13.023242145867  4.521552408369 
-8.958991459563   10.479018968915
-11.193845640972  8.080393905887 
-13.513651015570 -2.972197553748 
 13.880956702888  0.454636161515 
 13.648047666531 -2.572923496536 
-13.857311597053  1.092335083502 
-7.672811237555   11.642161216477
 13.090180823580  5.016643935939 
 12.909085542825 -5.529159182420 
 7.216873832873  -12.069501598802
-0.501069663891  -14.174272071696
-14.220738215719 -1.183765985947 
-10.043375798323 -10.360453320553
-12.385973090376 -7.554443157336 
 6.103100278937  -13.180484976367
 3.358694835968   14.142280103898
-8.870034572194  -11.545687851569
 12.970138630629  6.645137045915 
-3.669058198354   14.118939916401
 5.666336720920   13.479072465366
 1.290143710425  -14.595437528423
 1.868860665631   14.601271135061
-2.145625441935  -14.593314179548
 9.295492630524   11.632201578186
 11.564305392252 -9.381930424718 
-6.332699271345   13.540401332654
-14.139182101498 -4.869456003112 
-11.562057975942  9.589946475816 
 9.704450874062  -11.485882771054
 14.582535038977 -4.070503197482 
 13.167432109680 -7.478257929224 
-14.804921265845  3.261834186767 
 3.076765415149  -14.845590374860
 14.541904357855  4.299562001138 
-13.651316322182  6.802445979799 
 10.959577036251  10.607781243195
 15.247417630227  1.157499107571 
-15.285857677251  0.527680264115 
-6.359634681547  -13.927996021456
 15.174898815908 -2.223649243738 
 8.380141753141   12.949614138877
 4.775230810815  -14.701722946418
-0.701951367418   15.594227049564
-10.686161223082  11.386932782376
 12.444494605579  9.441948491499 
-4.825957747655  -14.902204500311
-7.999230067390  -13.486120772967
-11.647551254634 -10.537728372584
-13.199985299857  8.531352996338 
-14.304752696127 -6.512300051117 
-15.578598402593 -2.102438589743 
 15.492741820911  2.923743222388 
 8.718326098408  -13.251535757418
-10.285550405002 -12.076766989136
 4.935182386769   15.103835245907
 15.952852900587 -0.171443273054 
-0.910559986766  -15.930893250893
 11.576815512817 -11.042879835190
 7.418870867001  -14.218424279814
 15.065230125389 -5.517561949087 
-9.246417669781   13.126923534834
 14.314238909613  7.311668949930 
 1.949674792137  -16.002793087878
-7.710424181908   14.331454148734
 14.668215568303 -7.052162516560 
-13.011938778904 -9.879776225420 
-15.766652816461 -4.663937580583 
-2.055663691758   16.314107727286
-15.624530484380  5.140933079770 
 16.045152432517 -3.641032063589 
 7.099944915388   14.868916442320
 9.883324800591   13.194424481941
-2.878445308452  -16.279290282334
 2.060389658596   16.431780842096
 10.840282740500 -12.545679774305
-16.543851841958  1.802261777817 
-9.638338587669  -13.609715150238
-5.822267251960   15.651075111725
 15.611859323501  6.015405542470 
 14.374436619131 -8.687552677606 
 3.822006974330  -16.424710993512
 16.785975590957  2.024598594280 
-16.909881519861 -0.212114150011 
