 0.199344290682  -0.208136848240 
-1.381683692634  -0.404138593667 
-0.851574942858   1.211735820615 
 1.063971681697   1.138635055927 
 2.349437997109   0.263069649039 
-0.141026192172  -2.530562716509 
-1.695684999550  -1.926398823455 
-2.588083962687   0.526922168703 
 1.598361388822  -2.125690433900 
 0.351177279742   2.740091190813 
-3.347117896740  -1.077333929619 
-2.427800348753   2.769826913411 
 2.542567363838   2.751002309426 
 3.827800707322  -0.306675347849 
-4.126380892696   0.270305275931 
 1.375606135307   4.006170402274 
 4.025516408912   1.455288647456 
 0.314581712464  -4.324297808456 
-3.821105978498  -2.767216349869 
-1.846277956019   4.379391087565 
-1.904516883094  -4.394011358955 
-0.017709793069   4.815112277236 
 4.366712399015  -2.153115073435 
 2.712041260313  -4.361390613692 
-4.663414464480   2.209411106973 
 3.133030892987   4.315611419263 
 5.367766656554   0.143222430383 
-3.729078316858  -4.381874423793 
 4.557813491826   3.665578923859 
 5.808520469095  -1.603735627779 
 4.566405399408  -3.937593342136 
-5.827304242878  -1.828384013133 
-3.491482471295   5.152565447260 
-4.764028482801   4.123793603617 
 2.170109013801   5.961703463321 
 0.163287804194   6.467911178517 
 0.422970549057  -6.480817197596 
-1.482077695842  -6.380373437672 
-6.578037867575   0.484774215639 
 6.550537005734   1.255518814076 
-6.341778660089   2.201321600829 
 4.141870448416  -5.376312656559 
 6.110905955750   3.010861889182 
-3.541637500102  -5.911580541098 
 1.940804077304  -6.644646593572 
 3.763980702337   5.938420855285 
-6.123611292327  -3.756839864678 
 7.203863231527  -0.390819731497 
-2.871776372447   6.709521555648 
-5.052199508239  -5.465239602134 
 7.257225821088  -2.222182067671 
-1.308489734961   7.522667305257 
 6.494322550015  -4.098637458105 
-7.506140441150  -1.687217291719 
 7.598855372455   2.695110363207 
 1.066152440176   7.993549010414 
-7.610671398954   3.078811716699 
 5.293731959035   6.318171004487 
 7.049114686665   4.322118551519 
 2.814092464609   7.790202777500 
 1.887905341166  -8.153545434389 
 5.236194392885  -6.574728654232 
 3.515852769385  -7.680352444224 
-4.812278495681   6.982748628390 
-6.115798713137   5.908737959612 
 8.727808852556  -0.334228190713 
-3.924319549516  -7.811717168545 
-7.380696534062   4.692792435189 
 8.683142969381   1.349601149067 
-8.177187668773  -3.282370069130 
-8.826071532801  -0.915139426680 
-7.448064383877  -4.898407922329 
-0.284026849203  -8.932173974437 
 4.558385619239   7.882414435150 
 8.681365478691  -2.838322259979 
-9.019660178057   1.438394641997 
 8.072473573181  -4.304411557446 
-2.171474449498  -8.914628456698 
-0.009241548014   9.385971672016 
-5.515472374529  -7.675247295636 
-2.260354194581   9.192271659384 
 7.574380708310  -5.931749113314 
 9.096931286841   3.144639521652 
 8.519828091758   4.632273095052 
-9.291439908924   2.949242663594 
 4.800610057143  -8.638901952478 
 1.259321209672  -9.814677739931 
 6.074792255867   7.814095261544 
-7.331806692849  -6.660186977711 
 1.702906189270   9.989283928769 
 7.644442151865   6.669029784150 
 7.016607986223  -7.359403716322 
-4.901997943743   9.041611864749 
-9.076444636369  -5.013842779634 
 10.256600995496 -1.551308684252 
-10.384375730480 -0.728095491252 
 3.549507415944  -9.795343466600 
-3.254590236183  -9.954443938861 
 3.700749349143   9.803555953042 
-9.198150393112   5.041458878270 
-10.050215550979 -3.113954226836 
-10.509235902198  1.622901182427 
-4.788292869874  -9.508296513665 
-0.652722099909   10.746827735057
 9.265233312724  -5.786793704731 
 9.122397550248   6.011298722494 
-0.184677985615  -10.935693586446
-6.918315047953  -8.480961594501 
-6.849165176344   8.614254999041 
 11.016163568816  0.220038373244 
-8.026167277354   7.611662723363 
-2.354983654257   10.827112610019
 10.374158884323 -3.895329588166 
-2.055324772339  -11.019102054658
 2.523269428420  -10.967787445656
 6.525955912113  -9.241977163041 
 7.621562509228   8.418152708581 
 10.232363141089  4.985268195525 
 0.826979792024   11.379134490587
-9.348459740855   6.584063306915 
-10.780198622046  3.891574480985 
 5.230055102074   10.248042539846
 11.576832674694  1.626901081801 
 8.249449281287  -8.383734824962 
 3.302579325089   11.389851706982
 9.005718380004   7.731238067809 
 1.192044558537  -11.838282320227
 4.142109895136  -11.186995466351
-11.931296824588  0.301020566426 
-11.754917925065 -2.295309603889 
 11.362131582138  3.967057521113 
-9.881345927014  -7.031443929287 
-9.004556622050  -8.287942008641 
-5.670916561789  -10.886359432116
-3.433683786273  -11.857887100492
 10.278615610429 -6.921453301176 
-4.557077807417   11.529437001858
-5.949130829450   10.908632921076
 7.263065961978   10.096987618472
 12.069306361482 -3.068628039533 
 12.504723189831 -0.005031009582 
-11.740683649072 -4.560131076210 
 11.692794524524 -4.707301454409 
 6.663287207353  -10.770214936256
-7.341286044408   10.323962378126
-10.896547311661  6.515641134523 
-9.344036408234   8.616473395428 
-12.586597389100  1.912143322577 
 10.697153633743  7.135954927297 
-12.348383796953  3.822630536397 
-11.441012143118 -6.036094629013 
 12.574791102205  3.070258135100 
 4.709745380705   12.089143134248
-7.563144137147  -10.556391107938
-0.782546381757   13.012167212345
 11.809050204012  5.598879387115 
 9.107883453093   9.555423218232 
 1.449789014178   13.230610343841
-13.250231687701 -1.343908981955 
 13.223746792313 -1.601829168617 
 9.051065903677  -9.797358631201 
 1.741155619182  -13.248540946185
-0.744669632341  -13.350416128020
 4.067306811205  -12.750227791807
 10.234263457182 -8.693583905446 
-13.428877546189  0.500333687860 
-3.507792178085   12.998997928483
-12.231657209846  5.731838464249 
 13.438631115178  1.677635723745 
 6.808030673738   11.889314508203
-9.154707826229  -10.231465094363
-13.141332104987 -4.001179867386 
 11.653489390629 -7.681782170289 
-2.587896803058  -13.750768997823
-4.985415160995  -13.085470869965
 3.612223156067   13.561603441352
-9.353807259194   10.496507369444
-6.250774702352   12.601340439113
 6.049109345872  -12.857211649938
-11.826774954064 -7.989468769377 
 13.394415013567 -5.042039964078 
-10.903910396188 -9.335564613122 
 13.364589123238  5.276686011894 
-8.166003133574   11.870377726719
-12.814508565858 -6.724421686908 
 12.390725936265  7.536357666739 
-14.405733876397  1.862570046516 
 10.554953019275  10.013465757325
 3.466821751747  -14.154165104043
 9.389979452089   11.204930514645
-1.672986036092   14.525970696051
 14.176425818195  3.612070371940 
-14.232929095743  3.503545912717 
-14.696502061715 -0.361306807762 
-11.759785205610  8.832693086863 
 14.386377548956 -3.250025228315 
 8.321122220687   12.333319278228
 6.594424680292   13.378183558510
-13.796980466336  5.698909041826 
 14.879178752966 -1.332397463825 
-7.809103748419  -12.777617130676
-0.695890190989  -14.999325809720
 5.119410215164   14.119155403866
 11.177427600067 -10.047835389242
 13.446552955387 -6.753873091586 
 1.937868588555  -14.927405893811
-14.091453356556 -5.616625489704 
 8.730627376181  -12.484599862835
-13.345414669035  7.378278428565 
-0.304414306768   15.263667311457
-4.647817726650  -14.569014538531
 12.325976408160  9.128394543474 
-10.569049202734 -11.134789742619
-10.851252454358  10.956974625940
-3.542025907529   15.070619334196
-15.312956078396 -2.414048246430 
 12.941317715140 -8.539858880849 
-9.715337615076   12.112116326045
 5.669766414821  -14.475225233737
 15.618998596941  0.289751506230 
 1.854550366149   15.583037327086
-6.825618355055  -14.189153860168
 15.630115538561  2.549993366303 
-9.513759035992  -12.683868259653
-15.079084576915  4.901202774556 
 10.945985901950 -11.548211911165
 15.108708552255  5.022533954215 
-12.303091440281 -10.107881796925
 10.878723148017  11.672545060639
-15.791734560825  2.744331245719 
-5.735552549097   14.972050101873
 8.061294290963  -13.924799737461
-3.059716349591  -15.797391248621
 8.123762764408   13.890056471197
 0.336119312339  -16.136758645031
 4.185630048496  -15.668001781520
 6.465810307192   14.891100765274
-14.491849494320 -7.376343283184 
-15.741793139678 -4.348661462411 
 3.328397710248   15.998532167483
-16.347915705051 -0.482799501069 
 15.511311397222 -5.226306526079 
 12.503731138734  10.672721692474
 15.062750542173 -6.659655820414 
-13.983745273392 -8.800347134958 
-12.496319385109  10.809682787161
 15.033185620661  7.033085887402 
 12.677865876749 -10.759468074163
 14.386751810923  8.604900063697 
-4.933288690747  -16.058564247610
 10.477929415105 -13.131372917066
-16.797662347303  1.192119074276 
-8.537280594803   14.515865891664
 16.526774588609 -3.319905149947 
 6.806343748485  -15.504650036034
 16.936117968975  1.216678954627 
