-0.432504928114   0.228168921913 
-0.326294152491  -1.500926377695 
 1.634505256197  -0.423938043444 
-1.713738893591   1.200399507076 
 1.038382923978   2.228033760460 
 1.203623756070  -2.314168926044 
-2.534202826329  -0.961536733171 
-1.074378271049  -2.955161761771 
-1.543531256572   2.753288287071 
 3.174309020476   0.435647793784 
 3.023948845992  -1.292601329601 
-3.197437888172   0.936194501512 
 3.041947091664   2.237238312599 
 0.017156698545   3.937669445058 
 2.682480489068  -2.884431682182 
-2.682233693193  -2.942617354685 
 1.619348783471   3.723897032258 
 1.247502481291  -4.173019927724 
-4.327856282192  -1.083274818293 
 4.552565331979  -1.376102675713 
-4.898255631814   0.473487705406 
-3.241971470192   3.832451647437 
-4.410941237485   2.594308466603 
 5.352541671338   0.233214709920 
-2.115129644984  -4.958653367950 
 0.225757261675  -5.407445982228 
-4.028783248548  -3.723570721044 
 3.776659778948  -3.984074913662 
 5.464660606353   1.764207606709 
-1.561835154841   5.567645723893 
 1.235424130918   5.691323585758 
 5.110375817913   3.270993348171 
-5.534304112447  -2.707170147102 
-5.911031825620   1.910579618604 
 6.123440016355  -1.135295855374 
 3.070818287493   5.516579475730 
 4.430175268730   4.658685288922 
-3.090764875350   5.685448229753 
 3.445079991708  -5.577992225056 
-1.482620642503  -6.465782926723 
 1.850930420062  -6.381050854702 
 5.928995839779  -3.046546826175 
-2.985951254362  -6.204225373294 
-4.317032900669  -5.393212924654 
 5.319975319174  -4.509995933606 
-4.891625134084   4.995622031025 
-5.940950948571   3.803252930269 
 7.203102424493  -0.062687012604 
-7.156991519072  -0.887260066276 
 0.390586016613   7.305210162039 
 1.907664455880   7.214377337630 
-1.887576330344   7.341874863042 
-7.482245928355   1.515999968502 
-7.215252450281  -2.581285298084 
-0.413051228152  -7.815601016012 
-5.906007197990  -5.273969902598 
 5.958689650138   5.246576203662 
 7.520995431110  -3.062807302192 
 7.799787124021   2.462659800035 
-3.875112707173   7.209253718023 
 5.607441675756  -6.012588232344 
 7.354796112312   3.906335652823 
 1.691232139610  -8.190326070009 
-5.209740300298  -6.630119861525 
 8.285644058959  -1.655196347798 
 4.324602361602   7.311889678680 
 8.471650828461   0.921718860529 
 4.294022664959  -7.408105792672 
-7.698025047504   4.016564223543 
-8.762804852061   0.466535169021 
-7.691908030993  -4.269167970881 
-0.498475154850   8.794105097210 
-6.545800391656   6.046293315056 
-8.539170755102   2.617533785893 
-1.625031430598  -8.843628511042 
 1.045797755208   9.008693316019 
 7.558897327010  -5.231237439443 
-9.018465380790  -1.898753047592 
 9.342986792399  -0.441043488519 
-4.027210599074  -8.541953552361 
 4.034928674390   8.813375856915 
-3.306566521778   9.233470685344 
-9.212416707339  -3.425793568218 
 7.299568642907   6.620488463248 
-6.069532906977   7.777803701837 
-0.494658474057  -9.857796495912 
 8.345082744086   5.273261909485 
 1.221694184403  -9.800076447567 
 6.743340352300  -7.302220277730 
 9.629259814601   2.752864394266 
-5.987279140382  -8.073617653433 
-10.051404910315  1.351732571640 
 3.430712157486  -9.581399476273 
 6.168341729785   8.112036488957 
-7.789835942754  -6.620425382940 
-0.060051606571   10.242045491748
-10.298931017052 -0.229074407117 
-9.199184002596   4.940772767295 
 9.548020080824  -4.293053515479 
-10.069680759471  2.961394329430 
 2.357214065889   10.334830789928
 8.654455805154  -6.260676242063 
-2.324308082762   10.469380946964
 10.413911823012 -2.573775624898 
-4.833964401548   9.630132643426 
 5.529874436632  -9.274131509905 
-2.779969172959  -10.567787064094
-8.728444227250   6.589986270297 
-10.619716657910 -2.636994137300 
 11.007039716277  0.165506881517 
 10.170884309196  4.545019236033 
 4.373899189341   10.321265113807
 5.794176440506   9.639706999276 
 9.261160045769   6.610332896760 
-4.453649786078  -10.545855578377
 8.011223281879  -8.218593215704 
-7.554985454665   8.661274530982 
-6.219967040368  -9.694489064668 
-10.092241774740 -5.592602606034 
 3.019353024999  -11.180411220567
-11.667883859763  0.533012117073 
 11.677833025063 -1.247029053345 
-0.106293625977   11.754706665417
 1.592599602677   11.680632934229
 8.317502601504   8.567863811769 
 10.464770734354 -5.795657238293 
-8.706220774752  -8.225119536328 
 3.416031723548   11.519255029068
 4.576984804200  -11.219432639020
-10.959204420205  5.169674205718 
 11.391737251025 -4.175332772402 
-11.483897247253 -4.160982364886 
-2.820089785163   11.917296598979
-0.325474414477  -12.254752565696
-9.921249536800  -7.209419925836 
 12.110823716995  1.943863858823 
-2.442749657075  -12.040605516633
-7.755788700911  -9.576510063950 
-4.817272205478   11.365446730229
 1.848041887740  -12.212598343846
-10.284275061517  6.928529237485 
 12.170947942210 -2.712613629077 
-12.482770681632 -1.305011922677 
 6.168268345569  -11.057529287233
-6.693895972060   10.769266406597
-12.538631963811  2.038902333536 
 7.522165291249  -10.353071166195
 5.303617103960   11.677106359181
-1.606110858930   12.821310859687
 7.704303153983   10.404975959783
 11.155746231576  6.670988259888 
-5.322164534205  -11.896508987015
-12.506982230689  3.727773305459 
 12.603222376283  3.633632587641 
-6.978191285360  -11.110171779090
 13.129879558720  0.003608435274 
 8.963631588286  -9.620990994326 
 10.063677583453 -8.596705046760 
-12.888129041704 -3.401256686671 
 11.205256830221 -7.224569392422 
 0.856993045582   13.426504268996
 3.282505215589  -13.049021739695
 12.174168826102 -5.774599212064 
-4.274214051587   12.788623539204
-9.620672131177  -9.485211182424 
 3.431919963519   13.144520301647
-8.280921364563   10.787293850451
-13.608564051716 -0.001634743369 
-10.202899683967  9.022437004907 
-12.648707900490 -5.223493380859 
-3.599376899457  -13.226871746376
-12.643914113464  5.358296564876 
-11.974544304017  6.802273011382 
 12.470900384630  5.900535650781 
 13.675653349295 -1.821687300704 
 10.346934557908  9.182633092295 
-6.226216744695   12.382323231745
 13.353226195044 -3.768130025250 
-1.124900239537  -13.950910643741
 1.007288097333  -13.984543808462
 5.162466495173  -13.078209753259
-14.040517733698  1.488307899382 
 7.079866511764   12.279852362586
-11.533515152823  8.240366623400 
 5.144096827319   13.249962575955
-12.485481214781 -6.799452961720 
-11.775271261477 -8.137716546092 
 14.196295388158  2.287687304504 
-9.197296615254  -11.062700518265
-14.057360985639  3.300790555918 
-5.067937090733  -13.550884989281
-14.308563476005 -2.907977925513 
-6.732090383047  -12.959852196430
 13.696024798187 -5.251353087990 
 13.761652245504  5.123596987972 
-7.730096661497   12.522032125523
-9.949728980066   10.854691563277
 9.731277316587  -11.140935378492
 2.485016089398  -14.584213923720
 9.189827142688   11.713972519566
 2.875763549480   14.691812459549
-1.147605253096   14.999848791151
 1.284768345165   14.990882850052
 15.052729380209  0.609351672045 
-14.285056703898  4.941273960553 
-3.298842286394   14.777850780985
 12.094788171607  9.185779243433 
 8.045394087794  -12.893469222942
-13.891056612969 -6.180197184653 
 13.196626861858 -7.621481473152 
 6.756015070979  -13.691789214214
-13.774236192485  6.658173285624 
-5.827598758415   14.177583957631
 11.062807389951  10.640207026513
-8.641248311739  -12.704704727834
 14.911446351035 -3.750030812273 
 11.849533145612 -9.969253876967 
-15.433036693249 -1.883517760208 
-11.622966674639 -10.342741065954
-12.090982106178  9.915562384588 
 13.819198395644  7.330318965404 
-0.850900360241  -15.646261393757
-13.126298982355  8.587843671391 
 1.385999025148  -15.627091564143
-15.151618651041 -4.190589620967 
-15.769859092828 -0.414434764390 
 15.743098479400 -1.269166076119 
 5.476730442744   14.846516818509
 15.464909394944  3.609909582757 
-3.685955476306  -15.450191429008
-15.544838148881  3.603001305674 
-15.822394661712  2.069594965565 
 3.777071118226  -15.602788178930
-6.120240636404  -14.863866648255
 0.195481457863   16.096671401923
-10.711018988516 -12.032679437926
-9.373483981685   13.126818719772
 6.950613654965   14.567456511178
-11.250016782762  11.632342740448
-14.285107074747 -7.671266051943 
 5.417383789935  -15.342983448577
 8.336238547031   13.982922525172
-2.299033644349  -16.276927932631
 10.799541864493 -12.395966863187
 2.086003455756   16.349524812392
-13.312618148702 -9.809067558767 
-15.271495983698  6.357068453856 
-15.429706232616 -6.071892462539 
 9.266944825446  -13.821003905045
-2.242284739941   16.489203974078
 16.399547897249 -2.832515562269 
 9.905051443112   13.377135849651
 13.577284381699  9.649408311095 
 15.116101406292 -7.082690808109 
-8.829801083453  -14.192841451214
 12.546355586844  11.046834507480
