-1.064463228171   0.416322522043 
 1.164920636043  -0.654448344721 
-0.586487276741  -1.536340985574 
-0.121163208034   1.680438170854 
 1.394003786166   1.544376586604 
-2.559691557758  -0.774653681604 
 0.740526121440  -2.814754820440 
-1.338759524355   2.611421082417 
-0.115460053850   3.496167328965 
 3.497897249962   0.185566148466 
 1.740624658479   3.550452351136 
-1.666350261893  -3.591489814514 
 3.265184179945  -2.294732456732 
-3.530349766750   1.941030401315 
-4.024447640783  -0.204302228815 
 3.718655002971   2.128588962766 
 1.990850878069  -4.047571716579 
-3.985395423647  -2.351318794851 
-2.894822143819   3.680006484755 
 0.703463752909  -4.917917254392 
 4.907410838755  -0.992094735049 
-0.567503288937   5.232667910824 
-0.944091444381  -5.235271072196 
 1.435524279060   5.202265086199 
-2.905165453361  -4.718293176387 
 4.123208553505  -3.740265859574 
 5.553248748644   0.555357097063 
-5.092542812872   2.504766800656 
 3.775976456584   4.281255859144 
 5.425476608173   2.456413738976 
-4.949895809552  -3.921957572137 
 0.007050497281  -6.495202460335 
-6.437839549534   1.202392050618 
 2.765726038155   5.990477287255 
-4.895375991840   4.480307323693 
-6.609118254215  -0.918899434033 
-3.388434904066   5.794144702958 
 5.372050890220   4.051010129550 
 6.851535328189  -0.741006126049 
-1.231175136507   6.790998993006 
 6.314854285172  -2.856255655935 
-6.445123412763  -2.552108131553 
 5.511778554119  -4.312643199270 
 0.344345128367   7.046376199269 
-3.259668758151  -6.444167526419 
 2.792058799677  -6.816223496995 
 4.455934167146  -6.003289081594 
-6.595821782669   3.545752421850 
 4.959496277810   5.656294223439 
 6.971907201914   2.841037547206 
-4.842048354522  -5.893835950680 
 7.780607051009   0.898288275392 
-5.517734856980   5.860271216521 
 0.440983464507  -8.090589446876 
-2.281135846622  -7.902352350637 
-8.266856118790   0.237949703172 
-6.434264412052  -5.392611833068 
 2.599131194603   8.013970902129 
 7.954230436626  -3.106624145695 
-4.644889980262   7.324507394256 
-8.452052368919   2.128394533546 
 7.427243222412  -4.592902860495 
 2.071652544268  -8.527131152837 
-4.069554044130  -7.809983212375 
 8.595911854705   2.172254754143 
 1.247281171822   8.782632869201 
-2.681946160501   8.509907489316 
 3.874167002161  -8.056297943846 
 7.814861298456   4.386939825182 
 6.379904156045  -6.315471826713 
-7.461013525383   5.048425944848 
 5.526869354540   7.159513052344 
 9.005618059981  -1.027674954003 
-1.207861868088  -8.990442757837 
-1.281022150417   9.174566920023 
 9.248738914909   0.574882576150 
-8.396091660920  -4.081069355542 
-9.080124165352  -2.180299082051 
 4.042829739093   8.495738687224 
-6.192077923065   7.288430823790 
 7.635100471525   5.988228617431 
-5.645957472073  -7.912958265900 
 0.293602625824  -10.090857784444
 6.395372227413  -7.822208535713 
 9.944194699150  -2.345711964412 
-4.219976197886  -9.337777214936 
 5.190171276216  -8.835800754952 
 8.880709808683  -5.152871093144 
 9.685424562477   3.824607057052 
-2.278527747667  -10.177486412189
-9.347267338492   4.688910148165 
-10.387200614935  1.215058093106 
 10.339434372324  1.882427197931 
 0.920637387631   10.471209797549
 7.065140262809   7.793442050592 
-10.505172985348 -0.762181214377 
 10.560165336652 -0.570055850170 
-2.943284239637   10.267258245891
 2.791905715847   10.397058487389
-10.126939097877 -3.687386697312 
-8.322368964102  -6.898143249210 
 8.276941160348  -6.993166125490 
-8.087901362504   7.218942556755 
-9.643078872180  -5.108515896286 
-7.150798172068  -8.479801372431 
 1.810905736704  -11.028058825679
-10.956860056094 -2.308420556768 
 9.548919860730   5.911435164134 
-4.946815683690   10.110642875412
 5.893427684038   9.659926827807 
-1.067130166167  -11.292789297673
 4.036281083726  -10.651486362808
-11.046547980876  3.192279690521 
-3.785698287964  -10.870481146797
 10.525100819962 -4.773755588203 
-7.722371281595   8.706676515870 
 9.035013600691   7.410841190515 
 6.270993667553  -9.886137968988 
-6.561261884809   9.755903304623 
 0.446607832860  -11.780051187322
-1.425909778375   11.744477576516
 11.484300321017 -2.842274136180 
 8.152353698361  -8.583854292913 
-11.881840245022  0.555253626735 
 11.540452529768  3.029574905269 
 11.928135527966  1.357331726605 
 2.111818857461   11.904394723996
-6.888802488042  -10.007087612035
-8.881764390535  -8.294328366799 
 4.617507785496   11.356235126692
-10.776241067774  6.060878475144 
 12.312942654137 -1.178686832214 
-10.650656881384 -6.347546436400 
-3.546669799489   11.892809262807
 11.565888883235  4.656473953861 
-12.438371108465 -1.744258758399 
 7.884060066044   9.908335197519 
-5.897443506353  -11.208153174479
 0.597175182814   12.735195760744
 10.842148822907 -6.789404963250 
-12.628002692216  2.144822262911 
-10.364834226907  7.665691530050 
-1.767645663395  -12.783495966931
 4.002369132578  -12.298450680101
-8.563974283668  -9.795756762373 
 11.022300336295  6.924729713272 
-12.325243761040  4.340188841695 
 5.532557812633  -11.858723004018
-12.463482630766 -4.201426272510 
-9.439428518207   9.171130805406 
-6.812575742571   11.261060796768
 9.650844889763  -9.130531964264 
 12.347273452466 -4.984234686337 
-8.228900415237   10.504405250628
 7.520343976297  -11.120890763138
 13.117868212701  2.864257019898 
-13.408303126692  0.793730911187 
 9.370071362633   9.636504749123 
 13.224697793691 -2.405729634127 
-5.053638359687   12.456946083531
-1.091424715449   13.456575057129
 3.394682522245   13.114536367147
 7.388195585879   11.495086278906
-2.657307808684   13.420901318606
 5.997518013388   12.353650798979
 13.748206282321 -0.503055789344 
-12.126385790664 -6.642680074009 
-12.275520777523  6.366626958603 
-4.830423191462  -12.958621384043
-0.455486965867  -13.848508994635
 2.151533269369  -13.689526209552
 13.136495761541  4.517559504893 
-10.128953810321 -9.620326790130 
 1.993817166197   13.904363723040
-11.375348505499 -8.272969089024 
-13.772959868981  3.355517721710 
 11.121247015198  8.849477027474 
-8.254539553989  -11.583813353018
-2.972951459887  -13.968405551782
 12.976267133913  6.243941784398 
 4.572991555155  -13.689354467053
-10.969058144551  9.393949881355 
-14.454015277495 -0.714083230174 
 12.366949377230 -7.518069928838 
 0.000881136108   14.510285373685
 13.959199359766 -4.253590607164 
-12.064628360723  8.252178811433 
-14.420356019859 -2.590014389969 
-6.364653180380  -13.227288463450
 6.658374333210  -13.142907327524
 14.625072275624 -1.842216234730 
 11.582021851334 -9.125117824424 
 14.704917265360  1.226630191656 
 10.088920482721 -10.848625933149
 0.800714971140  -14.812254341368
-13.965146601263 -5.337169685602 
 4.891499799072   14.288410269567
 14.892642740621  2.883918758399 
 3.444061030914   14.782896240695
-2.402189503071   15.053268741224
 9.691824379026   11.776981742570
 6.345774699693   13.887354963289
-14.117417368171  5.902765813102 
-10.519601228273  11.118330341961
 10.925197470117  10.782273847404
 8.013685990408   13.105948389405
 14.469976722433  5.254776707537 
-15.390705606116  0.567949072805 
 2.712349099025  -15.173270383748
 8.956368669718  -12.545616433442
-5.425151557751  -14.513467424236
-13.478716803187 -7.643960843910 
-9.380623628215   12.383389444390
-10.683761643130 -11.367790196146
-1.664482660099  -15.541786256608
 14.301757058030 -6.391920355038 
-12.479158827435 -9.471988394708 
 12.954128602532  8.887418812211 
-7.794317278169   13.652291126903
 5.798962114495  -14.648007000400
-15.637649652180  2.104987258063 
-4.811230543589   15.032001823698
-0.970507790522   15.820571317781
 15.889911730013  0.045873983802 
-13.657423639085  8.226877236169 
 14.118549650412  7.449567267525 
 11.671714952329 -10.943187476053
 1.561516315817   15.989685848867
 4.173044884005  -15.529519507411
-15.468153520127 -4.661819746238 
 13.841220449958 -8.404992656606 
 15.557489436237 -4.526401747442 
-8.669202149311  -13.707443559830
-12.551584767344  10.329909210212
-10.085427279079 -12.772273949848
 1.560526878695  -16.204947422160
-15.882238810912  3.704426998623 
-6.777067076621   14.869471372616
 13.094341620420 -9.813085427343 
 15.807034985586  4.230649810509 
-0.162192834102  -16.403825828190
-16.268139673148 -2.311338355842 
 16.374048857393  1.722494725052 
 10.719683702233 -12.499404451590
 7.301322975317  -14.774665591152
-3.472849718928  -16.174700234947
 3.358460218748   16.306263772125
 16.358056186607 -3.158178599833 
 11.341057285239  12.260988658993
-15.476241996198 -6.297809850771 
 16.669641704374 -1.259175118138 
-3.206702497647   16.422136845294
 7.480236536531   15.027547517439
-11.724394693034  12.017476060270
 13.246051567641  10.489349754476
-15.954370392692  5.631478771181 
