-0.183195749132  -0.872086194367 
 0.856249198571   0.448818775458 
-0.348273640700   1.367953092961 
-2.033055066792   0.869454576448 
-1.965214368709  -1.540042366980 
 2.542504995920   0.169779159777 
 0.730024977299   2.719441657247 
 1.021043409963  -2.821337506610 
-0.847541898236  -2.998548413538 
 3.034049461976  -1.325022726156 
-1.975495057490   3.162105860244 
 2.616722861421  -3.003564554596 
 4.144441833882  -0.227373971636 
 3.606925374047   2.074459405792 
-4.085699912127  -1.291077168010 
 0.750960927260   4.223546371909 
-4.418096775719   0.706441007683 
-0.813748104985  -4.577008134531 
 4.179601647569  -2.403088811314 
-4.223898394570   2.519909413255 
 3.429560025824   3.675501607046 
-3.871372528495  -3.215593687705 
 2.009263408341  -4.736737228654 
-1.891139534031   4.988634193401 
 0.486376072105  -5.421578775445 
 5.554859182579   0.330235391361 
 3.921639170030  -3.967154494513 
-3.203178504980  -4.761461071636 
-4.040474437112   4.168135003374 
 2.789186354327   5.299243550054 
-5.506896516140  -2.464113567604 
 5.480407604413   2.631796641088 
-6.168240401841  -0.184956894996 
-6.146305324643   1.584721072868 
-1.440672241980  -6.194372160033 
-0.988260624120   6.287459930555 
 6.352461854994  -1.501030798660 
 1.800121639783  -6.291967192292 
 1.285829414333   6.637950590926 
-3.854591629984   5.667597593082 
 0.128149526256  -6.931079042276 
 4.253735059129  -5.565066229940 
-5.716801928693  -4.089023271472 
-4.780234699049  -5.313024892328 
-7.025018271105  -1.676353466481 
 5.863809284858   4.367820263154 
 6.321767515204  -3.760472505807 
-3.126203495420  -6.697956075306 
 3.484441062970   6.745723024865 
 7.637442638583   0.725102710282 
-3.060617750401   7.060863193664 
-6.215550561681   4.548914989285 
 5.055266311164   5.839237045180 
-7.811114822799  -0.088888616571 
 7.533172409039   2.225668561497 
 0.371324889340   7.856876960432 
 2.917226637736  -7.427669490968 
-7.776979480915   2.007192663785 
-1.736828031234   7.878236879587 
 8.184080889332  -0.760862915803 
-7.537384807245   3.505095687370 
 7.477736435470   3.736973309451 
 5.981798763536  -5.849199466327 
-1.522126946966  -8.423870068687 
-5.503006340597  -6.765999540680 
 0.629891810023  -8.708749189498 
-6.662016125800  -5.728033180383 
-8.613690891262  -1.899081669899 
 5.157270284714  -7.214833413705 
 6.560587005486   6.041364632493 
 1.660794421318   8.886907641456 
 5.029144625942   7.557334492382 
-8.102211718802  -4.132177539197 
 7.607410888255  -5.081797509297 
 8.613561112029  -3.242998651134 
 3.222248595732   8.641209629369 
-6.820962799040   6.257665420301 
-4.009035698100   8.471401532377 
-4.643238957692  -8.171874220476 
-0.259312772412   9.401455005164 
 2.158084331838  -9.160321783725 
 9.495024778033   0.693366701237 
-8.135945986078   5.052783627953 
-6.019638488027   7.548550369154 
-9.499713768848   1.947645034820 
 8.425072402886   4.955494243083 
-2.206310989621   9.541001180071 
 4.615462578445  -8.730706356015 
-0.220323636226  -9.998817528334 
-9.239515047056   3.936258972469 
-3.159343046148  -9.607901075517 
-9.658031365218  -3.027392903246 
 7.373080113396  -6.979185589451 
-7.011080642042  -7.351678411691 
-10.181482923448 -0.512935442685 
 6.415244477564  -8.184632854638 
 6.830071469196   7.875685946704 
 9.671290122061   3.899068605467 
 4.910520099362   9.235938362559 
 8.082759979179   6.846117849420 
-8.600901360618  -6.211670175409 
 0.785023200483   10.632710657325
-6.151490515151  -8.828806803462 
-4.788292009156  -9.748523373796 
 2.004452436404  -10.694698445662
 3.179588086749   10.435207904461
 10.665031804640  2.293732899358 
-6.020131934056   9.114385702776 
-0.931556082322   10.886971433881
 10.828140795850 -1.652678785245 
-7.593884803899   7.895238412960 
-10.602982649375  2.981444066656 
 9.679394883103  -5.279669999384 
 11.006344120200  0.736618671146 
-8.747182206595   6.850133262052 
-11.042594257970  1.472647227961 
-3.112012135433   10.806373532157
-11.138323348482 -2.084280412210 
 6.679920927516   9.422060799763 
 0.016875848528  -11.561573835273
 10.968124624937 -3.707587190240 
 4.119491383255  -10.856440143819
 8.586957796580  -7.871217195791 
-10.079391059528 -5.862726330794 
-10.460403510326  5.291443398494 
-10.886155958392 -4.430243104126 
-2.734875761469  -11.474698788752
-5.312182387385   10.543438726081
 6.891082947167  -9.689229015289 
-7.772803584199  -9.015182375959 
-8.964499092582  -7.864187808604 
 10.558493979832  6.040761820064 
 11.576939209856  3.784130163829 
 12.230584986948 -0.253114723813 
 2.910140861495  -11.964057309005
 8.209894588851   9.225764935233 
-1.573171500439   12.310366583928
 11.206370769465 -5.342576935097 
 1.398046268623   12.338854265753
-11.845774257145  4.111563673524 
 10.628643255668 -6.838477654860 
 9.516520032799   8.321296947101 
-5.660384590024  -11.313571897370
-4.173675373272  -12.002043388479
-12.464997607001  2.666997821079 
-12.807111224414  0.447007048153 
 5.280811977233   11.712270824183
 3.713325446034   12.343521616268
-10.526273021758 -7.458798473838 
 12.695789967280 -2.720892657772 
-10.879504305696  7.099503153077 
 12.780152908177  2.433329170099 
-3.049827491279   12.686124365291
-1.568639986564  -12.966753401730
-11.693767730694 -5.848675734876 
 6.469918226993  -11.378231018548
 7.243815448204   10.921921802339
-9.467218314375   9.274177313062 
-12.567447317220 -4.319926731101 
 0.095306469229  -13.306358671025
 1.866770915518  -13.248623854030
-13.197298538594 -2.392326885909 
-6.737242023228   11.698148754094
 8.811312204525  -10.231062553118
-7.193968350725  -11.438368149759
-8.068998525336   10.919475076667
 10.120748236115 -9.072456802940 
 13.003679393803 -4.216597416803 
-4.521195466305   13.019660691484
 0.793657644855   13.917160534867
 5.573516456827  -12.777364790925
-1.152451649664   13.913827241488
 12.818110660487 -5.767905167350 
 11.665622144557  7.960885558003 
 8.911398626059   10.984151348763
 10.158448763162  9.911405983045 
 12.814477497673  6.119880621769 
 3.485980602827  -13.777631159964
-6.218612744841  -12.781025819412
 2.583111155981   13.980396044349
-9.099433651455  -10.945564224941
 14.212278982495  1.370946893169 
-14.291322482956  0.684605461540 
-2.870474077907  -14.023865021943
-4.635398517506  -13.674508952956
-0.897040124673  -14.451073243690
-12.682446292923 -7.033961625340 
-11.547215578025 -8.777082352884 
 5.957216147919   13.233265930506
-9.648380539567   10.867121190884
 14.356956162143 -2.582456304683 
 13.942935462642  4.434047851671 
 14.629534986837 -0.628343311623 
-14.580574758282 -1.454503478335 
-10.498106490941 -10.232786408623
-14.360064780060  3.046302183748 
-13.431705933705  6.001169700655 
 7.640831126013  -12.573860558515
 8.015014813098   12.359479789623
-11.514033367422  9.262994599352 
-12.476212103213  8.013785399110 
-14.573209811198 -3.341927167901 
 13.049113986706 -7.304043103269 
-14.207380848702 -4.947447580582 
 12.142909445209 -8.930136009523 
 9.135371496706  -12.022863983707
-7.040647096665   13.574592999511
 10.603581276013 -11.030091370745
-5.637998422998   14.250908135610
 1.640286144266  -15.243698539686
-7.588112091169  -13.484534415930
 15.289564863541  2.562710049952 
 15.000343194469 -3.955910520488 
 6.841270320504  -13.924085478087
 1.963561123884   15.390617188109
-6.055329904609  -14.324496388012
 3.484800691386   15.265684939875
 14.724071352595 -5.488604856310 
-8.624225637305   13.150097780859
-13.154241693990 -8.644347226077 
 13.636238226025  7.891010223444 
 4.991454729771   14.950353326325
-1.008554188060   15.771006278788
 10.408684907435  11.924666339003
 3.153903257298  -15.514365219472
-14.861366390831  5.501741922910 
-3.340259573376   15.499935017288
 0.241050657122  -15.854456277450
-10.074577897128 -12.339951597928
-1.331623473921  -15.911554368688
-14.197377284669 -7.369441504260 
-15.979091048967  1.549751453276 
 7.069883385607   14.420374570164
 16.115951730013  0.142256775112 
-11.994189593465  10.841053847863
-16.135548600513 -1.250841364741 
 14.997239060982  6.199815773586 
-13.188049313071  9.460807465620 
 12.099746747613 -10.832984948394
 12.353565840202  10.843908579552
-5.179203349063  -15.602960650373
 16.251882115805 -2.569384288293 
 14.339829616390 -8.126331029922 
-14.521394799093  7.846127390555 
 9.094907680297  -13.806357915803
-12.115002139866 -11.251470073901
 5.461169655368  -15.674960551775
 10.921703541494 -12.552761539105
-15.414937071651 -6.456385224072 
 1.282502159408   16.739856493768
 13.682213494049 -9.740436926499 
 14.037422627041  9.371348096233 
 16.354499156338  4.256602778138 
-16.385567476658  4.213167109161 
-5.589191168125   15.987827457564
-7.828610161668  -15.023733882429
