 0.034876087390   0.374119798425 
 0.659180107861  -1.114984387788 
 0.376158535666   1.877793496101 
-2.165413163606   0.272733284368 
 2.090317400968   0.834016308134 
-1.639263130125  -1.542676686296 
 2.364197414902  -1.054192912915 
-1.644763384718   2.113373118873 
-0.107600751679  -2.705779234257 
 1.672242326521  -2.508986325445 
 1.810253398473   2.524332007490 
-0.277364020046   3.249695243465 
-3.239432111460  -0.992144654139 
-1.652890076144  -3.196908719257 
 3.676400845823   0.422508363161 
-3.842595963034   0.640043179711 
 1.337380381702  -4.049569532973 
-0.210249141176  -4.295439250053 
-3.249326345661  -2.838136574308 
-3.935654857461   2.241734999931 
-1.841027597903   4.186395829654 
 1.728251361556   4.354418249114 
-4.617693276794  -1.659808865736 
 3.306273400832   3.721323598328 
 4.455396811146  -2.270621823474 
 4.349539095300   2.553788698861 
 5.510129777563  -0.476062160202 
 2.723920735488  -4.836179336717 
-3.695051419826   4.252315605516 
-3.528825749589  -4.468700157637 
-1.143361105542   5.671841968695 
-1.826139797512  -5.496200262753 
 4.170499945387  -4.025624848856 
-0.335088578565  -5.978479588285 
 0.872773813938   6.076574453850 
 2.655011342572   5.542149128836 
-6.135434407394   0.785070668567 
 5.857369347229   2.141052108979 
-5.938534135755  -2.745652936548 
-6.119735846531   2.426799449626 
 6.198159990385  -2.318137125081 
 1.507706490193  -6.452858355262 
 4.352914115982   5.230691280013 
 6.807344572884   0.373582093797 
 5.762783047723   3.671485621196 
-3.201635837380  -6.204142102165 
 4.191580370530  -5.586648336852 
-5.374754121731  -4.532632262225 
-3.037194621255   6.458321186739 
-4.531619970644   5.746802933544 
-1.649868176503   7.201611179163 
-0.123391652204   7.395053417019 
-7.344363451306  -1.206573360395 
 2.960102318355  -6.828945403954 
-6.013637270317   4.491347208359 
 7.436063230870  -1.367936529443 
 2.604585713231   7.118481236308 
-2.127645102674  -7.305545597121 
-0.407574613998  -7.771566122571 
 6.799978795533  -4.136041805248 
-7.521270703906  -2.884841810132 
 6.287331056623   5.091233749519 
-7.549602558479   3.104081792662 
 7.775210736883   2.539071901903 
 1.583239027666   8.255686517301 
-8.411408438715   0.033951055542 
-5.264147881958  -6.647500014233 
 8.468154830705   0.779447793578 
 5.856548797067  -6.346058654237 
 8.088758314664  -3.170200833988 
 7.622536167096   4.308652401489 
-7.587803705263  -4.458144492461 
-4.647831456041   7.483400778962 
-1.558958754892   8.699415608478 
-6.668408735435  -5.853259683849 
 0.246758133502   8.976496899820 
-8.848718768049   1.706763950185 
-7.653709204048   5.006810157901 
 5.063546828605   7.679011584673 
 6.321000389356   6.792996377040 
-2.676485557110  -8.885120556980 
-4.112474755469  -8.336162739508 
 1.075624858753  -9.283399948590 
-6.684353911759   6.708358229745 
 9.469219924526  -0.875803266197 
 2.998580894391  -9.059162324025 
 7.947081318042  -5.397530120124 
-3.211811229714   9.063101251068 
 3.746135563147   8.932668573144 
-9.809473738827  -0.783833277187 
 5.506855111746  -8.249393531307 
 9.684321034052  -2.404181877135 
-9.545673727632  -3.104263967325 
-6.143506634129  -8.055095616980 
-8.670487985208  -5.510483048317 
 9.190702420702   4.607036899127 
-9.406774725916   4.227028666025 
 7.866055626594   6.698953213294 
 10.245178755063  1.388364352260 
 6.974505829623  -7.723905544651 
-7.850782864613  -6.836567186252 
 1.755919304448   10.271702369574
 6.517400680462   8.298483193774 
-0.415192545709  -10.571870620858
-3.607857282787  -10.064642783562
-2.081296433093  -10.606206139017
-0.821875138782   10.807652772484
 10.393571136955  3.341353452972 
 1.287004009334  -10.871336763017
-5.544414651265   9.496717501510 
-10.990585112333  1.034241102344 
-10.651392389054  2.930996186270 
 11.014919935613 -1.256300043595 
-2.843228093927   10.733074576140
-9.352507834752   6.026964429835 
 9.518191909204  -5.761943984144 
-7.024435054622   8.644535639032 
 10.453607699951 -3.917483037658 
 8.618324889051  -7.193649472298 
-5.268592845616  -9.977050867981 
 2.883899942575  -10.947992228704
 4.886495825466  -10.351615564888
-6.783595528943  -9.427370506995 
-8.663916718442   7.777229453961 
 6.642776032459  -9.600003350901 
-10.487998767289 -5.421275554123 
-11.006059900510  4.414089006805 
-12.010562937283 -0.749850856852 
 6.388865312413   10.215093275497
-9.214537711641  -7.764483359695 
 8.087603729340   9.062864359679 
-1.049980113423  -12.159002221618
-3.571552716464  -11.670726220741
 10.179489502640  6.764511413159 
-11.942031260838 -2.685012240022 
 1.440725337086   12.230967672168
-4.184899030305   11.605621433990
 8.201673397547  -9.233772525204 
-2.110750997921   12.205543863676
 3.147060731502   12.002981255258
 5.026225194798   11.346541182008
 11.033726079917 -5.723823727576 
 12.072235881824  3.014454965453 
-12.436769045766  1.825801053372 
 12.432286114951 -2.155174420804 
 12.591888197312  0.882827668617 
 12.135615167372 -3.717289627061 
-6.058167234970   11.244866128165
-5.960333909136  -11.407907017689
 1.713111259750  -12.785417304118
-8.504236845250  -9.720758672243 
-12.019948889011 -4.773413746617 
 12.970603319093 -0.714099299031 
-7.585444163736   10.590740867032
-8.957140707274   9.496717959892 
 9.665320459849  -8.862127398645 
-10.562921887058  7.801440319633 
 10.087361933938  8.410675437251 
 11.848296239653  5.835395452295 
 11.087201148629 -7.426097656665 
-12.249248662264  5.474184089451 
-0.865124718396   13.425170701239
 7.321265851920  -11.345646730783
 5.970219081811  -12.142550374886
-5.071203290683  -12.648690890675
-0.417658153629  -13.665535564670
-11.795680492369 -6.965823578896 
 6.869319256296   11.875400996973
-7.975897759675  -11.169751027687
-3.890307687117   13.248331744147
 3.674671375852  -13.312414075140
-13.382432158208  3.553757956275 
-13.964613341904  0.850611749337 
 12.437662709076 -6.452869557136 
-3.451392992199  -13.597545343884
 4.652208221777   13.329591250859
 14.102508327886  1.207646198761 
-14.030711365880 -1.967699595757 
 13.906918496673  2.731633524999 
 9.152016271115   10.881923624891
-10.796657798735 -9.304814412050 
 13.794695669201 -3.610526761836 
-5.817834043619   13.080125688254
-6.997506907666  -12.501250445679
-13.889109950648 -3.588251470090 
 11.205758431197 -8.983497195606 
 12.482059780424  7.253513326473 
-12.161888185450  7.811815352570 
 14.421145787083 -1.638292619347 
 13.578862500839  5.198838086018 
 11.671666960078  8.781606366271 
 2.463816919159  -14.441844845622
-13.743100758489 -5.231050664476 
 1.798352672420   14.642636501870
 10.118669439505 -10.750561131474
 0.203750283394   14.775535972084
-1.601288095155   14.756092250439
-3.154322910289   14.571950013672
 13.899590910801 -5.432375769043 
 0.921527739237  -14.947638031109
-14.828109427179  2.196299676369 
-13.840697230380  5.758856130858 
-8.009334046708   12.691419133342
 15.088855298833 -0.096699339986 
-15.122473931594 -0.314396155222 
-13.078746707464 -7.761098708785 
-9.427190468517   12.003388978710
 6.285157233155   13.923489999624
-0.635843252042  -15.265470452596
-2.790978481315  -15.033207002453
-11.145992319905  10.573459090633
 5.761358183763  -14.320046238693
 9.107342430669  -12.487259229217
 4.342162380369   14.873586853394
 15.120499956748  3.627377942980 
 8.419616515816   13.077904044485
-10.293595142820 -11.741573741690
 11.741242704665  10.294526305147
 15.533827252919  1.855048550309 
 13.781982123686 -7.477366822946 
 11.735775847862 -10.407406120954
-13.676638128039  7.761186514231 
-8.371108583168  -13.358819448111
-12.630214769169 -9.615569244574 
-6.873200605816   14.370536348602
-15.938091318315  0.962707187722 
 10.751112631792  11.838731682861
-14.611910314412 -6.514814527411 
 14.779539695492  6.172550960434 
-12.557289473987  9.960580593671 
 15.706893583186 -3.459014126371 
 13.145876708798  9.269552596091 
-11.822243703547 -10.938326931725
-5.001102360633  -15.317160815641
-15.253111388087  5.213005837584 
 2.274308540846  -15.997398810951
 4.389523240897  -15.652876598729
 14.242771924822  7.931550941949 
-16.095312946451 -2.991050757694 
-1.321983746728   16.331014498176
 8.040098670462  -14.324100201393
 3.265367855634   16.142918107133
-5.484560703796   15.534243621621
 0.957874015741   16.494508575887
 16.516509507864  0.463352324684 
-16.481628378758 -1.243713858068 
 13.945339849398 -8.979449302724 
-16.415465480331  2.441155490162 
-15.822083983215 -5.045104593802 
-6.749671466233  -15.198874716847
 10.691166834992 -12.785398497287
 0.539436093137  -16.715139748022
-14.654740820143 -8.132741017998 
 6.163215781162   15.590650279655
-8.813683493873   14.328087763680
-10.121785907535  13.442805413585
