-0.186936826945   0.588233191015 
-0.103296657128  -1.229355223629 
-1.753513572422   0.077936404027 
 1.412599220424   1.464811580340 
-0.085757313432   2.221313016908 
 2.215503837888  -0.429750103775 
-1.209150144274  -2.354396801637 
 1.015989052705  -2.833165942883 
-2.716150788461   1.646568997618 
 2.487280574016  -2.059859431854 
-0.706288863661   3.629545620884 
-2.390757729960   3.178084376786 
-3.244703159970  -2.348414592619 
 3.843685453805  -1.415073875546 
 4.215922475729   0.482587015835 
-4.367178787479  -0.040737310942 
 1.481904503327   4.111710212945 
-0.316662669625  -4.396453764692 
-4.250227605490   1.481284941057 
 3.217228144693   3.389134597308 
 4.227617721584   2.060698473369 
 3.831224499507  -3.268575535498 
-4.221911360703   2.998243204530 
 2.526353489433  -4.622641570557 
-3.030463357245  -4.490529869210 
 0.341839438804   5.428028281758 
-5.363086559638  -1.333910233667 
-4.669805071143  -3.024979994480 
-1.403472401449  -5.469024221098 
 5.268688569700  -2.405106870087 
-1.167303717878   5.731053726711 
-5.978102393588   0.080419677333 
 5.852911783744   1.582572553142 
-2.656936457184   5.548772712078 
 2.377838213265   5.675465483533 
 6.169106726421  -0.747008097635 
-4.057869333749   4.747901517385 
 0.280152634301  -6.371443911851 
 5.747290017440   3.256745023352 
-5.859203189629   3.172524042622 
 5.257408200943  -4.141266410100 
-6.487315025162   1.652235952621 
-4.776132054939  -4.729186478646 
 5.032169742957   4.667271840769 
 2.522384890937  -6.434849181955 
-6.576143054695  -2.350227961384 
 1.005445985891   7.023091440762 
 6.783065005198  -2.231110560975 
-2.592324601499  -6.705815780084 
 4.380463364337   6.138549398278 
-2.684641832122   7.236376099935 
 5.314369113084  -5.682130088051 
-7.753637188550   0.725056487731 
 2.746789843161   7.336540266057 
-4.150200077822   6.694709753687 
-1.168527061010   7.839640217345 
 7.876956205773  -1.049891219749 
-4.123790316576  -6.813753933131 
 7.883465210584   1.164063693156 
 0.364465430897  -8.009088718463 
-6.667109843117  -4.670621780503 
-5.520535923649   6.050558869396 
-6.713227213119   4.715622961655 
-8.245881489466  -0.946169126910 
 7.410934104763  -3.795387347432 
 2.737366601298  -7.921240872517 
-1.676260012961  -8.257187765467 
-7.827767083209   3.180662453049 
-7.941294685281  -3.175006671904 
 0.465002891795   8.609493781931 
 4.605768912279  -7.302416880464 
 6.944885113846   5.347876886688 
 8.001886998439   3.993631082539 
 4.879222679741   7.701867992885 
 1.628624295195  -9.002793810868 
 8.892107882226  -2.157723521130 
-9.350814968939   1.183554573398 
-6.329207391404  -7.115050026078 
 7.773047398831  -5.533762490555 
-2.853962518199   9.164538051216 
-5.009118303866   8.223219610569 
-1.388884151016   9.536137711824 
 9.651681467975   0.015051312094 
-4.285243276487  -8.714354463566 
-8.546545695926  -4.643863503997 
 0.131036857896  -9.729451870496 
-9.452654750555  -2.480592477739 
 6.808600333878   7.124951994144 
 6.141255899177  -7.732312746697 
 3.415627703531  -9.316759008991 
-8.703624197531   4.874015149401 
-9.664955288044   2.879587893747 
-2.322440571719  -9.905481767823 
 3.208824227256   9.753056132072 
-7.024632119086   7.516003699011 
 10.139112299429  2.307813011961 
 7.584885777922  -7.115859351558 
 9.499107518894   4.439339175331 
 8.581070999534   6.196220933115 
-10.520103307175 -1.195306104222 
-8.110100422769  -6.905172287886 
-4.484351282690   9.736255516754 
 0.949468967466   10.679510589117
 9.764719206379  -4.446970826418 
 5.764262126624   9.050589834403 
 10.485148013017 -2.408404933360 
 5.664293480555  -9.339349694011 
-0.879290383250  -10.939288336435
-0.852430597302   10.952271799588
-8.583605393676   6.875865159262 
-6.380659897743   9.173355008732 
-2.733049796936   10.984284872763
-10.120526225508 -5.088907389824 
 11.327977653998  0.491582473562 
-11.382742994044  1.086407497967 
 8.087098299867   8.122518600244 
-10.944258160189 -3.748718593090 
 7.285296166158  -9.032946159647 
-3.179708631327  -11.177429145729
 9.082919499764  -7.279820200034 
 2.455480495905   11.450535263093
 4.417876465229  -10.900224672563
 1.725122842214  -11.708611655896
-6.979221278270  -9.621994392835 
 7.171300452646   9.581912772013 
-5.383552278220  -10.743332041063
 11.317486850389  4.054622945131 
 11.791747480399  2.515391289431 
-10.102466726798  6.701970463315 
-8.865157435558  -8.281835199987 
 10.405771898795 -6.284409756763 
-12.103327045368 -1.154220944321 
 12.151938939603 -1.357079090871 
 10.503664320551  6.533790510571 
 12.021199155628 -3.363020763801 
-11.474035135530  4.993527846988 
-12.181361225136  2.971834039192 
-10.187957850960 -7.323786573059 
-7.911447713723   9.771118091335 
 5.560320176756   11.333284079341
 11.578827810296 -5.053888226874 
-1.105927222580  -12.590306531444
 5.973268886353  -11.141750623062
-4.289580552228   11.955018439627
 8.841121549856  -9.207369438830 
 1.107172864667   12.810722336757
-6.157326428885   11.305719405888
 12.857348692649  0.938923997708 
 3.227209250339  -12.495945507729
-12.440532900831 -3.638575055171 
-3.105510820511  -12.706346277090
-8.811245784827  -9.797648282217 
-11.938231667757 -5.635932630485 
 7.530804869618  -10.882078320125
-4.813801966449  -12.361402208976
 4.534210500784   12.593966342021
 10.484544270360  8.330602274551 
 7.059464056940   11.401864327845
 12.411967354265  5.124614965054 
-7.049616913908  -11.458559814403
-2.907968121756   13.154341173110
-13.430089751850  1.346515990851 
 9.066348941610   10.011210761052
-1.375843042542   13.522397641469
 10.759415162116 -8.327765241537 
-9.859989502216   9.377219456595 
 13.380948976778  2.657270107901 
 2.747802130596   13.471405819160
-11.270679685194  8.032577397276 
-0.241338343822  -13.888909953388
 1.346203918382  -13.840772770994
-13.937111310497 -0.947249558920 
 12.238204975842 -6.761838042873 
 13.999952168759 -0.288563782575 
-12.778923630540  6.048048664306 
-13.882019449461 -2.893006840223 
 6.137336147391  -12.872684950558
 13.518451147523 -4.544558069597 
 12.628812104837  6.634856610770 
 14.092686453424 -2.370306170708 
-5.253058384948   13.396339736321
-6.447209888813  -12.905888286594
-8.160601393304   11.913441059089
-2.548132280829  -14.265151033446
-10.288887076361 -10.213128615856
 14.437804979448  1.328044070203 
-12.455284338303 -7.433694712412 
-6.818979985555   12.836773353942
-9.208539054787  -11.286885592927
 10.330697288924 -10.433301153896
 0.717223827528   14.807971104639
-2.406405035231   14.630427671584
-14.836134745770  0.451474668639 
-14.543164485471  3.078106076812 
-11.595345779156 -9.392714476617 
 9.349646475203  -11.632656903075
 6.892437726467   13.243056644140
 12.514440507529  8.140940575270 
-4.876649027523  -14.118117110851
 4.308343158292  -14.303852316763
 10.481074163156  10.670568728283
-14.069919391183  5.095328671772 
 2.777782278726  -14.793191467198
 4.225652882896   14.487705602057
 8.503632408018   12.525930110728
 11.817772188082  9.551984010564 
-14.682851120749 -4.177375129961 
 13.936985507648 -6.312117022584 
-10.871958777233  10.857560837042
 12.742090559989 -8.640254583993 
-11.966382737525  9.718092163146 
 14.915158858707  4.065174094704 
-0.292911937972  -15.482040377548
 8.093399043280  -13.306384241764
-15.443310835129 -2.220418153119 
 14.368806197459  6.102484440322 
-13.388616438117  8.183204325955 
 15.678875231535 -1.102398789266 
-14.614689228876 -5.792421145206 
 1.352630244221  -15.738621862471
-8.510011386226  -13.321501717738
 6.913700550420  -14.280205337242
 15.231237187155 -4.500860198389 
 10.323690727512  12.194937694401
-2.999905315680  -15.705181611551
 14.033711608059  7.721432815187 
-1.212788326584   15.977014999682
 15.947537392344  1.823962327315 
-7.464399206175   14.250741867946
-16.007471842624  1.859838911372 
 3.088778880886   15.823845630794
 15.952555076746 -2.960894357477 
-14.401456696940 -7.485113162533 
-5.680263388341   15.224639198806
-11.908702165010 -11.186884301235
-13.092622575377 -9.791486662843 
-16.364440426025  0.274773277135 
 14.663348605436 -7.676286952839 
 6.845872799319   15.071570895171
-16.105083424426  3.912130437362 
-4.221114145112   16.030013276783
-16.229748591749 -3.529037251889 
 1.066028475166   16.584998760079
 4.674156787320   15.976111480189
-14.864173676663  7.500228781227 
-15.625939165915  5.784511158756 
-9.668454823883   13.585846655324
-11.062049570523 -12.502161883256
 16.380406024031  3.296944029073 
 10.518527279877 -13.012307213220
 3.744524441415  -16.370857436866
-5.153237593650  -16.013318967198
 9.774010708460   13.742484723489
 13.032965762053 -10.778535551226
-12.244264404613  11.685872329301
-13.695728472373  9.949318263332 
