-0.380666554124   0.544820939771 
 1.120734520920   0.528297973110 
-0.287157132598  -1.281355173293 
 1.270791776030  -1.101988632524 
-1.824391401872  -0.068633284719 
-0.847904873169   2.003215930286 
 1.413592310830   2.041163563242 
 0.181679766851  -2.754269714697 
 3.104330335023  -0.117465107414 
-3.271041469480  -0.733760337736 
-2.415514281985  -2.403815889842 
 0.475391490643   3.539774089115 
-3.613178641207   0.967680405584 
-2.497187899853   3.283875025622 
 2.168539297774   3.572118276980 
-0.428610917250  -4.160878219598 
-0.881018355136   4.223935619912 
 3.821657432618   2.132070843860 
 1.192360029983  -4.224786813896 
 3.525555321987  -2.791007069719 
 4.494176632540   0.740244427933 
-2.086282723103  -4.108944503747 
-4.350465312763  -1.878250341903 
-4.095570892360   2.425048527063 
 4.884495051493  -1.070278349171 
 2.697586857915  -4.227223583204 
-5.223642677257  -0.030954736501 
 0.128968587077   5.443541406920 
-2.909706826692   4.911292059119 
 2.829957978382   4.983321535049 
-5.523421178954   1.549265527912 
-4.334105063702  -3.816625751233 
 4.359829550841   3.932616679564 
-1.326034858788  -5.785907388304 
 1.520822801754  -5.893596256084 
-3.318228733085  -5.118793811298 
 5.599672119242  -2.829963785458 
-5.468391709565   3.138004182075 
-6.172501704837  -2.082016810808 
-1.879890015101   6.317987437183 
 5.948788677050   3.122097053320 
 3.532393873074  -5.751384999778 
 6.763749991994  -1.535671280824 
 7.024880206489   0.909377556330 
 2.344598030333   6.751696425732 
-5.460254484110   4.651871022454 
-7.215006578981  -0.067512064708 
-7.023987550320   1.821856584196 
 5.606854097631  -4.700401572226 
-2.949451528265  -6.762139256085 
 0.958158911535  -7.386930159828 
-6.338226817315  -4.012668167501 
-5.324250657296  -5.337227463831 
-1.058119627339   7.622108880776 
 4.094044632690   6.623094696947 
 7.154061842558  -3.078252848363 
-4.593902346906   6.333439009677 
 6.455318370214   4.811108378179 
 0.410645928302   8.064174279192 
-1.672918420341  -7.978072147465 
 3.282900668720  -7.622329165559 
 5.110533368755  -6.625472550754 
-4.712784555859  -7.089285056764 
-3.567877803154   7.768996864246 
 8.624586711988   1.244162690912 
 2.000442193225  -8.495325749336 
-0.180555863864  -8.741078994402 
-6.358185225836   6.012532796560 
 8.501289706137  -2.279807395998 
-8.075486215594  -3.543416198112 
 8.287848504469   3.107160347019 
-8.824208134935   0.717464629645 
 3.153602366558   8.279118869200 
 8.836165108814  -0.720525214441 
 6.184030050902   6.433738144350 
 6.709575703293  -6.110847994043 
-8.902717540320  -1.768923211448 
-2.439408016034   8.764280053304 
-6.291772443908  -6.662593495699 
-8.028318847836   4.431956004257 
-3.690804074036  -8.505487815377 
-0.684522041028   9.255325165090 
-8.973671973004   2.807480019308 
 8.667136382767  -3.870970669075 
-5.616415999076   7.706486310376 
-2.039534414470  -9.493865669535 
-8.131229827517  -5.555109863396 
 8.262108495603   5.474198187024 
 4.828971722444  -8.773061721641 
 8.340735967475  -5.674393369341 
-4.025257578417   9.286340002040 
-10.187001920780 -0.068183643720 
 2.148618906550  -10.000800035524
 4.209510942133   9.349063477708 
 2.688512765847   9.927516554067 
 0.595348299317  -10.312371437623
 10.363595727734  0.475677916441 
-7.456311847174   7.242214660930 
 10.351745936966 -1.478121317697 
-8.789149266037   5.841451453268 
-1.733337903108   10.510857699118
 10.141760570090  3.374829629744 
 0.171454979345   10.714682999609
 7.968170202513  -7.170475454167 
-6.257486909124  -8.756251231930 
 6.407549781745   8.717882277254 
-10.565534547982  2.453347538893 
 10.249682915579 -3.854453913362 
-1.470819890602  -11.027464062680
 7.186603923022  -8.656650513788 
-11.196163342051 -1.538665594575 
-8.227046560100  -7.807977944579 
-9.269426505904  -6.710109192402 
-6.668748656767   9.333797089979 
-10.737390371128  4.051893266424 
 10.130605213718 -5.401115267760 
 8.934300636890   7.272813458399 
-5.556506595656  -10.096117048690
 7.955405494122   8.432000515788 
 1.553974980038  -11.524158699742
-11.007030016831 -3.869410261747 
 3.460011002349  -11.142951776778
-4.130371469156  -10.959385428070
 11.611065338701  1.592358502923 
 4.891891754630  -10.683617604815
-11.809738974345  0.954163670314 
-8.582034309792   8.354286368913 
-10.508746843790 -5.786274069596 
 6.046023367505   10.446576190828
-10.632875960313  5.745910149341 
-5.631364382647   10.715087157536
 11.716131140996  3.139868633339 
 3.568776193120   11.597688103982
-7.870297487091  -9.268112012018 
-3.140795254949   11.750494566620
 6.768383668468  -10.128217504059
 12.012320514859 -2.197214958222 
 9.094407626713  -8.219170166803 
 1.441745819098   12.200082863758
 10.959386386107  5.561224457378 
 10.187763440235 -7.063575264267 
-9.931210073339   7.480572366116 
-0.951471832908  -12.464479316989
-12.267598930254  2.989894822577 
 12.794248883890 -0.433554420770 
 8.155394455608   9.940186743899 
-8.467185934158   10.063121885386
-6.302841421238  -11.553407053247
 12.056032299115 -5.321952571402 
 0.807832260621  -13.168059618304
-0.783491015793   13.225862414104
-7.220004473854   11.129326501396
-2.437595396512  -13.063282311451
 12.374032536890  4.872989682721 
-10.945936471241 -7.558986129998 
 8.919283373069  -9.892376388104 
-13.065344006252 -2.592495253214 
-4.925667521084   12.426882705603
 12.842344742108 -3.730104653159 
-13.355065202848 -1.029092969044 
 2.571702589611  -13.174668724016
-7.858340484848  -10.891591802105
 6.122997779738   11.987629864234
-12.817362035978 -4.248083814419 
 4.524964190826   12.770701223161
 10.339896249302  8.839499911398 
 13.219303537167  3.526318087581 
 11.935669209754  6.765104115122 
-12.464407165513 -5.810082836281 
-10.442808367761 -9.066903699283 
-13.777025240511  1.273182154904 
 10.715504126726 -8.768178256211 
 4.158622297066  -13.207247609401
-9.453122102060  -10.198038931389
-3.385048073822   13.491656423886
 2.533708288090   13.731737224402
-12.982535692050  5.209274606841 
-12.319082430358  6.640259423898 
-4.547468402703  -13.246428775266
-0.493183716621  -14.005765510035
-10.551792915118  9.325975317906 
 13.967263923432  2.082327271440 
-6.579549980063   12.646290443484
 6.593473103786  -12.659623471311
 8.574966651181  -11.458773795795
 14.234877780085 -2.242827141670 
-6.156887278027  -13.075796655183
-14.612114757559 -0.054329990900 
-12.676277758265 -7.349526105045 
-11.999278779674  8.512657921666 
 12.340053486358 -8.038958313951 
 14.797259503118  0.630454196616 
 8.702750529639   12.072347044611
 1.011520548018   14.864211562462
 7.306166370845   13.000442332192
-14.560983645785 -3.343255867628 
-1.094592775557   14.905487257723
-3.400153106823  -14.583188266096
-8.109379254189   12.651623276770
 10.246007164343 -11.006598443597
 5.351797507986   14.126337651575
-14.204352554545 -5.156785404602 
 13.990787707394 -5.792622708832 
-14.985799496796  2.289733110172 
-4.878920477530   14.357559964095
-10.938000266905 -10.505531632083
-14.618624860481  4.081020461571 
 15.158149166114 -1.033911473098 
 0.450327177576  -15.193754201683
 12.127119864292  9.290774133782 
 2.468763882529  -15.089680242383
-1.409888584288  -15.252687684039
-3.142251156232   15.017256964947
 12.004287760483 -9.648499984974 
 10.296410639471  11.492188494143
 14.193296487798  6.147062900669 
-12.360280594468 -9.332371787820 
 4.562406424664  -14.802176812306
 15.101469802485 -3.506268860903 
-10.482003129403  11.465587578597
-13.399466075771  7.879615485781 
 6.046995790304  -14.348448123665
 3.281270267655   15.250661029886
-11.848742941596  10.189383610378
 15.163573390813  4.033474761846 
-10.273117827073 -12.012692522464
-7.389662027155   13.973105078408
-9.097953320972  -12.950954677345
-7.584181459145  -13.927537815305
 13.552093666552  8.301727525847 
 7.925300310883  -13.914980138372
-14.214712588074 -7.582716071045 
 10.169869118985 -12.579621434984
 11.811680415741  11.172866694329
-6.293018869816  -14.992455870526
 16.316579254819  0.587374198158 
-9.923279116024   13.004453316416
 7.061502474888   14.848896987678
-16.411209402299 -1.192155121323 
-4.791189000200  -15.796428007599
 13.625847123576 -9.334774793478 
-16.489882191806  1.211612744673 
 14.450761442355 -8.053789119513 
-2.113786909606   16.415861853977
-16.330617174119 -2.778888211483 
 2.144156595629   16.444504790441
 16.478478708507 -2.389705707955 
-12.287252506906 -11.237500596039
-15.228078816282  6.740951543153 
-16.153806824779  4.066106317767 
 16.494075949307  2.700483569399 
-3.075858916378  -16.453348814842
-13.385707484860  10.080216394320
-6.087946005703   15.621692459077
 13.321951320221  10.207400213885
-14.136007250376 -9.169868237092 
