 0.669418238115  -0.579653746122 
-1.197889575717  -0.375028932381 
-0.781387213059   1.282794631313 
 1.988288060871   0.308248169983 
-1.091068572503  -2.154410417173 
 0.871046928861   2.254629425105 
 1.836203171095  -1.783903024504 
 0.499641038370  -2.551993426384 
-2.350114013206   1.399817368060 
 2.353056681603   1.968213762413 
-0.882377859841   3.011142598130 
-3.451232178135   0.345757754307 
-3.462532261696  -1.175252988107 
 3.668060167531  -1.148831281359 
-2.459173945868   2.965280613875 
 3.780479107416   1.425434788344 
 3.149119154671  -2.773654031251 
-3.718833124106   2.050961884113 
-2.681575748005  -3.574316194876 
 0.628449312170  -4.426211547853 
 0.582879766607   4.437617793038 
-1.400539617609  -4.654331699870 
 3.043223178646   3.807927972617 
-4.029924109244  -2.912671254961 
 2.563631692238  -4.285415686698 
 5.229107525229  -0.417982732672 
-0.717159505427   5.218033656201 
-5.172165732866   1.147171755104 
-2.598311565800   4.687281772733 
-4.016027750280   3.687447629705 
 1.985219876685   5.112356967838 
 5.212124445524   2.147946729135 
 5.121764569062  -2.508034402073 
-5.742124147781  -0.551916661098 
 4.771945092948   3.793969755639 
-3.101083960773  -5.356910380660 
 6.200191479756   0.830265608641 
 2.395497312425  -5.931048822942 
 3.567885533034   5.331950722120 
-2.047492057428   6.106156847424 
 4.232299736963  -4.858759352565 
-1.786681573401  -6.387497464486 
-4.625549974923  -4.889339034879 
-6.405233855904   2.196276249970 
 1.321498326220   6.685543880233 
 0.546314580005  -6.895058736398 
 6.920516671860  -1.079534073440 
-6.439055937745  -3.191005718666 
-7.117876135373  -1.188024608185 
 6.967688340409   2.735374547552 
-5.814155037141   4.750817123113 
 5.500807194923   5.209791866972 
 3.797387596934  -6.569769441830 
-4.546657674973   6.100893160935 
-3.267155395444  -7.002735886396 
 2.803916644332   7.223494421045 
 0.092269802567   7.786535719809 
-2.085228882097   7.648418318268 
 6.181335410326  -5.173337642532 
 8.068712119323   0.009991136036 
 2.414362764788  -7.753671020389 
-5.145692612221  -6.344961016214 
-8.167198046211   1.307873981194 
 8.100684298368   1.737465361977 
 8.032001239997  -2.545900479873 
 7.544272109293  -4.056368669657 
 0.841915698368  -8.552093110234 
 4.875732393586   7.098938297465 
-8.623833970452  -0.734769515577 
-4.009586827924   7.737636913680 
-8.283888534722  -2.849112281741 
-0.723343853595  -8.790178134584 
 7.856155518600   4.157144279320 
-6.754186863273  -5.940799264176 
-7.666166177511  -4.724524839188 
-6.069428938818   6.688652947719 
-2.228646710058  -8.772327411048 
 4.054007851885  -8.109652149837 
-8.042791955682   4.285565325635 
-8.695464407745   2.824266828097 
-1.651386329396   9.191377788421 
-3.959795605484  -8.485063162257 
-7.447049882615   5.776438877842 
 1.363015849550   9.453873699813 
 5.764440813969  -7.641236395801 
 3.603076020744   8.944317253943 
 7.032212867701   6.676052264961 
-5.849164311452  -7.847211847394 
 9.625967293422   2.102518491883 
 1.951819282410  -9.678230044833 
 9.339127290087  -3.666824829426 
 8.295072127380   5.670251465197 
-0.411491265212   10.081371572379
 7.607860189775  -6.647853383213 
-10.121340927887 -0.647981620328 
 10.140746640733  0.650283857406 
 8.727046333538  -5.325248841521 
 6.092068937014   8.236944008481 
-10.154171096530  1.997201387303 
 10.339692071207 -0.963784811642 
-3.091385410027   9.986786221802 
-6.971603822658   7.940788200042 
 9.960172288740   3.600199531971 
 2.719920879149   10.255677656720
-1.173492744795  -10.577615267643
-10.186432823374 -3.208258345938 
-9.694042020445   4.593736270620 
 5.111885793905   9.486336094977 
 0.526320786610  -10.809040514396
 10.529592651151 -2.609923546712 
-5.404877596244   9.548088936646 
-7.934751179724  -7.612769603271 
-9.668303971182  -5.524532397702 
 4.614058719196  -10.165458357811
-4.304241845185  -10.340440379989
 7.523666845025  -8.317553423579 
-9.537728852396   6.237996825143 
 8.166768154446   7.980428465155 
 2.703908192513  -11.139819778545
-1.039435289010   11.474661994963
 10.534673053297 -4.735629697049 
-11.605915367031  0.890207604702 
-11.514692928750 -1.976145836650 
 9.947593114313   6.155926180240 
-2.367596593505  -11.511573060012
 11.563333675524  2.243692531854 
 9.687361600387  -6.740926638522 
 0.478485056032   11.798477176984
 4.360699752659   11.010070027765
 7.311811099785   9.342724274854 
 2.014265081305   11.711729260964
-9.496048047937  -7.145708270587 
-7.659218478735  -9.108503991770 
-3.081816575524   11.515310140267
-9.068638326949   7.766796101330 
-6.365288396751  -10.108726292727
 6.996891056569  -9.813460537647 
-0.699578371018  -12.038602071244
-7.717127925333   9.288523496398 
 12.091753001854 -1.474087111314 
 12.179913701055  0.205005486613 
 1.342653404859  -12.179922709371
-11.537984646224  4.203665288563 
 11.694073255166  4.057974164653 
 12.093290176461 -3.230602770498 
-11.333120468200  5.749469583419 
 8.624010156129  -9.375230263261 
-5.605134536471   11.491208888629
-11.299793701937 -6.036505028536 
-12.824662108967 -0.669138611521 
 9.983975926474   8.096441998416 
 6.431967846469   11.130083030242
-12.144123707608 -4.243351969308 
 11.338021052266 -6.083559259920 
-12.848326250589  1.982104814379 
 5.664284992520  -11.704630802256
-1.284119529719   12.997661970118
-12.800080710249 -2.847764221966 
 12.304713583074 -4.752746866406 
-10.960296907890  7.398783560859 
 11.223823013721  7.075524600188 
 3.323749737061  -12.859484471697
 5.260419725345   12.311559673380
 8.735885198432   10.177132190827
-3.637793729688   12.930430155722
-10.462096545166 -8.442808656945 
-6.210612867833  -11.927282281267
 0.635893100649   13.449155447139
-4.136195564096  -12.914434123460
-9.518913875908   9.660136676544 
-8.272319482220   10.830563160392
-9.392545988992  -9.950665089800 
 7.347893802198  -11.557647107083
 13.590575668825  1.821336656868 
-8.023750460420  -11.241098856580
 1.975426226523  -13.787579177234
-11.705176611917 -7.549869071304 
 11.105010171854 -8.444670846511 
-13.218537905327  4.703768595273 
-0.065402365725  -14.074247260549
-1.979929244563  -14.081740999020
-12.824714997983  6.289482104835 
-14.276871727766  0.927670148222 
 3.766818763100   13.822392089552
 11.432427828871  8.712061949205 
-11.385029932057  8.866865384613 
 14.429689572856 -0.378737331458 
 10.474833637062 -9.934785553891 
 2.166784334035   14.278178461992
 14.083432378905 -3.324365957428 
 13.021908386805 -6.347255765774 
 13.708883584582  4.708366455172 
 12.984884376243  6.523104325735 
 5.939137569322  -13.312085937639
-14.573477942033 -0.562087544399 
-1.332096551805   14.544765991173
-13.753222133606 -5.024465307126 
 7.371805205222   12.760227616346
-14.338653286959 -3.531333773943 
-4.822852840506   13.971971017637
-13.161975653462 -6.757612504106 
 14.521113447413  3.027902875070 
 3.376027901559  -14.450278726878
-5.223808740231  -13.972980092159
-11.199004520745 -9.856844815290 
-14.814243179653 -2.099223841568 
-9.542918698656  -11.598449934303
-12.919048741241  7.837747725462 
-14.911949074683  2.443705200501 
 9.041902525064   12.140537075981
-3.186333914701   14.831009457324
 10.964971085640  10.485132442944
 15.072175277091 -1.792550528200 
 8.986416420318  -12.254401675585
-6.878885675419  -13.668677055343
-8.254257453328   12.901555432194
-6.570259699695   13.848927977889
 14.322131565871 -5.526601545732 
-3.924022494517  -14.841464125793
 2.120325219546  -15.332122424744
 13.087133709136 -8.379169157796 
-11.269826546963  10.888779431732
 15.670637754943  0.892627340091 
-14.541866533161  6.111399189027 
-10.146547797357  12.109165911209
-15.927034445562  0.337706827339 
 4.775898249904  -15.263382972610
-12.935751311222  9.417412517936 
 0.178558699162  -16.000469546415
-8.431342160273  -13.636232259644
 14.909696772878  5.954091732129 
-14.663217533611 -6.576533739512 
 12.283709614148 -10.367774720032
-1.148761458219   16.037842622523
 14.085932992475  7.886910267061 
 12.945637178343  9.652986869708 
 5.158671526037   15.303052677523
-15.450438524873 -4.719382598637 
 10.569934954879  12.221647644021
-11.713053209296 -11.300562982748
 6.841571291114   14.807245575736
 8.649895409249  -13.857603593525
-5.775432095397   15.317733967229
 11.060237962557 -12.069096803958
-6.279134898400  -15.166651995873
 0.525657595622   16.462258967101
 16.192644517368 -3.156859852832 
 15.809643508474 -4.755094235610 
 3.424519377054  -16.184117885137
-13.497463384727 -9.579314805382 
-14.647622724845  7.780564142864 
-15.984528705575  4.596236333928 
-2.150533822175  -16.517548886840
 2.371043422261   16.583952423414
 16.697165425143 -1.670130608924 
 16.636155818460  2.200804966530 
