 0.512676098760  -0.184936923043 
-0.986054703077  -0.591126226316 
-0.677786279506   1.482509627911 
 2.119024712334   0.486153062974 
 0.252589849627  -2.316344294780 
 2.258642796742  -1.044124019130 
-1.294650346210  -2.433053018229 
 1.890468792944   2.165776002294 
 0.574335697090   2.973484514786 
-3.048366305961   0.758477607515 
 1.915476579841  -2.860146757944 
-2.826975363297  -2.176949816813 
 3.363823216224   1.823173261505 
-2.702027539774   2.819914531099 
 3.902197018003  -0.840725434070 
-0.802284248773   4.076132272099 
-4.332585128736  -0.193305405631 
-1.880498366472  -3.918537967073 
 2.872409066893   3.505177968720 
 0.553364134913  -4.523505697689 
-4.390930150624  -1.774219508442 
 0.715596265627   4.834916956881 
 3.675377131679  -3.363957816795 
 4.816462818038   1.348276101322 
-2.315240577103   4.630599656160 
-4.992802900408   1.963591336619 
 4.544735723744   2.880980373267 
-0.835700490286   5.582898763570 
-1.508873075204  -5.495417297205 
-3.961897235923  -4.160555985921 
 5.594072979988  -1.383000897049 
 5.860432808930   0.161375570135 
 2.097645093299  -5.619393000928 
-4.744998296028   3.725573751903 
-6.063636818590  -0.386809856233 
-3.163439418455  -5.532838912312 
 5.471511170584  -3.275552416433 
 6.375836404975   1.795384997766 
 4.340036760372   5.226094304830 
 0.919071604999   6.787802331699 
 4.480057471527  -5.219497869679 
 3.067980641326   6.244118102200 
-5.534388973798  -4.384318004084 
-6.621538230104   2.563240132120 
-1.287103209065   7.094884160546 
-6.672063004293  -2.881368711541 
-3.190383637380   6.532066707795 
 6.939401083767  -2.171844076153 
 0.278955916348  -7.297186002358 
-4.874241085056   5.604452274273 
 5.923948246712   4.628897751485 
-6.152139548789   4.358630801609 
 7.537266206508  -0.693634726758 
-1.856755468231  -7.357832171934 
 3.042220177812  -7.175494957734 
 6.062631295975  -4.937919159986 
 7.898775161520   0.762495548493 
-7.934677246895   0.127697013077 
 0.051546182105   8.113355178085 
 2.570567219545   7.705178525761 
-4.625893135318  -6.895156347450 
 5.543906606182   6.437133108203 
-7.887495256546   3.410684788395 
-7.072826821391  -4.932535255128 
-8.454590248985   1.775502075920 
 1.907563318600  -8.482218359748 
 7.720820468201   4.199345168032 
-5.269164851251   7.098542010730 
-8.805443164397  -1.303975497918 
-3.488310012363  -8.255723596533 
 8.221792153843  -3.571160766255 
 1.448002346776   8.889777057500 
 5.883721853057  -6.825927545756 
-2.485394146742   8.724324349717 
-7.429238846676   5.234272379688 
 9.007564164604  -1.858824184508 
-6.503774427448  -6.689592344920 
-9.458304242315   0.111993422460 
 7.474981714900  -5.863510017949 
 7.387553978078   6.060038992267 
-4.280639410594   8.548201006760 
 9.112758038691   2.963457384074 
-0.774255883880  -9.568475397998 
 0.015785078593   9.616834176629 
 5.383010370148   7.970191852385 
 0.834510604321  -9.598010288953 
 3.207234652460   9.107501917381 
-8.546091776430  -4.534356137678 
 3.218239931866  -9.341620402539 
 9.890647884368   0.475663421946 
-9.409313174897  -3.242926616918 
 5.650732754891  -8.418911047204 
-9.508715590263   3.732195131722 
-6.606872794415   7.794602126103 
-10.137208933895  1.501946704549 
 9.050528708823   4.994585363344 
-1.657510102548   10.223235529094
 9.143883438599  -4.870905321784 
-7.940023453693   6.716184600104 
-2.825728847721  -10.038296094209
-3.472536761423   9.917656563270 
 4.820821641271   9.397471474814 
-10.498620544895 -1.231294503721 
 7.435250119206   7.565269710107 
-7.530133699468  -7.907436331437 
 10.272116493881 -3.775273821540 
 2.385377681587  -10.702031994316
 4.881185206861  -9.878656574019 
-5.553697794855   9.544366201370 
 11.062330598584 -0.581988861994 
-6.189362429882  -9.190935311061 
 0.839333143613  -11.114500670696
 3.800980300032   10.512510034567
-4.448340248548  -10.285026944361
-9.046337846949  -6.722333692445 
 1.304297288727   11.261981421977
 11.224942491996  1.777796764332 
 9.345937508704   6.519718393121 
-9.934423020386   5.793498706349 
 8.025687253724  -8.248242436371 
-10.981236733913 -3.698518142575 
 11.408800001898 -2.087501179213 
-1.090028832352   11.623819986762
-1.315920223715  -11.631010842212
-2.992649291287   11.343208399579
-8.258080828399   8.338850181320 
-10.293226406977 -5.811118308809 
-4.610865443992   10.947464641101
 9.502299462388  -7.186090184354 
-11.952339354600  0.813432917669 
 11.306024959081  3.976247089902 
 7.715718670462   9.179712679425 
 6.863271393854  -9.997471194211 
-11.901219641802 -2.503608290210 
-11.632720374513  3.627623461294 
-9.595440429481   7.523897343523 
 9.067818278683   8.199521636401 
 10.958794003910  5.598024285637 
-5.870853624332  -10.880124720501
 3.078981932564   11.992291200904
 10.942873576519 -5.865341732623 
 12.569396830504  0.943912134643 
-4.506472855294  -11.788688786603
 6.609594975738   10.797344814523
-12.624806165528 -1.108093847277 
-6.801014791086   10.699913532077
 1.561172661715  -12.637293738670
-0.242913277593  -12.811388456564
 12.798993583980 -1.058278103340 
 3.751647362967  -12.322954436459
 5.373528390884   11.733224830593
-11.739756775991  5.391469382560 
 8.687396294932  -9.696631640582 
 1.673396662672   12.914337139490
-0.003902202003   13.064582073982
-8.366621674146  -10.101639122874
-12.397963297433 -4.451670447057 
 12.469139605699 -4.326594773564 
-11.084940629264  7.214123040466 
-11.862462572312 -5.975641991795 
-1.653308904704   13.186764591458
-3.197206097327  -12.923411346094
-4.229727820705   12.708233345796
 6.253526493485  -11.941222436648
-11.079528969407 -7.726926618329 
-9.806840275173  -9.293738055443 
-8.372515261540   10.620008028338
 11.001635818708  7.989166364073 
-13.602203250124  0.199874784604 
-10.196048178722  9.111967779621 
 10.992002458701 -8.159765981336 
-13.606018826845  1.917882570694 
-13.287026701064  3.642073225461 
 8.634669275768   10.779280673679
 12.151118666133  6.728648251818 
-6.289177627338  -12.428911849117
-6.717721714252   12.212379372078
-1.280543974999  -13.963433923284
 13.819984492436 -2.427782566699 
 13.744363258351  2.832775524072 
 14.047902883530  0.352081913823 
-13.645613008522 -3.368630374911 
 2.691015751564  -13.814431502374
-7.705310769006  -11.829533736953
 2.955956089909   13.891824731668
 8.659621128168  -11.295548796861
-12.966567711674  6.394782011285 
-5.265621594252  -13.543723153027
 7.931718297305   12.225549431663
 1.346749637011  -14.557915370945
 10.839919263351 -9.815279243888 
 4.695134672688   13.887612890212
-10.037049429102  10.782853793444
-0.913342639283   14.725123300750
-2.654083727121   14.516104395413
 13.239482542478 -6.549507880673 
 13.839500040769  5.184391645912 
-11.862335232200  8.857169359834 
 1.428006555965   14.767720777769
-4.333100863992   14.207416990721
 10.662157680269  10.439293263960
 4.220002678912  -14.324512810105
-13.982422617266  5.262651402642 
-13.804871417781 -5.798190860527 
-6.128696946454   13.701101589535
-12.504096517685 -8.457775855858 
-15.052463627454 -1.293720883912 
-3.231897418685  -14.791517333448
 12.690202183420  8.387034434601 
-15.231307545213  0.392281587156 
 14.805261018557 -3.661278601292 
 6.982994675726   13.568444860407
 12.303372518692 -9.056623106163 
-11.624644310881 -9.915140388957 
 10.232452885970 -11.491227127688
-14.902026390748  3.966175791017 
-9.123168123273  -12.453481681211
-8.827654887510   12.679052731153
-7.654346128322  -13.456476934774
-13.683397068088 -7.308112716669 
 15.584778471181  0.280466607482 
-15.094561514614 -4.086111023306 
 15.591382649185 -1.219947786122 
-13.334724374708  8.277444132179 
 5.742127852327  -14.744507573954
-7.778587356464   13.783614560300
-11.029686404414 -11.502230725895
-1.339355635357  -15.881345557875
-15.745898745490  2.640175140535 
 14.356153812368  7.075493219236 
 8.936738592721  -13.286482602754
-12.119950245089  10.468043540999
 2.484887257347  -15.884252075237
 13.934957290330 -8.066927466899 
 8.516960992851   13.691068956802
 16.009060272916  2.114663459948 
 15.276947533389 -5.319571476524 
 7.446050773663  -14.364787111790
-14.962924733029  6.486488024505 
 10.024284112377  12.905939348676
-4.983439756092  -15.685115760705
-5.543298124375   15.514156644261
 6.121187129128   15.298585895587
-15.431993203501 -5.813850835394 
 3.807263317328   16.053331491608
 0.335469501184   16.522958154816
 11.829296172665 -11.575952702964
-10.759605098246  12.600366504402
-16.384820062313 -2.492541980418 
 2.314604477772   16.480204642915
 11.353683989994  12.185018374543
-3.590735752215   16.304563297514
-9.155203850893  -14.003118955393
 16.161473959734  4.507701555287 
-2.981467332656  -16.523656631628
-16.794668290466 -0.236030579448 
