 0.669906297861   0.548826614663 
-0.373477146455  -1.289536690375 
-0.628271590157   1.367773909515 
-1.868871866275   0.171483354144 
-2.027190144869  -1.509405779626 
 2.060565189774  -1.499767471673 
 0.446517864512   2.662370197555 
 2.709483426985   0.670958766747 
 1.933421531590   2.462870563989 
 0.506516012737  -3.091927514697 
-2.902389464050   1.535012870388 
-1.705810452435  -3.278389350924 
-3.533028479126  -1.443400978521 
-1.190131420763   3.749925946112 
 3.872148652570  -1.268659774819 
 2.746557134704  -3.046261752885 
-4.085754354464   0.431848081543 
 4.178768645601   1.008864239331 
 2.417999296501   3.974302682091 
-3.583871809954   3.331446324903 
 5.001993173144  -0.260867796090 
 1.862117999824  -4.668227721927 
 0.747379120050   4.982984795338 
-5.072243617920  -0.962192549965 
-0.951761266877  -5.093017981047 
-3.689969295586  -3.783070088936 
-2.260409012453   4.866630589656 
 4.322601780085   3.571716522649 
-2.795823621032  -4.996781674707 
-5.689761642336   1.508346407948 
 4.705595132042  -3.543312470570 
 3.373729625158  -4.984744470493 
 0.965982854498  -6.188027746376 
 3.803268781102   5.200796877758 
 1.766574154225   6.238321268221 
-6.548379007719  -0.528273120434 
 6.539799472710   0.634566837907 
 5.846112723972   3.083982162123 
-4.019613986852   5.247635092055 
-5.801676737619  -3.320233248291 
-1.559942889796  -6.524925132189 
 6.305256903953  -2.381294969415 
-0.203139925954   6.783644269459 
-6.229787612189   3.275202181479 
-5.247991677412  -5.201129689279 
 7.355629196028  -0.963934042989 
-1.777628893691   7.284319212520 
 3.789086196869  -6.559990095922 
 6.457357706964  -4.077443152267 
 5.118945535286  -5.789531619697 
 7.449328502330   2.147326069735 
 6.166790120541   4.713737760247 
 3.916512952842   6.732827828058 
 0.929026937618   7.794273237372 
-4.137512607813  -6.785049725165 
 0.196929296818  -7.998787366808 
-7.935236549248   1.459376356322 
 8.060646299201   0.428038857513 
 2.183799481521  -7.887688111116 
-4.184720442559   7.103794675859 
-2.095079024662  -8.030254231112 
-7.941775840894  -2.800792205142 
-8.445712460316  -1.374376415329 
-7.376249117270   4.351271948164 
-6.351954374525   5.984190683225 
-8.243572396155   3.086281967869 
 5.865879668014   6.777124298497 
 8.548214776554  -3.002285955177 
-5.786075193905  -6.977430702291 
 5.049358950233  -7.529371984749 
-2.865383163394   8.602886742679 
 9.065707473571   1.661285287157 
 7.612531350559   5.210431848412 
 8.140362921624  -4.583587268828 
 8.580807277971   3.733048698445 
 1.054437110984  -9.312601934528 
 2.258252893527   9.122231642214 
 6.898221217103  -6.412493733068 
-7.851084205961  -5.350182710529 
 9.507813351482  -0.443249184202 
-1.160150882510   9.550350392037 
 5.003821052433   8.225538046524 
-1.622583153086  -9.536475053951 
 3.804966859836   9.141317242034 
-9.841455695018   1.184024850238 
-9.021151356940  -4.139961855700 
 2.670125294385  -9.573279134764 
-6.068156753863   7.958668219825 
 4.319716811250  -9.189118008650 
-7.959561654206   6.306215228091 
 0.794456143577   10.134240589080
-10.274769978585 -0.363021475969 
-3.853404340804  -9.603619022653 
-9.997413634751   3.039469198125 
 8.002847646729   6.811668946131 
-10.392843388618 -2.134842614099 
 10.594693571232  0.666597776024 
 8.450971443001  -6.430125424717 
 9.123861552534   5.492409568644 
 10.621490902966 -1.473170353287 
-5.911389099916  -8.965154670170 
-9.660549504928   4.706669876678 
-0.471737372992  -10.892161135652
-5.352597344010   9.522972601688 
-9.465494240047  -5.575003966467 
 10.531071488184 -3.221016044492 
 6.389657462921   8.978551190973 
-7.474865036937  -8.135065356897 
-3.989053528709   10.387553190193
 2.028662256430   11.012603134921
-8.675818206722  -7.182959850143 
-2.179195003124   11.059281362389
-10.638536553419 -3.778386299445 
-2.624153984886  -10.984360693071
 2.522025492031  -11.155795511369
-0.215407423644   11.454448745042
-11.307432033675  1.962294535718 
 5.348791325589   10.178475528827
 7.314933367312  -8.876842156962 
 3.979743056846   10.811535547277
 11.296993080584  2.839686922954 
 0.774548020050  -11.729394850510
-8.537649994660   8.118109828646 
 10.970163621222  4.749702684304 
-4.115957892826  -11.225261331350
 5.665433612876  -10.532234427155
-10.105199904712  6.464252837232 
 10.718587235603 -5.638214655948 
 4.208560581359  -11.480867637495
-7.727789952041   9.482041778550 
-5.893919675974  -10.719453340929
 7.897487534458   9.392372359208 
 12.155753292243 -1.686771705216 
-7.484206075766  -9.789433934307 
-5.616663108198   11.003248406925
-10.473851772948 -6.727671810711 
 12.374479249859  1.439796516289 
 9.905924163647  -7.607284718715 
 9.227250601334   8.422302132910 
 1.647366065719   12.509701506794
-11.494278503726 -5.294131805054 
-12.654342391279 -0.180374272145 
-11.880836083999  4.423667069172 
-9.828404940985  -8.199826262884 
-12.604553076639 -2.392033539570 
-3.866137385556   12.263891086199
 12.172646886802 -4.146895026463 
 10.547236633248  7.423967482839 
-2.305952943282  -12.789064756839
 6.827460052710   11.115999541396
 2.454290243287  -12.812777448540
 8.704995647189  -9.835438602582 
 7.093460657442  -11.207511655001
-12.799014094904 -3.965625472360 
 12.884247679637  3.880962130107 
 0.301967123932  -13.459350177792
-7.116639936944   11.431094616107
-4.332155757585  -12.842464042050
-0.929515852104   13.523561334378
 13.595641812333  0.014938883558 
-9.839571629690   9.393462127416 
-13.233108340834  3.344876598813 
 2.979453521463   13.394187220514
-7.233401470123  -11.690687973747
 12.353934741729  6.035691840108 
 3.933721763066  -13.231497448923
 8.889291088076   10.581857902220
-13.802504215360  0.879590536491 
-5.810491248160  -12.559601445265
-12.183190695435  6.737266756878 
 13.757813632513 -2.393874193765 
-2.598734042097   13.729892074259
 10.625717371467  9.088504407616 
-12.039864220344 -7.121081010852 
-8.974954658451   10.738795520037
-1.422857456199  -14.026280288158
 13.941643305125  2.188718833260 
 11.597684607391 -8.173081961614 
-13.108891405827  5.541111608690 
-6.182739551366   12.857774234493
 5.482586419758   13.177286897114
 5.545681039887  -13.173749305455
-14.310593770380 -0.595826234652 
-10.171614655287 -10.187551126879
-11.714235623084 -8.602690232313 
 10.396767496438 -10.166124927117
-13.276447029551 -5.957934311215 
 7.572416010566   12.509700172232
-11.421209237634  9.205163147795 
-9.215875379356  -11.413415114125
-14.544759584236  2.410645498419 
 8.889997025804  -11.776730577171
 13.111928684895 -6.829117991436 
 2.449508015343  -14.635275142370
 14.796297921309 -1.135965881875 
-4.580198615512   14.134220845759
 12.968672354902  7.531642197449 
-8.504419451680   12.370246969616
-0.056552960063   15.032668882086
 14.434310145346 -4.335926196838 
-4.754874743819  -14.358235503880
 1.487369529424   15.072813810754
-15.040377247320 -3.116607312470 
-8.315983031013  -12.967992641442
-2.608865251455  -15.184887413855
 14.493610350833  5.231400875219 
-6.504798537325  -13.970416994055
 8.095490800470  -13.180100635490
-13.412552294022 -7.726815728079 
 11.703204679300  10.135619052987
 11.920450731318 -9.896655271166 
 5.152866038615  -14.633430125955
 15.546498353835  0.466820225253 
-13.574364715385  7.613694923123 
-0.378414201010  -15.592674095752
 4.861176723129   14.825428716864
-14.706841178284 -5.379604243250 
 13.020099981758 -8.748677515357 
-6.182599162026   14.472199469488
-2.803206986340   15.566785780017
-10.894951744843 -11.509230548668
 15.500610022219  3.567350105408 
 10.278650146973  12.149316343715
 1.397827959769  -15.888015295001
-15.953792606438  0.386913924007 
-7.786997990334   13.981058732426
 6.757562753955   14.586890176782
-16.054653327188 -1.995446806550 
 15.112679833203 -5.787220568436 
 15.856991536707 -3.298121035743 
 8.574827413770   13.760234548795
-14.685234344692 -6.885389037341 
-15.285877765743  5.516418712543 
-13.256442047054 -9.429073693975 
-13.367701788578  9.317681902065 
-10.166888459367  12.741882545813
 16.284762127297  1.837250928065 
-11.362610468833  11.818735367963
-5.147765742100   15.577441731056
 3.601701114416   16.034605453061
-3.921868903354  -15.982038439828
 11.717507910278  11.664324949930
 13.609358292130  9.391333192105 
 7.677719028131  -14.743788111683
 16.645860691926 -0.870845363138 
-15.054701688778  7.187655204663 
-6.264079085560  -15.468525970939
-1.452401017667   16.625680416575
 10.447241168718 -13.062901622893
-16.215210103775  4.233014609563 
-12.553447131887 -11.141838921421
-16.767579083989  2.120581242412 
 15.217405510300 -7.436052813178 
-16.187774457853 -5.071242860166 
-12.920083375002  11.001535537741
 2.297998241168   16.869295777887
