-0.027058301856   0.484799320667 
 0.309829501298  -1.171005140002 
-1.698780979836  -0.149453608611 
 1.998767631145   0.900287878817 
-1.446286256052  -1.793401340328 
 2.382029430117  -0.565068546709 
-0.664904972570   2.357414942759 
 1.511994375176   2.338966218123 
-2.175618542005   1.823720919343 
 1.465871724512  -2.724666918373 
-3.353818406628  -0.205128280880 
 0.241770089143   3.615475031151 
 3.532447590881   0.873917652427 
-3.033420434748  -2.046567858597 
-0.270714859541  -3.679061672877 
 3.355997493754  -2.047059142608 
-1.943538949478   3.953417642931 
 2.542060538642   3.603976293223 
 4.354022361057  -0.883553984017 
 1.041594870685  -4.407417925929 
-2.274027620370  -3.972476089456 
-4.690948062214   1.296991486588 
-4.897504915811  -1.002646331879 
 1.153160966106   5.018421975530 
 2.592526483684  -4.523036827504 
-4.064788229407  -3.390920993996 
-1.462358743476  -5.248670208436 
 5.239656508416   1.624395061484 
 4.605828602970   3.059101543977 
-0.568581651254   5.602029991789 
 4.704709783169  -3.117521707863 
-4.401096427883   3.730966389266 
 5.852764538416  -0.118195125685 
-0.081311645857  -5.953201510761 
 4.006262243271   4.441497241549 
-5.604023807156  -3.192701177179 
-2.022167475836   6.145009911418 
 4.329210868371  -4.809116591799 
-6.441745776611   0.693109374308 
-4.302390739536  -4.903711260745 
 1.378752987887  -6.398528273373 
-3.505154604659   5.682464060460 
 2.877687211066  -6.135854506238 
-2.491481209060  -6.368246597201 
 6.638287483882  -1.791626657009 
-6.769711967657  -1.318614414770 
 2.840765013270   6.385335588232 
-1.120675022815  -7.034865049435 
 6.331524267168   3.405894647833 
-6.551351216508   3.086850813393 
-5.080778800322   5.236518507511 
 7.360608779857   1.069997373428 
-1.159545705633   7.372577945561 
 0.310184280051  -7.543918932890 
 6.849235281086  -3.356815156911 
 1.618595526001   7.535446640709 
-5.859544646849  -5.362088912042 
 4.290668806108   6.849038887887 
-7.121084431323  -3.857459287371 
-2.836406052917   7.589187934189 
 7.942013423480   2.457668771642 
-6.737739335231   4.874754813752 
-4.637167876455   7.100812202898 
-3.692950640460  -7.665065673482 
-8.265951490832  -2.201836610237 
-8.528967895885   0.789314165730 
 8.561183702686  -0.475560113896 
 7.076800000879  -4.844643509893 
 5.766222292228   6.378311895929 
-8.075684737039   3.052520170218 
 8.348223892702  -2.308035266245 
 3.206920316069   8.054647761774 
-2.018437854635  -8.464346949485 
 7.041041878446   5.188828105343 
 3.155272230447  -8.217070548317 
 5.464358962974  -6.975612689330 
-6.136719783629   6.561345080443 
 8.096626763254   3.981312239038 
-0.246657780733  -9.135381130684 
-1.740188048886   9.031335609988 
-7.496515143528  -5.378243656246 
-6.063407298135  -7.011016159795 
 1.947393093384  -9.126563034758 
-0.052017844976   9.483432443335 
-3.621017895210   8.872227613360 
 9.507086058784   1.706049040527 
-9.132325483671  -3.486286780674 
 4.753392601812   8.585715926248 
 9.009839345798  -4.094062686814 
-5.008754536633  -8.540923174192 
 7.324278687232   6.685715701316 
-9.922181407704  -0.466141620068 
-7.689114435330   6.400887358051 
 9.956456347635  -1.117495696458 
-3.577772423576  -9.388917639460 
 4.927166772978  -8.783874660775 
-9.371372059447   3.871490223899 
-8.809135320367   5.343109435443 
 1.933336865173   10.180306849488
 7.879704048771  -6.768806222023 
-5.887248057323   8.595039705232 
 3.568133842813   9.861616710314 
-10.291749562779 -2.245308515432 
-10.289676156362  2.268592492620 
 10.130757270036  3.124855701690 
 6.409159577664  -8.494303494174 
-1.236216699035  -10.626203301250
-2.677549513266   10.382289309196
 9.049159434662   5.808783574901 
 10.791519997332  0.831625643640 
 3.003034975684  -10.541910753409
-7.689853752486  -7.936511184063 
 6.489625661700   8.974585274481 
-4.594743953073   10.144598355779
 0.234936438824  -11.158014456959
 10.968293705297 -2.229840693731 
-9.410016009040  -6.405047515750 
 10.425598127947  4.631595054552 
 5.365938152894   10.068287901780
-5.166723334640  -10.191282128661
-11.424274972005  0.577609459745 
 4.967281608075  -10.304169195840
 10.709548768159 -4.022802171982 
 8.737107800692   7.444181055434 
-8.838489062308   7.430086961746 
-10.496935838690 -4.880685255540 
 9.939623118190  -5.944738762714 
-0.816763674528   11.576500308895
 1.623699291081  -11.769800272068
 11.882799369118 -0.489484112190 
 8.028760550084   8.819006267858 
 1.909251286114   11.817826220348
-11.129306884510  4.456942435600 
-3.027195510457  -11.641169399842
-7.745119057058   9.260149832630 
-6.075978595455   10.435242455971
-12.057724473515 -0.926330936071 
 10.280448497933  6.681005958471 
-12.194270208003  1.887918491221 
 9.178345400801  -8.265004607743 
-1.178352402211  -12.327027721607
-7.233244457810  -10.057871266985
 3.421554664601   11.909552279937
 11.850006914811  3.753564549143 
-10.776905793436  6.214824243338 
 8.130076203201  -9.557869060151 
 12.164065003102 -3.341677087693 
 4.261192126916  -11.960027463302
-3.999089241442   12.067687126100
-11.986003358074 -4.405686678969 
 5.573443824133   11.569222365464
 6.938112356835   10.844171377742
 11.829534898985 -5.116278288549 
 0.775805198656   12.909611758008
-5.930718031955  -11.504809676809
 12.861681674257  1.627548264276 
 10.523508590991 -7.581090889954 
 12.871201838524 -1.829295046303 
-2.226801663479   12.828011207410
-8.874668353462  -9.534268824480 
 11.632999721868  5.873111762137 
-12.898298459500 -2.430928197241 
-11.413554829845 -6.605286974266 
 1.211839164914  -13.217194071870
 7.616847082739  -11.040548549066
 13.427860989376  0.133121108696 
-4.501298432113  -12.656038167201
-13.547323682040  0.304947765633 
 10.921900496617  8.038381467167 
 13.272035851143  3.156981011065 
-0.411540381017  -13.673987565675
-10.315096139933 -9.017131150920 
 9.673596370457   9.702192467422 
-12.914021207380  4.661625745852 
 3.162414975195  -13.414320033181
-13.507816182454  2.965245929585 
 10.437698875638 -9.207750781464 
-12.237147916640  6.634825134779 
-5.827270637699   12.675397731257
-10.012366745081  9.751414241832 
-8.580680795815  -11.093076898331
 13.170866781649  4.930827009109 
 6.330538287117  -12.580693922976
 9.481172585626  -10.439229503327
 13.776878268573 -3.035921119310 
-7.326894439509  -12.095262425882
 4.522947188401   13.432141641557
 2.641510399682   13.949685988583
-7.486624981488   12.114030624540
-11.529165572856  8.409880261351 
 8.954209125761   11.165097122223
 12.111123900407 -7.705271369261 
 7.678110854374   12.160921231282
 6.303964017721   12.962063355223
-3.263459825435  -14.125863621257
-13.912639151158 -4.122177331416 
-1.500659935450   14.467363300232
-6.218554300784  -13.245959344490
 14.751577717617  0.945830141648 
 11.336696273395  9.493496331638 
-14.694862982000 -1.671780200785 
 13.963034508859 -4.924587240128 
-13.361641688864 -6.498836653318 
-9.330112596169   11.572268367756
-12.250957525215 -8.436792911169 
 1.418804192015  -14.861248330093
 14.869645835077 -1.509862684401 
-14.835498580316  2.161366196569 
 8.381548939128  -12.460431973886
-4.861362092306  -14.221479248465
-10.582039004459 -10.697456592688
 5.126586494597  -14.168238274072
-3.712980064981   14.693749606058
 13.518401104778 -6.892844353201 
 12.974079912896  7.880980781693 
-14.697689830249  4.163321152358 
-13.797677628413  6.624437022056 
-1.975177464668  -15.194699947706
-6.839705761096   13.829521792871
 11.585403047778 -10.229176249210
 0.890868456043   15.456547621310
 13.997435130597  6.702589505719 
 10.020242448516 -11.997990845430
-9.869767682631  -12.156773129094
-15.687740462302 -0.380809833656 
 15.390280712508 -3.434872359201 
-11.320009865750  11.030178505997
 3.759449990252  -15.481215045761
-12.484576491658  9.964648914362 
 15.721982824725  3.052034179584 
 6.555520981163   14.645407711061
-15.547436249308 -4.184677796185 
-8.705539965049  -13.555888985629
-0.502854516697   16.105977458981
 2.565363652205   15.912438955496
 15.263026832264  5.231162056774 
 0.441929777464  -16.131629187952
-6.539236339866  -14.755623105394
-5.589377615396   15.147823424207
 11.216054535037  11.664173489115
-9.010461159572   13.444298031900
 7.835264609685  -14.185232196185
 15.011948300584 -6.111823077286 
 13.216436275579 -9.443577534485 
 16.246386809059 -0.389880605623 
 8.050383069106   14.151842119590
 6.375518284166  -15.041258453613
 12.874394034193  10.071010249481
-13.650191117553  9.010059977252 
 4.160090238859   15.876862307238
 9.880705376792   13.157339821377
 2.503861532825  -16.302516716546
-15.212904006030 -6.396439650083 
-3.680227520818  -16.160840281936
-15.306113617010  6.360769431413 
-11.399260231307 -12.206208960942
