-0.437295373588  -0.359066447729 
 1.158464460517  -0.161839157523 
 0.608148168022   1.287476428826 
 0.842261517728  -1.704291370866 
-1.812067297083   1.217179227967 
-0.530435693068   2.287648278374 
-1.752409477339  -1.913353627319 
-2.864504118766  -0.357783757573 
 1.590933875974   2.606512087312 
 2.887076841992   1.221799039880 
 3.159674689079  -0.476106268669 
 0.637994931610  -3.196951554314 
-2.126287300077   2.693781408721 
 2.717920060599  -2.478010236044 
-3.231788689985  -2.285648301274 
-1.999948990886  -3.593270379291 
-1.125160378548   4.181399642599 
 4.321763746771  -1.569276820466 
 1.841031018038  -4.250140851075 
 4.607436009726   0.581085087447 
-4.394993264782   1.856267036168 
 4.158161176577   2.371545283122 
 2.501804243067   4.188705640232 
 0.504674477925   4.936704478573 
-4.986969431041  -0.671949307834 
 3.794485556528  -3.721808910469 
 0.313386140265  -5.329815853834 
-3.996038596197   3.809969667523 
-2.112804517438  -5.211555287329 
 5.851286656818  -1.186798265996 
-2.128416977969   5.583667981365 
-5.583919310298  -2.247383413418 
 4.022039811481   4.503636891022 
-3.759751374906  -4.879496363316 
-4.890100577361  -3.817485608122 
 3.205389574949  -5.537699168248 
-5.872505707397   2.766416671388 
 5.468470499272  -3.543372341541 
-6.526065719055  -0.634591391059 
 5.953472724361   2.764700644361 
 3.046126707925   5.915322400144 
-1.159656806184  -6.555012520289 
-0.106616437893   6.701396200939 
-6.864416377034   1.308240902037 
-3.974922713378   5.869209071397 
 7.142492953168  -0.236295768876 
 7.046531992472   1.618424475739 
 5.592636344791   4.944900584001 
 7.217468358861  -2.199535595101 
-1.839409574502   7.363391158450 
 4.824037736549  -5.860348582924 
 1.358039930967   7.498125908703 
 1.427469662977  -7.514676521673 
-6.865654804675  -3.402109046167 
-5.671817863581  -5.300341971152 
 6.074792938330  -4.974030278593 
 4.795650555941   6.380289586344 
-8.002249209370  -0.112020920011 
 3.771551786396  -7.160419210147 
-7.886132113619  -2.302303662421 
-3.945170839646  -7.246750246450 
-2.198257503596  -7.981899899155 
 7.744270333378   3.104619502524 
-6.506233663431   5.268188861492 
-7.827416984930   3.899143818910 
 7.117294456944   5.136308780181 
 0.193366800734   8.793758325688 
 8.738720962252   1.242080326799 
-4.073981851306   7.836990532536 
 2.556060708539   8.500500766051 
-0.044699620670  -9.030963306975 
 8.988872387407  -0.972576439948 
 5.492406194395  -7.223583472108 
 8.513188461719  -3.187189005581 
-5.946756524771  -6.914220065018 
-7.586467267795  -5.088695903556 
 6.348014146143   6.609416546730 
 7.909584137044  -4.713493362111 
-5.533361476343   7.390706312382 
 3.379201433073  -8.709398741143 
 6.965001799222  -6.413033419706 
-9.265398994832   2.425318784151 
-3.353331666183  -9.009715194769 
-5.055617564750  -8.275104152027 
-1.932490681282  -9.503061029000 
-2.370837354464   9.427358564204 
 8.633657203797   4.557169306859 
 2.114695659327  -9.619098179177 
-9.215127386817  -4.071269205475 
-8.417595910106   5.552138541439 
 1.438129812927   10.012108508738
-7.387714146242   6.927177245666 
 5.153738457958   8.769158497423 
-0.966727997270   10.210455798500
 4.899015192301  -9.042417614023 
 9.985608084392   2.885352116246 
 10.417311562485 -0.134474211157 
 3.343724085930   9.930357426528 
-7.419561346378  -7.470169117882 
-10.450150257257 -1.429371126391 
-4.174839227037   9.688407475206 
-10.539719924586  0.705722449220 
 9.648549837204  -4.494284645816 
 8.412551944285   6.604307198955 
 7.247248069625   7.865513903265 
 7.169790854580  -7.953575462341 
-8.645792425071  -6.481266140950 
-10.405537437700 -2.959592950526 
-6.375373589112  -9.000910948157 
 3.675047069180  -10.427725907552
 10.211278147130  4.523389494260 
-9.819928609519  -5.459263639668 
 9.348928342884  -6.247948300294 
 6.407328339058  -9.410883238664 
 11.332875371785  1.254799841943 
-10.635206766326  4.148846829007 
-0.414130386556  -11.448267750244
-3.077670403943   11.061290336065
 11.266460712413 -2.464911657250 
 8.667809845239  -7.723422533159 
-5.951635050012   10.001084178046
-8.779735747243   7.717828074194 
 9.927563028294   6.188894532712 
-4.758417056373  -10.806348286101
-0.869071084605   11.859097317755
-11.019770925356 -4.554646240781 
 1.009954762783   11.901618018484
 1.932611962531  -11.791173467174
-8.785332790507  -8.164142723528 
-12.090470175231 -0.186028747059 
 3.654497058891   11.560097347633
-11.778407012314  3.051828391785 
-7.481871620736   9.647812090813 
 8.001906644222  -9.221306972009 
-12.133899220784  1.592077275586 
 11.715984163768  3.733028675359 
-3.018441443195  -11.957844667196
 11.594296613918 -4.326117285093 
-10.705601375341  6.353362667441 
 12.503812232817 -0.693654925742 
 7.715124345972   9.886727641124 
 9.014817448298   8.719496676678 
-12.096077767866 -3.368610860688 
 5.913128097402   11.089037362527
-7.119674939444  -10.388441818886
 6.099127988358  -11.141412960004
 11.472259678485  5.551468969265 
 10.399786352885  7.638925935249 
-4.713033573313   12.041369017304
 11.570141155735 -5.925271227878 
-10.399344941108  7.907516441817 
-10.471521961550 -7.822511921815 
 4.325604276364  -12.479218259956
 12.919677329947 -3.014549057907 
-13.265030324911 -1.923731595422 
 9.882194130216  -9.162388895928 
-11.727248297164 -6.681544665946 
 7.734433249772  -11.063030246245
 11.010203816309 -7.829771168323 
 13.132195876161  3.175936444682 
 3.202531041590   13.144548753308
-2.875594016380   13.313638966354
-6.092222366883  -12.182364649953
 1.019485408644  -13.617332398345
 13.659349280387  0.984684720762 
-13.124538953852  3.968323389049 
-0.710373919530  -13.717486187025
-9.985604239048   9.453776137921 
 1.406997742863   13.751403230569
-3.424008795770  -13.449147245007
-0.467918685335   13.878881576085
-12.782823709493 -5.461040430321 
 12.982981167013 -4.973290946335 
-13.874895492792  1.204623372346 
 11.990867040277  7.342191273405 
 3.355540346602  -13.732293158601
-4.948942050189  -13.248677737565
-7.001761475291   12.298958966836
 7.349633367815   12.116204796957
-13.004790463622  5.778231125397 
 8.947567026201   11.131387420799
 13.328892758277  5.172179199126 
 10.278781526310  10.015015070590
-5.707385458362   13.187997219687
 9.333114146777  -10.953825943219
-9.854283318306  -10.503467639186
 12.429164530422 -7.305723933420 
-9.219260187583   11.095249459829
-12.142933341370  8.024913818480 
 7.274844003849  -12.620191692154
 5.003591223215   13.760364030824
 14.600850407212 -2.339883022706 
-14.540762640280 -2.996149873814 
-14.912397964803 -0.390462262343 
-14.275347230309 -4.481455869666 
-11.496873359051 -9.612641938652 
-12.473641973706 -8.306779951003 
 6.147041293758  -13.672068511577
 11.428097434706 -9.702130487328 
 15.004420879311  0.318785142204 
-1.906562470445   14.980728742573
 15.032835391645  2.114557939987 
-14.500703944902  4.576431738578 
 1.404447308575  -15.196426335612
-4.786700020987   14.499427391320
-8.668090144811  -12.582094220615
 6.837200422039   13.696449961411
-0.129358034661  -15.359413117176
-1.649100255150  -15.280748679260
-0.298725589669   15.451452505235
 12.056101833466  9.676190128998 
-7.480366367475  -13.534472443202
 13.619424606262  7.342732010980 
 1.486402119479   15.466462060066
 3.035919758387  -15.256252290186
-15.320704857968  2.908577110358 
-14.279612933566 -6.315070775932 
 14.550126236314 -6.120987876566 
 15.097324666959 -4.638379092015 
 9.206770904966  -12.855858030721
 3.897735626224   15.340953979550
 15.409939777164  3.729902005563 
 11.288501787650  11.139945696525
-14.333769137210  6.856603353866 
-10.214199916955 -12.174346919047
-5.913462750852  -14.768691489401
 10.088523506381  12.303987869980
-9.140733481186   13.028397347112
-15.777620831071 -2.107079869733 
 13.904948788010 -7.759698482774 
-7.114774906817   14.313008195219
 12.910962092066 -9.440151600481 
-12.159599080931  10.516399428445
-14.107827164743 -7.851857405914 
 4.692897629932  -15.473741641876
 11.406381055738 -11.471022541144
 15.031720580083  6.013871833940 
-16.173334027143  0.746981525395 
-3.967699161690   15.775012493606
-4.323856288472  -15.734100267777
-11.595458590993 -11.534680565675
-10.580504646541  12.540217908761
 16.176271514351 -3.213759248086 
 8.433076999094  -14.208954319045
-6.037057539436   15.381762381807
-13.804130760620  9.091423483045 
-16.195492237733 -3.670163902789 
 8.551021028601   14.313160671892
 2.714662410602   16.521608485908
-16.839506981970 -1.012797978927 
-15.838874329637  5.836911399237 
 16.850534393794 -1.747255803222 
-13.012317649726 -10.856270241561
-7.768705418434  -15.150333573699
-0.337010761496   17.031500670547
 13.057264111613 -10.993586801135
