 1.050906858193   0.367098605241 
 0.428297861211  -1.184580088616 
-1.177673562898   0.588332058547 
-1.539066982127  -1.046087154903 
 0.637198549642   1.957062216023 
-0.140209121359  -2.709618443869 
 1.846906889671  -2.091129700368 
-1.849811072791   2.260901769255 
-2.865647203117   1.087840417619 
-2.180764606002  -2.567265661009 
-3.166246038901  -1.344027339790 
 3.194709551656   1.321732275676 
 3.545856734083  -0.646598648451 
 1.624793744634   3.281585551865 
-1.302584436349   3.978908522388 
 3.652153432631  -2.234147753387 
 0.351617466280   4.328797276239 
 0.088591214063  -4.357955114030 
-3.095779470077   3.233228379464 
 2.758614730856  -3.671982611430 
-2.631644252591  -4.059378777245 
 3.605573285731   3.548765675335 
 5.182833449184   0.169666329872 
 4.862626527109   1.920310086119 
-4.013265467892  -3.373271952012 
-4.700605597609   2.451918109325 
 1.556694973011  -5.078572001553 
-5.491433300341  -0.360017473822 
-0.670306950152   5.629792658579 
-1.173970707908  -5.549143470991 
-2.232165289432   5.277252583078 
-5.780342818148   1.115353047331 
 5.669257192424  -1.586422400432 
 3.012681012642   5.081978892079 
 0.956710651786   6.055101866653 
 4.738146255409  -3.920088387414 
-5.905141256827  -1.877211251965 
-4.266405470861   4.506322865312 
-4.116357511428  -5.124823790562 
 0.382198744328  -6.907438793663 
 5.487622453414   4.258696533698 
 1.869941190125  -6.714141943615 
-1.770890953215   6.741844456353 
-3.630979504559   6.002624698089 
 2.356068071831   6.610937689021 
 3.555802431817  -6.139432926180 
-7.100259014453   0.143689267236 
-6.410250497078   3.211174359490 
 7.076100042739   1.893893959925 
 4.479257753556   5.830339642212 
-0.055075579926   7.424730920569 
-3.175124571448  -6.778849156481 
 7.099897132617  -2.477949775107 
 7.614096404098   0.287052155308 
-0.955586033336  -7.621387430213 
-7.442215668550   2.065386264794 
-5.740939230040  -5.418411316981 
-7.037069901899  -3.662945897164 
-5.310474303939   6.228583133859 
 1.609130408558   8.094374153371 
 5.397339148590  -6.265233133167 
 8.246913881438  -1.295649490693 
 6.132752790439   5.713293480900 
-3.759089948811   7.601026988997 
-1.312831765695   8.468247704514 
 3.172491016122  -8.034941239549 
-7.634798118491   4.296207149120 
-8.696093539671   1.067296287609 
-8.620609325067  -1.712542560753 
 7.809855924947  -4.230137772929 
 6.903947393368  -5.665543218315 
 7.722263643670   4.503176215758 
-3.145796474894  -8.498433443940 
 5.226716086053   7.405225120535 
 3.802223602848   8.340103862603 
 0.085485228559   9.184165841502 
 0.711090721849  -9.158974396224 
-6.021825945457  -7.053028052590 
-7.376350782895  -5.667111851884 
 9.402152619964   1.566811313652 
-8.952581382080   3.433408177692 
-0.725142927709  -9.619352875794 
-7.676416370505   5.980756996227 
-9.010335640730  -3.761731959443 
-6.279118494890   7.491210743718 
 1.431652448507   9.874627651931 
-9.981601097698  -0.128607789106 
 6.863845177127   7.311166628454 
 9.235304795629   3.950252231343 
 6.861284904732  -7.354563583427 
-1.447110488650   9.966452403410 
-3.128840880946   9.632237176774 
 8.509688921699   5.785102584991 
 9.609988028163  -3.763230062179 
 5.820543206131  -8.539536692442 
-4.768171936544   9.195050649030 
 10.456786724697 -0.366781963900 
-10.233429811658  2.324244003390 
-9.292773759051   4.901844627969 
 1.932913392897  -10.336753611703
 10.287618451652 -2.182385856123 
-2.115256929992  -10.337152466342
 5.581843065502   9.214365629022 
 10.540961124061  2.735887755133 
-3.953222985554  -10.159590320754
-5.630912365684  -9.399848875315 
 4.053624446387  -10.181066540122
-8.100055035846  -7.396158166253 
-6.950420836924  -8.619494494488 
-6.284103970485   9.134641484197 
 9.368242708268  -6.022217213947 
 11.109724642397  1.244332042563 
-9.262633914862  -6.259581521668 
-10.108996645981 -4.836709236044 
-9.186264022825   6.515981656953 
-10.855051765725 -3.051608046280 
-0.544636875419   11.283374722975
 0.296369416425  -11.498815159823
 2.304265930335   11.320301639266
-8.323860542869   8.058058517905 
 8.386787911923  -8.089539906180 
 4.011332877745   10.943584187259
-11.029382359927  3.778028965737 
 11.112480292045 -3.696817543433 
 5.658104746778  -10.289014758953
-11.779082762700 -1.177808633288 
 2.975892218344  -11.476004509332
 7.436267564689  -9.292092120896 
-4.253641349249   11.266980884548
 7.547125236528   9.416910112321 
-10.659146270099  5.724416660981 
 11.964981365776 -1.838282835875 
 9.019380765585   8.138266365298 
 12.185265406470 -0.083152646303 
-5.549201098901  -10.909843601951
 11.295108494936  4.886459346992 
 11.119424673975 -5.307318081899 
 1.088697223980   12.292311650964
 5.801806479786   10.929594714781
 10.516003805990  6.536677113808 
-5.943096665306   10.958845862299
-12.426341704093  1.198413599432 
 12.150215235916  3.450829671807 
-7.664935985180  -10.068411106298
 12.549809869570  1.906111450424 
 4.561986970164  -11.863614590693
-9.310168466251  -8.699346015289 
-8.114833693196   9.842657416190 
-10.332599612338 -7.485989004550 
-3.089179709398   12.450605751262
-1.872630344172  -12.710729003042
-11.536976573994 -5.777723212092 
-0.336350280210   12.979109592105
-3.630213811795  -12.546274069329
 4.047517740529   12.443999324616
-10.586908100909  7.696667223474 
-0.330335292927  -13.196112318977
 10.748552735297 -7.666631133620 
 2.595612535394   12.953563674394
-12.926169650532 -2.749064247048 
-12.198903048350  5.223280866827 
 13.328186587591 -1.067093734881 
 9.212170049670  -9.765974249913 
 7.406465308507  -11.367846593580
-4.894792826849   12.699350373660
 12.908134130139 -4.335205407325 
-13.135920657298  3.629129770290 
 11.964574607282 -6.572926307385 
 1.281378131791  -13.662973353051
 3.055610143921  -13.436567447159
-13.631422326674  2.210927355798 
 11.041049644961  8.412996150014 
-13.874637351297 -1.259096391867 
-9.636796298924   10.110884233459
 9.946242565653   9.917106314110 
-7.149753719920  -12.261851773435
 13.994316250670 -2.414887667902 
-12.331103574058  7.076776522300 
-2.392067496673   14.037606986164
 7.054095698526   12.374460538572
-7.745321156273   11.973699558509
-11.062276432452 -9.070640120811 
 8.425407441417   11.576437197413
-4.814274800304  -13.502226891368
 1.285456834307   14.350804889561
 5.266988357019   13.451619745812
 4.727691819475  -13.680526363230
-14.554259473910  0.558802847193 
-0.917059324993   14.550342625439
-3.381240694483  -14.198539251740
 13.101151819465  6.434395851182 
-12.966487062693 -6.784223362021 
-13.810802765323 -4.912561054408 
 11.154435158155 -9.540299178313 
-6.347110210780   13.287320776215
-14.464415385882 -2.853697595143 
-1.635376620882  -14.665526270754
-11.486595855410  9.279755205389 
 13.915488933361  5.106807270692 
 3.616051782893   14.398818275573
-14.020763025889  4.992534231073 
 14.913364827510 -0.714447292092 
 6.339826069658  -13.532233198924
-3.992295842236   14.445472580767
 8.125621611064  -12.700609284873
-10.781814140952 -10.575937981196
 12.633234202666  8.410651684090 
 15.151785543487  0.942757955616 
 14.624350495934 -4.348000795352 
-15.181026624161  2.090270358143 
 14.914224495610  3.565911226568 
-9.884412113682  -11.813355486061
-12.811309915025 -8.601718462938 
 3.521316232823  -15.042782987915
 1.904716901162  -15.352232508510
 14.144446008952 -6.303296791839 
 10.607449223593 -11.505482878400
-0.162482583330  -15.650079587660
-8.002372661019   13.471244306968
-5.689360830764   14.724340826144
 13.277316551277 -8.678370311882 
-15.874036589624 -0.194356152965 
-5.450848295018  -14.940115474556
 9.514963778230   12.748897375565
-10.652173533169  11.951531112025
-13.288799354017  8.998672982346 
-3.136069106099  -15.759301857940
-15.427802342399 -4.563812059190 
 15.924721716530  2.456883155793 
 15.968187319409 -2.693282840684 
-14.845176036324 -6.479539058016 
 11.039573655232  11.863744339864
-0.209517447435   16.205257083372
 3.279231200931   15.901178115280
-14.194298903561 -7.958625554695 
 12.226222864305  10.814999769837
 15.556674548143  5.001167262831 
-16.068651977112 -3.092611327505 
-2.951182593247   16.099226182727
-15.696598526934  4.648995992280 
 6.109549377343  -15.188364181446
 5.599620672424   15.426961846736
 14.950262011864  6.869976044159 
-7.124113428316  -14.863801122539
 16.544909149964  0.338548912066 
-9.486216129818  -13.588303149824
 4.776911239871  -15.911631077683
-13.147589530214 -10.177920285760
 14.649062227321 -7.915729492323 
 7.343695815861   14.960103942299
-14.675500009735  7.913451914155 
-7.428373930967   14.990737887314
 8.572927051595  -14.381293840212
-1.554133417846  -16.719012898559
 14.532813621593  8.422190478607 
 1.880495550430   16.757572988436
