-0.551746506145   0.950375846105 
-1.592079827727  -0.168051085333 
 0.769753642550  -1.411920684024 
 1.407822300896   1.027580721298 
-0.993472682675  -2.154817902333 
-0.698280825787   2.685357198802 
-2.485515443333   1.295455072121 
-2.999739060941  -0.692576021420 
 2.968109329462  -0.907492322603 
 3.119293249838   0.630294826937 
 1.727231254525  -2.878395180279 
 1.698918826649   3.091784508689 
-0.726621895784   4.210681615086 
-3.399983288162  -2.621380387910 
 0.991087557788  -4.238179102351 
-3.045592238211   3.224642145110 
-4.486568459057   0.063563047321 
 3.255356236173   3.147465581624 
 3.355335227654  -3.248620131297 
 4.618102467348  -0.916777634510 
 0.718633731284   4.664121000646 
 4.677939361193   0.700649274954 
-1.872361689208  -4.739251239635 
-0.288198467515  -5.112021393430 
-4.919819016944   1.795421389472 
-2.133172343400   5.119636251028 
 5.068550582913   2.371837153745 
-4.529646156879   3.462328776720 
 4.878932777998  -3.124744430965 
-5.263206941861  -2.668536645517 
 2.460440197800  -5.534289367504 
-0.227603457573   6.133363593882 
 0.926189423416  -6.102022938472 
 3.191384141087   5.381154985011 
 1.430499574640   6.141384660518 
 6.315644717062   0.592817194384 
-4.747678867220  -4.213300220050 
-6.325202122019  -1.248188341545 
 4.919295498756   4.176426751845 
-6.418158986200   0.829055790868 
-3.434852993809  -5.754805206495 
-4.385981691714   5.121711067422 
 6.662601227877  -1.068123922495 
 4.359778181396  -5.411922532754 
-1.048015316104  -6.883377461085 
 6.441107524418  -3.104213714301 
-6.756586026203   2.502966246590 
-2.766040841035   6.773449890953 
 5.684248147218  -4.626950832883 
 2.076330997515  -7.233879685741 
 6.998693017769   3.097221860432 
-2.822322917533  -7.217000115702 
-6.011096761016   5.027481473103 
-0.891674340607   7.826027078702 
-4.327960536339   6.647149469529 
-5.130157638564  -6.121743675397 
-7.999388368733  -0.435398365284 
-7.596707861675  -2.569080696559 
 2.738783745597   7.710753695140 
 7.886905616770  -2.351211853962 
 6.057065064621   5.655652080016 
 8.336182060887   0.002722132899 
-6.540577756290  -5.203816525818 
 4.852737160153  -6.902930004661 
 7.268565292494  -4.780620632882 
 7.401084667131   4.607473889524 
-8.355740718467   2.506094621264 
 0.566966877870   8.765449111455 
 5.388077881912   7.011266414793 
 3.658439468621  -8.068450370836 
-4.531036303439  -7.707427861459 
-7.865610893841  -4.251687090724 
-3.421690927340   8.265864400174 
 8.703722377597   2.079805957834 
-8.881203851488  -1.668627582425 
 6.718159958175  -6.222651171010 
-6.394966505329   6.555088382965 
 0.284435608507  -9.225637222872 
-7.734199434060   5.084188979658 
 1.832129337284  -9.097739474971 
-3.262386647226  -8.744982649824 
 4.405256721319   8.287078881063 
-9.368466680138   1.048928135147 
-2.234141891084   9.198367052447 
-5.109501606372   8.045766427393 
-7.102370134194  -6.620656153984 
 9.490882043341  -2.413086020629 
-1.318664018090  -9.743622767706 
 8.763148938268  -4.482122297499 
 9.992796704318  -0.226824069898 
 5.254591805785  -8.547181588981 
-1.065912924900   10.211751764667
 0.862982885260   10.238806440234
-9.642407250570   3.781731769808 
 8.842650162992   5.401828801844 
-9.713318902947  -3.649597244136 
-5.558349934556  -8.846088975614 
-8.848247150571  -5.558392255347 
 4.149386259915  -9.630612577333 
 2.655677212059   10.196113655695
 6.133142596872   8.582558892394 
-10.458770906146 -1.792744021804 
-7.702365265903   7.301129031783 
 9.966157857844   4.043509693916 
-10.537262022586  2.329015236164 
-4.364360310045  -9.886263227612 
 0.262086990366  -10.832845705265
-10.846374521135 -0.043175392299 
 2.663079886284  -10.517563833802
 7.793451308112   7.584110539963 
 10.916495215700 -1.660534475974 
 9.527443088181  -5.818654590394 
-4.627662861480   10.159827569733
 6.816092532671  -8.948020597090 
 8.011818507164  -7.897888241800 
-6.025677047597   9.571452099089 
 11.219593671173  2.062098801640 
 10.693920722275 -4.051860099772 
 4.540714933414   10.514152768421
 9.236847824934   6.869519015097 
-7.172427788429  -9.003838904847 
 11.556951505478  0.503850794442 
-9.627616233514   6.416590041325 
-2.706618411945   11.308269257596
-11.204110095898 -3.356705286289 
-8.500076996222  -8.127383258504 
-2.348308173782  -11.573662377968
-6.061855916683  -10.286732902509
 6.165059007390   10.232112275627
 7.528682419105   9.310876251476 
-0.781800916622  -11.961745812608
-9.866443306232  -6.890557810295 
-11.031671389897  4.844532812644 
-4.220571252754  -11.455558320090
 10.698061560462  5.979011844775 
-7.655393742440   9.584699143490 
 2.128939710132  -12.217608775927
-0.078596528356   12.402675224040
 1.506901220320   12.346908889995
 12.307900133619 -2.269013421158 
 10.260066220127 -7.282251133833 
 11.927190193588  4.194623901081 
-11.687295437523 -4.944029945322 
-5.692326103773   11.364953382768
 6.018403121276  -11.233627169885
-12.548560748106 -2.262785220175 
-12.236399808973  3.588468081535 
-12.707777825540  1.137251979649 
 9.545851801524  -8.605348624248 
 12.752997792139  1.701173007707 
 12.902452415402 -0.578134031421 
-9.915093545656   8.341313563075 
 4.397416782752  -12.226847358671
 3.237889609692   12.653001879375
 5.112441063362   12.031501282613
 0.752939530098  -13.140162624807
 9.645635554590   9.062081328924 
-4.484648833742   12.459385961411
-9.337367901196  -9.498323576917 
 12.431048657027 -4.827639844162 
 8.484528246208  -10.415293848328
-7.504565522852   11.183724083193
 6.628826395958   11.731066329954
-12.178090523051  5.847960769513 
-11.874673641830 -6.489991246653 
-11.449559495681  7.233594685119 
-6.024750655786  -12.169678215397
 8.280275275009   10.865785715678
 12.212004714104  6.124876985147 
 13.270497087732  3.261441962465 
-13.647979479039 -1.009523843570 
-13.026574603263 -4.233643012069 
 11.101244248622  8.043419782344 
-11.138706992876 -8.149960671098 
-4.234446586064  -13.152331510273
 11.891480753301 -7.051701923415 
-1.435908188478   13.836334924608
-13.825741714879  2.920333863447 
-9.671868192032   10.302323925494
-8.702567282778  -11.210322087989
 3.296467410129  -13.832456690772
 0.755129142826   14.331352397725
-3.273943812585   14.015065678968
 14.416215740545 -0.793116466270 
-14.436849152230  0.982004432583 
-6.166018018527   13.116101522363
 4.475662723747   13.792049011207
-1.708083956177  -14.404878463278
-14.291511368470 -2.779014675067 
-13.853589870239  4.553483403744 
-3.201493616231  -14.251678385370
 6.073521976901  -13.336547526299
 10.928666955449 -9.837502575503 
 14.707934644416  0.705726724069 
 2.365621579747   14.636999192635
 6.039694759774   13.545366581759
-11.898747313305  8.882219863072 
-7.327446843206  -13.033253038671
 14.048385978243 -5.283887879385 
 10.916927182528  10.306425755824
-11.524560110546 -9.695922062329 
-9.112482394075   12.012013233936
 14.874802166304  2.522305848960 
 0.850262777549  -15.095572096613
-10.218182422954 -11.221822595900
-13.896582155208 -6.188947451313 
 12.278580285648 -9.049243337129 
-13.906465060759  6.293762422111 
 14.891016081921 -3.460306103965 
 12.661912101407  8.574901117969 
-7.861909730906   13.117740696307
 8.383353180919  -12.797026177488
-13.195068668449  7.957237830130 
 9.166874989728   12.469402760528
-11.579928335503  10.368349176555
-1.750919128651   15.454675161032
-6.161126907207  -14.309821757055
 14.593235636539  5.529417606658 
-0.622180762101  -15.618360299762
-15.089154096210 -4.222954779743 
 4.637063246480  -15.005802314042
 7.693566083331   13.846221640704
 15.788734224045 -1.714371027388 
-13.686679926301 -8.184444833928 
-15.924460349934 -1.040697029639 
-4.399212515348  -15.343719416649
 10.611789131470  11.941783649970
 5.398578127818   15.042199082464
-0.140873922878   16.013928542931
 1.551372204350   15.962844869454
 12.482400595950  10.163828008331
-4.672419078024   15.430469443394
 10.834794720452 -12.007682075823
-8.736011165386  -13.628389351893
-16.204886557349  0.864187300545 
-7.053190055752   14.645980217402
 6.529615026464  -14.958833891305
 14.351607353774  7.875470294255 
 14.384427563788 -7.911087994881 
-16.202230125077  2.792979491385 
 9.792881033790  -13.345164292260
 8.002041995249  -14.500078540777
-9.691223133940   13.526746325363
 2.139499830190  -16.511423816463
 12.370544734000 -11.177323299305
 16.321231139817  3.442728171761 
 13.826181255331 -9.359424127559 
 15.579387933228 -6.137827293038 
 3.544828895313   16.419018895280
-15.809804858486 -5.766306354564 
-13.739164420472  9.736004338309 
-14.791741542955  8.073358881950 
 16.501556875496 -3.536301477505 
-16.627349304806 -2.913410676063 
-16.291344011729  4.424782729412 
 3.697681439466  -16.485356405965
