-1.233452162501   0.008099735854 
-0.393555125918  -1.252407590063 
 1.282625428139   0.333135176395 
-0.587954638793   1.406743507191 
 1.606046579030  -1.205861417393 
 0.590605385104   2.394720917344 
 0.550672085311  -2.589272155871 
-2.730714401449   0.328029366046 
-1.942675123138   2.081163545790 
 3.028811580720  -0.353211008879 
-0.942653736671  -3.088576430834 
 2.074815415471   2.664188886937 
 3.162200064755   1.276350144470 
-2.661434756636  -2.389987446443 
-3.427647181087   1.855129697395 
 0.705857048818   3.897974782817 
-0.903513746727   3.884481796749 
-4.120205078749  -0.334540412686 
 0.658161640048  -4.108861618522 
 3.403306645075  -2.401773537029 
 2.485070977587  -3.763960534777 
-2.013189045072  -4.269093330458 
 4.744940940420   0.262012682457 
 4.716710031224  -1.432010761692 
 2.918098951348   4.150262023208 
-4.904475518082   1.572784250693 
-4.738258454777  -2.231804751278 
-0.769189768594  -5.200357694846 
-2.708886411802   4.678749488978 
 1.657095002112   5.446831945745 
 4.654304944882   3.303386694917 
-3.650577264367  -4.423703294638 
 0.773680604603  -5.688427093744 
-0.279184560603   5.865181905539 
 5.791929422214   1.463844901925 
 4.778137650667  -3.763078992463 
-4.553252251389   4.048651696779 
-2.630819478733  -5.803328141127 
-6.409566506600  -0.545240733930 
 6.473904204359  -0.143564702414 
 6.236753114181  -1.836439592975 
 4.398968336994   4.868524129518 
-6.036081128060   2.691765443383 
 3.245294648187  -5.901061913230 
-6.385305104864  -2.314239710514 
-6.870226406543   1.211536156381 
-3.501839367513   6.319102379206 
 5.909677605334   4.262749912069 
 2.366774934072   7.014195953575 
 7.299778834853   1.457595394962 
-1.743318582668   7.255672835745 
-1.313964042904  -7.404316202153 
-6.614941084721  -3.847712959868 
-5.201410053333  -5.613541733596 
 0.979381160819   7.693845145894 
 7.078842024878   3.209011245922 
 0.161473177918  -8.004664038446 
 2.554962988986  -7.625090117828 
-8.077929665821   0.262391386096 
-5.305484818295   6.098782393309 
 5.829690103763  -5.635231201071 
 4.774808304849   6.570107293292 
-7.189614159981   4.083067427583 
-3.599364899488  -7.447118380780 
-7.826870055941  -2.730528487202 
 7.509032236207  -4.026584928417 
 8.515915308424  -1.219644569817 
-8.148279772236   2.814563277550 
-0.659551867343   8.639579690243 
-3.723029832123   7.901970141264 
 3.656598175686   7.988638683503 
 4.791752430005  -7.405712381157 
-8.784231236426  -1.222716119784 
 8.864018573542   1.105983345204 
 8.524370678686   2.779212966510 
 2.261019950953   8.688947861414 
-6.862407818496  -5.875323126999 
-7.112389940012   5.685121927488 
-2.602656738802  -9.075176016937 
-5.984390681568  -7.382210472841 
 2.405922998180  -9.200234252745 
 0.837147391147  -9.488344683806 
 6.706734968720   6.871104200370 
-5.246381816811   8.121052363618 
 9.131325089535  -3.229465934149 
 5.459588307390   8.035805443581 
-1.806074374032   9.646337790934 
 0.805889619376   9.836314771132 
 6.353114172703  -7.559414446430 
-9.663963620629   2.495501087173 
-9.718988459607  -2.621511369106 
 9.935031202577  -1.951422888144 
-9.161303817071  -4.446255244507 
 8.334402415876   5.887875480596 
 10.232347332826  0.394702989211 
-8.997321106393   5.340106854488 
 7.881824560008  -6.885101464901 
-10.490036977214 -1.106304609782 
-0.791506192745  -10.567170699645
 5.029995536204  -9.347969353118 
 9.672787115890   4.406193239769 
 10.403356667871  2.226461649594 
-7.650075534265  -7.429216088550 
-5.116601019932  -9.377985487132 
-3.263835971725   10.176473501928
 3.834335847908   10.059760303245
 9.453918602338  -5.218922277654 
-10.826267656973  0.394383241666 
-8.817826098683  -6.350428831035 
-0.411827742771   10.864016472291
-7.978908019488   7.396129309970 
 2.198553375320   10.741755917569
-2.923451112329  -10.714365654825
-6.836073853244   8.819195257227 
 11.228332187450 -0.853368795708 
 10.953608463044 -3.459655094923 
 4.049875407470  -10.757184875472
-6.667770423175  -9.373053973504 
 1.861246392314  -11.365208400034
-11.450496489671  2.236242712983 
-4.815005230236   10.692679209447
-10.918612306136  4.323490588524 
-2.022955413644   11.584880771766
 7.564546440145  -9.024691887328 
-10.713434453097 -5.073887226382 
 6.005326694443   10.223484492359
 8.103312053652   8.723891220118 
 10.157801300692  6.212224183693 
-11.479039807281 -3.746374723993 
 12.025442478837  1.177162863815 
-6.350458804217   10.318621918544
-0.579311413949  -12.158132681419
-8.370375041887  -8.878167875377 
 10.445583161703 -6.466338539502 
-9.497471233747  -7.814887649681 
 4.361540260643   11.603328081605
-8.993297053294   8.589814366340 
 11.789893588258  3.968494987359 
-10.683199963857  6.581555988951 
 0.471075184782   12.673880771342
 9.747051562416   8.123877704694 
-12.728312077220  0.115035431342 
-12.558375875216 -2.104559674444 
-4.691305525275  -11.873456978979
 1.998676911136   12.610389298568
-10.969609231227 -6.616113935917 
 10.069798805778 -7.926808127314 
-4.131460241601   12.167580885761
-7.044517251085  -10.828030332186
 12.570010886687 -3.182711860321 
 6.096880981114  -11.455759236556
 1.269477356477  -12.951720358144
-12.442235298117  4.131241196552 
 13.147380744354 -0.842460567211 
-7.875461089599   10.648837199353
-1.100742368856   13.231724663239
-2.590084237125   13.038382687555
 3.010475801956  -13.130231645843
 12.178959661634 -5.824492585558 
-8.624943640998  -10.447346782734
 3.438444133984   13.158691084558
-2.633274784664  -13.405884813461
 8.076020570513  -11.094898403784
-13.672543294819  1.413464185386 
 5.366783159971   12.755799733351
 9.323774977769  -10.240211549806
 9.234750363882   10.334380890550
-13.155537085971 -4.417832034318 
-13.968954470986 -0.796062583754 
-12.468337106345  6.355627510343 
 7.655062559545   11.743052795939
-7.064194843812   12.157184806060
 5.134681688228  -13.141396359820
 13.919022996726  2.445016719359 
-12.462427940394 -6.764050920107 
 12.602276219361  6.590919657346 
-0.602547806518  -14.231766871812
 10.707415192079  9.534675061241 
-10.881635853816 -9.401905092886 
-10.333697402552  10.130717229548
 14.526724369515 -0.123044834837 
-4.558797040963  -13.824515403931
 0.747666189699   14.548338247785
-14.264405058607  2.980973337040 
 11.400039485469 -9.119582498177 
 2.113593633495  -14.452703740960
 11.922845305655  8.527507230448 
-11.551805469164  9.043495937334 
 13.741443769685 -5.272791567923 
-4.311692201318   14.124140044696
-2.652433151876   14.538927523377
 14.025235703829  4.772354226697 
 14.724341300256 -1.775542258300 
-6.640366122142  -13.313072701003
-13.690860186607 -5.880220416885 
-9.550435520594   11.464435402928
-10.096935668964 -10.987881727779
-1.132183492816   14.884795138828
-8.121380849077  -12.592037031127
-5.867208076973   13.796036593711
 7.258651311442  -13.171718021861
 12.604097100530 -8.221332655802 
 10.817410479483 -10.523528686370
-14.689163898419 -3.635878417860 
 9.250251525173  -12.053272421084
-12.892845670825  8.175153240159 
-14.621375601582  4.442547412061 
-15.181485172730 -1.932578795325 
 3.877209916447  -14.837338029527
-15.266886291735  1.816518725080 
 2.676786570745   15.219547980918
 7.341516485637   13.638220796057
-13.080218440349 -8.355724581616 
 5.989951609358   14.346832526446
-7.586817040812   13.628469152325
 6.051644288175  -14.390271614608
 13.990397432289 -6.930429164618 
 15.219410633198 -4.213351546354 
-0.048273596697  -15.871561027934
 15.765080680192  2.280397366878 
 10.646521494798  11.877690167863
 14.649501114944  6.321972369007 
-11.908320624050 -10.667459566694
 4.420861724745   15.368180777233
 9.113926397241   13.372195515434
-1.707852993616  -16.098235815656
-16.245128737356  0.397191233227 
-0.455418818961   16.249303458855
-14.923951333133  6.479357562903 
-3.908989440121  -15.855690047289
-15.272876143779 -5.872473121358 
-11.092857526938 -12.153483833280
-13.138765389556  9.924697487893 
 14.012103457740  8.656359837882 
-2.109481988710   16.369603875200
 14.133746327069 -8.565964187466 
 8.677680002475  -14.094322783095
-5.464683209564   15.640715385671
-5.808956249075  -15.525471185185
 16.620584711370  0.458750059980 
 12.857938228169 -10.570979267638
-9.560031992393  -13.628474407934
-14.438091892029  8.293253425571 
-16.615943294645 -1.446620084921 
-9.514908550372   13.712619149237
-12.190542693904  11.403289556198
 3.286474269277  -16.377412041716
 5.173670622226  -15.914300707977
 15.978201477696  5.061362401876 
-16.500454029756 -3.101062714014 
 1.652244640865  -16.764872421266
 15.576580323975 -6.641172785498 
 12.554952378544  11.430220352327
-10.988581721873  12.944979683648
-16.845867397287  2.399724667880 
-13.914368976262 -9.828123796135 
