-1.108623180383  -0.301520322789 
 1.022041666195   0.616016094632 
 0.813859311504  -1.114712854926 
-0.667615886859   2.191556984368 
-2.381384699138   0.623872484133 
-1.057463045521  -2.236169681202 
 0.483495725371  -2.731645111186 
 1.672680888748   2.237602576335 
 1.979860759550  -2.131281331120 
 3.034409149894   0.065269882357 
-2.683194039661  -1.474456806947 
 3.034676342913   1.565277126048 
-3.909465738660  -0.249608146206 
-2.458609351515   3.204759775194 
-0.584801032110   3.999025985277 
 3.854411495935  -1.250080031100 
 1.609431134942  -3.929714803356 
-3.258401926659  -3.018354437193 
 1.545849341611   4.306630062842 
 3.291677267452   3.181431150783 
-3.998041449472   2.418100996055 
-0.989498621818  -4.724160057543 
 3.520484506726  -3.584334826768 
 5.093940198742   0.409405084311 
-4.734871126643  -2.253099177328 
-5.371560319471  -0.876923368271 
 5.075604921650  -2.121786357208 
-2.484866500403   4.916849491660 
 5.061517758881   2.612333357182 
-0.866409258145   5.636000026611 
 1.472669625851  -5.574551320605 
-5.743205820260   1.102211496022 
 3.597945769849   4.766371502956 
 1.275007340448   5.911011739268 
-3.623891567917  -4.905819020003 
-4.133148338085   4.497446119177 
 3.301270515605  -5.291118787636 
 0.035030757059  -6.254900341840 
 4.867476813989  -4.325648000319 
-2.397738205478  -6.081354777519 
-5.117268145281  -4.183699329546 
 6.857514873264  -0.436224118935 
-5.616730994344   4.113270506539 
-7.067262128399  -0.913489357851 
 5.873352945383   4.039951676391 
-6.566385162594  -2.894147920790 
 0.379150568698   7.281644343036 
 6.956401997510   2.342581849788 
 6.866545525604  -2.694714826313 
-7.375457308782   1.243605165010 
-4.063012868331   6.362523362486 
-6.949606485771   2.967748795006 
-3.896108269551  -6.522661814304 
-2.470306739817   7.220148997752 
 5.068174569617   5.832961821715 
 3.404966823612   7.167332042740 
 7.924567687280   1.117507079223 
-2.050754783013  -7.846307954003 
-5.815319915848  -5.731708220894 
-1.075074643007   8.293163075543 
 5.118581326939  -6.623107867421 
 3.203513211914  -7.817550902928 
 1.259281634608  -8.419139381995 
-0.365597423227  -8.567423218066 
 6.616426216184  -5.822951990498 
-8.499985211255   2.336583497977 
 1.757202540077   8.656700690609 
-3.913456289543   7.956688346321 
 6.878668732818   5.643427332691 
-3.778399477807  -8.121927815764 
 8.903316860304  -1.448315243364 
-7.770548546334  -4.674625690291 
-9.087604149960  -0.847826996889 
 8.847032832298   2.521573688656 
-8.296751480004   4.017368594094 
 8.551075662895  -3.559003814514 
-6.750879646412   6.347707068610 
 6.114772775517   6.969926035356 
 3.295770575346   8.739182048749 
 9.365015270899   0.670707060689 
 0.227303732778   9.436744436839 
 8.542956642071   4.042074385190 
 8.016998973769  -5.016050791304 
-9.466697752628   0.858064662558 
-2.653524732036   9.173634696715 
-2.616836690530  -9.246118294784 
-6.315873959372  -7.251320310661 
-9.069381665862  -3.202328004930 
 5.038599198281   8.410805478810 
 6.046442847938  -7.846403066811 
-7.676960754348  -6.290077875100 
-1.246628390922  -9.861319666159 
 2.800222013794  -9.848949495452 
-1.308437204425   10.171608718467
 2.039713106047   10.138274964561
-10.047642437429  2.666756052715 
 0.997416250975  -10.383610383814
-6.003536344035   8.564035092719 
 10.450566015242 -1.008555014943 
-5.713059496697  -8.812153522866 
-4.035675757205  -9.776651066684 
 7.857820104647   7.080254437278 
-8.957290947561   5.813320120691 
-9.859132029796   4.268438411742 
 7.761206873738  -7.443559619016 
 6.775042722655   8.371450580748 
 10.479424765803  2.584720038192 
 10.132239428105 -3.762665710000 
-10.540402616504 -2.814565516783 
 10.091680110236  4.169804879069 
 5.251105311604  -9.687954073221 
-11.146279514343  0.407177615590 
 9.248103686971   6.436031759221 
 11.232974595180  0.964854670105 
 9.276660673079  -6.414660663033 
 0.728428445839   11.277863459599
-7.291089189018  -8.691725742135 
 5.510695398123   9.926989661704 
-8.466142147198   7.567203604097 
-4.952734806680   10.265910994065
-0.673320153527  -11.385982563634
 7.130606708002  -9.082041589672 
-10.117066173802 -5.723304389802 
-11.449698826242  2.033199609408 
 3.266100848672   11.211360432094
-2.630382702235   11.438535751948
-1.071603493755   11.761709587358
-10.995295775337 -4.385858811471 
 3.319219894458  -11.455526677881
-12.003819169047 -0.849588239184 
-9.687912778515  -7.212451612579 
 12.095199615638 -0.433417516823 
 8.684335286164   8.447263353795 
-11.629754735698  3.543240893558 
 11.935745968103 -2.359990510786 
-10.310886044916  6.557032801497 
 1.835598448020  -12.107573636541
 11.373654700721 -4.618131211398 
 7.564729852882   9.683262692111 
-2.230600784406  -12.089547633118
-7.867777298194   9.546973385862 
-6.283471046072  -10.689145518395
-4.434297574536  -11.601094308280
 11.550914817584  4.593924507211 
-4.233717968515   11.764857001436
-12.285817390296 -2.395874081023 
 12.498537955651  1.810434847302 
 8.700283976762  -9.217635210801 
 11.162538499594  6.058314848573 
 1.450369816881   12.668609252979
 9.840538017008  -8.209038253033 
-8.890468353396  -9.242872073220 
 5.970541995155  -11.407557905011
 6.293979402166   11.292689822584
-7.774738345139  -10.372137442302
-11.871610690581  5.416443768247 
-13.005841423487  1.116381534047 
 3.040815689664   12.739290242914
 10.735508181837  7.572816698409 
-11.232326183147 -6.867808473967 
-9.468778433659   9.263907944493 
-7.233546256746   11.105504280222
 11.241381642312 -7.116803966571 
 0.074900875836  -13.337124420635
-2.232166074078   13.240666242358
 4.009294699671  -12.828954142511
-12.546255391729 -4.969168509529 
 5.007889053678   12.536083299640
 8.115441777495  -10.819848735129
-5.697795680999   12.307140489617
 13.728371997529 -0.510090632934 
-13.214486069099  3.915349834355 
-6.088424209312  -12.381630970236
 13.668463300393 -2.131108760548 
 13.063393132517 -4.606923501519 
-13.754593015732 -1.679224452666 
-13.474445913493 -3.323355685032 
 13.610369784733  2.950934179427 
 2.317474799744  -13.733731236501
-11.911349168397  7.372506256703 
 13.977021251588  1.038943616580 
-4.497603652991   13.296941835104
 8.045849460118   11.693903698155
 0.505649675680   14.209405012434
 9.614633943931  -10.481418839534
 10.947651058777  9.177711457840 
-9.113048180898   11.057871092770
-4.877235373302  -13.496594233320
 12.380983274644  7.381214639553 
 6.717158232930   12.759877754074
-2.899107013697  -14.178765878865
-9.859701800969  -10.595682725101
-11.455151143808 -8.951294143007 
 9.888489259394   10.775848689859
-13.583993338843  5.478853070169 
 13.510151538273  5.685426637845 
 2.321348586025   14.544299948559
 13.239772776314 -6.512827409011 
-0.950751227489   14.724451272784
-14.471022090758  2.947211477905 
-0.636301564374  -14.832926089061
-14.859277162147 -0.474847607592 
 11.158186213497 -9.828499750908 
 5.229455038685  -13.979883146997
-14.074772564863 -4.973473591706 
-8.844630395334  -12.075152905593
-8.140875758071   12.581897161576
 8.391486626615  -12.435124162361
-10.622058591519  10.606675755935
-14.973196082264  1.278498342841 
 12.688196284146 -8.144853350034 
 14.767717229254 -3.409699866835 
-7.479866232569  -13.200346725807
-3.925979099998   14.724962339543
 6.739042980960  -13.694512044851
 3.792127954833  -14.825759858476
 2.062656000336  -15.281804722155
-15.138533394386 -3.102916475509 
-12.414744618752  9.227984138092 
-6.512552620953   14.099731908187
 14.794093591434  4.847272137168 
-13.809496334687 -7.198015421997 
 15.613590624377  0.256504575759 
 4.308640305459   15.072351269978
 14.610127942027 -5.712111933340 
 9.026848367098   12.836714540620
 13.020164039611  8.961219702472 
-14.267227169785  6.925094594303 
-9.740583057517   12.659688304051
-15.986987538428 -1.756625687767 
 7.083454212002   14.442799912514
 10.658832766784 -12.104255939833
-4.583559419206  -15.500656423724
 14.399676472088  7.358645104647 
 2.956713676771   15.933395400678
-2.535733988191   16.029192861349
 16.115483984608 -2.562478693036 
 10.993653479799  12.121607680438
-12.832700053729 -10.160205056885
-2.880873071218  -16.118616562342
 16.110014018436  2.984245986777 
-10.418771061324 -12.667185873193
-8.075067101594   14.303620029569
 16.492419923512  1.509160599592 
-12.375770913773  11.041600168954
-16.411965222575  2.478025545328 
-14.247596574502  8.714661771468 
-16.099537068056  4.476908611671 
 9.744004418279  -13.604696108882
 16.736320380763 -0.865192151517 
 6.144548492455   15.613766959226
-9.263049552224  -13.999554323965
-4.412835145036   16.205551627622
 15.014269742292 -7.570353267933 
-6.232438676793  -15.620433562977
 12.590211603194  11.282624613438
