-0.420734446541  -0.737051845385 
-0.799950373332   0.953509342447 
 0.775740620959   1.129680467682 
 1.526449546486  -0.899343543073 
-2.224648495993  -0.201134478612 
 2.716717282807   0.523162187280 
-0.693892730851   2.715692831378 
 1.503261907430  -2.417277316022 
-2.652711799440   1.476655734590 
-2.406163548961  -1.995869699129 
-1.076338088380  -3.092955185624 
 2.998526894051  -1.644155613652 
 1.894893226421   2.959229147275 
 0.457654886181  -3.697622810193 
-3.738990033481  -1.092217387523 
 3.448807585026   1.945805644160 
 4.164595183366  -0.450067012576 
-4.370812664301   0.899849058831 
-2.782484236986   3.639794874555 
-0.750630312636  -4.606857658240 
 0.166183306113   4.710476132326 
-3.708125566554  -2.929725819711 
 3.295990178074  -3.598369248193 
 2.286982084303   4.608472352475 
-2.846400372810  -4.343452391867 
-5.259739309606  -0.829106587507 
 0.937669147256  -5.318143238367 
 5.063424829732   1.981820270172 
-1.680116890371   5.230828716537 
 5.730498729142  -0.547028993895 
 4.891932553932  -3.198936024103 
 3.860296781245   4.550554953495 
-5.271169986982  -2.816864129540 
-5.029914166245   3.345851434265 
-3.962251206927   4.748862341071 
-5.943237473058   1.815182537544 
-4.524284878992  -4.310930968660 
-2.543914938860  -5.838980484254 
 0.783826315952   6.457874266163 
 3.695257221993  -5.379238434658 
 6.515233210917   0.815891766860 
-0.378736936960  -6.649445237748 
 2.324767084931   6.256299358363 
 2.214933920304  -6.411990420018 
-6.812641261178   0.360113380875 
-2.814742244447   6.265498263690 
 5.694661789371   4.159382586148 
 6.881027321431  -2.165467046748 
-7.125817308902  -1.124265975844 
-5.565684075114   4.982270391066 
 7.192387816889   2.274159845966 
 6.322648389507  -4.263928105840 
-4.432066842911   6.462131211463 
 1.366780508241  -7.733643952556 
 5.383717609956  -5.781256503131 
-1.679599412255  -7.728079789918 
-1.751543259751   7.724890954553 
-3.672012420501  -7.055988524330 
-0.261968914180   7.989979456904 
 4.925140770371   6.444855539093 
-7.670899992026  -2.824913969287 
 3.570542575671   7.459029234547 
-7.550177954654   3.400112472603 
-6.614023786559  -5.031784586894 
 8.448052506436  -0.621544557631 
-0.112267905879  -8.477499722810 
-8.433929960161   1.119007351831 
 7.649761481553   3.901670723804 
-3.307274113563   7.925243857420 
 4.792642050514  -7.343226939516 
 3.040291994932  -8.266968254949 
-5.193529901583  -7.224619890217 
-8.902051210712  -0.977116463388 
 8.376104756909  -3.344425125747 
 2.359043630445   8.742633577851 
 8.982303690221   1.184847999902 
 6.901201658029   5.898066682032 
 7.349964845100  -5.711040903278 
-5.682098818108   7.622738401415 
 9.301511903186  -2.124658706519 
-2.357352609440  -9.296356442140 
-4.394547937217  -8.542843392621 
 4.829815941580   8.485258545814 
-7.641662974719  -6.175454787223 
-2.198408847937   9.618858053361 
-0.214681756692   9.870124264682 
-8.521915610727   5.073967683848 
-9.960800765025   0.444994362288 
 0.374223562951  -9.970352194897 
-9.686706295817  -2.585112733396 
-9.186403719014  -4.159478731870 
-9.887100915075   2.639616191318 
 8.550563525452   5.624732694001 
 6.303546423379  -8.064914974627 
 9.648688174534   3.473419337723 
 9.056305459409  -4.853902000159 
 2.003093199094  -10.101970138049
 1.478387211838   10.200328859379
-7.547268029739   7.048080011211 
 5.023202949263  -9.043145245766 
 6.418326112806   8.212896372171 
 10.262455814432  2.004955062288 
 7.841936201861   7.099137691617 
-6.503958417938  -8.347968069030 
 10.796459579358  0.104739685730 
-1.168612966013  -10.771502832976
 4.193788243316   10.035161084828
-4.047292265337   10.189619192230
-6.474680211177   8.901893600608 
-7.918180184811  -7.734075552505 
-9.528906553844  -5.677080279818 
-10.086562055749  4.620128421529 
-5.507216510637  -9.690702189622 
-1.892180081293   11.161266719342
 4.495265915716  -10.453230696083
-0.302583804332   11.424051683919
-11.441999526719 -0.488144774982 
 10.554295673735 -4.533551890680 
-4.342287993638  -10.675591532978
-9.344480189432   6.789999464661 
-5.676312579147   10.172404122780
 11.541020339253 -1.972976178889 
 3.339319351286   11.319502129933
-11.488872310966  2.766874694209 
 0.484449081796  -11.850655471735
 8.406117807538  -8.452192744435 
 11.765461413443  2.273859818726 
-9.596158357648  -7.181034676702 
-11.414416777604 -3.787973575241 
 1.931739400082   11.870426597334
 10.426859148139 -6.045062013780 
 6.696384882259   10.029504611950
 9.540914394432  -7.431315200020 
-2.273662780204  -11.879287345808
 9.398340242282   7.705504907395 
 6.866003055267  -10.092921061383
 10.754871288616  5.922212276078 
 2.279944341058  -12.185066455110
-9.080238785716   8.523197172124 
-7.549710965495  -9.919865082375 
 12.463071366486 -0.305441557900 
-12.379025443436  1.557467608702 
 8.274233889345   9.352238078999 
-12.515685251069 -1.642659928191 
-4.879403883639   11.653924106092
 12.155647842047 -3.895050216339 
 4.343066301863  -12.020741164772
-11.609569726848 -5.438047578631 
-2.614432311968   12.591184660353
-12.065415095510  4.453436466494 
-8.005263156774   10.168437632242
 12.134963932934  4.616732468978 
-5.658695978208  -11.802196674894
 4.916967955515   12.158879135747
-9.871036885197  -8.675694296788 
-6.484884679535   11.627819470966
-11.792274978304  6.318327628107 
 13.357181390092  1.071230924478 
-1.275089901684   13.347037205310
 6.734801406223   11.638104395100
-11.535100945837 -6.978800280883 
 0.431277058214   13.493457604410
-11.124298923138  7.678554720378 
 2.203125046189   13.483896098867
 11.420745558533  7.547960533240 
 11.920779065369 -6.802079867925 
-3.811493478373  -13.200584551189
-0.281672606342  -13.853205359435
 2.107921260563  -13.727505506883
 8.382086539117   11.073996334392
 5.930556637327  -12.580003744856
 12.482335119177  6.254988770092 
 11.104434453700 -8.529946387542 
 13.926573397429 -1.664537498200 
-13.922489740588  1.974240302352 
 13.742157932432 -3.731103103232 
 3.897146623007   13.726603908555
-9.193193894270  -10.948606650876
 4.578163517555  -13.546189812447
-13.720532179216  4.081687297772 
 8.555014965523  -11.477607983199
 13.836076304560  3.744699245829 
-7.289331128140  -12.409454217498
-12.979424286764 -6.253376694775 
 10.005552616671  10.386473187145
 13.169606390689 -5.890354081511 
 10.143861141310 -10.267280045925
-13.951566102082 -3.705558611868 
-2.606892404789  -14.228077622919
-14.478104916185 -0.045613191552 
-11.393639857866  9.215791176675 
 7.572436033508  -12.734956973855
-3.789676751297   14.333068781443
-11.806418049233 -9.042850300709 
-5.242239612643   13.949191586192
 14.845609776518  1.490410936284 
-10.349327810050  10.828621424986
 11.926560644965  9.269492950089 
-14.999778333380 -2.067242332273 
 15.131957915113 -0.722222037927 
-7.001743348586   13.459423060037
 6.880940321790   13.549027660616
-12.948354554670  8.061009079847 
-2.378200690758   15.068574680072
-14.318076115730 -5.355597255012 
-5.404407888879  -14.344042744625
 2.857923929409  -15.093155857321
-11.074477326314 -10.647965987510
-9.355603631386   12.293829010378
 14.569654873451 -5.212795420932 
 8.334576611099   13.038673530161
-13.151677240984 -8.275667789196 
 14.237584284270  6.301246429364 
 0.030354204525   15.608584388048
-15.507968924408  1.880282376734 
-14.306601269278  6.357213376181 
 3.415667546747   15.382929021043
 12.955743834301 -8.996995453593 
 1.593149864523   15.733308286444
-2.014582442218  -15.690013416045
-8.919931296295  -13.128647202897
 15.499100386105  3.511040085013 
 15.503832215571 -3.509124155226 
-15.211223850998  4.702633915723 
 11.182697510276 -11.383315483916
 13.814960793366  8.074212452252 
 15.208258866740  5.041820262251 
 7.303824632921  -14.302776836750
 9.784525292940  -12.803698940291
-12.926065660923  9.639273614686 
 5.011407747400   15.329128331680
 0.502862967305  -16.239945211798
 5.943367462062  -15.145593751438
-4.524229935298   15.658733040388
 14.192556113797 -8.085488492597 
 12.523667237705 -10.495965784759
-8.544868135467   14.095884246082
-6.342136493806   15.282747373899
 12.771431563602  10.522104220376
 15.175910694116 -6.606157682852 
 10.493039477619  12.872159726277
-16.225842393309  3.547793298147 
-16.292575391525 -3.271756113513 
 16.638137418050 -0.274466791620 
 16.625197333065  1.355986323723 
 6.991284350407   15.221457486378
 16.597773456196 -2.303924032464 
-16.732562397870 -0.993761860139 
-13.425557715333 -10.042906608228
 11.883808920034  11.853455693322
-7.767024003630  -14.885359289847
-16.776006700182  0.730869652784 
-12.519226765535  11.328695739802
-4.017423389339  -16.409249823930
-10.577413802293 -13.241243142008
-15.808790751919 -6.418317178388 
