 0.065032103754   0.183997632918 
-0.173496850129  -1.375247499301 
 1.573753346427   0.693396746257 
-0.575848282238   1.714357508275 
 1.846374621229  -1.753343122110 
-2.530804802973  -0.451718597159 
-1.849590477733  -1.987595285256 
-2.317769011317   1.799036919392 
-0.559840779859  -2.922912652510 
 0.263196712209   3.114162993369 
-1.359372401986   3.090967957379 
 3.417890893871   0.522312415471 
 2.402957717948   2.685325176799 
 1.389494353257  -3.953022598497 
 4.227403976018  -0.842067799496 
-2.880266541892  -3.326688666486 
-4.427113886114   0.399421852102 
-0.833444302796  -4.457486115347 
 3.701617639938  -2.646256570694 
-1.132537357933   4.628172311968 
-4.304372010315  -2.151474610789 
-4.327846738901   2.190034060045 
 0.702787210350   4.818368304100 
 2.383634308066   4.324225462941 
-3.420768571296   3.856879724954 
 4.048760858246   3.207589270218 
 4.919850773902   1.865783388674 
 5.326492284055   0.286854991688 
 2.857112955208  -4.959247995613 
 0.862912646511  -5.659400044160 
 5.704378830680  -1.173618885547 
-6.048617885490  -0.234893127099 
-1.286913549998  -5.918380199306 
-3.012179893688  -5.328056516616 
 4.718143582155  -4.166501451553 
 1.267746881947   6.271719447880 
 4.468956260346   4.701618624551 
-6.017777212121  -2.468323808811 
 2.761955495849   5.989754697958 
 5.932850630840  -3.009553252622 
-5.658224334224   3.879289329314 
 6.939847965693   0.577830462040 
-5.512781919583  -4.288939657218 
-3.553424963110   6.132136519312 
 4.297957385997  -5.644455300856 
-4.592524088105  -5.526570003538 
-1.082743641881   7.137869746163 
-7.053497876881   1.817885260164 
-7.212133098299  -1.492747033747 
 6.338774969786   3.858809004835 
-2.444330146371  -7.070534592027 
 0.843318524000  -7.573172723046 
 0.472501352641   7.672441068022 
 7.501404118499   1.990744787936 
 2.911120881633  -7.268012332504 
-8.004467855137   0.376843494526 
-7.061496634298  -3.861805423693 
 8.151808139352  -0.416051254310 
 5.561755310849   5.980178308840 
-6.124401799746   5.491307080379 
-0.784584285638  -8.239296292177 
 3.389163350599   7.655965570106 
 6.601276144144  -5.456211306068 
-7.414535472989   4.419205366995 
-4.020846633985   7.690083586502 
 8.446604869270  -2.143199269472 
-6.507714632222  -5.858638197537 
-5.222837878952  -7.063318156158 
-3.731765889896  -7.991924870033 
-5.465398959467   7.040494632503 
 5.341659648347  -7.135126599989 
-0.713739073512   8.946941661932 
-2.613460952875   8.595043803643 
-8.835401874207   1.628746184694 
 7.839734430513   4.453113776600 
-9.008256676428  -2.091843132721 
 8.225432728417  -4.325475323721 
-2.532306246348  -8.997197918792 
 3.559388330069  -8.720669223361 
 1.036605936674  -9.465160471051 
-8.100223689814  -5.340754557818 
 6.506052006045   7.228611965719 
 3.108329768434   9.240291004869 
 9.652943271766   1.398797154301 
 1.059816469656   9.775022200016 
-9.159190811442   3.606968855784 
 9.874329232160  -0.593066875251 
 6.986111360035  -7.102582344638 
 4.729908211609   8.795326639833 
-10.024159806528  0.310580311348 
-1.445456138842  -10.066203474677
 9.804036661285   3.158186852282 
-4.332275842570  -9.462755226935 
-9.612709271041  -4.002454598683 
-7.429614520064   7.316458633106 
 10.228694163421 -2.363528918607 
-5.462873753718   8.988291465729 
-6.761329399384  -8.073739182026 
 9.321910882830   5.417165083442 
-8.872654948979   6.256364817236 
 2.857272916584  -10.481628738749
-10.579763520245 -2.508876471179 
-3.104339984574   10.471368627611
 11.020621436397  0.468920882051 
 5.076864463154  -9.797180821777 
-8.344043512051  -7.242519835733 
 8.645383792418   6.881050379404 
-10.608829724443  3.115386344862 
 6.159597315433   9.282952421392 
-9.736448184246  -5.555400048537 
 8.999296662369  -6.717564297883 
 10.506046684697 -4.003231650300 
-2.612207860414  -11.020841019589
 3.911705247447   10.674037497825
-10.218736709141  5.076847026767 
 11.261077434740  2.258771711097 
-0.502712687185   11.543924391270
 6.565948047505  -9.540004975213 
 2.389736739410   11.381933379970
 0.317768437817  -11.672686474216
 7.899856942992  -8.621665876606 
 10.231103040987 -5.679343217959 
-11.630234549693 -1.301841874818 
-2.004814538711   11.533429906074
 8.248475192435   8.346797294522 
-11.834239595339  0.204615206996 
-4.782012676236   10.856939410542
-5.001177263127  -10.960710970876
-11.901749509554  2.202421349091 
-6.464622393786   10.263071928294
 11.958620956099 -2.145745246078 
 2.279693495446  -11.939583572130
 11.427668207271  4.294019581201 
 10.832558297059  5.711242109806 
-11.327321055230 -4.755531050351 
-9.925597075334  -7.290984884320 
 1.097452192355   12.284787690649
-10.166560753024  7.084928769346 
-7.195103540140  -10.124588633129
-8.775361333527   8.801442907827 
-8.534755501088  -9.115424674394 
 7.598602301643   9.937603382662 
-12.178720748510 -2.859099784037 
 5.259818690070   11.385381612910
 12.646820320483 -0.748627253485 
-3.873178615479  -12.064241897275
-1.367354290622  -12.600506574129
 10.459794257593  7.362887832777 
 11.980560009822 -4.608882355426 
 6.527250198704  -11.081222277630
 10.503708920775 -7.603618731971 
-1.445800140857   12.976832016752
 9.464567373226  -9.079615192341 
 3.143106452858   12.750047899977
 0.698289285046  -13.199296432266
 13.209864613989  1.068037857805 
 6.888898007198   11.330535650790
-12.849250148232  3.436619723910 
-12.337274886759  4.980743098277 
-10.004275003512 -8.791437801905 
 4.053558874593  -12.701915869545
-6.255613478579   11.785201338129
 9.146769115682   9.749808614641 
-2.842228121078  -13.164805049075
 12.008011854870 -6.158610611043 
-3.962976060528   12.932623899708
-6.556376435324  -11.833238997605
 5.555557852435  -12.348807578050
-12.076674449061 -6.157295436391 
-11.741583370333  6.839003188890 
 13.109194489743 -3.590635743470 
 12.956041870191  4.329113543650 
-10.778726463470  8.474221594826 
 12.512010902651  5.789238545329 
 13.617451922605  2.945605390122 
-13.784403256200  2.083521236675 
-13.965525031944 -0.303885942497 
 5.070801870446   13.033840433864
-13.803077439326 -2.413831651580 
 8.391226520067  -11.320888327216
-8.465534071021  -11.273725890452
 2.199582274608   14.055587403997
-1.103931458360  -14.186475414817
 14.228957864115 -0.654536481193 
 14.109954171576 -2.287863356771 
-12.015756653437 -7.850501135971 
-8.949465569299   11.247892444531
 11.633894300453  8.504806553868 
 7.262194838689  -12.460937880456
 0.251883728266   14.421368819244
 10.690514791502  9.741789538307 
-10.456899363288  10.086096693015
 9.159773679782   11.346839158825
 12.630797295906  7.299085763403 
-13.862756471255 -4.839779324069 
 3.393382368838  -14.327274318725
 14.616301373375  1.776825814649 
 11.888129048902 -8.850933049880 
 7.313571218545   12.968800640944
-10.646172100081 -10.434668357514
 13.809219884443 -5.733740707323 
-6.324703284068  -13.589547467158
-1.250272414611   15.029356658830
-6.849016434650   13.443551380839
 14.598633040927 -3.978440806093 
-12.351237554603  8.771467894190 
 1.598684187867  -15.088709364973
-4.211627200013  -14.599782218096
 14.431175302697  4.948544317246 
-7.937898567818  -13.030674516033
 13.156661431880 -7.773228220715 
 0.008321164348  -15.341195422704
 13.962359848931  6.452382104639 
-13.403063707817  7.554712879463 
-14.110817845051  6.195517212695 
-3.641753242298   14.980246577226
-14.918463005852  3.977536719965 
 15.444241839507  0.281299970003 
 3.438876826611   15.060797132195
 6.527958798572  -14.015023713476
-12.169048286540 -9.597152361074 
-5.671888940584   14.453476810002
-9.959634861998  -11.922304416383
-15.580961740405 -1.588799676737 
 5.988347825036   14.485602341390
 10.880372096172 -11.333458285281
-8.589838695492   13.165320541222
 15.299638395258  3.719747486999 
 5.098075840336  -14.941315769783
 9.313304313830  -12.762997528340
-13.587232158768 -8.127703181676 
-1.719920586041  -15.884446800085
-10.330112590186  12.230739093065
-12.036537557428  10.608080949904
 12.214580968214  10.429308751380
 10.650164251176  12.131334661856
-15.655947908779 -4.004866242942 
-15.007734333356 -6.017928945343 
-5.810311212976  -15.100587352436
 3.739419490050  -15.805436901854
-16.302765218896  1.307020968835 
 8.121295212459  -14.250357685662
 15.353883197672 -5.794512820401 
-9.590126622704  -13.390122534250
 16.349065844469  2.024491013766 
-0.669961149651   16.498724771260
 13.483440905822  9.550712105395 
 16.390888159056 -2.309955267650 
 12.595975718188 -10.778744548764
 2.020205786801   16.614394123770
-8.433961627704  -14.465924591299
 2.033611922966  -16.625760888765
 14.800587619173  7.938002390844 
 9.923917308620   13.635066409093
-16.863472612487 -0.456098733105 
-2.292325704469   16.746258886390
