 0.048068767808   0.808268094621 
 0.070311335265  -1.012627164410 
 1.687768760693   0.578263939139 
-1.769204699400   1.044930638938 
-1.728885619250  -1.324751510051 
 1.751944788942  -1.550907963924 
 0.472219111219   2.337680504201 
 0.670737910106  -2.757599949148 
-1.234547832741  -2.763635498502 
-1.834143321005   2.567510026458 
-3.472905902942  -0.221589333958 
 3.459908001173  -0.713360279538 
 2.208435977917   2.965276072917 
 3.316653665811   1.701771291479 
-3.053684607802  -2.288898480707 
 0.355638569215   4.049139213056 
-4.016068991970   1.312262919089 
 1.811392733795  -3.885969080353 
 4.061851824441  -2.105678047024 
 4.764655438949   0.578436097156 
-3.843942169318   2.996122413178 
-1.024111896759  -4.862894049913 
 3.840527562980   3.252859889416 
-5.128002777843   0.081661854476 
-3.510766818312  -4.000122973269 
-4.973208245417  -1.977788087773 
-1.296786987138   5.331129182747 
 2.879999488633   4.680747459285 
 3.663946670722  -4.217967269919 
-2.807634624953   4.937489488675 
 1.411416217060   5.630951911749 
 5.599759333636  -1.565072614503 
 5.327079742319   2.795861024683 
 5.047636856869  -3.326855529504 
-5.377288369612   2.994849852751 
 0.868814230163  -6.159008767876 
-0.076748467401   6.421068594100 
-6.551667970506  -0.456267004206 
-4.314721776963   5.003126088113 
-5.267306766646  -4.010575354374 
-2.084926057864  -6.351272485166 
 2.740633911058  -6.105867069967 
-4.114377721338  -5.481802638095 
-6.705105138678   1.529784377154 
 6.702279119287   1.740544138983 
 4.038722736747   5.679839153922 
-6.786967964533  -1.950799041410 
 7.055533726895  -0.499252722548 
 6.687572041991  -2.707289249645 
 5.832719703390   4.273733246985 
 1.258725821474   7.203199654008 
-1.975616402332   7.220250943189 
-3.665264991289   6.653293061279 
 5.915568953093  -4.777801665113 
-6.352805878478   4.637047468444 
 3.177958324947   7.237477558845 
 1.478798633015  -7.806324770982 
-7.353769685075   3.362723818363 
-1.014893072663  -8.037422651120 
-8.120209045680   0.522258349058 
 5.207073587046  -6.284981179005 
-5.314563854569   6.195888514142 
 3.053290736106  -7.593741843671 
 5.671794104887   5.903280057518 
 8.147636432510   0.844515196195 
 7.851423288616   2.737016460892 
-7.498249854741  -3.701824398802 
-8.318001586785  -2.199531571800 
 7.455883698849  -4.663215059621 
 4.962751055398   7.261838271695 
-6.155959011554  -6.410270321388 
-4.057165826896  -7.996714121643 
 0.687113425628   8.995187878637 
 9.019190278225  -1.127829765242 
 7.205066826297   5.574483473826 
-2.663110274918  -8.897848545531 
 2.249096421277   9.070628269352 
 8.746578773897  -3.373347326290 
 6.681301785697  -6.800701157852 
-0.740587778215   9.619151294918 
 8.807697236158   3.956947250722 
-0.532182927641  -9.657887879936 
-9.689976227801   0.462967771262 
-9.665648815497  -1.146409209053 
-7.674981263696   6.026298733466 
 9.566368610841   1.945210016999 
-2.775686363957   9.419056058663 
-8.516889846192  -5.010229920837 
-5.790404464120  -8.020157215011 
-4.277117452850   8.938103567199 
-9.586633474195  -3.036724161331 
-9.652680929824   2.824765717717 
 8.151811470995  -6.131193403131 
 7.164897865165   7.299814011387 
 5.010238854257  -8.987243653612 
 3.381755139427  -9.815277209444 
-5.752832658781   8.665301918567 
 5.567141226071   8.805841021255 
-9.544259273541   4.426414428100 
-8.245176645638  -6.657977302756 
 10.601954611451 -0.143581074407 
 10.248837386908 -2.888958864547 
 1.955452661089  -10.504651234998
-2.042745139029  -10.490156125848
 9.317519583091   5.446327692086 
-7.420481621072  -7.941466289297 
 10.397521807199  3.234726481026 
-7.629947883904   7.786515020208 
-1.774930167564   10.798156084786
-4.885324598876  -9.839187173840 
 1.072250964065   10.953543382365
 10.054751744088 -4.549580960506 
-11.058000294402 -0.241228210196 
 7.173099692393  -8.511553521898 
 0.429860204502  -11.128737500832
-10.087551186486 -4.822261298675 
 4.752468802787   10.149937531576
 8.973218405232   7.264405704476 
 11.425802396366 -1.948873727258 
-11.301646388141 -2.624283019519 
-1.033932005657  -11.624848857334
-5.445307823438   10.414565989079
-3.321459871925  -11.286159949894
 5.420456477338  -10.474168608481
-10.256205449408  5.881259619489 
 3.654167606752  -11.314390344590
 2.604549979801   11.640696726147
-11.915837917957  1.412764743084 
-11.112454064288  4.607869044131 
 11.154311682069  4.546934916227 
-10.189220056697 -6.490669041907 
 8.293159636412   8.824893621938 
-6.897068937114  -10.012580254229
 11.589639003484 -3.915610341260 
 9.630827360680  -7.561529598869 
-4.266107508559   11.508253481316
-0.093807259621   12.301863728257
 12.294929296649  1.259656063695 
 12.007131501462  3.133200427626 
-9.474313850733  -8.057543321999 
 10.444745922998  6.807058802629 
 2.417158485563  -12.303947121764
-12.532296614458 -0.640910271816 
-10.119937345054  7.503375813854 
-12.158027252655  3.508767928692 
 8.232067280395  -9.658865486221 
-8.411997620549  -9.548179101498 
 0.960451134086  -12.694767243163
-1.968803796028   12.619502410423
-8.556115393042   9.497291691150 
 6.958863779682  -10.737240573926
 6.806060987416   10.896821812974
 11.075656475510 -6.549957760328 
 12.974018664394 -1.576895393225 
-11.917733208493 -5.432562789757 
 5.335045144703   11.997670185895
-13.023053175435 -2.260768556663 
-2.205916346899  -13.160151862067
-7.744065557638   10.885734840674
 11.861932804742  6.290264854071 
-5.227573720588  -12.390979828890
 9.888040443743   9.168384162948 
 13.511787702596 -0.113881590904 
 4.752585899678  -12.750943100466
-6.008430530896   12.216175948787
 13.421689796431  2.305454866147 
-12.034808198731  6.414730485617 
 12.464960012895 -5.726303436756 
-4.026363530990   13.185457074519
 4.134457867452   13.162919372789
-6.879507036315  -11.973175927315
 13.314806549960 -3.755408395802 
-13.322150924774 -3.840693883715 
 9.786916334184  -9.894842669374 
 2.385665646880   13.746152628792
 0.732804015909   14.003892298752
-10.559503165370 -9.254158613679 
 13.500181728513  3.861907520392 
-11.970943885687 -7.389179106938 
 0.352227067781  -14.087736446601
-8.830376592132  -11.008414548897
-0.778251373820   14.092139151606
 1.858953532132  -14.045337676254
-10.334091524520  9.736379771051 
 11.471549559026 -8.503059577096 
 8.506235711894  -11.481774241946
-2.419412662668   14.102831696825
-14.265211656500  1.590895946325 
 11.451807236021  8.713267819839 
-14.060620267617  3.113876399328 
-13.675277769558  4.571137244930 
 3.484529223823  -14.043000629987
 6.400447565892  -12.976680202371
 14.544112441221 -1.538716455342 
-11.856844571343  8.731331143785 
-14.737718319489 -0.075738775681 
 14.701853685297  1.273997443552 
-3.927529319502  -14.327659616457
 9.555874227331   11.426853311615
 13.462276198155  6.389829962881 
-2.209459922307  -14.759923656586
-14.653095919520 -2.990831625170 
 6.754117450348   13.357732221263
-13.658992795959 -6.219791290960 
-10.464053721858 -10.870071670903
 14.130054436648 -5.338727740838 
 8.223177690111   12.673365420114
-7.944666166415   12.944446123613
 14.917281974682  3.009064735485 
 3.974402648948   14.726407209778
 15.272266816226 -0.207698505272 
-6.441798886261   13.860594357447
-3.964866688271   14.809499671861
-8.915855324003  -12.554623883947
 15.092743286719 -3.074363394916 
-0.824872463455  -15.464502092893
-13.502402062510  7.621233213369 
 13.754909155375 -7.156246599142 
-7.481258043191  -13.618138086744
 1.956534258282   15.423174550457
 13.191019920737  8.235095463107 
 14.761306790693  4.936747853432 
 9.913082413024  -12.017829058978
 5.674178477188  -14.580178641357
-1.883537199211   15.571835212030
 8.492258849866  -13.210104507312
-10.165818939647  12.126028683117
-5.420543344134  -14.873742530480
 1.282986147495  -15.783432568358
-12.070163768370 -10.268053772144
-13.575858820884 -8.203447422518 
-15.785877614358 -1.558116176767 
 12.388104582840 -10.127126684657
 7.195737112888  -14.311897233366
-16.040313355982  0.945160492543 
 5.584911090201   15.096490813536
 2.803354365159  -15.858840035902
-15.465939285627 -4.556587781909 
-12.302753282534  10.547543528273
-15.948444497596  2.887105507667 
 13.552231611673 -8.927984240722 
 4.450172104883  -15.700917890750
-15.634762775424  4.704414313073 
 12.224506008729  10.868933233222
-0.406617454385   16.358865935708
-5.594715019837   15.395824523276
-14.876121577011  6.860870245903 
 16.372230892757  0.885829474606 
-10.660546740638 -12.491338175811
 15.854917440134 -4.396058612089 
 3.466915689392   16.154820773533
-9.265830164138   13.688344608978
-4.324225869172  -16.025204143011
-3.203755751764   16.325439229000
 10.369354868048  13.081469951954
-15.504854130998 -6.370928386792 
