-0.086183119905   0.087916942930 
 1.726311701944  -0.795580969268 
-0.936187902834  -1.717965485354 
 2.222680049463   0.814526711316 
 0.176617799632   2.607468799044 
 1.340232257914  -2.250576976239 
-2.625901083003   0.714879658304 
-1.649473723811   2.245954510010 
 1.902912895967   2.304045469960 
 3.363032845341  -1.180310413656 
-3.166438981377  -1.900368172867 
 1.248301904068   3.803671127582 
 3.839663378504   1.216129380453 
 3.141059637381  -2.675199633083 
 0.523127049263  -4.133404689801 
-2.901042093491   3.168952708549 
-4.292136785572  -0.203592602059 
-1.294595651119  -4.153127510646 
 2.153803938819  -4.057237490420 
 3.323355510006   3.338817045275 
-3.264405344798  -3.645054320435 
-0.530806755301   4.970620008497 
-4.836308430264   2.079345705573 
 5.406300689639   0.389782544777 
-4.839782737951  -2.551429741575 
-2.832911506596   4.759472393535 
 4.750255144430  -3.093266983490 
 5.310100890426   2.160077601126 
-5.732603444648  -0.714389377738 
-1.011276858977  -5.688938037530 
 1.211264263183   5.975898618199 
-6.118434386251   0.756447346549 
 3.258020632461   5.317871385691 
 1.338646674755  -6.092815205168 
 3.803220165783  -4.974967186328 
 6.149909834787  -1.591075912914 
-2.946853062616  -5.793559067348 
-4.825688895430   4.484463883275 
-4.841926709169  -4.716252228780 
 4.725088328750   4.918236474799 
-0.170321740751  -7.071932385812 
-2.912038238317   6.459941471864 
 6.094546497686   3.781984261893 
-6.649113610796  -3.207772539250 
-1.425542355889   7.382265827010 
-6.518293396305   3.793400164991 
 3.074584945983  -6.977060200763 
 7.642341594477   1.361202317169 
 7.266598105389  -2.840687638742 
 2.093197553933   7.529134643678 
 5.851685590377  -5.312733877585 
 7.882457092816  -0.617143605966 
-7.731675206332   1.909227269841 
-2.480690803876  -7.582265332492 
-7.787057850059  -1.771436630872 
-0.008688635835   8.029987741593 
-4.514016552092   6.642928480861 
-8.049790443536   0.037277378813 
-4.034410128814  -6.999701383500 
-6.494258401726  -4.902496529751 
 1.043158984915  -8.108514999006 
-5.467809483669  -6.426063083439 
 5.249259680479  -6.811141077961 
 4.199746226847   7.572693110080 
-1.333871062544  -8.586955781116 
 7.041648389052   5.442581653295 
 5.998167111651   6.615778310859 
 8.579245828936   2.675560349994 
-6.870640157715   5.863983832524 
 8.050744598812   4.134917096272 
 8.746397202148  -2.416000534996 
-8.100016316626   4.335508844799 
 8.206956571965  -4.229366443067 
-4.308618903905   8.170804036729 
-1.124765280934   9.321230703318 
 2.311898263487   9.193317780947 
 9.481820448123  -0.114234919231 
 6.843399199277  -6.565379697659 
-2.635789021724   9.136075276020 
-3.842346249980  -8.841267210133 
-8.731715307293  -4.105015146482 
-9.335118299917  -2.645860951340 
 4.258009975823  -8.760690379773 
-7.137670241224  -6.691523490729 
 9.736553820996   1.447680929288 
-9.846048213853  -0.502562174489 
 3.861497707417   9.099198054569 
 2.974634143878  -9.590059550430 
 0.620386902101  -10.030279612909
-8.393382583080  -5.578258833744 
 8.276714006670  -5.949227757028 
 8.592288217603   5.635036431064 
-6.483834333270  -8.104468238271 
-7.191058554233   7.544626177828 
-8.362912702347   6.251550988235 
 0.043684097895   10.460575311501
-10.137311004650  2.728122618010 
 7.898720090519   7.129407664188 
 10.335556744307 -2.600539260610 
-10.694031142672  0.765586965760 
-5.908794176540   8.973767232054 
-1.250662804318  -10.678071447170
 10.302979798942  3.282677393403 
-9.563121438938   5.071816112292 
 9.987927624094  -4.341797724327 
 6.871118504729   8.485493765801 
 9.948927783837   4.837724998600 
 11.119026073121 -0.016409667773 
 7.220574990977  -8.456494378904 
 5.488128773652  -9.679792383136 
-4.863866095670   10.138264813827
 1.977539502163  -11.087456070783
-5.049915650504  -10.082167204537
-10.943072331919 -2.784232232924 
 11.130985882934  2.008805513586 
 2.346462848006   11.064896147498
 4.190799593012  -10.523955099879
-3.676333868142  -10.753725492181
-11.477247311156 -1.356814204006 
-10.610636926411 -4.639815171652 
 6.030725657773   9.905381629406 
 11.526943560713 -1.510750318438 
-10.933427502971  4.117179462290 
 0.576489027851  -11.674432876322
 8.935230105917  -7.585315502903 
-9.786748960381  -6.461990735527 
-11.622475788852  2.082362922040 
-2.363068962907   11.595322128762
-8.914460627805   7.798252777127 
 10.345077989335 -5.848361182895 
 3.990588211685   11.195542167588
 10.047299534121  6.410124633882 
-7.365390238001  -9.372747835777 
-8.984278596678  -7.871837130438 
 0.774359794868   12.162759656866
 8.656445551369   8.675805956318 
-10.930887265214  5.703222958976 
-6.731635750601   10.351155612662
 11.826609983396  3.966668718332 
 7.693299400101   9.830484568595 
-1.976934052969  -12.378950910767
-4.089424077637   11.994720906956
-12.296941088967  3.474351243831 
-8.508164627921   9.691409890077 
-6.365570416198  -11.226197600390
-3.491397734981  -12.439179223496
-12.143578507215 -4.419696504433 
-12.958919389456 -0.224409554241 
-12.947244276986  1.282131520522 
 12.391265238301 -4.024345330301 
 12.822127177420  2.334085064376 
-10.623496080011  7.740497413492 
-11.712560465773 -6.006024394198 
 8.397356945168  -10.136663588624
 10.262073245148  8.243747525093 
-1.091313040650   13.136237283375
 6.447363386309  -11.543190323321
 11.882289388504  5.823673319207 
-12.891715621923 -3.112724698491 
 11.247908291499 -7.173916484480 
 1.549040825830  -13.285860084408
 13.125226819076 -2.586193544976 
 9.930002390908  -9.123016189283 
 5.138551828430  -12.472114662581
-10.068615486494 -8.995347339571 
 3.652215180712  -13.062466989735
 5.434058466129   12.539933999172
 1.548802130579   13.585477457473
-8.021550091380  -11.095553343557
 13.726092537292  0.434867773949 
 3.684200196113   13.284684803097
 9.769402011790   9.751995533089 
-3.512294808570   13.426342900763
 13.900680967387 -1.282629580400 
-5.602862462833   12.819533166472
-0.444860521106  -13.984549851978
-4.858416456818  -13.155330814991
 12.668967771554 -6.104738193328 
-10.569359172669  9.280161038563 
-7.263980816195   12.059053070939
 13.458518487491  4.222901755511 
 8.230463216121   11.563646334981
-1.947771695815  -14.142010558316
-12.166341652318 -7.468029044628 
 7.047946412362   12.498301537957
-8.651261418342   11.453568631653
-13.459010848244  5.216193062323 
 13.607479401833 -4.905498277733 
-13.277254032124 -5.740620186048 
-12.543926971698  7.266906304158 
-14.441925123695 -1.636168361427 
-7.170790882672  -12.744674601903
 11.491138086588 -9.059731545593 
-14.010148257044 -4.424326608493 
 8.114632280271  -12.270857880217
-12.038921435673  8.752599701575 
 14.853599339975  1.670193319733 
 10.520418865307 -10.666551719053
-2.206512193472   14.821350656528
 2.364051513169  -14.828823723222
 6.080471733118  -13.742716534070
-10.864062675617 -10.437720847962
 12.224557792634  8.811731244321 
 10.027777187775  11.248864353058
-0.438163271310   15.067337014870
 12.954486912788 -7.745110721478 
-3.348236704391  -14.810259999199
 13.474137125148  7.089564045435 
-15.161092750886  1.780423663844 
 5.329105294870   14.364906595390
-10.390200785376  11.333733331925
-15.385411944638 -0.231237070974 
 14.388133326278  5.559434807248 
 15.260938226609 -2.367095165241 
-15.049864563526  3.796808344993 
 4.920745148353  -14.727822196786
-11.606270163927  10.389551533201
-5.057608607651  -14.775950396904
-6.489541183187  -14.251368060025
-9.915440614648  -12.205183310969
-1.344278203391  -15.700608182664
 14.670533620003 -5.969885238383 
 0.860857991389   15.821131285265
 15.389913530276 -3.949183971090 
-13.066606930224 -9.132794047067 
 12.140613443988  10.412863237773
-15.631968561370 -3.473658788761 
 9.647943351677   12.791377767324
 0.790164841472  -16.029064420160
-13.811952821854  8.271543455453 
-4.621102306631   15.456192204914
 15.826515902168  3.149532338673 
 13.254138499825 -9.267812427916 
 3.598162310076  -15.771082302187
 2.879948062106   16.003611209614
 16.285466477599 -0.177121507822 
-9.040288267349  -13.636854993378
-3.213982861646   16.048239678729
-6.413163065571   15.101860459853
-13.091203144570  9.900963011416 
-1.742148269307   16.347864484032
 8.292414087131   14.206127457143
-15.573048917221  5.349727940490 
-15.645113934502 -5.235735458617 
-9.540728230795   13.519742496823
-8.038736494144   14.526732750183
 10.752851745703 -12.681302610396
 13.798262298488  9.396581418787 
-14.905921815344 -7.540717440733 
 14.690070187447  8.077239239492 
 12.495454270160 -11.266255900874
-12.045849531876 -11.792462719211
 7.107657892953  -15.293828231490
 11.644684018830  12.263231913743
-15.283731239153  7.299002604277 
-11.181403413859  12.797988460862
