 0.108332181496   0.612408531625 
 0.624053570665  -0.831356980842 
-1.270076709100  -0.080186870571 
 1.648304682943   0.688217392254 
-0.939159695812  -1.798341620116 
 0.701389465022   2.062913219556 
 2.235597446504  -0.820957822222 
 0.569367791129  -2.384883022757 
-1.624133388485   2.343933884507 
-3.473355717852   0.877500282738 
-0.553364119256  -3.565246615947 
-2.166707659064  -3.064056697428 
 3.428232219294   1.565538459625 
-3.630722016785  -1.457957419470 
 0.881735738709   3.848743058302 
 4.004522806831  -0.154793664965 
 3.133478384240  -2.511579202929 
-3.227720646417   2.555296374374 
 1.641256553743  -4.132492941812 
-1.644730459913   4.357863029243 
 3.355100863126   3.459371933838 
-1.805858572070  -4.655687023093 
 4.902834150364   1.152452291719 
-3.669464788679  -3.621426508705 
 0.562486400082  -5.214342762081 
 3.516184450407  -3.962439986385 
 5.250112654491  -1.823294222339 
 2.646102947320   4.892649587481 
-0.124152512342   5.585182455719 
-4.614345881881   3.195890150354 
 4.837049638080   2.980420757647 
-3.369785312995   4.776900760699 
 1.362133187989   5.812388188759 
 2.789817602361  -5.282133932391 
-6.045200833943  -0.133321996540 
 5.303605758590  -3.445237349067 
 4.164829348101   4.780654039585 
-5.453546821002  -3.323689758003 
-1.784354817166  -6.183650375510 
-1.699395675991   6.208066413366 
-6.358904211528   1.337881303993 
 6.560719064026   0.682178525805 
-6.516776430950  -1.856906286349 
 6.887352581616  -1.212831591522 
 6.532205812938   2.792818787806 
 0.381520242984  -7.268822598564 
 3.241018544842   6.545785015112 
 5.802375548729   4.481569133246 
 5.057872481536  -5.405786255486 
-4.600078268303  -5.920431337918 
-7.002939383138   2.781578623280 
-5.918632196926  -4.773220166102 
 0.036228206188   7.740531159318 
 6.754186764488  -3.861341518117 
 4.977709478694   6.055263982916 
 7.662853845532   1.775151451391 
-6.345611262953   4.710749410437 
-3.833668069598   6.921605898052 
 3.190735297694  -7.295882960064 
-2.117161901212   7.733138064630 
 8.276459003344  -0.048277100738 
-8.323515460656  -0.426265359701 
-7.561526943890  -3.565322929811 
 2.680259724072   8.025372963311 
 7.997318906182  -2.802726759345 
-8.374841196148   1.577370770798 
 4.807841477027  -7.043767849276 
 7.348227730316   4.537141661593 
-3.873230764792  -7.737491763292 
-5.569967569348   6.674497326457 
-8.483130137853  -2.254398923307 
 4.595836698373   7.651573793394 
-1.944842772463  -8.831293628275 
 6.768489180104   6.014613058583 
 6.989748082179  -5.816686123018 
-6.258017594173  -6.763904124087 
 2.629821612355  -8.840312944690 
-7.559130479356  -5.390717034071 
-8.650444132615   3.707666914750 
-0.155932157900  -9.445046802288 
-7.048589494151   6.324185751559 
 8.530725937528  -4.300298790847 
-0.212382435354   9.679184990683 
-4.685504769430   8.551735354983 
-8.991689904375  -4.031633676999 
-8.307371816442   5.419039036526 
 9.199439079479   3.779147369396 
-2.355677263654   9.692270206711 
 9.857943200160  -1.592785405512 
 2.270484633080   9.749712603861 
 10.001740581399  0.904191766511 
-10.097327087905 -0.322825257384 
 6.961470652383  -7.376262585057 
 8.495173025818   5.686130810243 
-10.170042864740  1.209217607373 
-9.941956863039  -2.605536691878 
-9.939793617882   2.758413058657 
-4.978686553587  -9.278239682242 
-7.690797774723  -7.219413281783 
 5.036296405480   9.368732628413 
-6.583454132462   8.357827312534 
 5.484384415795  -9.169076589714 
 6.455258812429   8.650119931057 
-9.322889093213  -5.667839749779 
 4.025604114673  -10.169400973849
-1.821752079522  -10.784709861043
 1.695224950023  -10.851439120252
-0.241698723300  -10.983418688164
 10.360928823791 -3.817321004592 
-8.822890957609   7.029571711881 
-3.514431582540   10.886826263991
-7.493734240390  -8.714531297371 
-1.447743881863   11.415937807612
-10.728084172967 -4.168750499524 
 9.804368714924  -6.147951716969 
-3.407709808106  -11.091626470456
-11.517410299317 -1.541097574495 
 3.747038252592   11.060191562837
 10.488313790651  5.172096220685 
 11.326898066989  2.921905162289 
-6.479125064579   9.863599263951 
-11.819197920680  0.622243288740 
-10.829147750197  4.867725030426 
 0.713696454976   11.945564555160
-4.959635748185  -10.930150054043
 3.061311466121  -11.690086853427
 7.200330220484  -9.730902287494 
 8.722771262442   8.421386130676 
 9.141545330938  -8.044545546513 
-5.253763926321   11.060795556958
-11.984673736764  2.576087288505 
-7.987302031037   9.326202759748 
 12.281839518830 -0.040461626321 
 5.973077013971  -10.733378698426
 5.561282299950   10.964543268317
 0.683136087056  -12.296891724265
-10.802902717599 -5.938760752997 
-1.443304852040  -12.290558361633
-6.648729429600  -10.517305114466
 11.257388440781 -5.312745015320 
 11.892483438989 -3.788310605202 
-10.099788503120 -7.345957684167 
 7.659653104457   9.937179806506 
 2.377810715992   12.378043090150
-10.614339209782  6.835965015158 
-12.377919644083 -2.850726108584 
 12.582260246108 -2.323043976039 
 10.868148576669  6.831440704651 
 12.888720240197  1.580873362513 
-2.038261190559   12.843712306144
-0.544639711543   13.084174608076
-3.908404456409   12.520627287043
-12.211349238534 -4.983059994201 
 11.217970761756 -6.977530417758 
-3.730259258896  -12.688060771051
-10.151750035933  8.572162626184 
 4.505723808137   12.554925107293
-9.560610855016  -9.487987701917 
 12.666679144200  4.803016467633 
-13.528100825597  0.877727614908 
-12.626191484385  4.989417533226 
 5.034420878771  -12.619729168115
 1.263459857100   13.569083565662
-8.418048168063  -10.735012409268
 1.880351239185  -13.518422877618
 10.524286877903  8.751076383075 
-5.591191742105  -12.506193932051
-9.425244692773   10.117029934444
-7.166578407993   11.827536588163
-11.858808138147 -7.200044032264 
 13.485722138422 -3.696480917452 
-2.368751262227  -13.786237465910
-13.808393360186  2.402204962181 
-13.916143422277 -1.754257527746 
 7.313574382398  -11.976751060539
 13.566427852792  3.590880400653 
 9.126499975622   10.782756626805
-12.123699007740  7.310653220739 
 14.159316805032  0.771664449263 
 9.671435565817  -10.494831910056
-13.781092421026  3.952058224869 
-1.517132448610   14.258388036032
 6.249231043231   12.937927132568
-11.399217351749 -8.753526317650 
 7.713176825985   12.157402774636
 11.273990941396 -9.090987342679 
 0.091807104024  -14.485065493406
-5.852201555769   13.264209965447
 3.630991709465  -14.099832681511
-0.016453034821   14.577039277676
-13.734576792177 -5.022528895236 
-7.466673178882  -12.589585604535
-11.623495133713  9.076083867938 
 3.236732203250   14.453039750452
 14.701088451093 -2.326898957699 
 12.736905404799  7.713577786259 
-4.142153878792  -14.329459826192
 14.911828570388 -0.658414930036 
-9.004207457218   11.920725767617
-14.940837158122 -0.167321177799 
 13.901478522945 -5.590143583491 
-14.966501576194  1.402176816754 
 4.939345747247   14.206633104877
-2.974557578688   14.809285941322
 1.522541337775   15.084863226122
 5.976516079736  -13.933986724132
-14.140154870480  5.826489399390 
 2.341582394158  -15.117847702453
-5.924552705621  -14.113778403684
-8.999419534161  -12.444846689416
 13.337794816632 -7.636691181144 
-10.619262579252  11.161243057890
 15.257113186947  2.151279773319 
-14.933446229291 -3.870888622474 
-11.354208083941 -10.492294251299
-7.412515429674   13.629379801904
-1.925174945605  -15.442129115862
 15.086268667647  3.820277334844 
 10.925745694878  11.096143845416
 14.235001651474  6.321002026441 
 7.583052911293  -13.605294360443
 8.875252157404  -12.805407300973
-14.181793026420 -6.494218350274 
 12.601681681154  9.301139608465 
-15.673916504309 -1.853039689385 
-4.703054590792   15.113322700904
-12.960003120289 -9.135158334355 
 7.091892028577   14.226245171148
 11.816527833215 -10.751260077825
-14.112223963710  7.568972646815 
 15.342974333164 -4.654674481351 
 16.074495425156  0.431801697352 
-6.494385701657   14.848815885917
-9.117100223286   13.467110575124
 0.419256488776  -16.320982604114
-3.807036648095  -15.878985553603
 9.180179235657   13.593899061003
-10.560181737829 -12.573336343177
 16.301494483205 -2.042026987887 
-15.682033823736  4.960262499761 
-16.430247946533  1.735460819691 
-14.283920267991 -8.320721405347 
 15.299818476972 -6.264980224061 
 13.429216646853 -9.668419633933 
 6.955264433272  -15.086138542586
-8.853040339585  -14.066430845936
-13.910627276695  9.203337446107 
 5.120779992029  -15.893067816481
 2.892657893109   16.514391642423
-0.908701318814   16.746795568441
 3.577747566346  -16.393566208811
-16.559418946435  3.370553553941 
 0.651136508985   16.901863360974
 10.597883899696 -13.204044619134
 14.969480505811 -8.033671472267 
-7.596948964238  -15.211416970211
