 0.701395151862  -0.444686444482 
 0.344675826773   1.321404182021 
-1.477738183488  -0.124649472826 
-1.216408995739   1.421323407817 
 0.094593687174  -2.017997394083 
 2.000734661097   1.378906749217 
 2.537489491801  -0.102988281059 
 0.948118055767   2.733944988746 
-0.804132285799   2.928089127956 
-1.340582411723  -2.746745279300 
 2.163428407293  -2.545681856630 
-2.760822162079  -1.895536477018 
-3.285301957187   1.541101203115 
-2.350312211620   2.790319023681 
 3.574696362220   1.503653276598 
-3.978538739980  -0.452425908529 
 4.061345812239  -0.797664193708 
 0.803914039612  -4.236572326707 
 2.744110294246   3.382792794238 
-2.571506093766  -3.644738703179 
 3.936644415480  -2.464421353839 
-1.105384728790  -4.695500980881 
-2.087782680981   4.355745646787 
 0.831890454782   4.798016316915 
-5.116693146920   0.758141577056 
-4.347129801289  -2.893192389635 
-4.144750019931   3.304500131677 
 4.961707083271   2.165330873285 
 3.242207409110  -4.502802192421 
 2.561380070002   4.972619212755 
-5.631641586971  -0.692659464195 
 5.521445154512  -1.401490062203 
 5.684121428081   0.735915552002 
-1.298043091673   5.739228687716 
-5.671854404175   2.756797201588 
-3.389438946404  -5.448787495978 
-6.057460964388  -2.178722213275 
 5.390279972221  -3.896241693053 
-2.767810991909   6.087514653049 
 2.546606851528  -6.184102526551 
-6.685822419433   0.385844379224 
 6.771024850620  -0.421899290404 
-4.559746788428   5.036466818321 
-2.136509049360  -6.466124553332 
-5.103936829043  -4.556281833086 
 5.747850102241   3.728060985209 
 4.602996437196   5.140797449721 
 1.137197439099  -6.858460980299 
-0.374672770137  -6.992921703281 
 1.508643941959   6.871341893513 
-0.493169938814   7.030564158779 
 4.485686766277  -5.476672600835 
 3.549767315541   6.271317428803 
 6.944050243299  -2.072363374393 
-7.309301083661  -1.042665414448 
 7.312819782794   2.626752341126 
 7.737717827438   0.749258683409 
-6.119929371639   4.855590458426 
-5.042743424599  -6.077884580555 
 7.008330931991  -3.677122462540 
-7.899192269029   1.284691850997 
-7.338473263102  -3.333627886489 
-7.215966654401   3.760815079948 
-1.885101008703  -8.075948698554 
 5.055266384559   6.602916183697 
-3.543191062492   7.712438458942 
 7.381908158859   4.195683755036 
 3.556090497471  -7.717839182897 
-5.583999014545   6.576173092001 
 8.591812737403  -1.145837166963 
 6.119553613171  -6.268192234210 
 3.595966547118   8.003503736985 
 0.199039568570   8.801136446647 
-8.756060252929  -1.814824919129 
 0.843641189194  -8.956106163443 
-3.849682168410  -8.151355843674 
-1.472965832042   8.976344001225 
 7.433496224786  -5.270114972764 
-6.504329012169  -6.452113035155 
 7.232107284082   5.710161666731 
-7.767469062549  -5.005684034757 
 8.733561894825   3.200599373473 
-7.852957991623   5.198830721605 
 9.009213895282  -3.039141004614 
-8.971482631994  -3.347600182036 
 9.505515370494   1.672641142387 
 5.128201201674  -8.379105895494 
-5.565529228364  -8.188052798109 
-9.585387208713   2.513649165154 
-5.306830685190   8.413608625295 
 8.702662926822   4.906848327974 
-2.295298134968  -9.729713998156 
 2.192132664919   9.798936712152 
-10.055421337510 -0.127127919915 
-9.252411181321   4.006141874654 
 8.993943009786  -4.994627159398 
 0.620239443461   10.360174863593
 2.844010713099  -10.013047707055
 7.449049852128   7.280661392116 
-7.149031996326   7.600335671919 
 10.326887772637 -1.523136148603 
 4.897084192614   9.219171183346 
-3.441932692277   9.966726546916 
-3.935722447367  -9.803970980651 
-1.830361941951   10.529431497502
-7.633418710408  -7.519188315962 
-0.723093776424  -10.803321932935
 8.746091495092   6.492597190643 
-10.809682431735  1.357869947458 
 10.893438080244  0.426124177942 
-10.513466263681 -3.057707264102 
-9.996016917130  -4.540532914678 
 10.351861192418  3.665980179981 
-9.093245021419   6.194189291349 
 6.531442398293   8.918570332701 
-9.112511157046  -6.335248631959 
 10.631216288337 -3.744318624071 
 0.915408597614  -11.262687667798
 4.178716801036   10.557668918404
-6.809002674219  -9.090335777255 
-11.340815489426 -1.558122969298 
-0.408822958564   11.490956903622
 4.718430672524  -10.531095509666
 7.543871190611  -8.771543390109 
-11.225340333144  2.973828706121 
 8.734050514733  -7.661620334849 
 10.492768806944  5.206217210601 
-5.704484506998  -10.313953266479
-10.871324464244  4.560938503325 
 6.552515400293  -9.935988706342 
-8.689674647363   8.148068836939 
-6.301633063873   10.113832863207
-7.526378805838   9.240859587202 
 2.564077905847   11.655424848267
 8.134521366525   8.802341306243 
 10.484879384341 -6.179405610789 
-3.145850012776  -11.800848456748
-1.651564185358  -12.171802845754
-8.862913412545  -8.578393354509 
 1.034028465806   12.292118578538
 12.214487706964 -1.744884945701 
 9.586501359182   7.778629646797 
-12.354189538082  0.340201534611 
 12.321528468556  1.932476479979 
-3.101335110084   12.128658286475
 2.215751267679  -12.385777857589
 12.137929401100 -3.644206444291 
-11.839058743905 -4.565515409192 
 12.040929859628  4.054873308835 
-10.851693437850 -6.640578572493 
 6.226639821430   11.146948174507
 12.769585443733 -0.244866474639 
-10.539478751241  7.231360392658 
-5.578109059888   11.500765585683
 3.718451721853  -12.248835604581
 11.809496966169 -5.187685676079 
 10.891696886010  6.953359789859 
-7.567614951072  -10.565574092899
-5.241714937581  -11.912454213985
 9.241314872222  -9.173605835255 
-12.930000824155  1.736101834041 
 10.595108894804 -7.709418623639 
-13.051380219257 -1.678296836282 
 8.198104094403   10.436712263938
-8.812674286905   10.014792949432
 12.017088869682  5.794327358718 
 9.536696666144   9.342200724540 
-12.626116968494  4.552780684170 
-11.997898326984  6.098270236184 
 8.520216978434  -10.526538630469
-2.647650528841  -13.304810683748
-0.025200025277   13.607054456259
-13.244656780953 -3.352690897414 
-7.487152171897   11.453825626207
 5.735140585588  -12.452256530277
 13.664956647070  1.154918578131 
 0.381778909487  -13.764014717204
-2.297107936670   13.624386092331
 1.801313216211   13.719158439083
 13.461033463627  3.467032575609 
-4.206942163297   13.262495312068
 4.674203659026   13.114819977222
-13.938377504455 -0.373316861178 
-10.213922283517 -9.695643726169 
 7.564907572330  -11.903559966740
-7.059097834636  -12.220916829793
-11.634579610743 -8.092386080147 
 2.270498277863  -14.027543443108
 7.345553626669   12.323027536690
-13.512007028944 -5.154751970741 
-12.221743848303  7.744187939033 
 4.738251584593  -13.749094349415
-14.506733228696  1.162011817216 
 11.613092302272  8.774580138165 
 14.402571616333 -2.602507759453 
-10.854433002310  9.855307697771 
 12.405925201783 -7.958721106091 
-4.696368154681  -14.076700349999
-14.243148003778  4.241792502312 
-14.640410128763  2.707902429025 
 12.950572676638  7.381731539461 
 3.096130996256   14.607982645495
 8.958167543182   11.956178678340
 13.790048532875  5.768180041603 
-6.928030597011   13.308469141533
-5.563909177638   13.946409808291
 13.440462065650 -6.758846922087 
-14.854656663146 -2.385973448575 
 14.170074194909 -5.210749591259 
-0.519624480232   15.200088892851
 15.174948206583  1.210160547141 
-13.852122090108  6.580659179378 
-9.215806273100   12.270244196273
-3.078799003240  -15.055894931247
-1.241588657812  -15.360480797729
 11.609093715788 -10.219643111598
-15.468805627430 -0.095701893237 
 15.463478729159 -0.735637126289 
 6.292826193689   14.183668526430
-9.141579828147  -12.554519478371
 0.292361874917  -15.593371418031
-10.632243715270 -11.456229660366
-13.729749075778 -7.488055209400 
 4.868888130898   14.877298838646
 9.165508990082  -12.749275574530
 3.711035983716  -15.260211371832
-6.657093981230  -14.326785617717
-3.916160245393   15.341482027042
 11.227062492365  11.185612900978
 10.804895842753 -11.705961947432
-11.149429959142  11.463835422327
-12.753733252236 -9.701545298515 
 2.152954010987   15.940136161080
-13.311654396642  9.087394597098 
 15.919758831345  2.532513804353 
-15.154044284880  5.598712242734 
 8.723236778188   13.724956119697
-2.378771356053   16.091372391660
-15.776432260229  4.215685394351 
-15.727790805489 -4.420860935176 
 2.493344128586  -16.159270188618
 7.190198542911  -14.685587049961
-6.917575315025   14.821445131857
 10.419114335344  12.672180002084
-15.087490954724 -6.621402036432 
 13.524910187431 -9.462144505643 
-8.780385608548   13.982596868286
 15.072782785780  6.797955094238 
 15.927512915133  4.746729658732 
 13.717845883709  9.394967174623 
 14.539881665973 -8.077183592769 
-16.723136342272 -1.075216344108 
 16.651700382369 -1.894929478194 
-2.182480335967  -16.703694160041
 16.863596178440  0.027876027087 
-16.844328189462  0.947061359905 
