-0.551471560706   0.040938402076 
-0.368876350207  -1.576543942358 
 1.685626787782   0.803324091023 
 1.713690705904  -0.745764571883 
-1.985688622156  -0.627556557653 
-1.661301703074   1.653831176015 
 0.636345142718   2.620306018846 
 1.790305276317  -2.286442006737 
-1.488049331383  -2.628029269015 
-0.973840293144   3.095359467099 
-3.197659472100  -1.609312535752 
 0.388128142948  -3.568450291912 
 3.503907273377  -1.293697498747 
-3.773882339416   0.757249746806 
-3.447660606986   2.270131200662 
 2.560196293381   3.261956529944 
 1.068203250286   4.214279733072 
 4.228918150532   1.026897634378 
-2.588517353314   3.566377922820 
-1.406108897489  -4.235134402349 
-3.423929217707  -3.275334983972 
 4.816706088130  -0.525730883096 
 2.330859138859  -4.502252438645 
-5.075599423069  -0.087665666109 
 3.805749005690  -3.535814933720 
-4.982361050395   1.719764566492 
-0.070487391527   5.380256139547 
-1.826490574645   5.208564602130 
-5.509547088255  -2.013569653073 
 0.399156936450  -5.958232630549 
-3.514487757626  -4.828462934411 
 6.049529331358   0.755658092962 
 5.963131730715  -1.787503123113 
 5.251241421104   3.514316846548 
 3.714829193582   5.173140959624 
-5.641913565128   3.103831494622 
 1.113215104622   6.395301973204 
-4.143652381035   5.053672574375 
-6.652368849617  -0.921272320572 
-1.080093941578   6.649200532049 
-5.927939770931  -3.542620688349 
 6.963331889251  -0.438681017743 
-1.716702756064  -6.925829144688 
 3.975589589517  -5.957922580227 
-3.325930547828  -6.380982000692 
 6.738896535518   2.663718932429 
-7.046801175063   1.831906092697 
 2.533703915707  -6.846512745906 
-3.571755292781   6.534889028455 
 7.489151512694   1.301718917190 
 0.087872572266   7.617025774631 
 6.275634680089  -4.336604366346 
 7.334203415148  -2.527069711699 
-7.835381167225   0.453970637365 
-5.919934806616   5.160995853709 
-0.138226462437  -7.901252204999 
-5.104395365058  -6.348041301443 
 3.981235900872   7.108365255035 
-8.072593619648  -1.752557688565 
 5.473335991053   6.194428982335 
-7.272212688536   4.109351344873 
 8.394354432206  -0.958531161178 
 3.924650513675  -7.523324634508 
-7.454866724173  -4.078813309887 
 5.983055387627  -6.060827467666 
 1.442781324202  -8.395367932985 
-6.527242508230  -5.582831467977 
-1.564756534848  -8.575000455288 
-2.701039689980   8.394399869310 
-5.313068444913   7.064673617081 
 1.772495226802   8.668375565219 
 8.153026115609   3.573170025580 
-1.296668623892   8.991344931032 
 7.081297400215   5.809683361184 
-3.139376376366  -8.770327121857 
-9.204199554343   1.623139581030 
-9.363619773689  -0.467082582727 
-0.220956978898  -9.416547405049 
-9.050332654689  -2.938463821372 
-8.787974348122   3.854272839229 
-7.219139559097   6.427695536719 
-5.766793804438  -7.817593773465 
 9.759957208381   0.666643218220 
 3.543187301311  -9.199899130427 
 9.801325431110  -1.974749334188 
 5.094758173405  -8.614595737360 
 5.865574132242   8.140148101542 
 3.747473392619   9.317105441754 
 8.759322387856   5.092872577898 
 7.185622320893  -7.220873093344 
 1.888387569563  -10.078857125745
-9.005157867194  -4.989181785306 
 9.916915251259   2.791595020049 
-4.213030453710   9.410167547146 
 1.947477648425   10.169800048685
 8.637973776113  -5.729888828205 
-5.954307024554   8.594898936029 
 9.829804908559  -3.906535376131 
 0.477690942329   10.579358956307
-9.335546332920   5.586667947056 
-10.773498732509  1.742182821145 
 7.812030797979   7.622349007357 
 10.906106067554 -0.440409994369 
-2.822362317758  -10.558359485834
-7.466741922882   7.989814938654 
-2.056472975551   10.743310502193
-7.734731756917  -7.860374467888 
-10.439134371593  3.614669527883 
-8.633236088544   7.023919410374 
-11.307174522765 -0.051430062044 
 11.246213611700  1.209615156926 
-5.670955256926  -9.788458241489 
 0.484322849060  -11.315433844451
 3.203813296657  -10.919398806023
 8.802791437631  -7.224262046922 
 5.518974043426   9.975095599841 
 4.743541638994  -10.394114257653
-11.284723640679 -2.492729025820 
 4.124109619488   10.801964299481
-9.390382735203  -6.851211507546 
 10.213506383683  5.619109367213 
 11.401483283377 -2.575628089214 
 8.045754884012  -8.596925280810 
-1.535939126687  -11.682779359372
-0.948636599169   11.762512738616
 1.823939749306   11.750804873246
-5.812433590940   10.384812317600
 7.054785160436   9.772678740468 
-7.530723543488  -9.450800272738 
-11.213501409605 -4.608543142386 
 6.320054616714  -10.446748320112
 10.741642651786 -5.821392889220 
 12.204723156291 -1.219010406367 
-11.070056235320  5.325506653318 
 11.560091198628  4.342968023872 
 9.816753101248   7.497866453540 
-4.279661043405   11.595147302155
-10.812012788879 -6.072569086614 
-8.895585553673   8.671671135368 
 12.114284296011  2.870349981794 
-12.544449842581  1.726755322135 
-7.640807204670   10.100316509189
 12.048011721142 -4.224011600527 
 1.738088278661  -12.660502902976
-4.563324722110  -11.943062482750
-12.409124629796  3.241217028679 
 0.248217044047   12.841246695415
 4.998344406707  -11.890312234256
 10.166874167892 -7.944620995578 
-12.860840047714 -1.136444409359 
 12.881025325411  1.213135966426 
-2.985052670926   12.710082635643
-12.524192918200 -3.775991413305 
 3.413135821674  -12.720955586139
-9.781154216505  -8.849064070775 
 3.222057163290   12.845527740869
 13.027349019858 -2.614565834374 
-11.380366979822  6.879782265021 
-10.901259588232 -7.616243931223 
-1.429135396364   13.430258906665
 6.047940082711   12.088358968969
-7.086428252484  -11.553141795886
 12.319371727731 -5.702063914229 
 9.145026590113   10.036596335642
-8.935401296021  -10.235459281722
-6.939312419510   11.691234234902
 11.627064004604  7.184062667981 
-10.746927157261  8.464060264096 
-12.351314571603 -6.093128004031 
 8.791689553732  -10.651944978815
-0.056909516561  -13.833597585888
-1.854402042932  -13.727495520662
-13.856788776194  0.050213671558 
-4.836716143025   13.023202783647
-13.098647348448  4.636155102427 
 2.026926944537   13.814517809607
-13.679219078307 -2.801657993901 
 13.895380401238 -1.382124547990 
-3.748298951263  -13.517926537454
 4.772087692126  -13.422491067454
-5.516511414069  -13.161718093073
-13.542196296121 -4.904306889157 
-14.208188916339  2.595020104276 
 0.385553107397   14.468164134988
-11.273508193503 -9.115366426477 
 11.437723073207  8.942385425187 
-10.055150010081  10.518316742664
 13.847530669764 -4.583851742054 
 14.105405869967  3.776186986630 
 13.619199485923  5.292082610164 
 10.714456920151 -10.163069119677
 8.090905671926   12.449461711490
 14.547255808344 -3.183077832234 
 12.439756875890 -8.196911288736 
-12.483468150680 -8.188523735245 
-14.854634983562 -1.793591281338 
-13.239171897936  7.026148119792 
 4.535566286665   14.292598023278
-3.939107201841   14.580446548207
 1.909390725856  -14.987057939013
 7.957082480805  -12.865382083619
 6.364344149207   13.757819802462
-1.791344452595   15.067439598342
 13.502187875470 -6.946860381172 
 3.714457437918  -14.759237190234
-15.221417426086  1.212027722624 
 9.460563326827  -12.036059775122
-1.594915362234  -15.301941566419
-14.819620848221  4.147787550211 
 6.409079528471  -14.007888060974
-7.586609833743  -13.416907642516
-8.948071006016   12.562088002916
-9.529635464374  -12.150685916034
 11.374768855580  10.490053658668
 12.982297009016  8.426253971150 
-5.812438691056   14.363379566668
 15.505632752625  0.567533329962 
 1.842598065141   15.417398281427
-11.101234934840 -10.856784238418
 9.821808678527   12.033192500924
-14.161861787736 -6.413336186156 
-4.521467109200  -14.879207569906
-12.386161704115  9.537079961784 
 15.578254392369  2.584905947866 
 15.835599415396 -1.788564875804 
-6.449979460735  -14.617096713786
-7.604318027970   14.074547057521
 15.460992631204 -4.688622351614 
-12.633058674129 -10.170689505915
 11.503883457678 -11.471575645670
 12.545205328436 -10.373644109862
 9.091529292454   13.577273898164
 14.725093537093  7.087576106153 
-16.149166694951 -2.903128533692 
-16.381523024858 -1.346910501787 
-3.183758462217  -16.138476600318
-3.051571391253   16.225016343570
-11.751728839426  11.602850610733
 15.589274378591  5.452806231510 
 4.744275957899   15.917494050520
 14.193057034518 -8.660276269878 
-16.639284955721  0.527297488967 
 8.189295257642  -14.496545130316
 3.035051680325  -16.373893492124
 9.571671777485  -13.631737708363
-15.524680801356  6.145700107201 
-16.149260511752 -4.450445024013 
-9.117959834907  -14.117829190608
 6.759147940600   15.415073792029
 0.522061895147   16.824605752214
-16.304321913670  4.413348398943 
 6.255052385920  -15.719534815544
 16.927629997233 -0.403337192924 
-9.948918583037   13.709057598652
 0.439534590224  -16.944080104467
 12.943097737681  11.040526024850
