 0.130106965453   0.583791592902 
-1.284931034247  -0.039778003858 
-0.499621894665  -1.516914370843 
 1.286091968574  -1.054541662571 
-1.141607223361   1.500755759865 
 1.890394566719   0.871658620380 
 0.745300996507   2.330645683507 
 2.753501463153  -0.680793444888 
-0.373605900038  -3.020193231104 
-3.072902394966   0.439330201491 
 1.435584060176  -2.824119813261 
 3.225048954699   1.787112894673 
-3.435871929166  -1.379527431579 
-2.165963129969  -3.040792160102 
-2.233981916302   3.012669687511 
-0.148513033908   3.827553079668 
 1.810993066018   3.503753931379 
-3.787013139213   1.896572832833 
 2.153297244060  -4.286572393120 
-4.797143837174   0.589173768501 
 0.218855906559  -4.901719264480 
 4.687299959675  -1.644838940629 
 5.007542577107  -0.085171549276 
 3.519503626250   3.684851901290 
 4.094366487247  -3.116440599268 
-0.719377989158   5.277476484732 
-3.373674344903   4.240250159135 
 2.197499514413   5.051117648169 
-4.681965723605  -2.984864589349 
-2.445145986157  -4.997057550265 
 4.846915259180   2.852746731289 
-5.666540560608  -1.400252034139 
-4.752517200965   3.442018556065 
 0.781730877587   5.848124463731 
-5.770738346794   2.069912213246 
-3.964043887091  -4.714953746718 
 6.251051672761  -1.317376582165 
-6.442880225806   0.023147866639 
 0.115699440553  -6.453837463868 
 1.781784505027  -6.310406431704 
 3.614322545097  -5.554416987203 
-1.987172472267  -6.571742440993 
-0.881593513002   6.956368133780 
 7.010778113275   1.053003725032 
-2.493407329280   6.713926673603 
 6.028532416155  -3.918617717184 
 4.038498353684   5.965036362408 
 2.790196946493   6.868890618591 
-5.665408172699   4.802579533425 
 6.756035467413   3.305865535332 
 5.472513557744   5.197252390110 
-7.485466721876  -1.089144559546 
-6.222307304840  -4.371770141062 
-4.779333371823   6.078186045400 
 1.089537371958  -7.663211201354 
-7.245924379488  -2.777080131667 
-4.775526443670  -6.116668800437 
-7.052502668221   3.285328405674 
-7.803666371818   0.945625526864 
 1.263384464689   7.833522172611 
 8.026807679704  -2.101664164394 
 8.346798756858   0.189969247501 
-0.472908891683  -8.494357773111 
-3.206865384830  -7.947170087692 
 6.184608395372  -6.070993364672 
-3.048864883443   8.144654810738 
-0.283351566871   8.699780272602 
 3.258370707461  -8.078430052891 
 4.797298787394  -7.465798794581 
-7.062343167089   5.398196905087 
-6.434379226812  -6.137508532741 
 7.447608005420  -4.931028033754 
 7.978950436221   4.540986052039 
-8.820251904958   2.702330306421 
-9.002522791463  -2.253680263041 
 6.123766452007   7.036748759063 
 8.779067322785   3.160919705341 
 7.272864334719   5.881558196577 
-7.814577189885  -5.168927150057 
-6.012723580680   7.292362262034 
 8.767442793011  -3.652664583417 
 1.727169375047  -9.455342407143 
 9.724805803320  -0.793744800823 
-4.553514762185  -8.649495052142 
 9.679423591819   1.479552254519 
-4.703512375008   8.617122114346 
-6.131257191871  -7.732606755989 
 5.170711043626   8.437861329646 
 3.518774409053   9.319588032785 
 0.255585622782  -9.959751323795 
-1.351011057826  -9.929272339674 
 2.101864556214   9.828616027282 
-0.772438564416   10.132773770016
-10.170239456716 -0.062219788670 
 9.858989940803  -2.534943130661 
-9.407773049444  -3.912486133836 
 4.455244542192  -9.242847558618 
 7.447492889462  -7.196995983695 
-3.669168058651   9.710927678600 
 8.689364874787  -5.814890621802 
-2.982884108376  -10.032107142395
-9.341483417396   4.814727110419 
 8.854368171228   5.886823849514 
 7.612062517534   7.523562481610 
-10.514557533926  2.247088193568 
 3.126789286527  -10.404843833303
-9.391367579995  -5.483756022048 
-7.277758505335   8.122161402219 
-8.285639128331  -7.187422399480 
-10.871364225224 -1.829578397959 
 10.240609921158 -4.231554567146 
-8.698597546684   6.988917986126 
 5.036689216591   9.998046170648 
-0.732839893838  -11.326813283511
 6.988663609077  -9.009076979046 
 10.768835199294  3.786920780378 
-5.383687861521  -10.329232438418
 4.706563605650  -10.740377696126
 0.931999258152  -11.702513406148
 2.079076953162   11.579735826922
-11.738884864563  0.966274092781 
 0.507867596785   11.776040118148
-1.727777652182   11.750002970205
 11.887166596634  1.156211667555 
-3.368324617669  -11.483141257059
-11.974679572150 -0.653657950121 
-3.659646877817   11.436610335597
 4.222497430724   11.286158615806
-8.289205922133  -8.771224925066 
 11.676249527101 -3.217361316353 
 9.126190786903   8.026138067856 
 10.064137883091  6.826060432477 
 12.143883255338 -0.751052349154 
-12.019560931796  2.536372672598 
 10.945845111027  5.607527859804 
-6.370829126879   10.554108213423
 6.675216212416   10.451015003669
 3.675329171523  -11.853632552431
-9.039634579175   8.513098551916 
 9.416847013846  -8.098037904630 
-7.370750125583  -10.078711305853
-10.151785763777 -7.270780470643 
-7.968876238426   9.622889422468 
 8.089051739360   9.577101115178 
 11.486795224078 -5.100482741408 
-10.936699938917  6.286752734867 
 6.340484075150  -10.918780210870
-12.172415321170 -3.861376162241 
-11.408121408006 -5.898334871484 
-11.990847028733  4.799358893712 
 12.237104971809  4.384523288183 
-12.851335220731 -1.967886569941 
 12.839980405221  2.483213044001 
 1.703190880411  -13.079256611032
-5.259447949529   12.099313323148
-10.615840602648  7.837238323579 
 11.373371049366 -6.724768166746 
-3.077063411617   12.918771594776
-2.449479656124  -13.056875493747
 3.049283472833   12.992319056849
 1.517941522666   13.331373263389
 13.230245766186 -2.513878952626 
 8.172818718876  -10.794312965505
-10.125391822215 -9.100478767376 
 13.664637875535  0.756712937102 
 9.483365409019  -9.894016131775 
 10.418620807377  8.905238619237 
 13.789781949402 -1.100580615668 
 12.571957380577  5.864023775802 
 11.528555690918  7.724696598480 
 5.209842437227   12.905221315538
-0.226065198223  -13.927227342849
-0.963365518679   13.975296235261
-14.017819101406  0.352884305429 
 6.740673361825   12.317541079339
-13.682996009391  3.238397872317 
-8.601579808065   11.137115002691
-13.692705054675 -3.722858987512 
 13.613368479296 -4.056702583767 
-5.451922361299  -13.131871000824
-10.066206281946  10.046570685776
 3.490641239068  -13.800328732618
-7.204037994776  -12.320642471514
-12.975086339059 -6.014684602928 
 6.445146713306  -12.808708228374
 11.617805305324 -8.480901987735 
 13.949678208543  3.533643093902 
-12.914035801821  6.469428555481 
-4.780142198620   13.697966336030
-13.716847868689  4.811479809457 
 9.802257804202   10.804461715149
-2.660207430757   14.381040956501
-6.378512830860   13.184398412339
-12.543335720981 -7.624676785752 
-12.247908059954  8.132416167471 
 13.027951252133 -6.947019056343 
-14.668721599261 -1.745085296178 
 8.104479277366  -12.353310280086
 1.829421750122  -14.717149946682
-9.814619756369  -11.315567879474
 0.676595586653   15.020482672554
 5.061512326119  -14.191613892726
 14.022540615109 -5.722320247540 
-1.518610263248  -15.086437766947
 8.881478250139   12.292617716107
 3.954490068357   14.670354838459
 15.225608909957  0.146217743790 
-8.754757056790  -12.637934377138
-14.382510636322 -5.434291645060 
 11.394469857729 -10.343351530859
 14.368655646210  5.558792964247 
-11.785422987176 -9.934655852477 
 15.168950463778 -2.775348438309 
-8.495557306874   12.976510421097
-3.264001878576  -15.212411039759
-4.819492658982  -14.977173612509
-15.740872119459 -0.356723987956 
 2.667436270347   15.560345080296
 13.140901400641  8.798980420548 
 5.585739144327   14.802903554271
-11.684286321405  10.735876334138
-15.718242125285  2.240107672883 
 15.794722408646  2.024198532562 
 10.789600002559 -11.753305530718
 14.227938594950  7.236463665634 
 15.545590802596  3.646145586047 
-13.188939938228 -9.026100841475 
 7.600497916570   14.061913895056
-14.410525338913 -6.967570431593 
-0.990056825854   15.980934190927
-13.903454505509  7.974171956763 
-15.087359175860  5.504130827647 
 7.222141626408  -14.381189962328
 1.063846193852  -16.159873916810
-15.869928796643 -3.299539422371 
-10.583563376854  12.295373529636
 12.579743873387  10.245151479858
 14.467804679674 -7.566383856548 
 3.249838480188  -16.033268626502
 9.078461310412  -13.666544666858
 13.708755051585 -9.116968373640 
-6.771500870443   15.021829355413
 11.309580213831  12.038874331275
-0.941699618223  -16.508788092108
-13.248144495800  9.918331064779 
 15.674053118561 -5.324282447667 
 16.494453970654 -1.435547938313 
-15.851637499489 -4.883101358743 
 4.883306668458  -15.877857832852
-6.877753609510  -15.230262732345
 4.728469508942   16.037145174657
 9.181454097299   13.979507357043
 13.005412907274 -10.530618658587
-8.993741689091  -14.221037010258
-2.453240227838   16.756083613448
-16.881759460547 -1.765382844965 
