 0.716971547772   0.667304729803 
-0.794061066322   0.719085799527 
-1.025137877770  -1.136455411057 
 0.171977510684  -2.110214230496 
 2.271596288060  -0.252133513949 
 1.176415418664   2.201951914097 
-2.382940743051   1.005478615742 
-2.674376879330  -0.960365099958 
-1.053494600996   2.765295007756 
 2.888199969480   1.277001670581 
 1.396455410859  -3.097347749337 
-0.585977381691  -3.481502805075 
 3.495953873001  -1.276779153002 
-2.345637415193  -3.245197079923 
 1.496068854626   3.768956300010 
 4.064719755309   0.263603115041 
-3.536136295810   2.290735431421 
-4.182664299769  -0.721192416273 
-2.359084291524   3.667908547265 
-4.306923696486   0.822882505087 
-3.656558277423  -2.453290376548 
-0.731343330596   4.577559228590 
 2.002552290116  -4.482726330234 
 4.171523861505   3.030804199684 
 0.613243077744  -5.140051847311 
 5.043037473497  -1.483870219766 
 3.553213045423  -3.973090403053 
 5.395131239408   0.990849774157 
 2.379930463078   5.036326710258 
-5.582584374212  -0.080147976693 
-4.098438627162   4.034633433364 
 4.926429670910  -3.004255354087 
-1.417206717760  -5.614842810053 
-4.409509946747  -3.849681798834 
-2.759622318852   5.220314325866 
-2.864716393800  -5.201448701418 
-5.736539979100  -2.532192867867 
-0.045395829454   6.277159315929 
 3.902824638120   5.015548807253 
-5.484060248167   3.253816846070 
 1.772604608922  -6.160081668892 
-1.703579611050   6.299169586182 
 5.941410670520   2.868555636409 
 5.246358769209   4.289077461334 
 0.242420244041  -6.808569746921 
 3.314403593830  -6.326616281198 
-7.019164683995   1.515476544217 
-4.388335066679   5.701075789165 
 7.159779787707  -0.907940556435 
 6.270994477584  -3.680663142181 
 1.671194418454   7.083367284718 
 3.141113570807   6.756930553981 
-3.252561452252   6.740729918576 
-5.637866670782  -5.184834877196 
-7.062491327301   3.125085006919 
-7.737402758859  -0.332050502683 
 7.774881033883   0.678116395533 
 5.350641415024   5.862109859666 
-7.033409665437  -3.720558253739 
 5.734669169705  -5.538721887818 
-2.454216541034  -7.659821470064 
-0.850842985458   8.007408524052 
-0.919792325871  -8.006772760927 
 7.841774025013  -2.269387400271 
 1.937305394046  -7.993334105689 
-4.722388741857  -6.795688854220 
 6.699606838367   5.162363746330 
 4.610494775089   7.226374313606 
 1.298972386641   8.715940275767 
-6.702187525957   5.785370053958 
-8.529261256268  -2.487584957088 
 5.421160124210  -7.040526667941 
-8.696513277689   1.877934092851 
-2.216380819696   8.698232600054 
 8.473302708007   2.979966677591 
 7.913737375670  -4.363375805138 
-7.137584650072  -5.591533027744 
-3.792194537794   8.243320775270 
 0.201808364809  -9.075290314929 
-7.784505070020   4.685797395571 
-5.264253867318   7.411375995420 
-4.139261541631  -8.181556902935 
-0.112048859906   9.343052240653 
 4.268666156499  -8.720413287631 
 9.574227035725   1.812656553332 
-2.036246788709  -9.693981243289 
-9.931256819406   0.832125308412 
 9.914811483508  -1.195417382395 
 3.323682424775   9.465132000077 
-5.750219196322  -8.296324409419 
 8.190380250544   5.926047620219 
-8.863723122159  -4.890556116400 
 9.792829807203  -2.860573965241 
 9.323121550610   4.249095476302 
 1.793094303464  -10.115196202021
 6.111984282029   8.262908243105 
 1.477797535746   10.243402731306
-10.339866258847 -1.428694906010 
-6.558439265837   8.251053430714 
 9.574825562530  -4.434235266598 
-7.693911604440   7.221836822150 
 4.840535017458   9.380963466181 
 3.336566908217  -10.035557449619
-8.869141322710   5.762896172451 
 7.546226223793   7.411788743220 
 8.123627583833  -6.908075092708 
-2.381004027162   10.440064013067
-4.519969430930  -9.762858141285 
-9.855833223386   4.452659096596 
-0.056136650737  -10.880704684180
-4.870143913796   9.808184366345 
-0.864177644774   10.969584361955
-8.996298392648  -6.487407836919 
-8.074670629218  -7.793818551651 
-10.699320991180 -3.430082492689 
-1.528599019789  -11.233374809203
 11.418095844463  0.592615889697 
 6.803349672082  -9.268157872045 
-11.122877127396  3.204246967981 
-3.192254843058  -11.186130987763
 11.048772204561  3.842073206408 
 11.444042788829 -2.781740921376 
 1.245303922228  -11.712131295251
-9.291881336501   7.399865338162 
-7.988259512212   8.816788151726 
-11.728679238308 -2.067188856642 
 4.787371802114   10.914830253568
-6.713923127901   9.958690085995 
-10.812491456266 -5.229707235619 
-12.001449366305 -0.480088320767 
 10.236906668946 -6.453245322046 
-7.542600307621  -9.486231316603 
 10.070320967761  6.761566080032 
 5.677667015895  -10.736519865889
 1.343938336105   12.073913834639
 4.007697870510  -11.474193836406
-10.826704533413  5.685994313210 
 7.457275631830   9.731731531627 
-3.556348335898   11.929205966796
 11.410013312010 -5.300763393925 
 3.550611340216   12.088922774176
 8.930709968411  -8.903272717359 
-6.005055615640  -11.126222033688
-10.583978120220 -6.922718607391 
-0.052360730963   12.707434623846
 11.445541345737  5.553193474610 
-12.679890046237  1.682430232049 
 9.811405412424   8.287044308082 
-5.961907835709   11.401217758852
-1.958208444577  -12.719871936315
 2.927636624594  -12.558879464315
-0.092526489205  -12.920957472662
 12.968268535952  0.220683651118 
 12.937112943598 -1.358836852189 
 12.927802791305  1.837057273711 
 6.754994731785   11.238095830176
-10.135225276915 -8.453436561360 
-10.925159876101  7.405843868481 
-2.071369224960   13.077403317725
-13.018155483212  3.242963613472 
-13.267649446538 -2.088638887365 
-12.748500625008 -4.726743772025 
-4.413921804892  -12.891997053772
 6.092918652424  -12.234552671442
 11.273037896661  7.757152784182 
-8.638294250537  -10.658197543724
-10.461463854406  8.943802853976 
-13.774502511198 -0.150724960449 
 11.757758990239 -7.307227136309 
 8.919532230567   10.597324865805
 5.940281934460   12.513675246737
-12.538596852709  5.901175501115 
-4.630973832525   13.063363042791
 13.415938186220  3.622795306156 
 13.321769074328 -4.000861523471 
 8.207259881231  -11.365362820574
 13.865170004243 -2.595819464850 
 2.955834192621   13.840020200368
 10.045881553329 -10.060227905859
 12.955482628958 -5.880716779516 
-7.787755716973   11.979561551665
 14.302926879799  1.114018604024 
 10.900436529719  9.377933731208 
 12.677218385606  6.800720834594 
 3.315894269569  -14.007972597704
 11.406461766797 -8.854313893383 
-0.153430794349  -14.456391852952
-9.320333946976   11.083380485785
 0.846296740351   14.467616134277
-8.102767133196  -12.086350936904
 4.552940020346   13.927859078512
-12.667942528739 -7.537147970546 
 5.267877936082  -13.825300853147
 8.524144361601   12.109981594423
-6.411052200498  -13.364751526593
-6.255740524186   13.451788426930
-12.110423825836  8.589231034885 
-14.046038214688  4.871078813414 
-14.581617052372 -2.978797201289 
 13.769448991781  5.726720020006 
-1.739510334553   14.831925017700
 7.609227979746  -12.854191983288
 1.477464406463  -14.950200890951
 15.031595448498 -0.578127577463 
-11.148969993790 -10.265767318474
-14.204768268972 -5.345885476496 
-2.009907951122  -15.081088869897
-15.176334984680  1.490610387867 
-10.076715632705 -11.452282912620
 7.063892356994   13.552849463303
-12.278046621060 -9.121236262085 
 14.381911285851 -5.265784935343 
-11.000731616322  10.686542301149
-3.864687514690  -14.887920606571
-15.370164300872 -1.362776302551 
-4.337514294990   14.847883722744
 10.987315145878  10.942762792746
 13.329606856590 -7.982537667429 
-14.126622407252  6.662486171808 
 15.309474322751  3.199676376077 
 15.474444470886 -2.343855612543 
 2.307855338921   15.531333686525
 12.429739483076  9.759676080598 
 4.477413064905  -15.165186153716
 11.466149677385 -10.982346554794
 15.376918915852 -4.071080478160 
-0.336591811884   15.922071093667
-15.524716949783  3.964892936948 
-8.388977985574  -13.652351688154
-9.750039566512   12.733879144745
 16.039736970461  1.521159214762 
 9.920914690272   12.737820500344
-6.122114184509  -14.955297740509
 4.071917087236   15.757840891288
 10.286312836267 -12.687617478341
 13.918134430237  8.561107214029 
 5.557269987957   15.437950367414
 14.755616345615  7.196962928968 
-15.400348954696  5.788251428140 
-6.557109778762   15.163048964451
-8.555547296594   14.141409546476
-11.683205436072 -11.805611002223
 14.985274933254 -7.163523136691 
 7.742336596384  -14.704284615593
 8.699758136145   14.165189783515
 15.622201819956  5.823609571071 
-9.878294541695  -13.470995790263
 2.558162055255  -16.508704090540
 13.675751989678 -9.604639610302 
 1.228941680690   16.712862206647
-0.144048246859  -16.782184908663
-1.747383759772  -16.741922605356
 16.838229472452 -0.238932191729 
-14.750195598726 -8.177787567179 
-15.493045856829 -6.702894824387 
-16.478501727341 -3.688966189982 
