-0.580499104809  -0.016645442884 
 0.740307693119  -0.825182014063 
 0.174514859427   1.512736958457 
-2.066417694681   0.324534277857 
 2.348668541759   0.803707767373 
-1.132944529048   2.265549025803 
-2.451435821545  -1.175555193784 
-0.749143206685  -2.651613751386 
 1.988668384777  -1.982910985001 
 0.317961556020   3.158668121632 
 0.750381591435  -3.286455793379 
 2.903690655410   2.362090691811 
-3.763653375748  -0.291568484514 
 3.524608518803  -1.422600512846 
 1.916511746096   3.620855895777 
-3.549465391422   2.058012633372 
-3.040039761485  -2.907436585047 
 4.348369305351   0.704140706109 
 2.941004495984  -3.550022939814 
 0.251101148476   4.729841890320 
-1.879755203543  -4.375821554134 
-1.561568202251   4.526341358792 
 1.679387159365  -4.578901566597 
-0.124017815371  -4.955359425829 
-3.365765649479   3.660971243242 
 4.761485830776   2.366877453418 
 5.439304582336  -0.523956023022 
 5.145051747638  -2.013963743357 
-5.424017543508   1.723468864593 
-4.605731170478  -3.547272080349 
-5.673211614035  -1.438579797167 
 2.399326076791   5.353896528500 
-2.994963572111   5.143504473221 
 4.111232003268   4.382385385476 
 6.071187541819   0.976162816202 
 4.342109457080  -4.588019781817 
 2.185429323956  -6.005579098993 
-0.170112033186  -6.463477308129 
-4.606351342770   4.792289883256 
-3.832490376267  -5.462605948617 
 0.945848483484   6.609381820329 
 6.625017339956  -1.518861449881 
-5.682464964761   3.732055054207 
-6.822307257197   0.377197720766 
-1.565034837072   6.837291379404 
-1.557892082369  -7.090314709615 
 6.500974839397   3.645098902721 
 5.409409448762   5.162088434752 
 6.020876958589  -4.488256601666 
-4.057317861134   6.343096148505 
-6.488962903890  -3.846256193078 
-5.518128275412  -5.147389584297 
-3.099630875377  -7.170435220434 
 7.485028037247   2.255588476097 
 5.287151314883  -5.820166240591 
 2.272834616035  -7.655417243600 
-7.508652613006   2.805651023263 
 2.177126433345   7.735732728070 
 8.006244392751   0.774701722596 
 3.661603291141   7.279421719493 
-8.039182811122  -1.603354483709 
 7.798988952068  -2.533532992405 
 5.081068300778   6.694062152163 
 8.376681984335  -0.837674310145 
-7.009506575471   4.681223978471 
-8.441470180044   0.245255302222 
 0.717957675021   8.449464619012 
-4.698017273878  -7.101193788915 
-0.748818265996  -8.495280813329 
-1.220900341577   8.557650849313 
 0.745219285606  -8.638437579786 
 4.448410043239  -7.534947327381 
 7.042524737346   5.212057080223 
-8.144795543816  -3.545026459991 
-6.301636207354   6.269004172220 
-8.755426098162   1.905027761560 
-3.707431615000   8.158881057698 
-6.982280723317  -5.768765831516 
 6.742824148613  -6.193445317278 
 8.164109926815  -4.222007966302 
 8.883919542771   2.974309938756 
-2.620962830641   9.311967663041 
-2.097640846421  -9.508042474092 
 3.801332709711   8.972052070267 
 5.321098585157   8.186766728804 
-5.347263017099   8.394837399237 
 0.815874933839   9.963205710676 
 5.927757507176  -8.059856202246 
 10.079178604676 -0.093216024851 
-8.747969233478  -5.056999460511 
-4.932638906270  -8.820675130896 
-0.706423154008   10.106813689120
 8.897860699170   4.906324256194 
 8.348167828661  -5.824360397140 
-9.388895614343   3.948404017446 
 4.402047637526  -9.217308175706 
 7.466267181526   7.029171106642 
-8.671441377683   5.497360301122 
-7.817370926070   6.731599999486 
-10.249026076496 -1.361214381229 
 10.123511205296 -2.195751732555 
 10.342182822962  1.401572785333 
 2.742685871721   10.103949213780
 2.200507546060  -10.323132642749
-7.727218337280  -7.196016489454 
-10.403364937855  2.062863610757 
-3.869033461293  -10.010797492160
-4.283767557797   9.902543550733 
-0.821033268236  -10.831793394245
-6.565346863737  -8.697137358839 
 8.128378982509  -7.460772330473 
-2.287346913509   10.951127187328
-10.594311949797 -3.646636043785 
 7.159887023397   8.647905890765 
-11.240026907192  0.163831027716 
 1.536784771214   11.280969491032
 5.155908173592   10.204200219039
-9.421313806421  -6.484433692532 
 10.862365188592 -3.631511826569 
 8.951813197440   7.248295573872 
 11.477463186369 -1.184918970520 
 10.322468021106 -5.211544905548 
-8.046496654909   8.346698912581 
 0.563096102012  -11.629634147700
 5.280394248081  -10.438480228764
 9.529282822096  -6.815519853225 
-0.655382556244   11.743317849572
-9.586039593712   6.875269529017 
 11.840964517825  0.432998912619 
 10.707938106057  5.211553594442 
-8.092945622686  -8.766990396544 
 11.485788633253  3.360213942404 
 3.232922340856   11.537251852605
-7.077369926641   9.677404455566 
-11.474280402032  3.639486640822 
-11.864318677187 -2.308711288940 
-11.022428040998 -5.185376936737 
 6.830067689041   10.180743043737
-3.289324288450  -11.909158550225
-5.564865995826  -11.049115879167
-5.641733602000   11.030383034200
 10.534928690540  6.743416781624 
 8.937229457092   8.769235612575 
-9.682793416503  -7.968708436445 
-1.959549001077   12.551764438481
 4.201496875985  -12.014884431208
-11.642955079750  5.169327501244 
-12.594348685974  2.045400129966 
 12.611893754739 -2.445308837752 
 7.959869321021  -10.105104260007
 9.416419890492  -8.795180652951 
-0.843352355048  -12.860819828144
-3.527920028046   12.435155456655
 1.326984784414   12.862150164428
 2.275467459399  -12.751787015586
-11.012040907344 -6.840254216105 
 6.432209148839  -11.407090914799
 12.230903474747  4.927567398212 
-13.262265210057  0.484728393360 
 12.752347671322 -3.998634164510 
-7.236221549661  -11.320270271483
 5.127878357676   12.422250150516
 13.100974891839  3.140151025382 
-7.717715656200   11.062971639628
 6.563604701859   11.887432802154
 8.991451831786   10.311280200119
-5.166708568933  -12.669461562969
 13.672143266731 -1.036447221080 
 11.371576191432 -7.660891925536 
-13.495726722254 -2.459857207862 
 13.671502731180  1.465855900524 
 10.627362538557  8.759559300747 
-9.937347411914  -9.562971360431 
-13.144214222135 -4.406544965412 
-10.660089995646  8.866778733764 
-13.081337714082  4.727371594860 
-3.763892378549  -13.400838589406
 12.153867945568  6.831776931529 
-8.765527918702  -10.847069732706
 12.839645228551 -5.637425710776 
-12.486106692854 -6.400589669455 
-14.029275341384 -0.896094022610 
-12.032349549016  7.507958994222 
 5.913106176972  -12.941681136502
-13.895297847892  3.323736382258 
 9.730820746433  -10.470841824800
-0.507899600928   14.320131528959
-6.643547924123   12.734454428458
-9.550199649108   10.749306887290
-2.055948280559  -14.242768727276
-3.753830143726   13.939098462466
 3.989510534847  -13.874681494420
-11.778469750777 -8.515440619126 
 11.139217194847 -9.388859289913 
 1.085335216261  -14.582777891762
 3.130728076464   14.293224537654
 4.788462231726   13.884941811821
-14.646671909765  1.141403932770 
-5.351490095201   13.715197332459
 7.506829150870  -12.764821320819
-2.460705688029   14.744258383715
 1.440594954795   14.925544303030
 14.512436830678 -4.070368499665 
-6.976337750078  -13.398204960456
-13.812140637566  6.118396454316 
 13.862415920284  6.024982702435 
 7.877818758324   12.909629916774
-8.297468084473   12.650282688286
-4.979409783622  -14.296178535074
 15.235469391282 -0.684187704485 
 9.204981079439  -12.171486501524
-14.830886516568 -3.629575072707 
 6.483844231519   13.886660172509
 15.319801169048  1.148695751923 
 14.800708176571  4.352142910439 
 13.065045018388 -8.212481780706 
-15.282473322781  2.590524371797 
 15.271588472918 -2.722127378895 
-11.475935353879  10.474927978345
-10.606401699808 -11.424755892264
-9.438051750090  -12.412084287937
 13.370194502819  8.025712141377 
 11.641459225505  10.457482328536
 3.063082174893  -15.373978044019
-15.104503452039  4.248257612812 
-13.538442422978  7.940472147227 
-1.155575529671  -15.654153189679
 5.782720080010  -14.690892071473
 9.497482503125   12.632005566653
-12.723357868045  9.526414550705 
 14.388967465646 -6.827886362491 
-14.602938880211 -6.411699048516 
 4.417219084452   15.401518923644
-4.937969197944   15.255422026261
-11.977245898239 -10.669656324870
 10.857849487780 -11.811657620121
 1.609663910973  -16.011274176874
 15.918242827583  2.635112500425 
-0.797535089745   16.119635458030
-16.079279041022 -1.592659067008 
-16.190747108966  0.166285859845 
-7.322179374390   14.534489705964
-14.252235325739 -8.031034476455 
 15.690672387134 -5.558110030080 
-3.663219035601  -16.239905905094
 13.694255217379  9.490937022992 
-15.003493626485  7.404518697397 
 11.571475657245  12.099029577550
-7.764655613239  -14.886595806323
 12.370587287504 -11.381472137486
 15.934599638219  5.469839690563 
-10.384004284014  13.270832522521
 7.425380344900  -15.134584837007
 15.308106883040  7.109499668125 
 13.885231345650 -9.645703035275 
-15.876527543254  5.865293927152 
