-0.351135233090   0.162224968836 
 1.383673578228  -0.227201370730 
 1.382047686101   1.311077408828 
-1.554743529876   1.129805803333 
-1.901901439293  -0.431276225093 
-0.140237853998  -2.480986608787 
 1.608863717063  -2.087787061690 
-1.278021069331   2.647449493235 
-2.086433130379  -2.560511955845 
-3.014131823703   1.538100122153 
 2.695580017395   2.154683811012 
 0.614503830237   3.406969513353 
 3.528477341156  -0.301010613956 
-3.496868326256  -1.519168079333 
-3.827033822072   0.119710016217 
 0.533915725977  -4.085282185531 
 2.045896095294   3.899933908983 
-3.071132875872   3.196598957723 
 3.231955452765  -3.041778626144 
-3.369258032547  -3.476242316734 
-0.574870559545   4.899886198708 
 4.579335133097  -2.061830417294 
-1.571816163539  -4.780008186646 
 3.729424548445   3.601819577625 
-4.565413265352   2.487075066954 
 5.247984743519   0.386670680835 
 5.181621633924   1.987466593244 
 0.969132820042  -5.674431121121 
-3.247295399321   4.763203594886 
-5.797231162024  -0.044396552867 
-3.179686808074  -4.973685274778 
 2.966858217708   5.117064932898 
 1.085158712328   5.844608793486 
 2.650743841110  -5.402699563779 
 6.010893191690  -1.583488157977 
-1.610198179461   6.022133516308 
-5.614236315153  -2.771508110231 
-6.110876058818   1.815793581299 
-4.978144306135  -4.314490668649 
 5.629942002278  -3.501207202154 
-0.676084192347  -6.746755756119 
 4.785088953569  -5.125897355117 
-0.259638223072   7.052307929262 
-6.978116968048  -1.264177628153 
 6.967680522767   1.371680981297 
-7.185546357770   0.586681924302 
 5.838573641479   4.258405506222 
 2.452445367846   6.973932061108 
-5.052200551602   5.507394217905 
-6.141583534357   4.388691458570 
 7.565235602247  -0.833371068102 
-2.900677078400  -7.154990945199 
-6.499100144587  -4.221498914323 
-1.780827201620   7.546562572556 
-7.452344510313   2.756389160809 
-7.508442112404  -2.696812971381 
 3.553415805144  -7.218110163670 
 7.111801259967  -3.915115686084 
-4.259321176308   7.024251667724 
 6.386603334296  -5.311171823894 
 0.099361805189  -8.338793258734 
 5.428755369094   6.342703573878 
 1.901517646320  -8.140524459105 
-4.924512429589  -6.761929173936 
 7.959613923318  -2.675343469581 
 8.442112256450   0.622926539485 
-8.567688153508  -0.410197872275 
 7.940039325793   3.293811100933 
-1.478435386538  -8.513621591766 
 1.426964725363   8.556214909815 
-6.559742200339  -5.743845699392 
 4.395740303076   7.627606807508 
-3.243079235327   8.209538280869 
-6.567326184046   6.278218668327 
 5.486062767464  -7.328602860799 
 9.053423599925  -1.370606967857 
-8.972870947790  -2.015404361184 
-1.169073421382   9.186223097500 
-8.274921031018  -4.310775098964 
-7.826118223086   5.191879425980 
 3.193935781244  -8.908805902362 
-3.619571649182  -8.767221531410 
-5.651347238553   7.708511780132 
 9.422553561894   1.834769800299 
 7.055277264849  -6.690038516717 
-9.745019276212   1.077317205643 
 7.871834443816   6.087180672747 
-9.333668448732   3.835438128436 
 2.206260592560   9.852224847305 
-0.719929400264  -10.087277706399
 8.378777414264  -5.694807856766 
-9.576158953568  -3.423635682803 
 10.178494374037  0.265397525135 
 9.632301571263  -3.331283055125 
 1.465721262777  -10.137392789006
 6.407542709184   8.026105444458 
 4.105881712283   9.460652169031 
-10.293352814951 -0.807693119161 
-6.651647249268  -7.918852439631 
-5.249575812850  -8.943962700518 
-2.803676624256  -10.059424566201
 9.402418989907   4.764680308460 
-5.307743763336   9.205680883426 
-9.034118058532  -5.628588550329 
 10.563078265825 -1.531972395426 
-8.476513593552   6.548708216413 
-0.591774654767   10.819279572921
-3.742872227181   10.191659359382
 9.798825906550  -4.857098575642 
 5.716765043585   9.391950809607 
 5.394741051033  -9.768154102515 
-8.368322839174  -7.493260713901 
 10.785122556901  3.259810140941 
 7.929278612347   8.060386839481 
-7.521948638787   8.495311088483 
 6.872926452754  -9.071960310925 
-11.081808939751  2.979787919491 
-0.146073076456  -11.487946372532
-2.111033839876   11.319716442860
-10.523614956348  4.817130173660 
 11.483278625684  1.487376819842 
-11.230747535598 -2.991823420362 
 9.348537202910  -7.024079860546 
 4.151252023765  -10.963879502636
 1.546740588869  -11.651341593192
-5.304590961248  -10.513454569465
-11.815766589793 -0.250178178101 
 8.482334985361  -8.279220503667 
 11.937771760237 -0.876249485037 
 10.894916999547  5.008235004201 
-7.817165240854  -9.093271606551 
 4.151448692171   11.354355457642
 7.293698400694   9.891272411762 
 11.653256291128 -3.947770071267 
 10.699498955653 -6.125767501332 
-10.780126569080 -6.065880962317 
-10.199329703233  7.004477363417 
 12.146895666070 -2.374967193593 
-2.817658243777  -12.102869571545
 0.809763987640   12.406118730212
 2.582859023053   12.309448360692
 12.282478893372  3.046914599174 
 10.032560140348  7.753781639251 
-0.757700670817   12.689384976479
-11.838958501285 -4.646557312392 
 2.987887355175  -12.420909295076
-12.732793793113  1.060423168895 
-12.548185985362  2.552386832732 
-8.273687678086   9.794006982571 
-9.503722766892   8.618073600119 
-6.328813307798   11.227032152400
 5.853827607326   11.495571882176
-10.484534670838 -7.643768039776 
-12.885988338876 -1.678439209970 
-0.726954584485  -13.006506141023
 11.441830972797  6.438149907431 
-5.013422853009   12.142531862128
 6.373061544061  -11.506660486615
-2.728317812950   12.901581466707
 13.248992520354  0.015358078034 
 13.229765750700  1.635837135836 
-9.253972284651  -9.657057552476 
 4.616001133665  -12.575524321298
-13.087038412414 -3.171078941471 
 8.034820714539  -10.810893091548
-12.308340968134  5.472457868935 
 9.970321679514  -9.121258307610 
 12.289643096119 -5.703726143689 
-4.583936656003  -12.755579569437
 4.455504805309   12.913142763191
-6.059435995665  -12.319603983334
-12.341635599246 -6.061142805500 
-7.997369120026  -11.229137818228
-11.751840472859  7.223733004022 
 0.954126362130  -13.865071492226
-2.202188134198  -13.743767019819
 13.029890447025  4.911589037738 
 13.217531760932 -4.482850789304 
 0.286637625496   14.041419622089
 10.674780174441  9.194756674479 
 14.062776076323 -1.470095310080 
 11.663836634249  8.054467251232 
 2.089709031619   14.031336456495
-14.054927483117  2.754126851808 
 9.765620450876   10.486901951300
-8.945400199616   11.277546871984
-14.399418806067 -0.693180099149 
 2.827908651330  -14.177721396950
-13.664009769616  4.728898551685 
 12.061144463325 -8.005829129433 
 14.140381983733 -3.261658045954 
-3.704307076244  -14.058852850721
 9.854966123080  -10.730367184619
-14.390014398668 -2.388557871719 
-10.616800044551  10.003671596243
 14.386242318353  2.611383792035 
-12.041011546843 -8.299029040826 
 8.702044201212   11.769866520995
-1.200000863859   14.625373144054
-5.613530392728   13.559368326553
 5.883604361007  -13.445405383254
-2.829136215525   14.422344624405
-12.054202548935  8.699057753823 
 5.745535282255   13.797999677583
 8.274064469058  -12.457168198420
-14.109003667762 -4.975822120840 
-13.249762159674  7.054284539673 
 13.440939387090  6.710565568548 
 4.549554812940  -14.354456725362
-11.405264534828 -9.894260104400 
-15.178369715179  0.899628499264 
-7.364692024326   13.356032199297
-9.336905376503  -12.088131406855
 15.347696013024  1.224815063158 
-4.560634776609   14.787600176297
-8.179378289044  -13.148136011860
 15.473718607306 -0.701144806135 
 14.231990756089 -6.271422239262 
 7.406510645959  -13.730670281834
 1.295766482585  -15.615053595746
 7.323393639441   13.856896132850
-2.326731102470  -15.538878411182
-14.528832519422  6.044980094194 
-6.553970185973  -14.308360143396
 9.828752293100  -12.316934388862
 4.459432861599   15.119463144411
-10.677468703629  11.620400834274
 2.233772966920   15.641694655709
 15.063936889806  4.770644698995 
-0.617322906917  -15.802115005188
-15.683019786214  2.322524444265 
 12.748360001456 -9.452722537164 
 11.942212015418  10.489023466288
-15.278958750492  4.587482325868 
 13.113908578677  9.096791949439 
 15.819772529176 -2.445982655344 
 0.543911289956   16.125760055661
-2.056843308895   16.022617195030
-15.891927195291 -3.000379892647 
-9.396317145668   13.224532383755
-5.257892952615  -15.374928079416
-14.490293048422 -7.391229655854 
 9.314412186454   13.352132038105
 10.902478860195  12.147913557928
-10.864479837337 -12.225841198689
-14.128893208995  8.367968257331 
-15.738635472851 -4.956320199834 
 14.232435230700 -8.372893785375 
-12.554608325963  10.778601349362
 16.363525534753  2.605866110003 
-16.571442591554 -0.620087247224 
 11.405297117899 -12.063692613089
 6.346698247586  -15.351288972302
 3.297572269770  -16.354725016424
 12.643121237792 -11.018985149233
-6.739211362939   15.358414290850
