-0.711551102155   0.576719818543 
 1.372801942610   0.665284640089 
 0.116659697162  -1.792602541303 
-1.665026947940  -1.514541227721 
-2.278148868692   0.291400984682 
 0.814771084711   2.206805124719 
 1.867515712530  -1.944823139459 
-0.854612756065   2.759900723841 
 3.382666362930  -0.455505544179 
-3.329709486937  -0.951034321495 
 2.710268649242   2.179584961365 
-1.752215229967  -3.148219327774 
-3.366694036493   1.481538256569 
 0.914336123607   4.081640728982 
 0.803612894303  -4.120823683359 
-3.358182846586  -2.707304083682 
-2.293174927393   3.662278918679 
-4.439141111261   0.417157777388 
-0.690080453009   4.484256425812 
 3.289504070115  -3.462019985067 
 4.585979435209   2.391934803283 
-3.143662508939  -4.218354001835 
 2.832311782488   4.519158843320 
-1.237415161056  -5.209827408763 
 5.406464717206  -0.332401778013 
-4.777158820130   2.660401842432 
 5.321158568975  -1.867936738841 
-5.495475708142  -1.582575420100 
 1.319235476523  -5.609005755516 
 5.770096571692   1.435639967796 
-4.013470195280   4.553254132366 
 3.028949812592  -5.263230637605 
-4.968775217177  -3.600762270123 
 4.343279534842   4.375992682233 
-0.612528739221   6.136703389717 
-6.215507432467   1.221653975390 
 1.038302383642   6.373269821422 
-6.482742362914  -0.387881719764 
 4.667269182511  -4.610148996665 
-2.770804905757   6.023378919106 
 2.536271482634   6.199046981401 
 5.983149940342   3.240703951908 
-1.527350707713  -6.797525361849 
 6.988673123122  -0.497486940887 
 0.324833379565  -7.010773411074 
-6.447389664871   3.052129326618 
-4.670418927980  -5.456109926547 
 6.088685182139  -4.085155464468 
 4.342779763196   6.007720121182 
-3.490307627126  -6.570869200402 
-1.602457523719   7.375305818171 
 7.229962025416  -2.363938910120 
-0.018503505585   7.702911505873 
 6.512043560845   4.668098343657 
 2.482269884138  -7.642255618546 
-6.225887984225  -5.177596080679 
-7.842130838924   2.033900267416 
-8.095886153238   0.522191371635 
 8.006889247459   1.842753738552 
-8.165645457337  -1.114218525810 
 3.352833076747   7.541808955490 
-7.862278575242  -2.671749847356 
-5.991441020236   5.849806609303 
 0.818211061408  -8.463969945500 
 8.494976414204  -0.611594543012 
-7.416259638431  -4.215726680874 
-1.843772895108  -8.336110887642 
 7.765490478760   3.563896644683 
 1.266273349078   8.514559330708 
 6.005434491673  -6.205667537905 
-5.333730279411  -6.840256148762 
-4.868145168532   7.213195676532 
 7.948172654016  -4.061707645445 
 4.562840427291  -7.766251602380 
-7.990240246793   4.173393313319 
 5.917137944795   6.835151908103 
-1.922375872364   8.849496058952 
-3.614463009881   8.307345081464 
 9.209340585338  -2.033354854114 
-7.029106662011  -6.502168523517 
-9.162608395021   2.850855468241 
 3.107649657705   9.122759980052 
-3.979440035751  -8.795009833626 
-9.684737335534   0.777672787381 
 3.299635844155  -9.199367561579 
 7.596230664790  -6.317414004514 
 1.828508185371  -9.710610021850 
 0.415620942217   9.876652364766 
 9.870624713311   0.899922213843 
-5.065099796207   8.817592510611 
 7.759470871773   6.631158844695 
 0.384308590464  -10.212735910932
-6.519796803426   7.923641700846 
 9.925290288683   2.633525502210 
-9.023716309288  -4.994438591552 
 4.705361441842   9.200551036600 
-1.210746881917   10.339875585023
 9.893129817911  -3.497614095628 
 9.022739326800   5.397832585676 
 2.178164009567   10.348167837569
-8.778980689531   5.912689005119 
 6.601794996131  -8.313621863901 
 6.279917282743   8.637834063581 
-3.179945067467   10.220806502643
-6.279237097076  -8.750599469035 
-10.183513950160 -3.645540940319 
-2.373403594414  -10.565419066943
-10.798505542609 -1.943922656014 
 9.315140705451  -5.942838675558 
-11.034862607883  1.565119014155 
-4.678992819815  -10.138654961850
 4.405201045370  -10.411364297885
-10.774447887984  3.540591262825 
-0.913155674528  -11.391282259716
 11.448857263387 -0.099611396245 
-8.879551516089  -7.383512291648 
 11.443033579149 -2.005368240615 
 8.491666591799  -8.007535293366 
-10.300035329930  5.489854071167 
 9.472755150575   6.940257598398 
 4.714230748572   10.764946671285
 5.905630192949  -10.161270151802
-5.874492041519   10.209824162301
 0.398406730787   11.799300391520
 0.774120642991  -11.860901155550
-11.892838419117 -0.479767361338 
-4.539759242501   11.006441921678
-7.503810481864   9.252882465586 
 11.766208055413  2.295925371774 
 2.752168175887  -11.673424974721
-1.901025738540   11.888633236303
 3.184279013813   11.629293016140
-10.683447546909 -5.762412843703 
-8.300285041566  -8.885241119351 
 11.314831020158  4.473024810348 
-3.844075351417  -11.586873024125
-9.845643768406   7.225897352317 
 10.719080109414  5.917287381134 
-8.832242764825   8.522610885407 
 8.478250640631   8.895818659332 
-2.377478191437  -12.294198076888
-6.381876480605  -10.781263871924
-3.587244910609   12.168082731509
 1.952251351744   12.593824115347
 11.835377362314 -4.726502740506 
 7.766401988684  -10.217182119920
 4.701316706690  -11.957971684386
-12.060597355221  4.448978806118 
-12.796526626362  2.656000933325 
 9.093184276069  -9.409561960317 
 12.710379863507  3.609604632504 
 6.287204661930   11.635260666667
-8.201664145722  -10.388508266529
 7.854975348791   10.655701570422
-12.442375945351 -4.627555614949 
 1.410612267311  -13.227237331417
 13.233615805362  1.483263418165 
 0.275988296469   13.340460925661
-1.380775141174   13.305764370696
-5.226485305939   12.353131494279
-10.133203517061 -8.823989052614 
 10.359485384747 -8.567381267297 
-11.160198040530 -7.507352690340 
 11.359601565523 -7.241540983571 
-7.528788805417   11.174563031271
 13.293090421549 -2.293449644316 
-1.235843590355  -13.494854194961
-13.466470974898 -1.688232536852 
-5.981879523622  -12.247761510808
-13.273137794801 -3.271246213133 
 4.298595584943   12.986956744179
-9.227612603243   10.116428201046
 12.709737823333  5.370543728202 
-12.513019838230  5.924410107029 
 13.852091695794 -0.636868708640 
 11.784131542495  7.360727558691 
-10.458449378692  9.183800057084 
 6.732527909219  -12.208650939336
-11.815293998986  7.624636303180 
-3.306087629400  -13.685434577714
-4.783219195593  -13.283352954291
 13.556748721122 -4.106397516920 
 9.701284944292   10.403901251923
-14.222737221876  0.579445598063 
 2.978955902038   13.992014224641
 11.129517167061  9.026088902243 
 0.311183207894  -14.389272307725
 2.727001966822  -14.159767193984
-4.223567886582   13.801457820974
-12.977300472220 -6.372301449509 
-14.308419306652  2.267883999452 
 5.791896458604  -13.447480002729
 14.715669108882  0.672049733805 
 8.741394996259   11.889505274844
 14.334137818339  3.521687025424 
-13.851716265813  5.102257457741 
 0.775299709979   14.839016612777
-14.049527688960 -4.932717830144 
-9.287778001058   11.709148620276
-11.844055358585 -9.162435766337 
-8.821322418770  -12.133262019036
-6.311752376920   13.645891803310
 8.553886956792  -12.375273447431
 10.231297003503 -11.061814778281
-12.826478791162 -7.932805983474 
 14.779612777063 -3.151473852447 
 6.874651093067   13.486744340310
-3.109042064517   14.849765073226
 13.850835829662 -6.245585048326 
 4.382271325932  -14.559188242660
-12.150438399088  9.187480927168 
-7.922419435932   13.037624118008
 11.900544352562 -9.549770153323 
-6.180069771680  -14.015744804467
 15.378384009087 -0.736854243379 
-1.140079956678   15.361759349447
-13.699686807841  7.188872702458 
 5.104077108702   14.609365643854
-15.424205367630 -1.654149398003 
 14.243883792147  6.181520188570 
-3.914280066883  -15.058881210142
-15.090737387567  3.833189713898 
 13.037897340268  8.767517787275 
-10.667887477664 -11.617758251002
 15.668611700566  1.924293461502 
 0.531252603452  -15.932877907215
 11.297439585203  11.305261169223
 2.248976778514  -15.898153291038
 13.961614444998 -7.946087285578 
-2.242301696899  -15.938830955549
 14.154515477946  7.739109834908 
 3.370908418995   15.803027858051
-8.008523557314  -14.043912502323
-4.726473791002   15.556220181965
 9.449739089378   13.240563971224
-12.007559816486  10.981054540057
-16.190337607531  1.781484404408 
-15.977833979718 -3.608692964422 
 1.095751288311   16.346433868895
 7.468584283100  -14.588646179731
 12.604171484418  10.499146872119
-15.569515199709 -5.226748362876 
-9.886978066570   13.144670817455
 15.689696198458 -4.941351551490 
-13.590841961047 -9.332680815321 
 6.732100064637   15.064414717346
 8.906185958897  -13.892523678449
 3.910069443249  -16.054894766535
-14.742839820763 -7.528454799621 
-6.616660134539   15.179556924383
-12.591208768396 -10.769379436907
 6.063488821787  -15.441863014407
 15.802354388462  5.153649148985 
 16.681611434398  0.790603877588 
 15.546044333757 -6.481011206613 
-16.858587180420 -0.095310046025 
