 0.594142190856   0.404320266271 
-1.015454532154   1.140548083363 
-1.397227643729  -0.736874250830 
 1.717023356360  -0.594005708762 
-0.688385860114  -2.259881774589 
 0.525119864338   2.339514598818 
 1.372371942025  -2.248052771570 
 1.973378524873   1.773608947069 
-2.960824742686   0.818882286155 
-3.334587541212  -0.692437394871 
 2.985430463001  -1.950689632626 
-0.088800550587  -3.674929203826 
 3.834558786077  -0.508564303263 
-2.289355641320   3.295224301864 
-3.044843428673  -2.663086670805 
 1.500084804042  -3.821299406239 
 4.295917332086   0.946859098165 
 2.979202702250   3.365620313384 
 0.835004271050   4.483388193185 
-0.704382073249   4.664074308520 
-4.878502790689  -0.477721810855 
-4.426224950757   2.120708900306 
-1.418879769750  -4.896704529415 
 3.158937408848  -4.268916129642 
 4.443956881546  -3.008949352697 
 5.479494367063  -0.943796868510 
-5.221174871948  -1.959728275192 
-3.018794975991  -4.710584848302 
-4.249644758644   3.849875249439 
 4.785545312470   3.433022833462 
 3.581209458049   4.743799060380 
 1.249348594419  -5.825888692742 
 2.131556313155   5.648223240894 
-3.047908721695   5.246368605483 
 5.958306380689   1.291716432369 
 0.285630270944   6.202670199036 
-6.248123383297   0.272216574289 
-0.722504838771  -6.262824265869 
-1.400648083757   6.185743010283 
-4.907271320632  -4.488125404899 
 2.725684560000  -6.293191731090 
-2.542004467174  -6.424715331720 
-6.571860311263   2.513888518672 
 6.523667961726   2.852867005689 
 7.133985729360   0.105551432922 
 4.250744398528  -5.819934951631 
 5.824244797960  -4.535788067993 
 0.886514811300  -7.386068137561 
-6.233041625229   4.169536666816 
-7.479173832555  -0.788230599335 
 3.400146541514   6.714918899859 
 4.765109089217   5.850356643929 
-6.636075266845  -3.836777636639 
 6.924493489428  -3.309261201203 
-7.324187717752  -2.371929212586 
 6.139002489547   4.708500906676 
 7.751751827654   1.675356511927 
 7.713048938169  -1.950440019408 
-0.784061172080  -7.973620657035 
-5.146729329962  -6.162303680077 
-0.169437156499   8.027992192167 
-2.449976709753   7.701938577043 
 1.787122872385   7.883594671164 
-3.889546258093  -7.112375904628 
-4.982663776174   6.412507850967 
-8.153998344546   0.683030310871 
 2.818418676824  -7.922104082468 
-6.656868318677   5.620779789473 
 7.749708859218   4.101098742076 
 4.977141545699  -7.261624964455 
-2.473193726846  -8.481111569080 
 1.202561923593  -8.942118595040 
-8.580931163641   2.945210359205 
 4.206323222987   8.158577241185 
-7.408965870624  -5.500190472899 
 7.272716139950   5.738876951500 
 7.856372910903  -4.911617751910 
-5.092656031931   7.983364696026 
-8.788004783224  -3.535824358702 
 9.475995737804   0.453112717626 
-0.884293801462  -9.521487641852 
 4.266527271059  -8.589116460033 
 9.530063640951  -1.270709534082 
-4.037702154318  -8.742909582216 
 9.300252692771   2.559718947994 
-3.727790538076   8.951681972155 
 6.567053971118  -7.236684826569 
-5.732123470413  -8.164942024408 
-9.922255834400  -1.492897865703 
 6.965948590351   7.237560383539 
-9.894233359936   1.883325579302 
-1.808261035741   9.923923492519 
-8.159786430776   6.075653298084 
 8.865872270380   5.216025024483 
-7.133445346997   7.442125703461 
-9.119141435678   4.844920332733 
 0.407635660234  -10.381870638259
 1.167314562357   10.326170194490
 9.666520130461  -3.910200570605 
-7.613717004724  -7.373460184309 
-10.653125686226  0.137845500549 
-5.092213239258   9.628779840003 
 2.870385963453   10.550286308576
 8.428540781713  -7.092204364849 
 5.256842386254   9.687674246092 
 11.004420181628  1.582265220632 
-3.730725656527   10.532381884201
-0.587732015201   11.187539314040
 5.283055270813  -9.921615162095 
 3.142537079819  -10.809448386861
-6.947049837721  -9.052127443121 
-5.319681593106  -10.111255323374
-3.724440587981  -10.856317225588
-11.380280646893  1.609099124239 
-1.687051897984  -11.393532993225
 11.535074182903 -0.002772202191 
 8.617250815469   7.701998120132 
-10.828111232509 -4.057500345415 
 7.254990604971  -9.004735218212 
 7.358386172730   8.963391787595 
-10.730635692836  4.463482528447 
 9.823976267368  -6.221461472143 
-10.098434896584 -5.883835599903 
-9.222647932243  -7.202187026897 
 11.412529692314 -2.592239859739 
 11.037295448801  3.900945598513 
 1.555607176927  -11.629617939630
 10.506504252227  5.304965526260 
 0.913752360505   11.806940671108
-6.797854599625   9.719720344088 
 10.777588160058 -5.018908596269 
-9.257307775538   7.643075253318 
 4.353185921091   11.248395230303
-12.083640285022 -0.505505530336 
-12.021997936164 -2.396572740528 
-10.394002571717  6.574574676405 
-1.644688554000   12.255299628841
-5.062353904866   11.308776388773
-0.209281651539  -12.403686709880
-9.050292448799  -8.701875867750 
 6.147354844639   11.016620135631
-6.899763771318  -10.568684281642
 5.389306552022  -11.503296953076
 2.858857510978   12.380147722933
-12.165931383191  3.699583163290 
 10.096420330631 -8.121550421705 
 11.042046692704  6.808629161607 
-3.016085791978  -12.660142792169
-8.627093298908   9.816949796002 
-8.398634392445  -10.097121243777
 12.269773410003 -4.765073252359 
 13.205884545602 -0.274097843913 
-6.947604843176   11.277743023603
 10.095379546105  8.686870215818 
 13.150077021984  2.186120047639 
-11.428512831979 -6.896796553031 
 4.002524294449  -12.745397918304
-5.164684264585  -12.378801520768
 2.520370200298  -13.209971577648
 11.716556193947 -6.631599884066 
-2.961402430454   13.171694267357
 1.137358426860   13.455205223600
-12.172607512458  5.871497349757 
-13.419112139009  1.824905023673 
-10.631361273150 -8.453811820526 
 7.511719139124  -11.377422508965
-4.784937461142   12.792337492172
-13.305408752643 -3.409245781231 
 12.497267524206  5.759832862415 
 0.551035669212  -13.780475396411
-0.771960984197   13.811111799756
 13.536569388833 -2.908555133869 
 8.915858745908  -10.594240100724
-11.484959360868  7.831456200907 
 13.269208718818  4.159069985322 
-1.444960196336  -13.831148896664
-10.414151700828  9.263620905765 
-13.133256036475 -4.993346426817 
-6.766662458497  -12.318467509351
 5.966316749822   12.777245017052
-14.080925515495 -1.149060843406 
-14.227603510920  0.405896199305 
 4.317513645999   13.570094032106
 11.601675964051  8.375497622901 
 10.003108171330  10.263019521787
 8.782846922624   11.373551176612
 5.563496836939  -13.296818087902
 10.955652635351 -9.406608554034 
 2.438793232318   14.250844166723
-13.855827700165  4.357828347538 
-10.337564038296 -10.309668837299
-12.934273416052 -6.905386134175 
 7.603702562773   12.674997102319
 13.354211868213 -6.359782426072 
-6.499964848714   13.370075279979
-4.218553785893   14.348144760344
-5.724356272441  -13.904851674066
-8.277984403337   12.553919781484
-14.828242809595  2.944505671988 
 14.269464720399 -5.062847991382 
 15.162864405631  0.108217905041 
-13.440925072054  7.055078243411 
 12.689382521576 -8.335502390241 
-4.253947106125  -14.593791517776
-15.024903539256 -2.387030344774 
 15.138039731174 -1.686607020493 
 2.635006588516  -15.029801260737
-11.909932941228  9.592105453217 
-8.514028051876  -12.714645538892
 9.683942065327  -11.884536637730
-12.733711812303 -8.544959496502 
 15.268168048993  1.916048162675 
-2.570239651883   15.317722999248
 4.811170640189  -14.789246969714
-1.050387027094   15.528640816853
-10.116224551739  11.829079221614
 0.069009394879  -15.633713126676
 11.896599580778  10.241161909000
-11.921613620390 -10.347170691578
 1.603639395534   15.706852861956
-15.125432707086 -4.741491984255 
 13.777501752696  7.853604410377 
-15.882962096154  0.070431068304 
-14.565053171918 -6.444280185679 
 11.201255904609 -11.441372009499
 14.981130150932  5.721605574912 
 15.632121535574  3.695734001689 
 7.774350833171  -14.134458441102
 4.994797903358   15.341645113352
-1.437073665718  -16.085782472032
-6.312354439310   14.894691790206
 9.128676253560  -13.379637506878
 7.695407070127   14.289448285102
-3.252072078564  -15.913303666671
-10.131092862639 -12.822488710862
 3.617347976032   15.938128468069
-16.220850382320  2.062744261527 
 14.688534624540 -7.201079687124 
-15.666467441154  4.866220219213 
 9.775415751288   13.239615538425
 11.570126946245  11.754952591403
-11.677418567731  11.685205308357
-3.864258789682   16.089099657629
-15.293459795132  6.567775400001 
 16.272407354052 -3.706924869369 
 16.663403285657  1.323889258421 
-14.489670670248  8.392826060893 
-16.605132467859 -2.599488915476 
 13.412188188345  10.328594511461
-7.858486181414   14.999600074994
-14.948631641580 -8.066423858426 
 14.297383653881 -9.256060634025 
-13.061654906530  10.931421830598
-9.595834806873   14.083596199376
 1.018792084698  -17.014200510596
-9.382212863488  -14.257564915424
