-0.167312087190   0.572011982329 
-1.610011398389  -0.258247474418 
-0.154624479634  -1.734123872137 
 1.685501786887  -1.255890107862 
 0.265524906837   2.239242030776 
-1.752024042997   1.480723476865 
 2.039124478269   1.519351465157 
 2.958400181431  -0.381004540603 
-2.793375244085  -1.837920210846 
-0.485187315926   3.714524110338 
 1.691907631609   3.436901099694 
 3.833501179720   1.080464191749 
-4.003055852482  -0.161988525008 
 1.652367052903  -3.667133306193 
-3.708525902198   1.780800016548 
-1.187204885153  -3.967500951616 
 3.299065477250  -3.049061902552 
-2.250079118876   4.100771332810 
-3.421245390059  -3.218898123122 
 0.159601525455  -4.705376505070 
 4.530312869497  -1.536865435085 
 5.031309554142   0.123987029638 
-0.132303156245   5.289507991215 
-4.915578849494  -1.964569285077 
 4.560885350053   2.703093197065 
-5.470004876802   0.217453574029 
-5.306994078298   2.047333802231 
 2.104923673112   5.363731408838 
-1.736173084168   5.516331725177 
 3.824465375957   4.358449661901 
 5.135844631640  -3.044503046274 
-2.517415887191  -5.419283474907 
 1.619308075909  -5.904964659593 
 4.140517732031  -4.573078014871 
-5.161836624122  -3.517336194316 
-4.832130057659   4.178339699149 
-4.126386339037  -4.923054099716 
-3.496730443046   5.468322272790 
-6.446954784747  -1.700444023252 
 1.314862239191   6.657516528294 
 6.460969779753   2.188308295213 
-6.883109599478   0.721739080434 
-0.194977672396  -6.926880859233 
 6.112115050401   3.722592467250 
-1.603629837551   7.108990446216 
-1.984000604655  -7.057351950144 
-6.282754310624   3.791783537114 
 7.203104406176  -1.584207879996 
 4.675776966819   5.724468160091 
 3.107515209049   6.743259866541 
 5.837892703831  -4.654916230971 
 7.536364372829   0.096140571383 
 3.650938007855  -6.596906624225 
 1.575291871426  -7.535524935038 
-5.552428418805  -5.517006345100 
 0.318529465522   7.821754849549 
 7.095812900260  -3.571131669445 
-5.240060384440   6.119613872054 
 5.177247775347  -6.351961046341 
-7.777021200104   2.651847483024 
-4.517262526916  -7.013456875991 
-7.367045256815  -4.016189734345 
-8.402364730366   0.842456869269 
 7.787954790304   3.278043476593 
-8.600255856802  -0.770612965417 
-8.349604089176  -2.377891066327 
-0.211598716251  -8.789059532850 
-6.841479700768   5.523797696773 
 7.073376907969   5.264212846306 
 1.693803331527   8.728901269432 
 8.823220033252   1.314642821403 
-3.551663598324   8.223989794563 
-7.854530710728   4.364265732906 
 3.658677596396  -8.253023693661 
-0.860386112427   9.099459824496 
 5.628056630713   7.238346408159 
 7.673493948418  -5.098682506225 
-9.246352518294   2.090742831086 
-5.747375545883   7.645426617115 
 9.000940342854  -3.414570646030 
-3.584253546017  -8.950743095482 
-1.851954873347  -9.479963399904 
 9.614766000090  -0.940747871829 
-8.096103451340  -5.355404203375 
 2.624867890727  -9.346262335281 
 1.130656738511  -9.696551639538 
 7.441282243688  -6.590882577925 
 9.571336352486   2.856025691476 
 3.959796373328   9.258423646056 
-2.815633955052   9.694307200389 
-8.346024479903   5.818446325463 
-7.466389829274  -7.118835854760 
-5.391562923748  -8.812022987826 
-10.227079883057 -1.560588067551 
 5.233757600708  -8.975277024910 
-9.511880277607  -4.281727905380 
 9.222567884192   4.938716862319 
-9.356108925959   4.691302024247 
-4.606738855184   9.439498281231 
-0.041093377368   10.540540390595
-0.461198829331  -10.623722268239
 6.862278954482  -8.203918882793 
 6.324533682199   8.651796880242 
-10.705508678001  1.382976211079 
 8.507081914969   6.865941754761 
-10.648013702210  3.010090087524 
-6.814404625742   8.722993106352 
-11.115160125935 -0.118339872535 
 11.286141999083 -0.313366511890 
 4.467376194189  -10.389063480081
-4.352570765091  -10.449792608419
-8.392644975106   7.603849486182 
 7.833316661531   8.218512760669 
 1.141097037350  -11.311161584292
-9.378957051305  -6.432059548557 
 1.880981157980   11.306288622441
-1.372052337384   11.451791764800
 3.485087623553   11.061073438511
 11.185039986487 -3.105370104864 
 5.779330277779   10.081450070102
 10.593702890761 -4.800645458254 
 11.616809231014  1.213307441317 
 9.488239386915  -6.817241855564 
 3.074284555412  -11.285556509608
 11.331371158190  2.937877083558 
-7.430712710692  -9.092418026672 
-8.679107083534  -8.079658825534 
-11.728549776215 -2.306569316732 
 6.017257920199  -10.359098515388
-6.361509806591  -10.200733135197
-4.449898021345   11.209016194846
-11.418676965747 -4.147666829858 
-0.049682515481   12.163261965293
 7.776052616947  -9.394819866927 
 10.369685644856  6.557770864528 
-10.236426390954  6.764082219787 
-1.790861083570  -12.207064126753
-2.951175740442   12.064544852853
 0.133237444590  -12.431749087512
-3.553763281236  -11.950776265744
-12.323401107172  1.902870243026 
-11.750890482318  4.254126431370 
 7.490310517122   10.076809957355
 11.387361871323  5.324130644605 
-11.034514531873 -6.224750851484 
 12.558727032732 -1.748575552259 
-7.032422115822   10.558585095865
 9.355961527387   8.697968984974 
 5.338424354050   11.766227199886
 4.587614687854  -12.168280301577
-10.452228395032 -7.797702253641 
 1.869602021275   12.945946813709
 12.952210510028  1.957227105574 
-13.163154449705  0.115538609140 
 9.549010976203  -9.107070264877 
 12.552420109380  4.233757121690 
 12.361684845780 -4.942094438965 
 7.697940728050  -10.989626480414
-8.573431878074   10.380679107924
-13.107637705108 -3.461462254614 
 10.961898129862 -7.985166290559 
-13.502474864222 -1.416961850224 
-12.558272668566 -5.225990525855 
-10.770100787966  8.410407368752 
 11.043192508744  8.155935460382 
-6.182565465759  -12.262766198371
-8.162289851600  -11.078107192377
-2.941466033188  -13.454713609041
 6.271940037954  -12.277928721797
 2.115853951724  -13.712486369291
 3.708235665177  -13.397017937809
-5.086651762580   12.938784656408
-13.480087248557  3.491162868002 
-13.840490294036  1.717978636216 
-12.868750033787  5.381877219354 
-0.944241590215   13.917025922549
 0.591517035815   13.984908140659
 14.002630045904 -0.117364342157 
-12.080776102965  7.178306403882 
 3.419751757016   13.712004875962
 8.565718610518   11.271290962491
-7.650012369284   11.978071292639
-3.829816791621   13.761794835208
 6.781651759213   12.613395874123
-1.299995471987  -14.271857755215
 12.626374855255  6.781809714191 
 14.039305205136  3.055486041785 
-4.618094303154  -13.605626924297
-9.794163785208  -10.591352147953
 12.748477600191 -6.903763697302 
-12.960888790182 -6.711344205474 
 2.011112579180   14.517861971111
 5.596869943117  -13.638072220645
-6.581977302423   13.201215812941
 14.320466712713 -3.558787946649 
 0.413188498994  -14.767280951325
 11.120749542499 -9.847630313123 
 13.965536147741  5.091641015314 
 10.233753332673  10.806241399628
-14.606859802458 -2.865596379661 
-9.934531927401   11.105007527912
-15.013129891530 -0.136163205134 
 5.533413777687   13.982165493977
 9.409518549903  -11.832108847482
 11.884355434026  9.466258308332 
-11.307330439765 -10.161210360689
-14.421962691911  4.959564079054 
-14.143762288553 -5.715074116075 
-6.953777393929  -13.578084146650
-12.515314769254 -8.741866209443 
 3.515891679256  -14.893245103911
-1.688765333854   15.255290788959
 14.199107904350 -6.153513546765 
 15.470172716580 -1.711404279953 
-12.103412441682  9.814818098954 
-15.389303387441  2.719301568027 
 4.077187064047   15.093976875757
-8.487472409816  -13.152234723912
-15.084611038602 -4.328633120186 
-3.203385755394  -15.372324888323
 12.566639214598 -9.442841799225 
 10.962877318809 -11.339802093586
 13.723352101626  7.836161883271 
-5.822504294402   14.700838903178
 7.660567880419   13.913753095498
 15.915426611895 -0.268210281956 
-1.590932113738  -15.879987177990
-3.217238827944   15.662788397410
 9.248523830829   13.071780613583
 8.218376157299  -13.742985683107
-9.583284659705   12.906219086538
 1.334593303347  -16.031374250681
-15.948148711669 -2.149851814405 
-14.200829190214  7.633564535954 
 16.054426203788  1.737973834690 
 15.787548544443  3.429456412570 
 0.738860649034   16.164137070713
 10.546489842407  12.305405627700
-5.863674324121  -15.118875326075
-10.100840585805 -12.788489752242
 13.992301682102 -8.356782696123 
 2.769377459157   16.098757722422
 15.935262835323 -3.705213552018 
-11.090193412704  12.086960868798
 15.014198091264  6.721145532875 
-11.472499996499 -11.896955184902
-14.737627914972 -7.551125097194 
-0.068438225953  -16.570619325569
 6.850816237728   15.177971915802
 7.318499532316  -14.984594495672
-12.849240343556 -10.660894290240
-15.955475610352  5.124314100373 
-7.721806887628   14.894307527102
-4.913942091704   16.090665429189
-0.640441068110   16.931234613464
 10.095266463536 -13.666943527832
