 0.663003505728  -0.017789433404 
-0.912659712170  -0.252093860592 
 1.008029588099   1.450340799297 
 0.878257396412  -1.535242693022 
-0.515719064683   1.878947510617 
-2.230829244968   0.571233765527 
 2.199951979029  -0.822184648783 
-1.729272666012  -1.702153066572 
-2.194472554161   2.164586337414 
 3.239653101036   0.498610850522 
 0.919760739028   3.163934263766 
-1.035764821086  -3.136700544689 
 2.291734150000  -2.385456411483 
 2.465012753549   2.282230050555 
-3.478578388454  -0.890499046862 
-0.710950503912   3.594696595279 
 0.846728615686  -3.595518201117 
-4.055497410423   0.511097694322 
-3.233151042648  -2.568541291205 
-2.618787984469   3.611087301603 
 4.384507423611   1.516478886733 
 0.371027588306   4.717243339158 
 4.963686916194  -0.620331603990 
-4.483096537783   2.356749673797 
-1.841149271036  -4.817481860173 
-5.085425725929  -0.960590144914 
-3.253487372569  -4.070836065250 
 4.339763866362  -3.011782826097 
 2.050337814125  -4.972183555844 
-2.049160158260   5.148465475214 
 2.081211362736   5.162420606740 
-5.127189901480  -2.568655817374 
-5.830398296641   1.086552965314 
 5.007388307143   3.242234037951 
-4.393543917669   4.234346890195 
 0.633702581771  -6.120927056125 
 3.745659860276   4.888196547882 
 0.547082358986   6.215001681780 
 4.000996417695  -4.856842253170 
-4.735312675166  -4.365178697675 
 6.064493957447  -2.605350680051 
-6.641094606229  -0.187758229020 
 6.658819654623   0.755810583134 
-1.827252282567  -6.720718731775 
 6.928760996664  -1.339390275949 
-1.273972378979   7.015728542454 
-6.915185153286  -2.472658350808 
-3.854435391347   6.367638915332 
 4.039980562925   6.365690373073 
 5.260416524460   5.473766004011 
-5.179569923066   5.555035903167 
-7.056977213733   2.847758109386 
 2.249099356559   7.273834619141 
-3.385663403171  -6.831851725316 
 2.657150876969  -7.152673103279 
-7.568153621574   1.148274438988 
-4.915114163278  -5.889640636646 
 6.197962464070  -4.635938121517 
 6.980280671223   3.570305492268 
-6.741615682321  -4.128114196595 
 4.795175535762  -6.438040534933 
-0.430267506743  -8.151531919834 
-8.272959473622  -1.126962326892 
-7.082542262261   4.445557192649 
 6.945150894835   5.175767377567 
 7.989592032842  -3.356661576998 
 1.011243734828   8.647841103520 
 8.738522700361  -1.366642260953 
-2.442114289952   8.533506126098 
 8.538194558719   2.462287847142 
 4.174501026089  -7.960241984207 
-0.687197517151   9.044625084993 
-8.567497023570   3.359474265468 
-9.204425695083   0.100538470952 
 9.191647582483   0.540219026732 
 5.619945480522   7.352723022577 
-3.037819623170  -8.746290918067 
-6.039335683122  -7.029113857365 
 1.291184996082  -9.180406104779 
-4.457269417608  -8.192161391989 
 7.216258998247  -5.976782553718 
-8.845571751981  -3.116475827634 
 3.319617321292   8.776525869560 
-6.285076418016   6.994800788972 
-4.067341267019   8.492286997094 
-7.418469490724   5.983207738132 
 8.645059919586   4.123734939094 
-7.450848113256  -6.051423021153 
-8.464397888050  -4.606944665839 
 8.361972066850  -4.810917827454 
-1.391451036772  -9.571398407436 
 6.665778836340  -7.478904985937 
 7.920206291606   6.602312568541 
 0.122516023857  -10.387709650898
 10.337986781918  1.558608605220 
-10.398359434461  1.505628465157 
 3.060974531084  -10.095726177860
 1.475378138344   10.467543378782
 10.605539132405 -0.099492133196 
 5.004209724082   9.372273398435 
 5.199878092587  -9.366833973204 
-7.601156064282  -7.635452107331 
 10.444283527313 -2.679399634956 
-6.342741003288   8.761554132309 
-5.705369985394  -9.241876484744 
-9.020661869947   6.072692932804 
-9.798116243758   4.769655862938 
-4.217823841133  -10.163775316585
-10.970503446267 -1.456092355548 
 10.103602558681  4.716671182224 
-2.606270946522  -10.888875922805
 0.057240585130   11.201171931283
 7.283443842820   8.528259869457 
-11.218006059948  0.175068142705 
-4.641251015019   10.255320238400
-1.589157259158   11.189167899773
-10.408199131027 -4.539267862971 
 2.088342806371  -11.330338729971
 10.783618265531 -4.256667512858 
-8.711808304436   7.789872004623 
 9.849137530634   6.300280300107 
-3.414736080738   11.247574684308
-11.166518980327  3.691901516534 
-7.392597670299  -9.183235476154 
-0.951857275259  -11.754030908903
 9.662011637451  -6.762481874340 
 11.373929229627  3.160647045256 
 6.718780077959  -9.783328343093 
-9.520938266534  -7.183092843683 
 3.941682649983   11.267288612155
-7.899319343434   9.119667881073 
 8.622888975096  -8.464909777109 
 8.952012782062   8.138372508952 
 0.706727739393  -12.097227901645
-6.445753672377   10.296156555389
-12.147779340961  1.814591879257 
-5.477021031419  -11.078964644590
 12.343694787309  1.044956512436 
 1.943242087276   12.236673426550
 12.391998478368 -0.755690608625 
-3.904356507299  -11.820127736360
-11.999280769337 -3.323925451091 
 4.660356777836  -11.612662195259
-11.287175757612  5.431332408140 
-12.485170222421 -1.551588476973 
-10.365586174051  7.395448461302 
-10.972592943949 -6.760746429643 
 11.442581809762  5.932833735566 
-12.919821682890  0.227251350107 
 12.579987146413 -3.208724561513 
-0.779962724516   12.985373351012
-8.841601706769  -9.607635313014 
-2.942157720479   12.821690722063
 2.034181846265  -13.006385058564
 6.753081365486   11.316897791966
-9.534070730468   9.119722286281 
 8.961806685235   9.778679150969 
 11.458952133320 -6.752608918040 
 10.334671049079 -8.428686570060 
 12.518916174907 -4.747338192486 
-2.782395357157  -13.121430897513
 12.993599278447  3.405414500366 
 5.540506600621   12.276809507727
-10.558372045610 -8.453348156322 
 4.102270228215   12.978283077218
 3.968190392148  -13.159587704852
-12.777648548066  5.144848898986 
-13.577111221585  2.644074031639 
-7.261287672288  -11.780336063022
 8.924454657890  -10.590355225417
-6.767421415080   12.112849546060
-5.517759295026  -12.733272828547
-8.706604459526   10.824243830442
 13.997434652856 -0.355484807666 
-5.484148143687   12.894257374206
 11.252138060911  8.350362824216 
-13.262241472864 -4.527543408530 
-12.756988391365 -6.031463382997 
 12.999705298123  5.575081786058 
 13.993041666384  2.134737346011 
-0.434269731913  -14.161404774672
 7.544599342322  -12.000887766461
 0.390407067487   14.240132080362
-14.291354145376  0.898611857195 
 14.187645786917 -2.015143648393 
 1.170807910230  -14.306931146744
-8.800966674997  -11.366095794081
 12.554382674229  7.101479958987 
-14.261524684760 -2.425396891189 
-11.030898103569  9.364972588981 
 10.513017913251  10.016643640242
 13.091465853711 -6.283697065915 
 2.693987340303  -14.366628376554
 5.613126488732  -13.615378228194
 12.157356877718 -8.334862365495 
-10.390930079091 -10.501851138414
 3.565459150388   14.462736269613
-4.106591292674   14.321785035511
 9.405169632053   11.560838574226
-8.411733625302   12.317642808175
 5.824834743304   13.766047940794
-12.338285900929  8.477754046203 
-13.203244398869  7.075732894748 
 14.326564310174  4.390061621372 
 10.568261874639 -10.674709029577
-1.197873791062   14.995486371865
 14.539085847787 -4.313905906512 
-2.006460651322  -15.075712213666
 1.622678862869   15.133967881521
-5.300186606734  -14.357344900470
-13.175235132250 -7.807406400399 
-14.596077173919  5.039164476496 
-6.854594805590  -13.850122069790
-7.473679523162   13.536788960714
 15.440054362036 -1.120251610229 
 7.625256632740   13.581973400411
-15.512559552560 -1.528652434801 
 12.986789984761  8.698193009367 
-2.905190727056   15.451497273228
 0.700332893623  -15.751244582936
 15.536519378561 -2.718871014053 
 9.449802032394  -12.639131812416
 12.088804298182  10.154599221846
-12.472568886751 -9.690658654164 
-15.865804339252  0.050247242837 
-15.790964839527  1.965220280394 
-15.474895302513  3.734911089947 
 15.599248563898  3.350643323781 
 13.773017316957 -8.110723352700 
 0.113451069589   15.989711854842
 3.787956075875  -15.545050305328
-5.514072510849   15.038096780931
-3.975500096949  -15.564656338387
-11.383879319078  11.336580265607
-15.308345057976 -4.951770696038 
 14.963155370923  6.025493344838 
-14.737342688229  6.641140895926 
 8.164180956988  -14.006987220008
-11.336377015028 -11.682461038101
-9.915694367806  -12.914406227810
 12.894158150274 -9.948720973534 
 16.283396823935  1.527018599106 
 14.908663756792 -6.777546718324 
 5.717471959878  -15.354608181881
 10.011546637960  13.044317549111
-15.169496528090 -6.600250777387 
-8.408683085623  -14.258278579797
-10.614283804158  12.939092723628
 16.768574238123 -0.205228389557 
 3.601925678485   16.382187170107
-14.566663267811  8.332394577801 
 11.834353554973  11.907259914574
-0.547691202103  -16.810282325721
-9.344829252362   14.005206788868
-13.087845808572  10.602529623951
 5.647511144918   15.920116605814
