-0.128774888731   0.533466471791 
-0.234365721577  -0.997458655251 
 1.629498541455   0.562021918820 
 0.538097544828   1.900358811660 
 1.682317960729  -1.192548436201 
-2.293607145610  -0.216325002148 
-1.273038766131  -2.140240976595 
 2.881626730490  -0.282808644235 
 1.227453854413  -2.705945229018 
-2.012747033280   2.620111261324 
 2.773782421533  -2.389410573615 
 0.203868977799   3.727803618509 
-3.743989883704   0.597688437782 
 3.345723492770   2.089881253608 
-2.490918307535  -3.099340879880 
-0.403024926744  -4.014171472201 
-3.728586188994  -1.976060661744 
 2.272272097538   4.084173127223 
-1.598043172673   4.401347317318 
-3.363317348667   3.319303178551 
-1.837325269583  -4.559101894040 
-4.977507909032  -0.659439910507 
 4.972812159810  -1.044590347084 
 1.305361139896  -5.056255453282 
-0.204089972288   5.226995129169 
-5.288630836934   0.859130390350 
-0.187480985137  -5.532368714780 
-3.679049132626  -4.149218160549 
 4.176616861662   3.683433940084 
 4.949504021327  -2.592450640167 
-4.985244752253   2.572122950646 
 2.933688394206  -4.821598046925 
 4.315108290542  -4.031365685912 
 5.803814460125   1.211666754549 
-5.865590905079  -2.212460464062 
-2.674931153765   5.679670375046 
 5.662664055999   3.247598096133 
-6.536439267864  -0.377363672337 
-1.080562408577   6.469501432959 
-2.241347230266  -6.435867657113 
 1.857529350142   6.636308640382 
-3.812952413610  -5.884392252573 
 4.071202804945   5.727399406895 
-4.978673422955   4.963714810977 
 7.014037620182  -1.199059348824 
-6.313297461285   3.521145870287 
 6.534714096258  -3.210201024084 
 3.782445293301  -6.229474144683 
-6.395045759819  -3.679861137360 
 7.224565148542   1.751372145386 
 5.550537672352   5.003201053212 
 1.478399768187  -7.339378448001 
-7.532932488210   1.263664460295 
-7.587830253326  -1.680861247146 
-5.543050266610  -5.533341553193 
-1.101053277066  -7.914821926372 
 6.388639341930  -4.869964138839 
-4.527719666794   6.742174948885 
 7.595865604133   3.210382280163 
-1.195565998491   8.178295646360 
-6.511991339018   5.155086420046 
-2.939244806966  -7.835352446172 
-8.396481849376  -0.079864259196 
 3.026899355097  -7.870180235546 
 3.974321979062   7.461819473855 
 0.879380023829   8.451156328989 
 8.522187006129   0.929767741503 
-7.833283703302   3.542335275854 
-3.339634149626   7.974615317916 
-4.973272643142  -7.092546497568 
 5.783749479918  -6.515033974152 
 8.112799406166  -3.382497811161 
 0.325247010863  -8.862856510340 
 6.810802868359   5.837171098270 
 2.599647533642   8.620206089054 
-7.142865375200  -5.735163103280 
-6.387425229227   6.738041842429 
-8.202732096786  -4.437300278434 
-9.061192134575   2.498009426628 
-9.052896166717  -2.841894939943 
 9.590486025816  -0.666160724396 
 6.132576746668   7.504443107427 
-2.732403484701   9.411138008561 
-1.908766803799  -9.627915618131 
-8.141611974500   5.579131692857 
-9.921607729394  -0.127066887644 
 9.658100028560  -2.313454845857 
 9.664428942869   2.416893356188 
 2.737329979224  -9.656617973313 
-5.110326114949  -8.656319741647 
-3.560311793535  -9.451036786614 
 9.280738697244   4.347504267403 
-5.900772388849   8.385372394588 
 8.970998272899  -4.966121729149 
 8.134436596128  -6.347816258633 
 6.417024118222  -8.232571459096 
 5.133145028095  -9.178364728951 
-9.574772232515   4.487011827603 
-1.224266943416   10.517688176175
 2.623639803327   10.265952179295
-6.753111709033  -8.183575657282 
 0.392146405152   10.602990551743
 4.281602981044   9.721432495986 
-10.543736780406 -1.890797422539 
 0.634354696307  -10.706171664367
-10.723736513997  1.451781882165 
-4.356246999415   10.005048256902
-8.551409928790  -6.814896465700 
-1.066734553508  -10.941998812677
-8.265370770504   7.306979035901 
 11.123900245957 -1.114005694963 
 10.408538615059 -4.373098134430 
 8.931342011480   6.992004311866 
 11.256148608468  1.530877092217 
-3.105235913384   10.950640385850
 6.664312123222   9.283292272534 
-11.038410195322  3.078364442691 
 11.202446653591 -2.909136017041 
-2.992316478942  -11.220187457425
-11.596762724623 -0.766456386515 
-6.351532843294  -9.882568309008 
-10.376910880845 -5.766675368646 
 11.330636112781  3.584011229664 
-11.146906625690 -4.272358504289 
 4.999700847743  -10.857191464789
 6.549451298784  -10.128153139023
 8.274732337228   8.925139745109 
-11.249916799951  4.790140336449 
-4.977788900153  -11.169107282022
-12.216435062076  1.054506503307 
 9.836767654005  -7.325828098743 
 0.652898977564  -12.267726353818
 10.702017700591 -6.060836909140 
-10.581042875120  6.334278660570 
-8.205834705080  -9.225643789511 
 10.679640607561  6.285273169017 
-9.967839931052  -7.379346268289 
 3.248143509371  -11.988677985830
 4.907226792264   11.436404643102
 3.465551693129   11.979164713384
 8.914415510271  -8.779259940308 
-2.331249735556   12.312015686197
-8.133952426408   9.552732477263 
 12.537610453245  0.608113552446 
-0.826636272936   12.541201014644
-6.124268938852   11.013955022779
-12.644252681091 -2.256544533672 
 1.699405852692   12.756689269858
 12.957602645009 -1.031287741415 
 12.723081034225 -2.784379515387 
-0.753895483126  -13.064851967905
 10.573605973297  7.887960577229 
-4.203897433701   12.522520209502
-12.762144981016 -3.803601418562 
 13.214692077250  1.947506098589 
-12.845806760266  3.662293652192 
-4.229824407609  -12.694686773464
 6.395701667500   11.784731553186
-12.302507219501 -5.485394347759 
 1.892852014014  -13.381180315173
-10.075053535885  9.129505553266 
 12.432053771753  5.621191733521 
 13.135451607780  3.711413662134 
 0.381446763877   13.659235193851
-11.778015282570 -6.935180288846 
-10.076604807211 -9.290268005275 
 4.900549884899  -12.801957127749
-5.876749504921  -12.400253174586
 2.981253681840   13.538164406970
-12.867692874029  5.340722239537 
-7.850570341241  -11.525911426019
-14.059299813457  0.425261407394 
 12.951073749017 -5.544952254838 
-8.539792362686   11.204994893330
 8.960922269582   10.899000840027
 6.868247483186  -12.351043076887
 14.177612618899  0.448904281246 
-2.213413550030  -14.071531493182
-14.136633356741  2.316717288264 
 12.074116216834  7.720464321999 
 14.205171712933 -2.101005602687 
 8.389709891314  -11.696836170185
-2.607403312191   14.162745326117
 10.750634934287 -9.612008604144 
-6.674947935412   12.797146073547
-12.196398132193  7.904623875560 
 14.058661585007 -3.857890691312 
 10.773294901174  9.900442425029 
 7.912990659964   12.317013294024
-4.264683197663   14.092821391897
-14.687031917892 -1.083696255951 
-13.884934262882 -4.983191164333 
 12.091497652108 -8.594022411956 
-9.471336566873  -11.470505985612
-14.270315562707  4.721425892192 
 13.420761218421  6.918244874288 
 3.867027912647  -14.649265454758
 10.085880925145 -11.354012188014
 5.767601830331   14.113041619560
 2.409154190302  -15.063894612057
 6.031669111736  -14.025900657536
-14.988793847016 -3.031903350239 
-12.752699605391 -8.705678938933 
-15.405182303857  1.301941326181 
-3.615121455632  -15.032841025485
 0.891054299191  -15.440988484141
-7.585115290842  -13.504067001234
-5.402917131222  -14.535020744481
 14.459282017565 -5.605947698843 
-8.978060261701   12.651845044054
 15.547644401163 -0.533879985392 
-1.573746636458   15.486571218808
 15.181030731602  3.445507997397 
 10.332835111792  11.645014680444
-0.947761505762  -15.561337720453
-6.244172221473   14.344763054462
-11.671739157261 -10.500160286502
 8.286880406153  -13.356061499188
 4.284250127405   15.149745815346
 2.471968816436   15.623385612092
-14.125084899496 -7.265939138093 
 14.145796348560 -7.252589890479 
-3.171444285218   15.589546498488
 15.891576300447  0.961920442213 
-12.297829678097  10.198452080535
 12.368752946652 -10.119187683148
 0.333077511193   16.042287258211
-15.708650967819  3.311963352269 
 14.882206182129  6.149977838223 
-14.711876521423  6.582905626491 
-11.392112112902  11.403022970733
 8.774392154519   13.599456300843
-2.415166831392  -16.032668812795
 15.735697113358 -3.921247150753 
 13.534726507758  8.994553092454 
 13.552481327120 -9.084125857513 
-7.792818073547   14.360088405924
 5.444080047722  -15.436940971786
-16.440412046638 -0.510904390992 
-10.402869018726 -12.835425098631
 12.346306100584  11.009640274647
 7.557031073148  -14.739790865554
 3.784531812632  -16.194408297876
 16.449134017098 -2.465716265393 
-15.606450016435 -5.883303117970 
-4.775610946934   15.992146383961
-16.165683301952 -4.311029565251 
-15.921266179948  5.185080565623 
-7.566085961437  -15.032719644966
 10.411971580076 -13.227358864293
-16.727427384563 -2.115717438358 
-10.463025812292  13.244237668890
-14.123848905351  9.280379557135 
 7.458657990716   15.197821114994
-0.931778041468   16.954514741070
-4.585928971485  -16.392928863185
