 1.157103035701  -0.239289576542 
-0.554784234524   1.290830264553 
 0.006671049981  -1.707874437025 
-1.784001262421  -0.272785770064 
 2.313659480086   1.465082278906 
 2.451841796136  -1.436802956943 
-1.991731765353  -2.110462121950 
-1.811674458888   2.484184378741 
 0.755187679929   3.046261230362 
-2.873420249421   1.334015018357 
 3.353556277027   0.342234206804 
-3.642940975978  -0.661706019185 
 1.260337809010  -3.552236396778 
 2.551718346155   3.128982460347 
 2.862365344902  -2.971018880006 
-0.769154527498  -4.435769452707 
-1.853376056539   4.144724643973 
-3.974973245515  -2.289349377332 
 0.182817805322   4.610694907730 
-3.254451130228   3.562790792050 
-4.600058360836   1.495834124401 
 4.874129539869  -1.204923360203 
 1.155285443360  -5.089714344019 
-5.213101389751  -0.550738063158 
 4.396043932243  -2.929012823672 
-3.068064357915  -4.325376131342 
 4.341944433449   3.092799102998 
 2.759230711923  -4.956317015465 
 5.709906856297   0.794206834512 
-0.576451497290   5.937898964922 
-5.187638605277   3.025104913641 
-3.262534187615   5.097109726042 
 1.443353302714   5.886304356161 
-5.762343276116  -2.191695935423 
-6.126515738575   1.002905720967 
 4.619040200112  -4.429677830687 
-0.486328534071  -6.463461006806 
-5.207933326154  -4.141155191669 
 6.087155899202  -2.761794086257 
 3.541285911987   5.731404840455 
 5.050450155534   4.542737448517 
-2.832846782045  -6.179788308987 
-4.953817157783   5.218293012666 
 0.863547101708  -7.203117662403 
 3.522420756902  -6.351028464516 
 7.139470439533  -1.624653770211 
-7.380602271318  -0.138377145445 
 6.706018403757   3.154757989197 
 7.292829953863   1.732703825514 
 7.568139484384  -0.140653304011 
-1.806460078999  -7.459100733561 
-7.255534523342  -2.587294057337 
-2.020042461938   7.516030727153 
 1.175512539917   7.714758302845 
 6.612113309326  -4.271924814820 
-7.776331480841   1.338949658191 
 2.820037748111   7.382614054828 
-5.322072465053  -5.852909932847 
-3.640680451511   7.255670974410 
-7.549612108443   3.221096131263 
-0.281062037513   8.323014028648 
 5.501101352545   6.286862403645 
-8.282687526220  -1.394075595773 
 6.670549910358   5.142039953227 
-4.147837741547  -7.356255180455 
 5.716112734458  -6.584561498758 
-7.147281991554   5.033738853312 
 8.337408427897  -2.714328758931 
-7.827297917951  -4.051714041020 
 8.856785110067   0.775502710366 
-0.055028726445  -8.941808651980 
 2.465759511198  -8.599182535303 
-6.844470691080  -5.835695529642 
-6.020564926278   6.695591435887 
-9.055686605045   0.115625531476 
 4.825679882908   7.667481048124 
 8.769283636203   2.432050907698 
-8.965660619549   2.270134487248 
 2.099159960856   9.078582078915 
-8.922489671886  -2.938940155294 
-3.587739419898   8.790796812699 
-1.459448964522   9.387094863074 
-6.326652489874  -7.312316427440 
 8.808481263021   3.996958992693 
 8.241896681519  -5.147577617994 
-2.174122677412  -9.505945086856 
-5.054583378093   8.375301111983 
 0.516460552352   9.824154364544 
 7.533756086120   6.401938692027 
 9.917867373333  -0.321267173707 
-9.086787520297   4.053653860909 
 9.748049669544  -2.136130556731 
 7.355243785273  -6.933026404560 
 5.272703115505  -8.680062366129 
-10.070817451804 -1.615965303640 
 3.908318192446  -9.443608296683 
-3.776754789223  -9.599961499019 
 3.482290340459   9.842361796459 
 1.293672787168  -10.400958808321
-8.835795330383  -5.685078755692 
 8.941461936632   5.658748420323 
 5.144582359844   9.398539362952 
-8.107687670084  -7.007002281062 
-3.154899416614   10.259304090657
-8.815856326350   6.299699078706 
-5.454670801456  -9.462650935521 
-7.880997883935   7.660694031111 
 7.691526196096   7.931461392046 
-4.704063859822   10.012237832862
 10.966554835262  1.698168315273 
 7.319621227788  -8.454052996712 
-10.488349231585 -4.000580167906 
-11.257312157772  0.237390458770 
 10.175038868012 -4.842558004269 
-6.463682921291   9.318168949921 
 10.907476733462 -3.532602719030 
 11.497731253671 -0.155953315560 
 11.119238200897  3.211707457411 
-10.286809260962  5.306551569838 
-11.424751491048  2.057921281613 
 0.105604038003  -11.655698298650
 6.482790616053  -9.704477817570 
 2.727469675920  -11.363367043228
 9.089853440762   7.369134872097 
-6.987786357607  -9.387479046299 
-11.584723583535 -1.882275996085 
-3.503397352562  -11.242917193963
-1.455412664285  -11.699986408338
-0.780670935348   11.841825658093
-11.175699715427  4.034135207386 
 9.945926263920  -6.600247568830 
 11.763161037109 -2.034824959261 
 10.555586633088  5.582969430663 
 1.599673868900   11.860627650487
-10.286041947025 -6.156260874598 
 3.599124336572   11.520543641064
-8.464260986718  -8.610774031990 
 5.034605674487  -11.025402789500
-5.051210574208  -11.061925465997
-10.012297928020  7.347569206786 
-9.806385349066  -7.674978376299 
 8.944430294053  -8.845435710809 
 1.459580567843  -12.536538309974
 12.635045336374  1.118126094343 
 6.569455079671   10.854951330375
-6.712630099310   10.818228286673
-8.252159081175   9.716527638038 
 7.877841058266   10.098540731909
 5.167828161699   11.817874102968
-2.817291546747   12.619116397787
 11.461169412248 -6.026786550476 
-12.421103781925 -4.040249995605 
 12.286516278901 -4.487570033359 
-5.592794122264   11.845042138367
 12.286336254802  4.661174626791 
 11.111998509476  7.021522764227 
-2.651592403132  -12.886702223401
 12.861987666070  2.795233258024 
 4.286278411565  -12.558724374508
-7.603223596574  -10.934234768047
-4.150090250297  -12.667107552010
 10.214106100768  8.566671310658 
 13.335101988219 -0.342911236475 
-13.107413185131  2.665492580897 
 2.866252333413  -13.127727295783
-13.447220842124 -0.073108597883 
-12.181278946549 -5.779902071584 
 7.187720336631  -11.421061860628
-10.041095819514  9.100206197921 
-5.868994735316  -12.344545172695
 10.978704364533 -8.148725469035 
 1.626054923866   13.596802706033
-9.516484804030  -9.885621758799 
 13.730837989478 -1.892869978532 
-0.907701748495   13.834782195758
-11.598573280810 -7.606107643482 
 4.523463360805   13.257859186328
-13.289306380020  4.445691968375 
-0.638363099123  -14.036785684363
 12.525351316929  6.384301496336 
-11.743362802493  7.823188320062 
-12.583479343662  6.403151754484 
 1.420246494271  -14.137934125133
-13.917868329918 -3.352180791412 
 8.015220851443   12.014035934373
-11.216808644998 -9.097749874076 
 12.979234053118 -6.375944874619 
 9.621283925496   10.816060909615
 5.650566791485  -13.329463836026
-14.363642375681 -1.848675753852 
 6.699518719415   12.908319418903
-6.581721671245   12.973819880647
-7.496065693617  -12.477899187347
 11.987772013863  8.388535571437 
 14.640846590150  0.667158372256 
-8.140718070153   12.273334802201
-9.197718657509  -11.525780208103
 9.546008009232  -11.364764914479
-2.621694703877  -14.617850411868
 3.994009614838  -14.348036385553
 14.481979580691 -3.602968033296 
-4.927444470585   14.116435976433
-5.593595629081  -13.868538590317
 2.811643480129   14.716679648762
 14.753626466769  2.636371923306 
 14.440457297009  4.187775142543 
 0.844874682942   15.026418663761
 7.265823489641  -13.186617504939
-14.977320210901  1.574880148309 
-11.779941310992  9.398527871287 
-15.080576691314 -0.395323206376 
-9.636433299076   11.753375414684
-14.853316955306  3.541017871224 
 15.210333125030 -1.474082966179 
 11.515372368937 -10.059236933537
-10.909435073395  10.833826641325
 14.347043147821 -5.598628464117 
-3.362000720136   15.038062212677
 8.800559180025  -12.700721107346
-11.063380859336 -10.909823249795
-14.272850924504 -6.239632864724 
 14.517702807660  5.720393187813 
-14.413627254285  6.010787790536 
-13.417873673668  8.102623056824 
 9.607178529078   12.486655757707
 11.451073071885  10.887567125540
 0.436319135818  -15.804832985208
 6.545492082352   14.434027448859
 4.325542856616   15.316217298650
-1.173850328368  -15.955379844858
 3.221082435203  -15.682151995855
-0.286095948652   16.021523307395
 13.386362717920 -8.899543313744 
-14.049580133289 -8.032834966524 
-15.888651823460 -3.189572574015 
 10.918254576519 -12.082840074140
-8.877086062724  -13.685989586986
 15.932863715829  3.573676943041 
-3.827310211923  -15.888074471416
 14.548582012760 -7.505768874363 
-7.585434347990  -14.536012860445
 16.173100540715 -2.883153820167 
 14.077895418742  8.469572554718 
-1.836678372713   16.337338745248
 8.462910430903   14.105990227305
-7.673026400527   14.603954981080
 7.578667217435  -14.692700040592
-5.349584688716  -15.705018516225
-15.638368189287 -5.585818706867 
 16.608210552969  0.452772195113 
-16.568620245860  1.314454314218 
 16.010789546679 -4.754688702509 
 5.381362663265  -15.844494689051
-12.579905253090  11.045270320559
-13.046198636194 -10.501182123014
 2.025678097412   16.625873435055
