 0.660624674595  -0.766268789773 
-1.206030994211  -0.376807624938 
-0.694171862276   2.007304083586 
-1.877787824438   1.033164113686 
 2.205800123839   0.030866102809 
 1.498002751714   1.921833383420 
-0.601964457423  -2.452920568656 
 0.994875527980  -2.473479539531 
 2.408103571270  -1.750272181028 
-3.148097513237  -0.318341017517 
-3.409508405191   1.236429390661 
 3.110298638849   1.873697552225 
-2.991828996853  -2.523491737086 
-1.162218762537   3.783304111593 
 1.600824219960   3.627161608751 
 0.199231281942  -4.035187864883 
-1.647055892841  -3.904166590988 
 2.985819599404  -3.647128199329 
 4.731603850558   0.935753321883 
 4.767092428323  -0.875907287054 
 0.712323699233   5.091965727478 
-3.452964759426  -3.965012726372 
-4.410492782514   2.959727130609 
 4.399193724065   3.110568041076 
-2.979736193494   4.528616357967 
-5.404846777064   0.471493839297 
-4.755512418702  -2.930617517861 
 4.643454066283  -3.424306088690 
-5.692993194004  -1.686396490038 
 0.747582018424  -5.907813953735 
 3.344497053265   5.168839583198 
 5.885519610517   2.192314525935 
-1.110586629284   6.219159794807 
 6.342774957086   0.324593161554 
-5.919944654064   2.397756313540 
 3.949255925550  -5.027831671036 
 2.541263181494  -5.990491139354 
-0.743689583191  -6.501792730365 
-4.606049611021   4.661608861478 
 6.315075379594  -1.957642543766 
-2.411370210499  -6.483697879822 
-3.790773186835  -5.885473485240 
-5.185792458673  -4.818353824820 
 1.406265598326   6.969301220490 
 5.946996618883   3.987212686394 
-7.146295514085   0.584741962029 
-7.180906396488  -0.957800108808 
 6.719847974670  -3.476630516232 
-2.909156130096   7.051038912440 
-6.642007530831   3.853500418242 
-6.700968081159  -3.847528174051 
 7.779319018601  -0.216623370025 
 5.686400012577  -5.487996039017 
 7.485054067811   2.670419735522 
-7.668369317828   2.184933025347 
-0.443143047436   8.006415953675 
 3.350745491999   7.381673419664 
-4.421946699982   6.855864535937 
 5.774368171602   5.822835054885 
 4.351649950501  -7.068236380468 
-1.000761759518  -8.283570433140 
-4.293755970709  -7.314208177009 
 2.464345097295  -8.138043367805 
-5.869189590210   6.267933145819 
-8.343728339964  -2.241032050997 
 0.456659043913  -8.664206585055 
 7.307569794448   4.693255601455 
-8.673812578516   0.778895493576 
 1.795167423355   8.546035865918 
 4.942189696470   7.268226452012 
 8.388366630383  -2.640060192707 
 8.779742363348   0.910711877222 
-8.942356965548  -0.778678057167 
-6.743372572758  -5.953712758978 
 7.525946072099  -5.240546547474 
 9.032858999596   2.479910227630 
-8.162595054256  -4.762082483603 
-3.047580139722  -8.965590335336 
-2.637413909152   9.149207892015 
-0.313581952674   9.569424862889 
-4.600889036232   8.403193487926 
 5.979201299093  -7.686674718296 
-6.183823987027  -7.535870623403 
-8.870240612552   4.157847410245 
 8.856216586691  -4.320942310021 
 9.858410545455  -0.575232702397 
 4.014820163804  -9.024729626774 
 4.174158118657   8.996684985219 
-7.729260327163   6.258533370270 
-9.964333031358   1.589030578333 
-6.505597826887   7.818992022550 
 8.485124656999   5.626184001412 
-0.047553600341  -10.213398202303
 6.651991957236   8.027692835559 
-9.912050662809  -3.275335160769 
-2.045220164005  -10.253795628558
-7.677013673755  -7.148517969657 
 1.421611823529   10.425517346733
 10.561983363434  0.868233147895 
-5.114960710519  -9.311140481180 
 8.653151968352  -6.292264180655 
 2.445532475156  -10.520521594669
 10.103401810931  4.059564915362 
 5.583231421702  -9.411157647163 
-9.109656784994  -6.168576426411 
-2.496334695442   10.735480853624
-3.652512902910  -10.428631197063
 8.391503197710   7.206223108654 
-4.776832181715   9.980807694830 
-10.945469158004 -1.703273323686 
-10.557460105678  3.614426680545 
 10.926275588125 -2.468685504356 
 10.463206454882 -4.159998233707 
-9.976114105878   5.386567340922 
-11.347999263569  0.345377846677 
 4.144907268993  -10.574959026236
 0.331570602172   11.480980967795
 11.244643120858  2.371319900507 
-6.545837443685   9.516802580102 
 6.208325283250   9.759291114903 
 7.137783715759  -9.165584074332 
 8.473573514988  -7.948365812710 
 4.264212181189   10.852068008172
-11.529251950306  2.309212153754 
-9.607369198575   6.853964559824 
 1.538973753059  -11.777974781340
-1.350493758491   11.803777622064
-10.530350146031 -5.556039411376 
-11.428531323394 -3.521541132936 
-0.468517236848  -11.966702531737
-2.274590666666  -11.813244201177
 12.048668443649  0.189442933273 
-4.131573025146   11.336968056616
 10.032777349583  6.802093093127 
-5.348370426956  -10.886622088321
 10.104859499799 -6.742315124655 
 8.203910925174   9.016498761683 
 12.113976674461 -1.368294159171 
-7.726699994981  -9.443725511408 
-8.507745885278   8.785516890893 
 11.158701989973  5.269660458838 
 2.505849913425   12.128518071307
-12.438845635423 -0.769757761850 
-11.691093111727  4.727358189265 
-4.225214120971  -11.891619883238
-5.658741921602   11.320795608554
-12.563749387433 -2.433084956253 
 12.242607847007 -4.097502463659 
 11.626626166648 -5.646085891895 
-9.537293288320  -8.780505964027 
 6.397647196925   11.315735447145
 8.601346391777  -9.779247490446 
 4.385701004794  -12.294631947982
-7.107686652093  -10.958849235098
 4.039921691221   12.437104034327
 0.869093856528  -13.120621893624
 7.948709988412   10.496551931347
 6.282407412498  -11.616586810670
-10.348739161369  8.293914910097 
 10.077954738056 -8.728321101321 
 13.323525549070  1.292797615580 
 13.124284724653  2.896149763965 
 11.647720721788  6.742903738639 
-0.299504919870   13.473571411882
 12.661529128295  4.727319186520 
 10.526135349925  8.509869165893 
-12.932384268698 -4.064513997123 
-3.208216265526  -13.180700094349
-13.052094175324  3.965907648300 
-8.689515063976   10.558496402664
-11.256169244603 -7.798477553619 
-11.714148941556  7.224800239010 
-4.176847545649   13.202176520702
-7.423073846218   11.689542742571
 13.852130852262 -0.670389609793 
-2.650178451615   13.731914754630
-13.929710172128 -1.667503509991 
-12.730897458834 -6.128537126298 
-14.089027759870  1.422714000997 
-12.838831371923  5.984506149089 
 2.105326465161  -14.047909674078
 10.030040444821  10.090083265159
-1.481653898579  -14.172136687801
 8.043198509736  -11.859122535364
 1.105905305214   14.290350383890
-5.584241368616  -13.274454335889
-7.074884984971  -12.564313167618
 14.234943233850 -2.375733063396 
-8.923366576323  -11.364701830801
-10.662366911649  9.766923149420 
-10.424053995103 -10.022336303413
 11.874425470537 -8.265372634728 
 6.225897514558   13.141150896996
 0.277127593754  -14.560039847943
 4.075360403343  -13.980887065326
 3.110605409231   14.328702484606
 7.750608268193   12.450596231346
-14.383022142424 -3.260550993262 
 13.581787080244 -5.840873452353 
 14.164952813922 -4.278170480526 
 14.290257165894  4.019969453573 
 9.931402266166  -11.044939067818
 9.266811474070   11.647792868413
 6.891812991629  -13.201538378735
-14.898219455599 -0.328263081865 
 12.317867204561  8.389592335843 
 14.930055278375  0.847858577353 
-5.627327547077   13.857739638996
-4.109463400947  -14.444150109949
-11.871003350394 -9.450913432963 
-7.334666648270   13.307924791239
-14.572816498259  4.355414451806 
-1.253570057207   15.181761568291
 13.861532161615  6.328454566323 
-12.826482478533 -8.258194160048 
 11.650067109371  9.917095069073 
-10.400598786382  11.261119624500
 15.142700638365  2.653817895737 
-12.155889954194  9.520106517717 
 13.521704951682 -7.503396153083 
 15.457232338922 -0.756368106325 
 1.390876033518  -15.624884051971
-2.821888349134   15.500125738804
-13.334270597192  8.490018481143 
 1.577454279651   15.760294715272
 11.599669045037 -10.825259664554
-10.606683306545 -11.851796983367
-8.532410469216  -13.484521040115
 4.324672391868   15.361579562736
 5.950148916487   14.809413040341
-7.093706035071  -14.341605349928
-15.078774585960 -5.574485398897 
-14.411255815708 -7.221405477826 
-9.814318686362   12.835572538962
-16.087856264788  2.072010242170 
-2.935127514517  -15.977180282286
 10.950134966076  12.064764749900
 13.812252074850  8.664909423914 
 16.001086772106 -3.148235807999 
 4.181498798269  -15.765715919818
-15.867136617678 -3.878643131424 
 7.445028119382   14.551395731778
 13.097385903774 -9.791256572288 
-6.625468256903   15.025485289302
 15.585698771376  5.322998319870 
 10.078125299802 -13.031744316267
-4.924767111074   15.753611780338
 15.304468686315 -6.211468028737 
-12.111874396092  11.264331417177
 9.684647379321   13.416888760766
 15.855427226895 -4.764931169503 
-0.025264729943  -16.593880484525
-5.354660659580  -15.721903486844
-15.052165511723  7.151335977193 
-16.309644172123  3.958224316220 
 16.799624280139  1.029266609655 
