-0.462113606714   1.071114524210 
 0.697929693302  -1.056496147852 
-0.882477358573  -1.216780282939 
 1.108894366485   1.229893503873 
 2.410982846343  -0.313877425240 
-2.393588636890  -0.691024303422 
-1.341307183961   2.417299591232 
-2.908950585587   0.998383998567 
-1.621815643868  -2.824747291861 
 2.352096617899   2.315920045093 
 2.862599651009  -1.919927002538 
 1.084944651042   3.329099341823 
 3.615315146064   0.633438847563 
 2.052855227787  -3.226250903186 
 0.175399994382  -3.828308504405 
-2.940288224022   2.534196828172 
-0.676525962390   4.181918003480 
-3.790855358003  -2.127816549605 
-4.413087432560   0.089249010649 
 4.086184572299   2.261481406555 
 2.976782575079   3.738046128045 
 3.798738985025  -3.112327087927 
-1.153326407111  -4.791557734487 
-4.569616062912   2.604370302203 
 0.809264777593   5.247647211369 
 1.260680544234  -5.185631056425 
-2.433970594031   4.861152465173 
 5.328129861719  -1.339899870414 
-3.787430588916   3.980293321095 
-5.524880522078   1.267233232206 
 5.573033129910   1.755624461109 
-5.396127110241  -2.343254831808 
-5.870738154691  -0.728834650066 
-4.452101209906  -3.987804495710 
-2.516061998217  -5.448708026248 
 2.309970843201   5.727508784783 
 4.125573353194  -4.639380673846 
 3.860975918330   4.960620306622 
 2.759776818628  -5.749113417107 
 0.302142139722  -6.458104400561 
-1.432073933361   6.498685828053 
 5.674472532314  -3.528164205201 
 6.843442341317   0.153592360297 
-4.435543524300   5.433884654491 
-6.088645761374   3.554240663087 
-1.368670075824  -6.968551408809 
-6.807603254033   2.227208206670 
-7.166156037462   0.524410035457 
 1.050815480072   7.117139172331 
 6.859371727975  -2.255692840299 
-3.208050156743   6.596499625996 
 6.517399414493   3.441641818267 
 5.415077661827   5.059985182635 
-3.090468236000  -6.850736142904 
-7.458173195904  -1.217122124903 
 2.297835494275  -7.308883611153 
 7.439210431329   2.000316384620 
-7.002787813986  -3.298249361047 
 3.234436724646   7.051964954724 
-4.912229384335  -6.172581168047 
 0.728503204810  -7.964384564664 
 5.071724972896  -6.196456688105 
 3.807160830130  -7.080319487460 
-6.448112579612  -5.075910367287 
 7.483605148481  -3.646499007068 
 0.150232296433   8.326185250103 
 8.290466299231  -1.119901241808 
 6.629302215737  -5.189475163579 
 8.482864012092   0.889920021072 
-5.258460279266   6.732928149837 
-6.509090422728   5.544747950623 
 5.326627472355   6.861190119475 
-1.256890051191  -8.780520865667 
-8.511232576108  -2.596858572330 
-8.457962593358   2.874807714460 
-9.142642941693   0.587255771808 
 8.783372053406   2.710268889059 
 8.172412996207   4.245626318288 
-3.624168660718   8.583844916040 
 2.827662802455  -8.961463058794 
-8.132254528639   4.765318788651 
-5.892198658152  -7.388564959208 
 0.522514822468  -9.452852920660 
 7.441890769230   6.015832197511 
-2.107633035388   9.339315941408 
-8.133916403528  -5.110018349698 
 2.370788368598   9.498500603211 
-4.183816028982  -8.854809186999 
 9.390993320716  -3.087970867251 
 9.968845603779   0.306264385513 
 5.767381581889  -8.221997972131 
 5.761684402422   8.365688482174 
 0.956222062748   10.136017396034
-6.534008322775   7.920900166239 
-10.234126068706 -1.325803959944 
 7.842746856611  -6.725378152369 
-7.891887591263   6.669908888547 
-0.741714324920  -10.322318185218
 8.843135769132  -5.402162020208 
-2.680190612966  -10.088822840390
 7.179043062152   7.600146454522 
 4.463968214888   9.476009122059 
-9.953103770203  -3.421917549107 
 9.088002622432   5.498062460536 
-10.635032644877  0.123116596907 
-10.082544069512  3.486652874385 
 10.602656114367  2.658078484178 
-7.606554624746  -7.860446909280 
-9.692417441779   5.095038009559 
 3.416064414724  -10.425194778585
-1.158199891599   10.926181371944
-11.040762119214  1.580454120856 
 0.901713774451  -11.152869863247
-5.253380350729   10.053773693883
 11.311434626031 -1.687395021822 
 3.408441046118   10.953502099783
 5.243611954806  -10.274365176761
-1.833701704770  -11.407759311661
-11.370088626725 -2.457199736317 
 1.625124678958   11.541318350186
-5.942986960325  -10.076223120542
 8.205505847341  -8.342268808134 
 11.778327250615  0.355187630018 
-4.595954779481  -10.911493506375
 7.107518556992  -9.497112888649 
-9.087964806725   7.667120012719 
 7.307917952628   9.419535362953 
 10.870977445836  5.061234369856 
 5.496223637159   10.721801066655
 8.623048362251   8.448969505576 
 11.097037979128 -4.777347220974 
-4.052190647189   11.482272785787
-0.213177696766   12.176217727244
-10.636238869906 -5.971675674862 
-12.206190588989  0.008509521432 
 12.045089151587  2.137508106063 
-11.559843287336 -4.108391284566 
 2.233457023428  -12.125383134758
-9.687711477076  -7.742560498078 
-7.908279531268   9.587484335148 
 12.105714504237 -3.057748841884 
 9.753979856513  -7.829417812533 
 10.815665581663 -6.359740961085 
-10.899326949402  6.418170070727 
 0.669994079267  -12.684891402801
-2.113243595908   12.540884996901
-7.450747370468  -10.337611776124
-8.895454970717  -9.204918905305 
-12.235112852312  3.779289907574 
 10.680342657654  7.215337905965 
 4.488712652331  -12.123819817139
-12.835059254016 -2.105649189626 
-12.880952332574  2.092010948437 
 12.959990211441 -1.532751582896 
 12.342642359338  4.259631763702 
-3.243006572983  -12.658987355705
-1.553578526534  -12.987060726044
 8.547819709733  -9.990300968600 
 3.564325867895   12.672814609069
-7.013437330775   11.267331703722
 7.286946192166  -11.111260302227
-5.637811756415  -12.065028424997
 8.680125617159   10.273768280312
 5.068651433774   12.516999388385
-9.693962759777   9.404144828376 
 0.746530667925   13.495870921481
 13.531572529722  0.865923636356 
 7.211736879168   11.616446599138
-12.677184235909 -5.305549702054 
 9.970586336870  -9.507803568938 
-5.771054142573   12.510930022162
-13.806337275373  0.412891454337 
 13.581500154859  2.600880083994 
 13.131458789935 -4.364133519464 
-0.307503711136  -13.895300418291
 2.518192636746   13.786620362139
 11.636894471433 -7.880871508559 
-12.229621374076 -6.947866452808 
 1.762543953950  -14.015711058704
-3.929999507710   13.568428176402
-0.723784946795   14.111364973441
-7.492450141176  -12.019204446537
 3.787191253094  -13.656100978102
-11.262030404816 -8.618906415778 
-9.162437820946  -10.955846024381
-12.792297958580  6.544395538630 
 6.535134180390  -12.843817845364
 10.795814696042  9.620595060447 
-14.367580104666 -1.705927874130 
-14.006650466914  3.954684124917 
-10.556666094866 -10.159720268345
-11.755079637304  8.799154067333 
 12.790231292779  7.212325623056 
-4.681737166847  -13.933578972025
 13.545119215397 -5.877479557348 
 13.643425972062  5.797427020473 
 5.378399486722  -13.836568853793
-8.316903263205   12.316045183785
 9.445328332093  -11.519877867333
-2.718906071148   14.683434260064
 8.588186193783   12.250265409397
-6.843681405220  -13.455982887367
-15.045365549813  1.272034200829 
-15.143607615907 -0.388787931062 
 6.123163096759   13.869097472676
-14.580837760912 -4.174855844983 
 13.201125600692 -7.525458431528 
-2.446986302495  -15.000566939150
 11.445911408489 -10.040630190158
-11.232873827570  10.333867387849
 10.086528228120  11.526812198862
 14.978200062386  3.227907025187 
-6.532957541673   13.871799165427
 12.492897437806  8.935809643429 
 15.130320998540 -2.656301654865 
-10.233363297799  11.463861664138
 15.415180948785 -0.969841228297 
-14.271079645240 -5.942537831763 
-14.559001767488  5.358486115055 
 0.364408763745  -15.622362566714
 4.841720688979   14.878207321603
 4.309872510085  -15.157157187665
-8.450954853244  -13.329359986731
 15.795225694631  0.674657921969 
 15.206657829063 -4.467548576359 
-15.540764803249  3.361097934136 
-0.865894686937   15.916689096080
 11.018316478736 -11.545662063887
 8.503167558116  -13.524867920079
-4.177738575363  -15.432298830534
-14.022320559495 -7.737409956045 
-15.830376867956 -2.472126988305 
-1.234960026676  -15.989068696877
-5.378811905314   15.117931184196
-6.124500969400  -14.840354879876
-11.146660879207 -11.579483919389
-14.474298150538  7.022664348482 
-12.300931340710 -10.410452421513
 1.073993424153   16.079629855772
 7.590711505516   14.287544542841
-8.075001209643   14.034621712603
 12.398549631877  10.448435226651
-13.779575643853  8.630521922147 
 6.809275132013  -14.971136124231
 2.775093589881   16.250375942751
-9.644621571456   13.371767446136
 16.378480666183  2.507969256294 
-10.394904404427 -12.911942882211
 2.212245951132  -16.453815636763
 15.913922914192  4.810664375226 
-3.530391459627   16.315054462296
 9.248635769602   13.902317679215
 15.211112810231  6.929481397133 
 14.122938911001 -9.083301858145 
 13.045731049319 -10.586930113554
 11.901985659560  11.879247523190
