-0.248934031497  -0.739636763224 
 0.453674980578   0.679503672497 
-1.437942300114   1.286419997115 
 1.715623217382  -1.308292665408 
 2.510528332326   0.074437471461 
 0.007099145714  -2.544720470398 
-1.796709954434  -2.308238632510 
 0.219786276373   3.007679956697 
 2.699967514366   1.574594912077 
-3.085644432816  -0.598020617166 
 1.738928951009   2.861636978889 
 2.132689565044  -2.870759383356 
-1.083117190116  -3.709935950045 
-3.032093109562   2.503317552915 
 4.005719237285   0.209567114696 
 3.916706606130  -2.177948332332 
-3.678342204867  -2.593802147647 
-1.654893203396   4.299168698406 
-4.681649871638   0.320710941185 
 4.367902632523   1.808138192283 
 1.782923558849   4.384548163795 
-0.005240746886  -4.813772677096 
 1.842753256114  -4.565842675724 
 3.559571314745  -3.968587690553 
 3.459248293326   4.075258725311 
-0.067688789862   5.522193036092 
-3.976702765894   3.878079525793 
 5.540615514350  -0.498050356573 
-2.715858949814  -4.921853806135 
-4.001333326325  -4.086802319507 
-5.202096734021  -2.611389725127 
-5.776842070042  -0.941351266922 
 5.491902425578  -2.670698480418 
-5.520335580493   2.619744396199 
 5.304537296375   3.516618123644 
 3.009774208180   5.690401489329 
-1.769173459488   6.290218255844 
 2.164829341019  -6.213596364368 
-6.568437840720   1.499662007525 
 6.854929837563   0.558500253114 
-2.241762210936  -6.516935606732 
-3.269606218903   6.133228243850 
 0.219283404212  -7.037889598471 
 1.751275798721   6.849126370666 
-4.090182155053  -5.918150141738 
 6.933408077064  -2.163311672926 
-7.132249899052  -1.770435179515 
 5.253914875721   5.232986519624 
-0.288391232071   7.522315896843 
 7.142693091047   2.498694823473 
-5.333847650231   5.442678861819 
-7.623596817345  -0.135045603966 
 3.546867196891  -6.798767282548 
 5.736912543985  -5.335572533708 
 6.922535372216  -3.763332734483 
-7.083294332583  -3.580309114671 
-5.887242737887  -5.358084759340 
 8.095562556908  -0.385656842608 
-7.736712948484   2.817418885827 
-2.570051355197   7.931864382133 
 2.006332540035  -8.141015063433 
 7.069777210079   4.549708541169 
-0.851137299243  -8.401000004941 
-4.433385819983   7.191530543939 
 2.887497009171   7.996285244311 
 1.002688152236   8.451439727830 
-7.217032097743   4.745573756336 
 4.540155799771   7.364762546054 
 5.058906686233  -7.085032295070 
-2.489539584527  -8.429181945721 
-0.596151559139   9.004222915683 
 6.469108225623   6.322450940718 
-9.042457437177   0.750741711652 
-6.596203633618   6.374196027180 
 8.360593633347   3.785421493731 
 8.802754971655  -2.734320131179 
-6.037199841027  -7.044903328117 
 7.065854401507  -6.223164957430 
 8.224291311926  -4.599614786504 
-8.954028751463  -3.173888682988 
-9.446247653149  -1.303785101048 
-4.599530524533  -8.360714240272 
-2.358341575869   9.518764288354 
-8.036025275380  -5.637864561191 
 0.601407681707  -9.803978258461 
 9.779995011749   1.001915616315 
-9.704737877950   2.112167597368 
-4.866299207778   8.685669175727 
 6.541913308234  -7.729469819824 
-8.889191737704   4.853342517967 
-6.328049393932   7.997135141923 
 3.343667021416   9.656534868970 
 1.678685843096   10.085753873462
 9.925140223313   2.562101614866 
-1.068730792088  -10.202870509407
 3.251292497138  -9.796917829246 
 4.994798843996   9.034289652612 
 0.164855768715   10.351122545797
 4.972741736042  -9.262335746797 
-10.537654398263  0.568321177035 
 10.521258959216 -1.668082833786 
-7.651407581719  -7.476543659899 
 7.098975055391   8.041586151995 
 10.245177132647 -3.237022993016 
-7.887543706720   7.442152399683 
 9.111937244508   5.918228678688 
 8.424152225283  -6.876534376156 
-2.573316662947  -10.598362248517
-4.191432804386   10.072504486093
 9.462507444964  -5.509488728268 
 10.075222387985  4.366845996137 
-6.657640953776  -8.747649346927 
 0.014635628874  -11.306453762056
-11.224354297003 -1.428648386002 
-10.284480492122 -4.731696681804 
 1.806783057089  -11.235755352370
-10.662150187652  3.995677573033 
-9.278643832102   6.741329376657 
-4.905270102386  -10.509789152655
 11.606249337998  0.648345081349 
-10.326465793243  5.462380429854 
 1.757246446591   11.663432524448
-2.049508914813   11.637795672187
 3.523983480323  -11.330419343608
 3.678095479440   11.296114779433
 8.941489271635   7.856123899046 
 11.752632880941  2.170787563844 
-7.736868757708   9.110075282833 
 6.136807246847   10.269006072315
-9.124109692808  -7.859829158903 
 8.265572285185  -8.854856868762 
-10.317734120045 -6.373595701194 
-6.534861259968   10.232146106526
 7.069643577325  -9.890096691672 
 10.076765909449 -6.883018911922 
-3.835852512253  -11.589370250498
-12.238497508620  0.420154643437 
 12.076681000338 -2.086177297336 
-11.886698933391 -3.059484281486 
 11.000016223870 -5.464140175843 
 11.691359014278 -3.796341544181 
-4.136186799703   11.820451505020
 11.913536711626  3.964544501565 
-7.306801390295  -10.272682804541
-9.656743665419   8.199392939552 
 8.008830643951   9.888433316038 
-12.398643245553  2.932691808467 
 5.156616641819  -11.735706566866
-0.193217932163   12.882909114904
 2.064806425526  -12.733041786873
-1.348438895926  -12.914582852293
 11.617677894917  5.802918406488 
-9.011723012602  -9.383490284425 
-12.246601064856 -4.627293699835 
 10.752890593453  7.530482801318 
-6.103537287711  -11.665532126396
-10.623391973086 -7.972529901144 
 3.742977666476  -12.818460885162
 13.264994947125  1.787814429684 
 9.729152435685   9.208066827120 
-9.243942258640   9.718203038001 
 1.290735235840   13.401578850925
 10.564356987466 -8.383265016836 
 6.570977530727   11.784490289572
 13.461228790340 -0.984196872156 
-12.079081888044 -6.224557372995 
 4.956373924113   12.668132001940
-3.565755322448  -13.133420240903
-0.071176896846  -13.721678089326
-11.298237398789  7.789154844071 
 9.434096670252  -9.969700673974 
 6.886149429457  -11.878803689484
-13.576700947743 -2.134849000853 
 12.608395705515 -5.579177270628 
-5.482557563782   12.669989821322
 13.417974157192  3.353373249877 
 13.206427154878 -4.108247685392 
-8.243731565436   11.110878883012
-12.200171597577  6.577820957100 
 11.927489272637 -7.084627113532 
-13.228911571940  4.409136052373 
 3.240432945296   13.611953914350
 13.157804144839  5.061502707860 
-8.606429481556  -11.234664213236
-3.967884991495   13.589436841191
-2.038124113373   14.019021448032
-14.213833173146  0.785763176923 
 8.453351627766  -11.470755677439
 8.577967817175   11.404858519425
-5.182027409315  -13.357051908556
-13.889538797302 -3.667959894890 
 12.600660779344  6.957903142811 
 1.571054687733  -14.308963551911
-14.382633982209 -0.762316770625 
-1.742456541906  -14.412079951625
 3.119367696921  -14.204211912712
-0.645496249073   14.676093827751
 14.540046416415 -2.155446918723 
-7.500903806903  -12.672059019907
 2.061854712753   14.692483547773
-9.966106534036   11.033592701892
 14.910305233766 -0.162501723712 
 10.960929554844 -10.116563381209
 10.385573852179  10.800488899159
 4.809900752640  -14.204730024049
 7.244545526728   13.189208664785
-11.296642129026  10.133871534341
-12.005555956449 -9.284020446362 
-8.092212956654   12.861683419160
-10.198404521413 -11.306379560502
 0.361617584644  -15.239733626442
-14.949160131233  3.138489993848 
-15.097135369824 -2.491673684870 
-5.286943964295   14.400950505172
 5.299756825676   14.416392219087
 13.600537716335 -7.173092747065 
-14.117487625276 -6.199839592593 
-6.569801140883  -13.974422009225
 12.460345418208  9.245486011991 
 3.827228303232   15.036869338065
-12.909602791179  8.609492517907 
 15.085241992533 -3.678038128981 
 15.499265398881  1.688613636322 
-14.021324535683  7.012906420875 
 6.820310014642  -14.161559681461
-13.409819297287 -8.429562192955 
 15.015111553065  5.175740985408 
-15.100506231464 -5.012178138970 
 12.912640597500 -9.317383122804 
-3.846414939124   15.474468320418
-3.058838152073  -15.652522005610
 10.591519159587 -11.984491491028
 15.036038749929 -5.519240212308 
-16.080305037970 -0.735297017287 
-11.929510345417 -10.872654015374
-16.141800781018  0.875562396646 
-0.922979321792  -16.150417549314
-9.844386057855   12.848179746972
 16.158321124047 -1.118499707639 
 14.666882563878  6.898127388142 
-1.603437493500   16.175239856650
 9.165245271078   13.494858567805
-10.296269229069 -12.853648594524
-8.939848720137  -13.867490565520
-16.083675019509 -3.680757551329 
 8.705027726955  -14.065985360842
 5.810279444924  -15.496886943721
 1.618791412139  -16.545538887918
 16.303346056477  3.273281313898 
-6.899308891757   15.147621844042
-15.557241445563  5.975426968211 
 0.260328773637   16.666274345408
-8.311351638730   14.468778893883
-16.293780317102  3.822873606148 
-13.376896439316 -10.065131233379
 14.164574696620  8.937162855461 
