 0.036638251087  -0.960690663658 
-1.309221210070   0.172402335437 
-0.613003953269   1.767139656743 
 0.932293481726   1.666427040059 
 1.934314569161  -1.219254236467 
 2.353596731782   0.392042892363 
-0.602710595490  -2.394237677558 
-2.786878793792  -1.376111912830 
-3.078338244851   0.745851675668 
-1.893672405883   2.559243774085 
 0.537305191608  -3.542703381091 
 1.553305689316   3.281751735835 
 2.802036140519   2.392464172660 
 0.115033315447   3.854118800207 
-2.378472338794  -3.253172163567 
 3.884581244795   1.134344870700 
 2.226750141826  -3.403133617500 
 4.467152288925  -0.475822481195 
-3.837590770157  -2.474368723173 
 3.836834574558  -2.576560487418 
-4.608626187389   0.411381845553 
-4.279980205245   1.901043308213 
-0.692741480191  -4.697996741855 
 1.308777607852   4.809079559998 
 4.381248365147   2.795433339294 
 0.755244097661  -5.173644659330 
-3.566274726210   3.921052863890 
-3.155978767360  -4.542110732697 
 5.510352464935   0.736278054652 
-1.517282864598   5.369959462786 
 3.156551849641  -4.714901335792 
-5.690654439634  -1.584966265140 
 2.833021328220   5.351647046397 
-5.733149534765   2.507300934155 
 4.628916638061  -4.343136290805 
 4.610152927010   4.625987845500 
-5.763566017491  -3.193121582298 
-5.199611924332   4.083063518371 
 0.990975895808   6.539644628394 
-0.637460084391   6.604859480579 
 6.652053465150  -0.748578387651 
 6.253699659384  -2.434813678235 
-4.760574174632  -4.866993287525 
-2.495896565581  -6.375132362703 
 6.590296950581   1.927101858572 
-0.813692143977  -7.050735848606 
 6.290579084761   3.434729408684 
-7.212538927769   0.863624162191 
-2.957195666078   6.719964403335 
 3.141182797981  -6.782161518119 
 3.560920254247   6.681008844740 
-4.837310553293   5.975631296208 
 4.639926444967  -6.223533225190 
 6.686326617645  -3.977957324733 
-7.970939216472  -1.166393970260 
 1.535164026861  -7.923293409258 
-0.148427637800   8.129292355821 
-6.919510734749   4.366383395578 
 8.057201484280   1.474427037418 
 7.916295624873  -2.240530902161 
-2.962990101708  -7.800612424459 
-1.852610753328   8.175072150204 
 5.634488173134   6.272387477054 
-7.969511793428   2.882433096868 
-5.165504947428  -6.971637459347 
-7.711245956600  -3.998922052029 
 6.482871228585  -5.905091898716 
-8.675197415444   1.449386585607 
-6.887844677602  -5.512472777156 
-3.987866609207   8.125284190457 
 9.051536493654  -0.883250656710 
-6.830910818197   6.033514695304 
 7.631257709272   5.171087518746 
 0.372133997094  -9.248604021952 
-1.714848093703  -9.115122191063 
 5.394228494528  -7.644073977795 
-9.376280428659  -0.619075722805 
 2.015778288194   9.194553557684 
 8.924958681385   3.003555386485 
-5.487688736251   7.717862572208 
-9.030547109495  -2.993301403372 
-0.830991472166   9.492214377214 
 9.073800321550  -3.195517772673 
 4.955974177913   8.430123569109 
-3.713920745986  -9.109475212908 
 9.783235549266   1.109348032470 
 8.201593352475  -5.490769865417 
 2.922107446573  -9.429711894692 
-9.733342808586   2.772596783100 
-5.591847657552  -8.448975215757 
 0.518410951711   10.163476157054
 3.610858862637   9.528925726594 
-3.400625824799   9.716827591088 
 4.534562044816  -9.285372293549 
-8.720673474598  -5.623619072675 
-10.418938483847  0.471491031402 
-9.393427177991   4.554709239966 
-7.576016041360  -7.194051111184 
-8.431281454230   6.470581345852 
-10.531325819041 -1.811572187917 
 10.426334064065 -2.387443542751 
 6.785002252344   8.297113388421 
 9.746966719912   4.571490707649 
 7.878205708199  -7.341948160803 
-2.133818707544   10.579121074189
 10.470456501213  2.664557996135 
 8.866798315788   6.207247606251 
-2.524451046090  -10.527455875486
 10.837530008353 -0.745721176009 
 0.799684601181  -10.843642384076
-1.113380352985  -11.054017970401
 8.232725510171   7.617099020977 
-10.243347464217 -4.678591015155 
-7.803691193541   8.216516062710 
 10.375373975116 -4.788699092468 
-6.366137930722   9.526258643291 
-5.115943620438  -10.277219165567
 7.326607449144  -8.878856856845 
-11.391692338552  1.806814456324 
-7.208020617202  -9.024105252543 
 6.385844272589   9.780589058774 
 11.697034262222  0.808607748790 
-11.824926866640 -0.547797871332 
 3.026258042832  -11.446298441724
-10.901458322289  4.731146369409 
 5.548250870715  -10.599777274039
 3.114964978501   11.569725967723
 9.968500177593  -6.662114887590 
-10.054628564881  6.563307815612 
 5.062850031047   10.905331857323
-9.505997651948  -7.510312665889 
 0.278143465437   12.112045927347
-3.282255172344   11.670480512792
-11.723670795998 -3.266013146300 
-4.790114297206   11.227632872600
-10.533158688234 -6.202690608569 
-1.687063600738   12.112616720971
 12.135369897812 -1.825631510609 
-11.767851842298  3.483408971458 
 11.507969927260  4.297906659207 
 10.165761915158  7.006133062876 
-4.361554793121  -11.578945884065
 1.869886234717   12.427712159740
 12.320265071284  2.546256461128 
 7.043669125396  -10.456636747597
 9.518266732782  -8.417339242181 
 8.757417608281   9.230138328460 
-6.529874588122  -10.947666006625
-3.079507551154  -12.399155929193
-12.852193039300  1.383578207384 
 11.485423542495 -5.961944788802 
 12.312085463476 -4.037731868624 
-7.956224861366   10.315886151308
 8.732222566336  -9.695201073313 
-8.461488883134  -9.945855890791 
-1.291431492858  -13.077102788917
-9.814010199450   8.837235098754 
 11.580836308010  6.406809992035 
 7.394805066639   11.046728747803
 0.901173223203  -13.281925623928
-12.550053986206 -4.632016339032 
-6.937530991494   11.524680293945
 2.518209565897  -13.217065305806
-12.582521305103  4.770096816564 
-13.427393837366 -1.327699370225 
 13.593492066328 -0.127458484682 
-5.617034397364   12.497238025010
 5.237461136372   12.688022107259
-11.965441951380  6.778448707322 
 11.060382547426 -8.186186176611 
 0.905200138913   13.786469896988
 13.487532950784 -3.098316310944 
-12.217649358905 -6.601114337059 
-0.930791880768   13.956814352349
 3.724857779646   13.491728433891
 13.959021243140 -1.671906193233 
-4.158606517327   13.431741714099
 5.594808409711  -12.909653034571
 10.716229947778  9.135141314897 
 12.924570721819  5.673444615575 
-14.161858650724  0.101824634612 
-4.185578234589  -13.570530620779
 4.204327374199  -13.609011801765
-11.576143858429 -8.350808561449 
-0.351878977011  -14.307437563906
-13.885348066318 -3.592759244844 
 14.260591056060  1.587715619553 
-8.761947059730  -11.478878208719
 13.473278035621 -5.463704309465 
 9.160788667676  -11.302237143608
-6.799676524636  -12.926844537293
-11.255598587775  9.422430475358 
 12.563823507447 -7.623046723061 
-14.166858181463  3.924804403489 
 14.266782865922  3.651869467476 
 10.148118179035  10.678521184734
-2.354482019448   14.558889703735
 7.732939713351  -12.580573918778
-10.541060699645 -10.454268292743
-9.067829009729   11.805343782044
 1.434688668977  -14.832867868637
-13.856923901872  5.607240884788 
-2.310613249271  -14.867181302426
 13.122421068733  7.389710454264 
-15.050177484528 -1.490322328052 
 3.083864322911   14.849129450756
 7.301941087444   13.323583703258
-13.722845931782 -6.622229663419 
 11.468573191970 -10.041981313200
-10.555986864989  11.074927267137
-6.031492795931   14.090265430313
 15.134304713806 -2.674198006582 
-12.649296859677  8.777805152109 
-15.356273265493  2.264265112301 
-8.437874942382  -13.054106777041
 12.734403200423  8.948367380769 
-15.653929219409  0.326026880359 
 15.675593126734 -0.979388221774 
 6.283842055416   14.483121985178
-12.394503039817 -9.801268841117 
 15.649299908899  2.269716059154 
 4.151528562775  -15.298585822270
-6.161667278858  -14.606495868208
 9.303093068845   12.894342937541
 0.022510360841  -15.904793701932
-4.761578037781  -15.197661735240
-9.999767159945  -12.395870795398
-15.282325461147 -4.616139191968 
 13.202119143129 -9.037858026377 
 15.368803754028 -4.880759681306 
 14.154635747320 -7.769295185692 
-13.657685243079 -8.679367549801 
 6.729471779428  -14.724889484884
 14.906741825766  6.345878379971 
 14.897052165644 -6.415537661286 
-12.204336278553  10.688801009129
-8.361142613534   13.909253568227
 15.792362088312  3.828566502065 
-1.165161505428   16.273435517260
 12.472839998666  10.567198865176
-10.482908033511  12.582383459829
 2.201598021363  -16.238913033306
-14.386477114199  7.865039958797 
 9.972189833261  -13.108546824644
 8.270615639753  -14.305192825849
 0.734049996731   16.562406261540
-3.592684306481  -16.258645647172
-16.466570758916 -2.604755621576 
 12.149391304588 -11.440775448671
-16.712535272487 -0.796800332798 
 16.768864841973  0.754445077712 
 4.551488508908   16.241140029729
-16.447864619239  3.784179132368 
-4.336857365538   16.338170752132
 5.575541141600  -15.961992182527
 16.052433682212  5.354484505064 
