 0.418241741668   0.597555628958 
-1.160584749671  -0.133831103651 
 0.371717977630  -1.727466893077 
-0.628923733757   2.539008480344 
-1.180855362754  -2.397324767267 
-2.693252645609   0.774436556355 
 1.269853098487   2.602846377912 
 2.251729969789  -1.880387692942 
 2.803134413160   1.305880604827 
 3.121273820619  -0.627399972291 
 1.293945944737  -3.138503135098 
-3.431747615407  -0.694559130249 
-3.072318816901  -2.169163882620 
 4.316067717569   0.374552868440 
 0.221982683775  -4.364152717487 
-2.523496614389   3.589045631853 
-3.635922430818   2.455629173796 
 3.291714322363  -3.028674089981 
 1.610648162657   4.216929756223 
-1.061104822045   4.424607028007 
-4.593794556489   0.585035941715 
 4.398213473326  -1.699575013044 
 3.984157626453   2.692796279708 
-2.334590945088  -4.504147680760 
 2.681221577366  -4.479069275468 
-5.213702465035  -1.354622245068 
 3.579430971686   4.140849119947 
 5.246273725258   1.737300472935 
 5.694481137165  -0.768496050819 
-4.119088038430   4.013024108972 
-5.340376946758   2.147677746600 
-1.333189908835  -5.637006148080 
 1.134088285648   5.696273198732 
 1.405221520533  -5.641159889374 
-4.488929224696  -3.742589616045 
-0.400481526473   5.964040129232 
-2.349047716446   5.549495195906 
-6.118622276201   0.468415263500 
 6.342929046158   0.595002440815 
 5.424959601527  -3.723885936926 
-3.431316391492  -5.619443349459 
 5.439233923552   4.019729919332 
 3.276105158172   5.984156391221 
 6.498998003261  -2.155931652829 
-0.240242922225  -6.887162484025 
-6.833916646023   2.326567964104 
-1.631809802121   7.052649697125 
 2.517282089027  -6.832877036866 
-4.920763413329   5.399971824685 
-5.859649085109  -4.411347947518 
 4.708906620810  -5.757275505742 
-1.865337412403  -7.328563704066 
 0.376202262810   7.595958200451 
-7.576562021985  -1.097397329404 
-7.166308327136  -2.790136735327 
-7.723552346745   0.928587805927 
 4.766485485266   6.244968810905 
-6.599140251081   4.299881075437 
-5.311003871605  -6.007002210200 
 2.717781086404   7.643966530403 
-3.992862614704  -7.086200175148 
 7.894401670016   2.012935943615 
 6.630798546468   4.938832745047 
 8.379216572989  -0.884709743539 
 7.512051712030  -3.834473418721 
-0.399125073637  -8.443368448570 
-3.629735963396   7.761714585527 
 4.477926917753  -7.344366233008 
 2.216564216269  -8.390534060207 
 6.805796815176  -5.418348352308 
-6.936061430781  -5.456981618707 
-1.616106252611   8.685049484555 
 8.503955435473  -2.540246273180 
-2.192051954735  -8.852611029770 
 8.341622601920   3.696084686576 
-8.246510832761  -3.923467575953 
 6.153660368731  -6.874911582088 
-8.208399610867   4.342376232162 
-9.016908957800  -2.302326513886 
 1.229985211991   9.271511251960 
 9.458384093367   0.781870930573 
-6.525173489852   6.970836726137 
-0.345506732802   9.590573268170 
 9.387356123023   2.408646917851 
-9.692642330129   1.514503471667 
-6.775030173014  -7.143380401743 
-5.499081380334   8.197224084133 
-3.667194151626  -9.170571921795 
-1.059766020208  -9.919608384823 
 7.941327099047   6.125134492742 
 6.179767811627   7.940847213450 
 4.321144221148   9.109223147513 
-9.565460740211   3.293307253322 
-3.000218365324   9.666127735112 
 2.848670213169   9.761017831102 
-10.183311729112 -0.564619977512 
-5.249765073057  -8.772160908953 
 9.665940027699  -3.530550503555 
 0.946297213660  -10.248899627729
 4.763064864450  -9.127177575021 
 6.258662104175  -8.488504902808 
 3.437180825529  -9.987819175519 
-1.547667414364   10.504193138858
-9.985960005578  -3.707733569288 
 9.855942075920   4.260977860512 
-9.053185666957   5.976518876297 
 10.814905219963 -1.691090841300 
 8.777082558571  -6.682575031881 
 11.154999513364  0.124484984991 
-9.120744919835  -6.428179654474 
-8.429604912658   7.342920108777 
 11.011441038471  1.993487674851 
-8.170810156513  -7.751841984964 
 7.660105181418   8.268106113712 
-7.008225824472   8.848157724633 
-3.888150458807  -10.706933327395
 2.401925049820  -11.135168371875
 10.147897359288 -5.341526933456 
-10.281452274724  5.110821060167 
 9.814837958093   6.125721303999 
-0.039054156191  -11.596013132728
 11.213630469599  3.496142095760 
-6.763733339089  -9.632264276736 
-4.031235658648   11.072360807396
-11.793551760806  1.178115797789 
-11.642228592295 -2.343456273286 
-11.409867136916  3.608034851000 
 11.677978453038 -3.123942492506 
 6.108835506947  -10.433335983790
 8.838356613103  -8.262555164560 
 6.438583168791   10.250359684882
 0.995853339521   12.064338720199
-6.225043003699   10.383463592450
-11.143582668377 -4.928501487576 
-1.742197938684  -12.103512192761
 3.147532079060   11.910621820411
-5.658044397623  -10.983288881467
 11.327789470775  5.008835221803 
-2.541634974989   12.138404354377
-12.444967842907 -0.251662799672 
 10.056501954089  7.623419555712 
 10.322827620756 -7.381398918387 
 12.746382775317  0.154265777940 
 4.922755241706  -11.781342497900
-8.103150220068   9.907536245322 
-12.224713435799 -3.802480491879 
 12.677333300657  2.023892224248 
 5.283989408563   11.708426816473
 7.968794636619  -10.127741448418
-4.573442553024  -12.097271752513
 8.511385751527   9.824335903395 
 1.130289498899  -12.952855318629
 12.909208607308 -1.704941049344 
-1.083503021829   13.039387199276
-11.362275529744  6.821145054965 
-4.701014116428   12.462169202041
 12.368488955450 -5.014382013989 
-9.383106539406  -9.656369830004 
-10.531989317449 -8.476853590317 
-3.204488820407  -13.166522264800
-1.266155890150  -13.528823468487
-10.502292799806  8.661993564397 
 6.680133686384  -11.869509689683
-6.694318319193   11.929184286874
-6.914814676125  -11.869603478481
-11.819254923163 -7.010976445903 
-13.338846893350  3.695791469880 
 3.054270694868  -13.509182966884
 12.533768620422  5.973258126308 
-12.769444660936  5.591592112915 
 13.437714900169  3.833271682452 
-13.930310153276  1.681200675806 
 4.678164120320   13.313032996093
-13.003356371420 -5.527078208184 
-14.145626537671 -0.090773224088 
 7.617144377955   11.986450102825
 11.270607711624 -8.668015085633 
 1.566613795461   14.175746437586
 11.188890880023  8.933428050287 
-3.584872484351   13.904509557433
-14.224677148310 -1.969620622833 
 9.034690504660   11.305671234450
-13.897629458731 -4.103551280615 
-4.868990017185  -13.671213576400
-8.515506209057  -11.820221204990
 12.471222287183  7.553299475974 
 12.632324708087 -7.282736773425 
 14.691784171132 -0.188162552091 
-12.184620154035  8.212356357332 
 14.666348928449  1.659984519774 
-0.168833534211   14.801971172510
 6.222145617095  -13.432561328015
 3.623554335917   14.417345898086
 10.667331188256 -10.395888482278
 14.409212270878 -3.975213500003 
-9.877028142916   11.254580854158
-11.102204998575  10.067430346810
-11.102667880108 -10.067665239107
-14.734549964012  2.994999002881 
-14.324000088369  4.922891913625 
-12.251449444029 -8.911327860401 
 14.911751349056  3.155572670657 
 14.347015118379  5.326048670683 
-8.164863648868   12.944041352166
-2.454338716087   15.141634955696
 8.832824080571  -12.546419338106
-10.094736938664 -11.563497956649
 2.652853041202  -15.160411601289
 4.732737265162  -14.657923926842
 15.281287729059 -2.389121647942 
-7.631558976955  -13.489584134580
 10.991424161210  11.011970917760
-13.548267936385 -7.685287345030 
-5.070560355662   14.731636325141
 0.398836818091  -15.586633012338
 6.667637154755   14.154241790519
-2.057820642466  -15.540446722368
-6.334843031362  -14.433849672932
 14.193855935147  6.861992519351 
-6.592157942382   14.417575594567
-13.793175984183  7.826583862221 
-4.606873909575  -15.187043799397
 14.428464783960 -6.619415414120 
-15.935617761855 -0.488010590420 
-15.914386674018  1.240622449029 
 13.188533089814 -9.136166457770 
-9.668710938170   12.967761704636
-1.196376007120   16.176817721563
 15.354394331843 -5.333931855568 
-14.817967609776 -6.699184701438 
 13.194249154543  9.513033170627 
 6.375955521552  -14.991540000539
 4.218357033071   15.843270527883
-15.983984648492 -3.652490272762 
 0.311776691524   16.397692813653
 15.769260015324  4.611462549516 
-12.438954140121 -10.761653759015
 15.995734829633 -3.833195489888 
 12.257657619662 -11.019634166213
-16.043303058137  3.926164269140 
-15.608952210849 -5.405633517021 
 2.049378158280   16.426324925361
-15.591726868856  5.822438871921 
-12.201975208516  11.452916809694
 11.360396786065 -12.313528654891
 10.505983347597  13.054576171932
 12.587719349585  11.128427592352
-3.646610156114  -16.401464798656
 8.942355888473   14.228492161741
-16.721108908136 -1.942324485811 
 14.697388202000 -8.290030965242 
 2.227282921333  -16.739438237979
-0.644941965064  -16.888293320028
-4.218303148241   16.372997200308
-9.004849878814  -14.321337241420
 4.839224339462  -16.241442310622
