 0.650774627711  -0.569602313523 
-1.096063631980  -0.304136203082 
 0.685971964067   1.949169250791 
-2.211331063225   0.747271082778 
-1.379050171207   1.999591211058 
 0.579617302140  -2.421986747642 
 2.154763823749   1.495525783835 
 2.925640652807  -0.093592555055 
-2.675850653186  -1.312652849032 
-0.777922027026  -3.195775647061 
-3.524597817739   0.014468964110 
 2.944787738769  -2.128291507550 
-3.240390005413   1.953640877704 
 1.950505893539   3.361184074075 
-2.312783929017   3.322863419849 
 4.081925133975   1.402454240931 
 0.260202108329   4.326698889224 
 2.056347390630  -3.885513312231 
 0.428176414842  -4.520902914674 
 4.537405368946  -0.776483032112 
-3.050549220805  -3.538638548290 
-4.486316603037  -1.404279554183 
-1.531599576446  -4.654584726509 
 4.504794003677  -2.362843839991 
-4.855689852803   2.084304748387 
-1.059354863323   5.286005530115 
 5.397638215831   0.581112735468 
-4.119704532777   3.662348344951 
 4.156581594256   3.687058373742 
-2.675185071778   5.007314137500 
 3.483908125289  -4.768825021987 
-5.900843253067   0.350713856182 
 2.388627703146   5.459620980862 
 0.579369776764  -6.093090932559 
 0.310459582341   6.195935649905 
 5.747449363209   2.430992240803 
 6.325934670632  -0.840057957612 
-5.921383291853  -2.383579311258 
-4.716939146626  -4.511701972263 
 5.896748410142  -2.968510001453 
-3.115977122847  -5.831399447610 
-2.000196722666   6.469613651985 
 5.001882875908  -4.728535525750 
-4.705744087652   5.080979878924 
 6.920605707655   1.052780486146 
-6.488837901662   2.774825008487 
 1.967663060293  -6.788680953328 
 4.224126795659   5.796828050872 
-1.671103780157  -7.117619081271 
-6.050844563166   4.224917290641 
 6.007214368321   4.430068035865 
-7.330696338957   1.491988820707 
-6.522308867488  -3.810403756922 
 2.996035959322   6.950076616748 
-0.933884816718   7.608266919290 
 7.330206231684   2.547052975943 
 0.887441665543   7.715736797648 
 7.485035218766  -2.413499018519 
-3.979829730548   6.796379323260 
-8.038412415439   0.064399646519 
 8.117515857768  -0.057102434915 
 4.382732436719  -6.841349513119 
-7.862077485183  -2.162316582064 
 0.750748304163  -8.122283151134 
 7.174001759342  -3.999032899579 
-0.752256234241  -8.535639043219 
-6.753284765612  -5.308920256794 
-4.794456348502  -7.172580184093 
 4.552061954904   7.338211961603 
 7.713302243351   4.033965900005 
-3.653267069088  -8.194322647546 
 2.075404894418   8.744575301463 
 2.257025728736  -8.760488901947 
-1.809716208205   8.894711236998 
-8.438437740632   3.718617302618 
-9.257015507481  -1.059648986481 
-6.837941098351   6.414914074348 
 7.286886838529  -6.049457958896 
-4.148395782160   8.520482949238 
-7.932640909769   5.213272906089 
-8.638035321687  -4.005304576787 
 0.227440201781   9.527474866845 
 6.928600646186   6.572343492106 
 9.308840404070   2.231796609853 
 4.011058177478  -8.796550954976 
 9.717792562993   0.719267549649 
 8.959508877449  -4.258185531041 
 4.262105241187   9.007298420723 
-7.085232195813  -7.061822287643 
 10.041442873004 -1.424069611430 
 5.693235419332  -8.396620396852 
 8.802569112138   5.124118779184 
-10.142752881557  1.753124921465 
-9.859866774548  -2.996384553905 
-2.418502804991  -10.018914640040
-8.721209395383  -5.524714753785 
 7.018146213306  -7.590138919456 
 5.984006629616   8.576538187421 
-5.773636813676   8.734656099584 
 10.040990308451 -3.123576995353 
 3.086878380708   10.089104775933
-4.815861695919  -9.635475762859 
 10.260989943809  3.453208332659 
-10.858981907669  0.275761261931 
 9.023772509188  -6.251663352354 
 0.710820193598  -10.973669946148
-1.193987226730  -10.939173938347
-2.914470371911   10.663632345971
 11.055335987178  0.028188775317 
 8.125754590094   7.568276340816 
 5.452256594966  -9.911744957708 
-8.898919863551  -7.113877183825 
 2.814164623228  -11.127113936612
-7.040308860421  -9.198357935850 
-10.819092298159  4.150288525126 
-0.873935682821   11.562350553418
 1.244270729291   11.586940365553
 10.693028113832 -4.661178739904 
-9.918143515734   6.199681055829 
 7.049821150499  -9.449307548484 
 9.966718816848   6.372068641468 
 4.559472463192   10.942873134939
 11.799111504832 -1.340840816932 
-11.214870246325 -4.085796128711 
 6.550226583014   9.984530388821 
 11.854068052198  1.515688210928 
 2.796913137946   11.619989355099
-8.131806175727   8.775838345223 
-11.947428505873 -1.510093898373 
-9.334686196610   7.682698613112 
 11.174368031905  4.643659370803 
 8.901563983862  -8.255690174013 
-10.542963910867 -6.241221893294 
-5.327059234649   11.035874335420
-5.005730531852  -11.210176313450
-0.052038331362  -12.301269325395
-2.516794220712  -12.046025623537
 11.836527005273 -3.413458561444 
 10.544418023321 -6.468515779275 
-12.053739605258  2.934478813596 
-7.225850055427   10.238836203724
 9.843025846850   8.017764326171 
-12.687191569870  0.708813769695 
 4.265303377182  -12.088384489824
-2.739854784020   12.557264097036
-11.505240897476  5.733818540101 
-4.341794560269   12.244403282200
-9.449243157282  -8.978409539888 
-4.088287001450  -12.399102634094
 6.068046130620   11.607834625976
-1.001515746956   13.075942054152
-12.825057363415 -2.772508119517 
 11.893505851323 -5.574009704152 
 8.156401141827   10.317117855052
 1.137311572108   13.104374900456
 12.753193748673  3.249406738549 
 6.125587481087  -11.711430151054
-7.295696265711  -11.104822355106
 3.005764955348  -12.975102219322
 7.602905245597  -11.001765664163
 4.657669621024   12.604280628198
 1.371334692386  -13.419559113835
-12.694901581522 -4.573170117003 
-10.997172926800  7.832356601209 
 11.426279159800  7.288717949038 
 13.555434096002  0.333331488754 
-1.676911580903  -13.542234401799
-6.425865012925   12.152516184201
-9.427217975881   10.008816594299
 13.705359638352 -1.442462678947 
 12.764306421551  5.251145895852 
-5.996754077724  -12.464299743633
-13.691725342017  1.993244479111 
 3.198830935028   13.470511939494
-13.894132928360 -0.422444046696 
 13.396823749766 -3.969566541586 
 9.940546410233  -9.859844502811 
-9.161874227369  -10.758975129690
-11.253819796761 -8.600775967799 
 10.705104340759  9.355746626602 
 11.453128014620 -8.539726745119 
-12.639750779969 -6.888454962599 
-13.368719013561  5.576668975920 
 14.320037799866  2.282254394391 
 12.566224818307 -7.283720630037 
-14.348379113918 -2.629247433248 
-0.410829922912   14.604693963422
-4.957346193281  -13.747082591522
-8.157560605848   12.130186172614
 13.367547818609 -5.933786172849 
 7.071698888233   12.839931102314
-5.737634811377   13.521614603530
 9.450347638046   11.310382640174
-4.104669475203   14.198711006155
-14.391204553482  4.073892808231 
-11.876639374566  9.127330752041 
 13.108013182302  7.250025961184 
 4.254865506112  -14.419572172071
 2.796636731547  -14.783381418695
 0.532791168206  -15.061695729658
 14.875791772442 -2.628722957515 
-1.157513664662  -15.072178890697
 12.220413890802  8.918379412292 
-13.212457814931  7.584726445409 
 2.609916706946   15.050042128998
-10.102528573612  11.472227366471
 10.362239133914 -11.334043679732
 8.669027385593   12.678191690997
-10.780902164398 -10.952530671536
-2.097496671375   15.255688256802
-8.246381896643  -13.018601919934
-14.098256836495 -6.235868070269 
 14.603877029242  5.031402340892 
-2.709448998244  -15.206938819955
-7.326094637757   13.649268724917
-12.932041895391 -8.543317107834 
-15.420774203310  1.744065540684 
 10.967254337119  11.060815012428
-11.435960060694  10.639279861289
 15.648041454905 -0.957351799169 
 6.235059103958   14.430414980039
-9.799072227522  -12.313988518843
 7.672224334195  -13.914829477958
 6.243284729921  -14.618267898868
 13.263046854007 -8.817771759963 
 15.931876756368  0.561643193879 
-14.556390657540  6.610006105973 
-15.369731871608 -4.450897923980 
 14.231705598778 -7.402510823130 
 12.024458177109 -10.629554208733
-16.057891183261  0.151738467400 
-5.146541023021  -15.280961069511
 15.111307392252 -5.710746194715 
-7.231962177847  -14.458156192250
-0.129603720459   16.173787222567
 15.811210037140  3.516616289578 
 9.449649874112  -13.181440349720
 4.773475253672   15.582066565425
 10.189264716960  12.757873614518
-16.009904236394  3.284092573963 
 12.461200152487  10.648374848810
 1.555232241225   16.348087043525
 3.840225775793  -15.975586350869
-13.631318001427  9.321630255988 
 16.159178879303 -3.495884500952 
-16.520182732750 -1.683474846964 
 8.119779440405   14.516799514207
-0.656247222229  -16.680041356085
-9.808657367765   13.564995306541
 15.404908876793  6.630873037512 
-15.019885352967 -7.544152202295 
 1.642747443051  -16.796338333581
-4.853461457616   16.195908434961
 16.779864377426  2.290531131620 
-3.017688663914  -16.683167264848
-11.881653813412  12.244722982398
