 1.236647155243   0.162459599363 
-1.107914520838  -0.575858375888 
 0.511009042496  -1.296353564234 
-0.900736289854   1.897036641336 
 0.845056269630   1.938939020145 
-1.990909807571   0.844029469478 
-0.988608672019  -2.265777229553 
 2.515709875322  -1.071342416699 
 2.868418538364   1.136316939060 
 1.719749939795  -2.632600789353 
-3.240905944912  -0.163755725209 
 0.227187533533  -3.407099218574 
 0.315582863303   3.465235156502 
-2.045943917498   3.333442452287 
 3.939384067158  -0.025891392971 
-2.480165132964  -3.084462775464 
-1.208919590765  -3.892982392055 
-3.695375552547  -1.735778175654 
 3.620969207952  -2.177012118544 
 3.467966075950   2.864212355750 
 1.687657898149   4.459932149562 
-4.321753369251   2.031462835635 
 3.138638524900  -3.652401374550 
-3.701258609427   3.402838657714 
 4.985518692367   1.392885598978 
 0.572644614347  -5.148116075785 
-5.167631468939   0.530477028576 
-1.159153768227   5.177679166080 
 3.228564974871   4.390858176983 
 2.189880217092  -5.004336246813 
-2.678321873183   4.827361926523 
 5.412873373027  -1.107571689359 
-5.303767175005  -2.005588906272 
-1.101609755396  -5.642761959023 
-2.789048825691  -5.304310643533 
 5.462485649245   2.822265976916 
 0.128704936012   6.154410034380 
-4.745740762509  -3.949516255443 
-6.218201757315  -0.779897801374 
 1.907869941072   6.371439231650 
-2.052272382480   6.469088626337 
 6.788436987189   0.900559594232 
 6.425127808846  -2.460370412243 
 5.136000860886  -4.588738297604 
 4.434901789091   5.374249611338 
 6.955259122460  -0.597108844081 
-6.177134067161   3.273306695632 
 3.795642759481  -5.885875871555 
-6.840617362538   1.750702042527 
-3.571810120728   6.114018127006 
-2.140133096654  -6.811107759959 
 1.216441586202  -7.134342012853 
-4.800110806776  -5.476642845327 
-7.029628265839  -2.608230034162 
-7.629235382644  -0.105740652421 
 5.905226869961   4.866687552507 
 7.268906803060   2.509028756234 
-6.120236575952  -4.732013858740 
-5.743200456497   5.221524382405 
 0.905700328993   7.772855311350 
-4.128834512114  -6.938472395279 
 3.083985701006  -7.550603417113 
 6.718914344523  -4.670095160888 
-0.562285953323  -8.194553302534 
-2.988581576428   7.728253032723 
-8.266239153271  -1.479437289641 
-4.892411499266   6.844875825932 
 3.902998907732   7.476741154624 
 8.340929928905  -1.264856487810 
 4.872916615746  -7.126216940373 
-8.619826360920   1.252451135939 
-0.810622586691   8.682929377795 
-7.603667565615  -4.279800535302 
 8.780718759943   0.549850988122 
-7.967952422290   3.984583846482 
 8.197724179677  -3.794295744374 
 2.701294863884   8.669445554634 
 8.914067384422   2.826101435921 
 6.726537508750  -6.606742312969 
-3.493032256672  -8.777454493754 
-8.939155074412  -3.082423119212 
 5.948761634433   7.381540392358 
-6.457573432493  -6.955861338481 
-5.295778070855  -8.129452063559 
 0.966579473434   9.664649721112 
 7.656169591820   5.985631396878 
-9.703998866391  -0.960869510531 
-6.976671549892   6.828534280591 
 9.620800341146  -2.231762654524 
 8.848424896943   4.446003806044 
-1.971429688968   9.729702422512 
 2.091574501485  -9.800494283647 
 0.277616520099  -10.036884377921
-9.694612184433   2.794867928956 
-1.997981454575  -9.905280025628 
 10.119631555537 -0.439395875917 
-8.670045325537   5.359013936030 
-8.617398867692  -5.478169885451 
-4.660787964532   9.115241641429 
 3.687978165195  -9.624876390639 
-10.299847594243  0.629720474824 
-6.084277707907   8.410030515267 
 4.593335493130   9.514275288162 
 8.683013216060  -6.168565794987 
 3.086192013839   10.245912294918
 10.079949127727 -4.187446797005 
-10.596199228136 -2.665496339880 
 6.826432004619  -8.532314248975 
-3.584737782866   10.417867134709
-6.784493590406  -8.710855037838 
 7.666803983198   7.961759364407 
-8.582694520744  -7.067548658615 
-1.051261062800   11.071422677636
-10.203631963553 -4.605226924241 
-11.065193845738  1.991945217792 
 10.893749240444  2.889783427646 
 5.189742733405  -10.049442319083
 9.355657667615   6.454831416906 
 11.303087713216  1.198949899375 
-3.925168217403  -10.736320889113
-8.710048396009   7.625116977418 
 6.741953581421   9.508243341838 
-2.248744466027  -11.457162975042
 2.045168171238   11.537689084642
-10.870306941815  4.375839013083 
-6.222111936163   9.975958898624 
 0.423249949364  -11.754323837887
-10.011165876715 -6.378111376779 
 11.808726445123 -1.291326369489 
-7.869316469785   8.988258541746 
 0.240831625708   11.983021634446
 11.596975744198 -3.242294147062 
 9.127299659632  -7.893962990790 
-12.123055211028 -0.280198404647 
-6.522239869292  -10.264548254391
 5.034767572706   11.097845561707
-10.446032656993  6.392661163317 
 11.331230896947  4.707212230461 
-4.753479151749   11.386412138889
-8.877465941943  -8.588972817788 
-3.306046014303   11.922443372504
 12.426784684621  0.143910865078 
 2.297917569801  -12.215073198960
 10.366303357087 -6.916632745503 
-1.048086351634  -12.424926935367
-11.769490743061 -4.379669192943 
 8.798063121194   9.091900027981 
 10.945369564938  6.467554654937 
-12.619315002513  1.985551997341 
-12.680826518432 -1.950728881345 
 3.934420778629  -12.259233925858
 10.065355538639  8.082371549267 
 4.074637608487   12.278818437064
-4.999248387787  -12.058352680360
 5.523374919622  -11.836252626674
 12.960292678116 -2.430377646376 
 6.724111126636   11.389960731003
 9.178261831409  -9.562581951544 
-8.314061501716  -10.344184062599
-2.121396959055   13.185429061463
 12.250997241616 -5.342888199073 
-7.321142744345   11.182007757556
-12.271987484717  5.342425795804 
-11.327545375772 -7.133257258908 
-0.528415778118   13.411579651968
-13.432340359710  0.492368522021 
-2.774392530050  -13.154870455103
 1.005153395817   13.412440075294
-12.877750077747  3.946904354597 
 8.162036718799  -10.736196865213
-6.165123384368   12.149242550425
 1.641772899910  -13.625297269408
 13.666198918185  1.434356757769 
-9.464180979878   10.047225005161
 13.472659412724  3.102707643835 
-0.067239942095  -13.851264082044
-13.422768448156 -3.433751779431 
-7.064348411953  -12.035646959178
 3.070628973977   13.634128194406
 11.994275837584 -7.353169437614 
 6.034013397827   12.734638876371
 13.531214017587 -4.070045744375 
 11.925250492319  7.624643625712 
-10.767404081294 -9.219511680629 
-11.498090739895  8.438900358624 
-12.976275399211 -6.243876145889 
-12.608719894736  7.019563969853 
 14.409611111437 -0.900106996762 
 11.028282837809 -9.333956030512 
 4.840160218324   13.720410041789
-14.442553588049 -1.911670784425 
 4.801134060220  -13.820425318216
-4.511189310300   13.999699312799
 13.739442600850  5.380507894721 
 6.543485075772  -13.265240499557
-14.810811278418 -0.217972446636 
 13.182966653627  6.778251709601 
 14.758449063486 -2.371849655710 
-3.643224360285  -14.504078900436
 10.721533058353  10.432374533816
-7.975624157899   12.687284937114
 9.058075868882   11.951386961775
 2.946909110126  -14.733016763569
-9.236889793618   11.870781228107
-12.444006198258 -8.658538596626 
-10.479982408346 -10.965482666948
-6.266788302903  -13.840227872080
 14.698068644857  4.028387953341 
 1.202819321049   15.222641966961
 15.264714577802  0.416015134384 
-3.178288779949   14.964220880387
 0.589536635838  -15.304076799879
 7.648491653858   13.323364294212
-15.297351203884  1.456736224030 
-14.409150857635 -5.441450734723 
-14.050121197455  6.419980343013 
-15.143198349693  3.158122856066 
 14.174991344181 -6.259038134069 
 12.380347968187  9.382764012344 
-10.712991199821  11.261441308570
-14.874419874273  4.708810469130 
 10.830659927734 -11.242802757529
-1.073315080760  -15.582236962011
 15.467465134558  2.215270460615 
 14.991979170689 -4.679382522630 
-7.938641503197  -13.552038336173
 8.416427291315  -13.311854216611
-9.295550512620  -12.818627636739
 13.625885641541 -8.254252157026 
 12.580064708793 -9.793999766306 
 15.932780463285 -1.154751862663 
 2.803372349173   15.852528524090
-1.647235079343   16.052420898754
 4.856422956816  -15.391573517245
 2.099847611581  -16.046602093041
 5.171597704930   15.446810499258
 14.222230333275  8.042659396769 
 7.442047909609  -14.600595312345
 15.341093489806  5.769201659003 
-6.870068386001   14.901866654869
-16.139333366020 -2.976132804910 
-0.109752481929   16.427924027690
 10.215674941104 -12.878523418545
-4.558386614780  -15.802787691087
-6.016223139003  -15.327190430446
-14.284901105727  8.235990692747 
 9.822794471237   13.288077957831
-5.467922928990   15.626279555586
 16.211568320601  3.798018448138 
-15.140525882807 -6.989547222129 
 11.711300121938  11.957134634120
-12.682037371148  10.944710966202
 16.479485899211 -3.135118693497 
-10.701832702632  12.919627893237
 12.332077064021 -11.490575708083
 0.205149301110  -16.855047661335
