-0.215222172096   0.051777972566 
-1.360428470493  -1.197205443343 
-1.879669473892   0.226875351359 
 0.869417600927  -1.868960210835 
 0.204337269420   2.132286554645 
 2.231724793752  -0.495219667188 
-0.570627989632  -2.572043337487 
 2.360253543981   1.785041411460 
-2.858477612195  -1.111134483844 
-1.391130648657   2.789438360030 
-3.393595124887   0.486123027113 
-2.069244247385  -2.801257055481 
 1.563373562528   3.314482722936 
 3.552058848145  -1.361428376106 
 1.788912318401  -3.399045416544 
-3.505492818958   2.108713722497 
 3.905452525963   1.721685623227 
 0.235720812191   4.325962011906 
-2.632752657744   3.745533786723 
-2.117011898103  -4.489258037899 
-5.095241218061  -0.308401996556 
-3.505066817022  -3.749386688016 
 3.368019038024  -3.893241613397 
 0.262177110924  -5.193318075835 
-4.747463117823  -2.185254111733 
-0.979532361936   5.339781036101 
 5.564134359128   0.435886297553 
-5.272077240796   1.989137835809 
 5.647968334551  -1.647510070251 
 3.330408571674   4.887533456173 
 5.592139339769   2.131811773353 
 4.947703545592   3.490662393530 
-4.958169499030   3.523455539490 
-3.181303565772   5.257277323700 
 1.821971552749   5.971626366772 
 2.984546859211  -5.563778724142 
 0.162811956882   6.447268782496 
 5.119084457942  -4.093387364184 
-6.661532733417  -1.659024127947 
-0.315331357766  -6.895086365052 
-4.258564713819  -5.620078728068 
 7.007170371501   0.939242448803 
-7.111477018367  -0.111337216063 
-6.931464375636   1.803384968204 
-5.587877425605  -4.526601596729 
-3.117983979737  -6.596547234036 
 1.865806070413  -7.056291534996 
 7.369172916307  -0.602822110152 
-3.196933717472   6.855649963971 
-4.744410881290   5.909389990717 
 7.255419848330  -2.289100346984 
 7.102493715702   2.842078424326 
 1.559405856476   7.627709047443 
-7.063200979745  -3.309402315799 
 4.396359705611   6.686208247842 
 0.598499157096  -8.103447251914 
-7.299124486883   3.572154807639 
-1.374654295034  -8.124580011553 
 6.637220076106  -4.896757283711 
 6.849596900428   4.614878687431 
 5.392626254269  -6.287344095284 
 5.952525226677   5.868449214310 
-1.095432243293   8.339835696096 
 3.671610429184  -7.854880451692 
 7.789838286724  -3.854562087077 
 8.577111873335   1.744382943553 
-8.602989408450  -1.907381478989 
 8.832055096648  -0.150894896450 
-4.387280597463  -7.674180689703 
-8.507399919422   2.609675843582 
-2.607118677172   8.512950731104 
-8.902440006333  -0.214869811731 
-2.930889248887  -8.434267703968 
-4.551349277792   7.681983502463 
-7.514118195045   5.100554904817 
 8.567848168887   3.254065807899 
 3.625010261074   8.425186287279 
-7.500234974829  -5.293381693229 
 9.066536023209  -2.026154330461 
-9.329055285913   1.246746553727 
 1.212812778139   9.357265284089 
-6.317897700136  -7.107027698240 
-6.173616935014   7.301564152245 
 7.324010694769  -6.297273328320 
 0.363581608530  -9.717889893920 
 2.508918487362  -9.481709113400 
 6.784499487542   7.195571908818 
-1.695071520526   9.792155945891 
-8.882810613195  -4.566066293168 
-9.562997705852  -3.123497305783 
 8.530735168818   5.360784884939 
-1.326647208799  -10.085882532184
-3.805707115473   9.442912164056 
 4.256071503298  -9.284609566658 
 2.983056204803   9.802793012359 
-9.004086134972   4.918221413019 
 0.006413323885   10.270889287835
 6.806750379424  -7.938912829334 
-9.838061664755   3.555831289716 
-7.904203546229  -6.970855578583 
-7.741141325888   7.316883447239 
-5.842643171985   8.956240116596 
 10.701244472537 -0.125621242991 
-2.871568936291  -10.314122148782
-10.531242654655  2.220326723270 
-10.755877477428 -0.529581827779 
 10.100196573200  3.771583623554 
 6.245828244352   8.821794790138 
 10.724323927034 -1.659566020363 
-5.747185883517  -9.428241517557 
 10.470292279660 -3.748452848274 
-10.880844053517 -2.343533091761 
 9.559297098079  -5.908967715785 
 1.672673267084  -11.185284701912
 9.073227130308   6.822144937889 
 11.196848881189  2.046214777987 
-9.176730142068   6.815710945986 
-7.671388055368  -8.497898877000 
 8.002402459450   8.266489656874 
 4.483202455988   10.600036615314
 2.357638922628   11.298383323057
-1.258741934928   11.492014558893
-4.382172168337  -10.753259478906
 3.494322645193  -11.091423076381
 5.895594999502  -10.031279343236
-0.762018280753  -11.626243842791
-3.004847852284   11.458208469979
-10.523210949651  5.661282157618 
-7.744213137167   9.128631847937 
-11.112475059625 -4.485337205286 
 0.920635124331   12.014351016300
 9.169852579007  -7.836144990603 
 6.073637327561   10.498746041411
-5.267099448960   10.953704962055
-9.782009547825  -7.418973899997 
 10.550383264060  6.457901313980 
 7.492421287398   9.870775196856 
-11.824911365109  3.741960222322 
-10.801779292200 -6.113135160305 
-2.679403100316  -12.128388392281
-7.512708499082  -9.991291526644 
-5.903944269569  -11.025983651829
 11.635461257307  4.624099718133 
 0.852341953999  -12.505643064800
 8.496068230231  -9.223402625310 
-12.505611722355 -1.785279672409 
 11.828917229660 -4.536307156812 
 12.768859834439 -0.477636589822 
-12.776754565329  0.712772584513 
 3.533433071743   12.349927207440
 12.760599841992 -2.021083777772 
-9.499102575340  -8.918347207847 
-12.947703066450  2.407748807172 
 12.917472612164  2.702451984042 
-2.852347732557   12.969458489233
-4.458810772110   12.579845057563
 9.590120574892   9.288944948882 
 13.320918542590  0.974088924737 
 3.183207703992  -12.975714935647
-0.533754952719  -13.359219417336
-6.863022773180   11.549039331977
 6.768669441620  -11.650382967789
 8.160875394859  -10.725790232735
 12.095937035155  6.166224330160 
-12.227902134061  5.904687271112 
 11.374630958346 -7.477437311601 
-5.003793828189  -12.691412007745
-0.073022875820   13.679156449097
 10.909892937672  8.257388876656 
-8.965989415349   10.351627873589
-13.423438627248 -3.082466363757 
 5.123015885028  -12.800110123310
 7.605262391397   11.501755105346
 12.516260614229 -5.875824777242 
-10.603676167235  8.923259700521 
-11.855579118684 -7.234956996386 
-11.629479455343  7.772981441828 
-2.637995158306  -13.747170106546
-13.228304868548 -4.581623409519 
 9.923759499805  -10.049608460705
 1.371438359840   14.137600142866
 13.801923742632 -3.399532638483 
-7.524550708071  -12.163260741695
 6.365209951149   12.840236346659
 0.760969379696  -14.327644822793
 14.256431864734 -1.751507884827 
 11.206871860129 -9.189505454445 
-14.523488391327  0.144772607214 
-14.404610063143  1.878833525068 
-2.304626430203   14.365991329926
 9.288385341796   11.240115461040
-3.954319793633   14.063723796376
 14.163429330037  3.623683904782 
-6.403660192306   13.220580216824
-13.908995640249  4.833799905723 
-13.393477828105 -6.143078134250 
-8.420931322549   12.160442415232
-9.804217658047  -11.108353597707
 13.658012811891  6.012017877520 
 12.573216321920  8.038815408104 
-0.874875676203  -14.949584966776
 7.749437085448  -12.857548331103
 5.127677340513   14.192291188582
 15.047798956346  1.208590986002 
-15.020369984168 -1.883824793300 
 14.349999428520 -4.877581532344 
 3.081981615586  -14.938799305782
-11.985971329516 -9.516531400004 
 13.235134258331 -7.724074646432 
 5.260520132150  -14.431782104536
-9.046899920601  -12.459176955748
-4.980408383354  -14.623883773262
-12.621940714939  8.940219457194 
 15.475436636341 -0.260004022117 
-15.009545007198 -3.842363793748 
 10.814317428820 -11.271963070650
-11.509029829481  10.591909317314
-14.180422574304  6.603956322238 
 2.364527274549   15.464523773119
-6.843815332210  -14.076560293115
-0.364466207739   15.679428633971
 15.448589412723 -2.717038149186 
 12.262249035895  9.992051304096 
-5.949532241387   14.668711201089
 9.340441417073  -12.809326461127
-2.850074870706  -15.616672325460
-14.936774672818 -5.426342877474 
 8.347779487553   13.570424701026
 11.355957158103  11.215066706215
-13.389266200898 -8.871783666886 
 15.211545001238  5.344896281632 
-15.807025695152  3.406221015973 
 7.094667362973  -14.543971282366
 1.719054910464  -16.091628888324
 10.150562700275  12.693647186197
-10.716421830315  12.307062072282
-11.168520970158 -11.961715002974
-8.578018542501  -13.953520756634
-4.436073520630   15.776306011767
-14.118717184085  8.339517878839 
 6.305525113304   15.152347671047
 13.582040482360 -9.314936371843 
-2.000995843771   16.352924603010
 16.444634390974  1.847214101741 
 14.743961446872 -7.588227073951 
 16.158527714523  3.978015392133 
-12.602758590004 -10.892212396761
-16.552268532360  1.895469502158 
-7.702706386472   14.837336941425
 3.580047945267   16.389420535210
-16.783560771402 -0.285100458227 
-16.147245490688  4.867486252996 
 16.258885673687 -4.561038020055 
-10.302340023638 -13.390425156986
 14.788035496018  8.178620901846 
 0.255796227576  -16.901989781123
