-0.266358816044   0.916044580580 
 0.662470442311  -0.840079320393 
 1.111225819756   1.707371082407 
-2.046977845565  -0.393867244477 
-1.813581225056   1.245383212725 
-0.179885800167  -2.245758901359 
 2.532965837997  -1.595485109757 
 2.989593478750   0.195611112377 
 1.535679533146  -2.804028854146 
 1.070176142760   3.233472770030 
-2.033014361527  -2.936406962623 
-1.597733757741   3.260877053265 
 3.374254420189   2.463737832732 
-4.108493726797  -0.871267605982 
-4.254534731500   1.171100291479 
 4.400897468850  -1.068036134788 
-3.541911172296   3.029167312350 
 0.327962390405  -4.732589168416 
 3.138927894092  -3.627127717041 
 0.120772051555   4.801172499467 
 4.631713952160   1.438729885909 
 2.316440444014   4.300907488417 
-4.344500613867  -2.441996470392 
-1.212223544609  -5.055835550232 
-2.982925013310  -4.620672545456 
-3.206469272864   4.528109196948 
-5.014651445497   2.545667215213 
-5.685775118522   0.390876793215 
 5.720842667196   0.032207247432 
 1.641706183977  -5.571339764615 
 4.708451467634   3.628974192770 
-5.825462747991  -1.245324129280 
 2.101238926803   5.856896502974 
 5.083475650397  -3.661576301535 
 0.513471992448   6.265505390711 
-5.190212850223  -3.770902600868 
-2.219381262895   6.022072556504 
 3.996909803236   5.024618484403 
 6.129505346792   1.930387304458 
 3.162058585467  -5.836117333861 
-6.498726775526   2.148573994756 
-6.345162768814  -2.745513802322 
 6.483150607346  -2.461230930889 
 0.676667982522  -6.962542496790 
-3.657028791635  -6.093539875226 
-1.183695229466  -7.016168047788 
-7.242593058430  -0.310466232968 
-5.502270985828   4.892107518596 
 7.383682422694  -0.487225597752 
 6.249497133605   3.971881196536 
-6.568896876788   3.734095188567 
-5.109306553727  -5.702159236225 
 7.620246783232   1.290814575921 
 4.995904696897  -5.950833268893 
-7.628706795761  -1.832918529008 
 3.462068708176   7.066393097604 
-3.900050055759   6.854530446283 
 0.114357276266   8.136351897215 
-1.533970255514   8.187742471318 
 7.110697592525  -4.398984899347 
-7.108806840085  -4.497692614910 
-5.406839903776   6.515654357786 
 1.602339443343   8.443308672444 
-8.578615472967   1.240109977415 
 2.257812717307  -8.389689827595 
 7.724754750038   4.306805744013 
 4.806085968026  -7.466617422591 
 6.727381497766   5.950430242569 
 8.927964324063  -0.999586445629 
-2.981291574957  -8.480535859034 
 0.443382503489  -9.042322448885 
-1.215216646238  -8.993276550698 
 9.082086230659   0.574595226091 
 5.374877745359   7.345458544686 
 8.632113563936  -2.968352729593 
-8.662196191657   3.121061691792 
-3.267943447385   8.616601321155 
 8.998216265641   2.148645150562 
-7.106558974190   5.961430961250 
-9.313696838846  -1.130123871772 
-4.943346419623   8.087683851017 
-5.331372529050  -7.846292826956 
-8.273747896662   4.665774739071 
-9.098322528142  -2.773840592975 
 3.966026173232   8.716837464498 
-7.521624929966  -5.996694608870 
-8.653775204912  -4.314566719335 
-6.451639092498   7.834256337025 
-9.973893872833   2.171941437018 
 9.241674178824   4.358721192574 
 7.770793306857  -6.683964089171 
-2.612948840300  -9.995542939357 
-6.964277184137  -7.657458393598 
 0.377642541389   10.370191968915
-1.587749428990   10.333666673021
 6.470847026764  -8.222952322471 
 10.356955148171 -1.960692714947 
 9.001019139383  -5.490600703612 
 0.940562110394  -10.554085067948
 3.788641772559  -9.913291752930 
 10.645981629880 -0.268962076586 
 5.457499124431   9.220647994504 
-4.282484226114  -9.827352068755 
-9.783893474536   4.405403348182 
 2.141632625280   10.593736454743
-3.657428007470   10.196922777966
 3.792985521319   10.303223610585
 5.394161254380  -9.625706819915 
 10.330480769906 -3.959457819743 
-10.639885136024 -3.100647457192 
-11.024455870044 -1.465580146056 
-9.269756697482   6.213700040891 
-8.551687822448  -7.223054275601 
-11.166824018771  0.913984729496 
-10.153176121792 -4.821161286439 
-5.958213955343   9.553161902135 
 11.188498950167  1.834772792602 
 8.832844432977   7.248566588493 
-2.053800052537  -11.403030899433
 7.763514611221   8.606817613066 
 2.606455850083  -11.311753651850
-7.752131820348   8.669870305256 
 10.021175793486  6.264454931375 
-0.302438030850  -11.842457479406
-0.089530422853   11.899054894794
-3.872564972184  -11.281316713931
-2.632832794548   11.723639996365
-5.702400132480  -10.646577416195
 12.129938702561  0.008153268295 
 11.447858948708  4.023865733094 
-9.334374290090   7.831330243554 
-11.321457553146  4.586059659101 
-7.716474904914  -9.490132593196 
 9.072684306033  -8.243763291090 
 10.843099105938 -5.950060370695 
-10.709422951109 -6.247601043719 
 5.526497326158   11.114123518572
-4.614261534341   11.647094355692
 11.685766014361 -4.694418967907 
-12.110099083673 -3.652871935892 
-9.982291699272  -7.838372523086 
 1.428224241050   12.667530400383
 9.327038161434   8.797380056137 
 1.476014492989  -12.742745700659
 12.651370940926 -2.218252493290 
-6.928953312316   10.822265805739
-12.482490851585  3.305762069862 
 4.591420332695  -12.090658831151
 8.063177552776  -10.142032847079
 6.207348572636  -11.437013295250
 11.590827669713  6.074414773889 
 3.019051853756   12.747983764573
-8.396029265693   10.057579367355
-13.119501625575  0.506836992260 
-1.639280353067   13.045227658155
 10.823074993869 -7.492173184792 
 8.276374597367   10.334305180470
-11.787243246293  6.085546131816 
-2.254794529368  -13.113529224182
-13.236484604093 -1.784153448736 
 7.105312485356   11.313477537787
 4.551960014054   12.563204371805
 10.737803275099  8.073923407918 
-0.566463783073  -13.428478738165
-6.746738071175  -11.726102876544
-11.187111477988  7.611251565019 
-4.620539375325  -12.765248239958
 3.369662073068  -13.346784404832
-12.995242392183  4.894417822654 
 9.666266922669  -9.997698221710 
 6.067114301165   12.578959782719
-11.513691937113 -7.945602471527 
 13.758384887636  2.556423944444 
-10.507735110851 -9.259603813886 
-3.456449348399   13.582298957104
 13.146783908193  4.856976591662 
 12.758774049193 -5.815532302433 
 14.021130007196  0.661468651793 
-8.295927897626  -11.327127201562
 13.751778817108 -3.264215236868 
-13.054488837149 -5.460524403315 
-6.285560114007   12.682274710021
 8.022168328461  -11.685502395217
-10.035254563533  10.214626785598
-14.256691862631  1.668993375433 
-13.999479352750  3.342447698017 
-8.250688241985   11.836130407763
 1.105017200546  -14.419876230715
 12.295469758075  7.617943784792 
-3.492380528881  -14.040605590034
 11.042045880640 -9.376760576382 
 14.442586048127 -1.164780649146 
 6.276849201017  -13.085362199449
 2.278645202841   14.339769016979
 12.226870731817 -8.102865033507 
-12.920250102648 -7.063613535815 
 8.656832949131   11.933970909857
-14.778815573504 -0.274933763299 
-1.208474287215  -14.805610297282
 11.174947221315  9.819875599034 
 0.112000623442   14.933678539185
-14.341653908854 -4.304573412793 
 7.551021327308   12.974864644921
 13.666866436533  6.270705261735 
 5.293983829682   14.112852685825
 10.220153032599  11.085530912329
-5.029746289717   14.225273486210
-11.993388796291  9.295746601473 
-13.009152620300  7.816279308334 
 4.660466790586  -14.476900602910
-2.825658290646   14.971968651696
 3.802882714971   14.869587078623
-1.359705872228   15.341447909582
-15.267142492297 -2.249803876306 
-10.720448315614 -11.135784977063
 15.068893659356  3.592689559395 
 2.425465497980  -15.301269819681
 10.582740173559 -11.317839057230
-5.304997043802  -14.596473724402
 14.675760809458 -5.222456065099 
 8.002455608231  -13.391442493253
-9.342779240423  -12.509348862601
 15.342840600317 -3.018699384372 
-7.662490090106   13.687193472058
-7.099956554766  -13.994930297744
-12.598894670420 -9.422387377603 
-10.225432161120  11.999591005105
-11.441071271317  10.886546181908
 12.682543714793  9.457829489817 
 9.461182532007  -12.723205312597
-14.414713692016 -6.822770901953 
-2.858127022549  -15.735641334071
 15.969797212523 -0.891922075562 
 13.666264267169  8.316076263435 
 15.975988674483  1.144752812559 
 13.029371040072 -9.395377702886 
 10.025091139484  12.580833070964
 14.096205197217 -8.096352239457 
 15.274237181383  5.660773535250 
 7.254919065703   14.633048478387
 7.146664539421  -14.689931327935
-13.892632667937 -8.610516320503 
-15.111183989272  6.231845544700 
 11.966998809160  11.138001455846
 14.890918719759 -6.762525292910 
-16.442407495108  0.303833305298 
 0.477828801312  -16.439070523088
 2.359241462824   16.276149332905
-14.552720934605  7.678993054787 
-15.781590931575  4.753398967365 
-8.696957329654  -14.032841356590
-16.232043223083  3.137504286426 
-0.139951086802   16.563239278477
-13.777944653104  9.299585629675 
-16.652260759385 -1.184538091092 
 5.567332250938  -15.839200448255
