-0.172403890656  -0.204243952798 
 1.466697211068  -0.390299063725 
 1.187366059622   1.617201372598 
-1.664126610777   1.181917108878 
-1.510613521832  -1.491438565126 
-0.515254779141   2.388379495680 
 1.602225206045  -2.175116005640 
-0.417907484484  -2.750857848068 
-3.038330353064  -0.527189645682 
 0.838764782310   3.096466016567 
 2.961641672250  -1.484344495297 
-2.580786074564  -2.725155054006 
 3.516318986025   1.394855982886 
-0.662627951250   3.952338480736 
 1.976394323622  -3.763719245958 
-4.307220788010   0.653004302818 
-1.717121297390  -4.109405170604 
-3.167526217009   3.181829717487 
-4.453407051897  -1.301231603623 
 1.785944991272   4.289198260690 
 3.416999119028   3.199423880243 
 4.738429571620   0.426328165194 
 4.083335226404  -3.000364873007 
-4.585318105725   2.198254785136 
 0.312483188658   5.253492584343 
-4.071648965921  -3.367504321766 
 0.770916989843  -5.312266452001 
-2.412969123585   5.064788268117 
-5.652277380719  -0.277266174808 
 5.546014865382  -1.507463020078 
 5.073911277555   2.715524825710 
 3.600425700375  -4.722252872919 
-1.124649957257   6.036614497124 
-4.411905248114   4.400320181483 
-5.812881069498  -2.410645474982 
-6.455554277144   1.230683895398 
-5.805911278160   3.137467462207 
 2.280551207599   6.194968474418 
 2.445337251346  -6.154049814488 
-4.513357873256  -4.989689737933 
-2.626380776081  -6.201959152377 
-1.217158290372  -6.732227614543 
 5.837772749975  -3.617433621527 
 0.389097817438  -6.860460064802 
 3.986473146795   5.734830568972 
 6.981792988690   0.989190662474 
-3.901353399862   5.984382029543 
 5.128818743255  -5.019908112773 
 0.284780232975   7.249048327664 
-7.284789435950  -0.070688186290 
-7.251634346751  -1.654548755825 
 4.004822691509  -6.268715130678 
 5.716120755096   4.832180735944 
-1.479323045819   7.501471115644 
-6.704607316195  -3.689579611807 
-5.794137112384   5.006959933801 
 7.228772260012   3.259771233938 
-2.277876007188  -7.821375263302 
 8.153322438400  -0.722347310561 
-6.472183105828  -5.171834163152 
 6.644469829929  -5.036410107170 
-4.032516789466  -7.323211378117 
-8.373956611555   1.151262627966 
-7.810138021196   3.251522489858 
-0.634309833010  -8.496570399134 
 4.303917778801   7.462990217312 
 8.217112513429  -2.598693442219 
-5.545523683279  -6.726956943319 
 0.652445777657   8.704334833425 
-3.448536007544   8.031299455516 
 6.056850007234   6.337817965170 
 8.754672163049   1.019748795180 
-8.425523336317  -2.842542898698 
 3.104334150864  -8.586128085365 
 4.837888660453  -7.813810027152 
 1.505179124829  -9.140972439923 
 2.361280568329   8.976940391384 
 6.590121505659  -6.606092476781 
-1.443162952651   9.250178605062 
-5.415635621685   7.668790225082 
 8.628672944214   3.844866535447 
-7.723994147455   5.460783224428 
-9.423471999489  -1.014013507345 
-8.457448782489  -4.364675092936 
 8.191361118004  -5.473028072712 
-8.870963288322   4.426986551396 
-4.830740595917  -8.683632164360 
-9.584814023219   2.867477697087 
 8.407758776682   5.424016553823 
 6.309462311434   7.867603214634 
-8.246071817249  -5.974839036596 
 9.303733744764  -4.241823616298 
-3.443132566408   9.652975736212 
-10.253616881838  1.242651578550 
 5.137773565579   8.997958830021 
-6.596270818876  -8.030654736532 
 0.588996454076   10.390336957651
 10.302637848577  1.477948590210 
 10.042388192388 -2.812770826596 
-3.344726605515  -9.966360143662 
-7.050575428289   7.860970087924 
 0.396801146281  -10.571675304722
 10.094300480976  3.185084693102 
 10.620454829703 -0.989472810281 
 3.555397067998  -10.057667990521
 6.858378364886  -8.418782381066 
-1.432759979479  -10.802972494399
 5.046429752948  -9.692327973296 
 3.933350998957   10.200309783658
-10.578472709592 -2.858921383101 
 1.981621717504   10.958426658579
-10.158877087785 -4.766667844880 
-5.722928817176   9.679619194232 
-11.280457328410 -1.335631473838 
-0.651291854104   11.482246445955
-10.434253869742  4.938885695779 
 8.762597328667   7.530861323715 
 9.909275888358  -6.065940716960 
 8.700055959545  -7.815634189672 
-6.081435799826  -9.991842995136 
-2.508200576808   11.461776407674
-8.725739153556  -7.907775970427 
-9.709802007604  -6.717367486026 
 2.863392291414  -11.514944189141
 7.204629984286   9.458079059166 
-4.281084539544   11.129137756624
 11.019554081628 -4.697913699764 
-11.663842296205  2.856534223687 
 11.782099581997  2.335446711858 
-9.517568298436   7.376554762917 
 11.675467231836 -3.044474901328 
-2.550069312039  -11.872208945112
 3.278959342935   11.717834008471
 10.945801833518  5.482300958472 
 12.200420385751 -1.211872892704 
-8.523981298196   8.829320945095 
 7.957501544711  -9.444331796330 
 0.982232037913   12.364674919931
-12.424349505591  0.905356178489 
 12.446957114355  0.930908710875 
-7.269025175236   10.176240708112
-11.027814752082 -5.998976896397 
 0.760592453150  -12.570510327441
-4.355695281023  -11.876995545221
-11.844790559868 -4.457066242859 
 5.471592773720  -11.532855034131
 7.001359024714  -10.681462169213
-12.435259079670 -2.928190894315 
 8.869494726813   9.293568354697 
-12.862802077082 -0.974743647838 
 10.578160470747  7.496545583801 
-1.008678353998  -13.022315288251
-7.364730992193  -10.822181122631
 6.068159006495   11.658180667442
 11.720486643119 -6.141252480994 
-8.768726777720  -10.038501726873
 12.919394127329  3.392086769113 
 4.214555866032  -12.684258894976
 12.712620443608 -4.277268738059 
 2.560608368399  -13.199989224521
-6.612417448265   11.710278861025
 13.225376344606 -2.698856591002 
-12.429536718809  5.320566739343 
-12.989236202312  3.795467669170 
 4.532876078094   12.859319719134
 13.680360810892 -0.146154722598 
-10.822714417074 -8.391833540856 
 8.541502006911   10.759155621990
 9.398342449604  -10.049541630433
-12.001525604750  6.798710959225 
 12.254034252535  6.361707294192 
-4.383759911689   13.103903923199
-12.642217649853 -5.731909204846 
-5.969398889652  -12.532361606226
-9.836603213420   9.816078174447 
-0.571465318703   13.891612197413
-2.311986459773   13.781469510745
 11.510447915110 -7.972511731142 
 0.317441628500  -14.068331566187
-4.331619076208  -13.428094375155
 14.154562280002  1.632340516958 
-11.539110379739  8.376590303294 
 2.280517409514   14.091278828060
 13.338205629179  5.098808593931 
-12.203634056589 -7.418756658053 
-13.893286014207 -3.373007671782 
-14.326685363198  0.035362403925 
-2.901299361357  -14.031353914874
 7.350625303498  -12.301042678836
 10.010625107999  10.274466068929
-14.117148587220  2.712097420930 
-8.208714708952   11.918238560375
 0.826105720588   14.540213279191
 7.923457724977   12.251131152207
-8.485770367163  -11.916571593526
-10.755563604730 -10.034521433051
-6.248603783126   13.369148759428
 6.445023755861   13.303419850122
-13.993933685763 -4.929483961615 
-14.898686862737 -2.084222302365 
 15.012820473464 -1.316443545575 
-14.295881238125  4.777096277898 
 11.454901859367 -9.904713400375 
 14.068286838681 -5.664724853199 
-5.688406545370  -14.070346262839
 11.519850742210  9.882437362122 
 9.695119858989  -11.711661317099
 5.603908038962  -14.135816304001
 14.837295373196  3.455040988299 
 3.709121686302   14.776422373802
 14.687747805810 -4.086903092518 
-0.992512401562  -15.238133558400
 1.301329445033  -15.288972661177
 9.863237553903   11.789705579359
-10.059682498411 -11.637564284334
 3.492125255314  -15.012305255334
 5.472698487448   14.451711506395
 14.215664556061  6.473082693547 
-4.969401658017   14.861565218519
-13.941193177365  7.202646059328 
 13.532971642570  8.092186552071 
 14.933249726506  5.106422586650 
 15.555302950115 -2.736894407704 
-11.640491638303  10.766699129811
 7.317614765895  -14.067696450462
-1.771150342459   15.761479050421
-2.981837898159  -15.587274010387
-12.719792995221  9.531778892625 
-10.457017431917  12.014090409930
 15.953726736042  0.398388346037 
-15.630416330623  3.278026591948 
 11.205851876561 -11.389360203422
 8.761469458000  -13.369598959570
 16.005056331034  1.936843527119 
-8.106540178292  -13.941552954505
 7.607069891910   14.273073862582
 14.142876917550 -7.848746997410 
-3.319296894489   15.831310115165
-9.198870112502   13.346308551531
 9.295311338112   13.299590297300
-14.664895120919 -7.000762190361 
-15.774237291105 -4.585841529213 
 13.479494804923 -9.474789668680 
 0.597142797187   16.470693291141
-13.672450488040 -9.316793168912 
-16.543257575353  1.055301099563 
-6.929692889263   15.069782298071
 15.751263991847 -5.331257681351 
-4.945223438580  -15.887921562914
-16.607122544687 -2.418490309384 
-9.828615438214  -13.689107132461
 12.422483955298  11.427202843727
 15.444630881323 -6.877576144352 
-11.061067024676 -12.815008463711
 13.484225340323  10.317275243471
-4.774808039326   16.351930667666
