-0.511171192095   0.545178642322 
-0.677456082518  -1.007991876147 
 1.014353737659   0.928636959195 
 2.286612602512   0.066057663989 
 0.778105748582   2.466801677303 
-0.571540966424  -2.609704982495 
 1.907606091637  -1.894764261152 
-1.542595469366   2.464735543532 
-2.798554397415  -0.883286087955 
 2.365575082507   1.814171242553 
-3.270223603252   0.960772445530 
 3.865601199978  -1.144227662979 
-2.714419529394  -3.017705817493 
-0.419147352810  -4.124187826463 
 3.230371554760  -2.608788092221 
 1.278607829516  -4.282762835552 
 2.744008601807   3.580063592919 
 0.309151857517   4.545940606943 
-4.462893735850  -1.364690923353 
-4.782436792243   0.664962494001 
 4.566299525846   1.949578960063 
-2.034339134370   4.556048978125 
-1.906529868497  -4.661577032596 
 5.118851529843   0.466632584140 
-4.014391099509   3.763067110769 
 0.138867561246  -5.695704943717 
 5.165102221958  -2.614396560175 
-5.382619202856   2.199681410683 
-3.788894202212  -4.416680443414 
 2.893361074926  -5.259730392550 
 4.493145959672  -4.094782943955 
 4.057217866496   4.645699712477 
-5.777293479271  -2.226312377649 
 1.257434984575   6.126087527567 
-6.529348113491   0.619249852657 
-2.105579353519   6.269777472999 
-5.371227088315  -3.951595286907 
-4.046119291537   5.387452735744 
-0.252656492379   6.781671994025 
 1.476724633566  -6.700174734606 
-2.239022505586  -6.505251026224 
-6.821629838878  -1.098076702612 
-5.680732874475   3.959774661460 
 6.697359510725   2.234068349243 
 7.061146242277  -0.776321800357 
 3.161154794084   6.851995694537 
 5.060655672556  -5.602585212546 
 6.790616676049  -3.448257189722 
 3.914635780654  -6.591496014593 
-4.288789785582  -6.381842323600 
-7.041275213681  -3.116905923671 
 6.622752067765   4.094322392337 
 7.897403924715   0.980887851120 
-7.194139003541   3.423804720428 
-7.988697856765   0.099690709792 
 1.202603853177   7.911317766730 
-1.331274646515   7.914246448943 
-6.074600846239  -5.339635113806 
 5.481879978877   6.111382950339 
-1.177221919227  -8.145059485424 
 2.999507717382  -7.808293145998 
 6.612247390343  -5.199263409530 
-8.218568478632   1.906235836465 
-4.839329248215   7.008060775155 
 8.047536900727   3.057714898515 
 8.249426020847  -2.570399999242 
-3.266972891999   8.016620786703 
-6.457689399385   5.805663854439 
-8.734854076337  -1.398581428319 
-4.002548908833  -7.905762281771 
 8.865104267711  -0.202205172068 
-7.554344279393  -4.688249543193 
 1.357277998312  -8.848232108712 
 6.243996673746  -6.795551978870 
-8.649505701644  -3.323084275687 
-6.235880089277  -6.973576489323 
-0.434403025520   9.353343657430 
 4.406346764603   8.277971776614 
 8.267600428792   4.627221270170 
 8.284415688447  -4.644957342671 
-0.070094383843  -9.522593976537 
 9.406788819029   2.247708952876 
 2.622867959068   9.319473301762 
-3.101272273669  -9.204286062010 
-8.083634265152   5.543644256747 
-1.663019870796  -9.698332755552 
 9.766093989772  -1.463226474023 
-6.358746461115   7.596517103636 
-2.853253209768   9.538278113776 
 7.833527246755   6.215035191776 
-9.764010932305   2.400320309164 
 5.998841498714   8.075896925577 
-10.083642539663 -0.144008827263 
 7.871878313745  -6.332017651904 
 1.275051190508   10.205665821905
 5.641076326254  -8.732553541951 
 2.786851154620  -10.046804287601
-5.478752350918  -8.941273770968 
 10.046444044560 -3.034621944681 
-10.326056809778 -1.979357493383 
-9.592350653919   4.529693979561 
 4.138743172748   9.796303692688 
-9.488627690763  -4.903136984186 
 4.377128781799  -9.916593603600 
-10.357196652142 -3.498220056214 
 7.150078967965  -8.338138026724 
-4.777035981084   9.922138656356 
-8.440988535249   7.080919623071 
 7.533276146961   8.059650857312 
-1.649805471610   10.937271106395
 9.564207475362  -5.592703732689 
-2.726641825636  -10.756684483660
 1.626378614904  -11.025622932446
 10.696437347212  3.239169284080 
-8.130154460977  -7.669700464813 
-11.168885892914  1.733194011397 
-9.318946506289  -6.407695165915 
 11.317606226125  0.149878751304 
-9.644432548730   6.066408139616 
 11.288023658261 -1.650514716037 
 6.385222928406   9.569288289018 
-4.254487939536  -10.708181951786
 10.545407138591  4.743132281771 
-11.568170384074 -1.115440129315 
 2.210952553820   11.419841528277
 8.799809693563  -7.703230311694 
 0.226433839692  -11.859371977644
-3.263600497704   11.431777695357
-0.268241885274   11.926011988869
-6.959270463580   9.729649626769 
 10.237871317694  6.292183393766 
 11.965974681086  1.870828851043 
-12.149270203474  0.585365048227 
 3.819598488757   11.549749019019
-11.220535402307  4.940616588454 
-1.884345733707  -12.141079257526
 11.856245048713 -3.374841525074 
 6.288882967732  -10.612540007554
 3.114141181014  -12.004179681455
-11.631146677820 -4.304069493119 
 7.591260573037  -9.842228257995 
-5.253013936599   11.399008062379
-7.506168630865  -10.095262913968
-1.938691692851   12.432538400477
 11.153849682595 -5.903398377362 
-8.985618678584   8.946887036850 
 4.732063032127  -11.770466845346
-12.402158034851  2.676994513896 
 10.416094500981 -7.340788561577 
 1.593726716074  -12.664233149022
 6.258959860017   11.142703114462
-6.360370052772  -11.102922029099
 1.250572500633   12.747272001962
-9.261584617648  -8.916969384797 
 10.229944524718  7.840938078036 
 12.930111103863 -0.012742315447 
 12.209807523122  4.572567259685 
-11.257205708102  6.595220199859 
-11.068968755920 -6.939648833718 
 9.216333839976  -9.276611376281 
-12.874946246688 -2.890475394488 
 9.332190783433   9.428225904220 
-3.547203769233  -12.930347164741
 13.569922644334 -1.459832884553 
 13.470792632289  2.260563418901 
-3.805579506203   13.133771190557
-12.932757175295  4.592019789009 
-13.765738685171 -0.020011078808 
 3.620920043587   13.328560986180
-1.939553375057  -13.685415123202
-12.419199048595 -6.109974607340 
-11.158151006932  8.216847412192 
-6.840879224767   12.085438427565
 0.208648649544   13.896695651138
-5.936478741448  -12.574580950859
-11.055951402542 -8.449108927298 
 8.282587476849   11.239711729417
-8.346471589196   11.223652896261
 0.324975363204  -14.048000849567
 3.664557455546  -13.594375578151
-8.910948112584  -10.950903571390
 13.313364838413 -4.726170295852 
-1.612327443224   14.044136412897
 6.935377701547  -12.400442876329
 8.486609352984  -11.404192700575
-13.475455948631 -4.547922085675 
 12.785362417413 -6.265904776792 
 5.510922345515  -13.196313590728
 2.070056691771  -14.203605843941
-10.096793178103  10.376705767965
 11.655364540508 -8.701874439097 
-10.499038676063 -10.080960220539
 2.397652844244   14.386430758946
-14.522398607643  2.363183496517 
 12.896855470350  7.140479520867 
 5.555587309515   13.763134936515
 11.981329382816  8.773858306638 
 7.369532868138   12.906199924568
-14.751395434401 -1.841329547937 
 10.977946843475  10.067393867179
 14.432033959816  3.805028826250 
 14.692506805623 -3.008807861801 
-6.316135842314   13.618316393968
 10.325730085315 -10.959646925977
-11.484695126562  9.799699005045 
-13.548812561069  6.750214765160 
-14.781701600327 -3.510412505448 
 15.212106045333  0.010983101395 
-12.858408330816 -8.214324913348 
-4.542636402428   14.571386229516
-7.374488052658  -13.365933491686
 0.925012996136   15.260764038227
 14.331714799754  5.336560441177 
-14.685601460094  4.288296776857 
 4.296914500409   14.736580980365
 15.195914548789  2.171605846881 
-8.958926385728  -12.467014891530
-6.074293791635  -14.172490042377
-15.424474034146 -0.468756434939 
 8.863454413604   12.634978240466
 3.297625524164  -15.179335717991
-4.228061714404  -15.015426426459
-2.298470567664  -15.432790504113
 10.428096778675  11.714060307453
 14.397322774099 -6.293633896415 
-15.696016791376  1.350877693266 
-1.984927459534   15.632035751862
 7.672298549962  -13.773821868452
 5.107653539237  -14.979948351824
-14.181739131174 -7.039032081485 
-0.579339329379  -15.890872885184
-13.028986097816  9.382132951663 
 15.426868535221 -4.602591150837 
 13.488077383876 -8.902198795017 
 13.765493855037  8.524347247549 
-10.152201724713  12.626059324552
-16.028222652200  3.169581893828 
-11.140783007849 -11.983988413947
 9.436070029578  -13.513881007683
 16.432513742694 -1.429052094792 
-8.808078819366   13.968544966472
-6.960980294780   15.006680377373
-13.027261884009 -10.285767796582
-3.662692291286   16.231780792753
 15.936024383395  4.881806761039 
 12.747691701105  10.829596753791
-15.924051754860  5.148723179191 
 14.729058806635 -8.007401115567 
-12.683089304266  11.003003035907
 6.722472962231  -15.396873206986
 16.562129237898  2.918964458715 
 4.052489314929   16.325888806408
 1.556132366415  -16.802272622823
 16.882089129560  0.135334660927 
-14.472351214780 -8.693452414943 
 15.557136454302  6.718891764881 
