-0.226401894447   0.255897573839 
 1.092670648979  -0.992285458338 
-0.818658749005  -2.024972844690 
-2.342757083258  -0.262543199035 
 0.569788013791  -2.653423745264 
-2.384180268958   1.365527172941 
 2.653920280007  -0.890452630085 
 2.576461129323   1.192153298005 
-0.241087447343   2.868729228421 
 1.500697773371   2.810231489522 
-2.795815289821  -1.878038109991 
 3.720517549115   0.191757365629 
-3.868120117000  -0.739620193767 
-1.259936551133  -3.756176766284 
 0.672797342923   4.209068130789 
 3.163043591687   2.869031808500 
-3.219347952402   2.994940944641 
-2.873074624324  -3.412611455178 
-1.827188569892   4.246766038450 
 3.201679925581  -3.462214429451 
 2.322297763083   4.146790993890 
-4.854688248380   1.349491586108 
-4.600124167248  -2.423094694865 
 1.922383993036  -4.903211132170 
-0.234922166298  -5.349094444510 
 4.853771930035  -2.260569800637 
-0.793007735631   5.424387769025 
 4.702015713060   2.820078879030 
 5.482805211016   1.413643924828 
-4.096317697794   4.221983422661 
 1.729275282282   5.914820290187 
 6.154756967947  -0.411994452764 
 3.880994556930   4.795855111797 
-4.905209282278  -4.067081132485 
-6.458364882864  -0.053907950796 
-6.172570214549   2.178242512844 
-2.849800289974   5.905218156714 
 3.283010983771  -5.721205125231 
-3.374790790110  -5.702380124551 
 4.975139070992  -4.556305468812 
-0.773346930656  -6.818772693605 
 6.527776952009  -2.908562624079 
 3.521816368347   6.272355543716 
-4.395590104787   5.709443726607 
 2.310340139629  -6.872693642496 
-0.843575359681   7.266976096490 
 0.631622546057  -7.361619128196 
 7.202219442558   1.902857068253 
-2.490868129471  -7.033095693847 
-7.036830027148  -3.128542844552 
-7.517039109989  -1.689900571578 
 7.721265949864   0.048790473875 
-6.861704329477   3.584367117684 
 6.825705231833   3.777169074798 
-5.972452835501   5.092217259082 
-5.915557353049  -5.190150571380 
 5.238797079838   5.899334494474 
 7.819276816704  -1.631396749214 
-7.974794827971   0.931863099349 
-3.711796556418   7.309302182750 
 4.504033565280  -6.935515898571 
 1.242299021153   8.190344682174 
 7.194109522084  -4.748504801950 
-5.077251465848  -7.002532987010 
 1.992507908559  -8.438327932064 
-5.378271642122   6.852510196952 
-0.725989178373  -8.752598010634 
-8.332465546621   2.952213032490 
-8.873923619971  -0.560351614791 
-3.526566389866  -8.166226068578 
 8.366073923961  -3.044888190541 
 6.509850519671  -6.105963926762 
 8.565448775703   2.765977596787 
-0.939164277150   9.004879449192 
-2.622431827356   8.703678769429 
 7.190699941874   5.581219846281 
 4.842090826433   7.950015486682 
-7.668756115824   5.348018504369 
-7.438576764964  -5.844815526303 
-2.382797982034  -9.256561498327 
 3.487908114377   8.901311543511 
-8.933691316862  -3.460525643770 
 9.590395534874   0.811003483486 
 6.350632250978   7.271636308952 
-4.217110300446   8.825999042009 
-9.614472803012  -2.068451781093 
 3.277547510299  -9.360177933333 
-10.029493817631  1.071251641400 
-5.271359518365  -8.609119638649 
 9.148269215854  -4.405103803296 
-9.260872159832   4.363854034970 
 10.204301685827 -0.919647112701 
-6.599412314680  -7.870111054927 
-6.673299541816   7.857843937221 
 6.748820469009  -7.879436922660 
 8.774094602220   5.553548691000 
 4.835013637972  -9.256253434145 
-3.939223718399  -9.675021619209 
 10.220938188294  2.538441249092 
 0.574104365486   10.601990130149
 9.822371131546   4.051713252353 
 10.282810969024 -2.868596731379 
 2.082970836550   10.532325963851
 0.449510084016  -10.796660264881
-8.107076994305   7.192411158622 
 4.693458937751   9.794167471404 
-9.529072797154  -5.275172697307 
-8.563767918156  -6.876227869198 
 6.102053389298   9.149362724170 
-3.772277560271   10.348315090735
-11.015377362849 -0.066617356714 
-5.658221761696   9.455231259055 
 8.436510740011  -7.140741839996 
-10.747691027398  3.063697192825 
 7.425060262433   8.357284932206 
-1.467941184510  -11.082848390573
 9.505590632440  -5.905503360864 
 2.054837238474  -11.044898381533
-11.272963901945 -1.704798726212 
-10.607883257558 -4.218725015111 
 6.512114762563  -9.419136396792 
-6.263739528492  -9.912963644593 
 8.870540278356   7.717756729401 
-2.085307036430   11.602221356932
 3.740730600040  -11.180536199522
-9.605102697328   6.844594263968 
-3.193343016583  -11.405541371404
-7.773865238795  -9.101578950415 
 12.026264136729  0.038161449541 
 1.156397835008   12.006211797870
 8.409951966032  -8.684615666771 
 11.340098736280  4.375793767971 
-5.049338468800  -11.122260248602
-9.079137866168  -8.327837449890 
 2.860693819724   12.007384246543
-11.930341598748 -3.228333678773 
 12.026614717723 -2.877280001443 
-12.369135450810  0.907802953669 
-11.291994822080  5.132175798954 
 12.226684978748  2.271194749622 
-4.516608059412   11.651275077152
 0.143763068948  -12.498374734137
 11.172822611580 -5.830125076356 
 10.621391126671  6.823950003199 
-11.286776259204 -5.864410912715 
 10.023783759663 -7.867919331349 
-8.605261029862   9.443701316357 
 5.678203865190   11.447973751216
 8.313603186144   9.735848404034 
 7.855834074182  -10.166863296761
 7.103930215586   10.725299796697
 12.789130712787 -1.437428222451 
 1.752703400619  -12.760615879345
-6.142630106611   11.388055035174
-10.569004232845 -7.524756331111 
-12.779319618073  2.540631210919 
-1.323194736134   12.962519462999
-1.732685819102  -12.956604896540
 6.303418983049  -11.483342737629
 9.668267043366   9.005933035477 
-13.171302883347 -1.388474803044 
-7.740868532674   10.793382104018
-3.420546870558   12.864306425645
-12.504296047061 -4.861634217786 
 12.602937661092 -5.014971698455 
-12.903214283836  4.346026597888 
-11.144700394414  7.839397992745 
 9.369092714571  -9.921173952258 
 12.532884045085  5.417429195271 
 3.371646226022  -13.285464778993
-6.398181457753  -12.159484898162
-12.203485743895  6.331684598600 
-7.801511336353  -11.336531276380
 2.627410568203   13.596412492877
 13.960711629519  0.078238008537 
-9.818407087695  -9.938099652750 
 11.168223832951  8.443530600308 
-5.356727617882   12.962567330153
-0.137725931933   14.058675048950
 13.517157910760  3.871691273679 
 13.905784331965 -2.574441957158 
 5.336894991517   13.158291401459
-3.517259537940  -13.816911055351
 8.778597596480   11.298470779654
 7.570578653278   12.202919332974
 4.971642658263  -13.510135932044
-14.353737734045  1.685322842800 
 1.989719510215  -14.354648620985
-14.222713362725 -2.853862660090 
-5.595696342457  -13.434823110540
-6.953129865259   12.790104292564
 11.554762071921 -8.893012245881 
 4.109246444516   14.047508138247
 10.516071316215  10.246384280156
 0.285652017966  -14.717731306787
-2.346545152679   14.579048257510
-8.584384935557   12.054173225109
-3.863931286581   14.318867075132
-13.585638096158 -5.959817511055 
 13.470504306026 -6.374363108255 
-9.883451948445   11.159181826949
 14.727759571830  2.393207582578 
-1.478099873001  -14.859175106520
 13.091757140019  7.276610359416 
 12.758782074230 -7.894012092038 
-11.529444560846  9.658045327344 
-13.056771631001 -7.525064739456 
-9.218862536919  -11.951449388879
-15.135871677430 -0.138767221971 
 8.792324069692  -12.358622437563
-7.974253938724  -12.926890123174
 0.848747427951   15.192065377327
-14.714954956723  4.041014948619 
 7.433546170647  -13.338097967883
-13.472500911466  7.282528620248 
-11.557416308655 -10.049509159563
 14.714670423294 -4.543965370795 
-15.367650089698 -1.694350964755 
 6.806995235209   13.904606555016
 15.449310332505 -1.235258617416 
 10.298386522603 -11.679313381937
-14.829431361860 -4.882653756030 
 12.785740925929  9.085445751037 
 15.353283395930  3.788784453701 
-6.549227850056   14.456483823221
-3.672447774256  -15.538226839950
 15.960448808948  0.499623870760 
-15.593252487839 -3.500433009571 
 11.813758998512 -10.791329744611
-13.043766005313  9.334924198641 
-14.870385110380  6.089763407517 
 11.952204739487  10.782417067192
 8.881788830875   13.457914289927
-14.547297865628 -7.216136589945 
 1.349142617992  -16.187954523548
-16.183930087713  1.787626689160 
-11.458730572871  11.571572300276
 3.815064337162   15.835167141849
-5.981229415698  -15.154667378781
 15.207546639096  5.852797557105 
-8.288266116307   14.092756438618
 6.302636656167  -15.129867739842
-10.194562269417  12.864510240839
-4.112009141980   15.916858274434
 4.350531837520  -15.885807642965
-1.295841275051  -16.474238005387
-10.777892681298 -12.628968423406
 14.979107634824 -7.205578511763 
-14.169006657160 -8.696710580838 
-2.388801270543   16.513837871541
-0.256121400573   16.735104942755
 5.395675151709   15.849710688035
 10.395813151412  13.163626410289
 2.460238051352   16.620205934312
-9.755099849015  -13.758265739236
 13.617453722199 -9.965729707925 
