-0.627213429681   0.090305144233 
 0.784848097649  -1.138468758309 
 0.055502757536   1.626316032039 
 1.860753028307   0.181147542160 
-1.786333474775  -0.980807718809 
-2.447789047647   0.446921410771 
-1.894561974690   1.999355972366 
 0.463071677234  -2.828257597537 
 1.992790861823  -2.076934824904 
 2.302709589957   1.907868851727 
-0.425748797993   3.065614742179 
 3.226785922552  -0.868086636340 
-2.333597119270  -2.454164273955 
-1.164820811644  -3.418052535667 
 1.709864156234   3.460850321602 
-3.964964892516  -0.209482350852 
-4.127153299119   1.327247212004 
 4.450887911001   0.012629568917 
 2.772366480199  -3.774577022852 
 4.202732288292   2.072056350663 
-3.815731106493  -2.906832860948 
-0.355907823978  -4.801073816107 
-0.718286213703   4.862051790467 
 4.532782994710  -2.449418808692 
-5.007351714718  -1.325586197912 
 3.793391814476   3.558164920200 
 1.269537372980  -5.050001858777 
-2.743481142324  -4.525148023354 
-3.792805386296   3.767472006516 
 0.803723999500   5.342282514223 
-2.554716968833   4.924528887860 
 3.121606617045   5.025987212734 
 5.934051468719  -0.778725192563 
-6.156051320682  -0.050943187118 
-4.416645709107  -4.393794510514 
-0.865502574579  -6.299437306633 
-5.667747389955   2.958867319696 
 6.369432130066   0.796348446702 
-6.315600851491   1.556299630395 
 5.938355428653   2.660034950119 
-2.468527858781  -6.051442312743 
 5.417883999162  -3.808911084904 
-6.128878557432  -3.307258229077 
 0.558028297509  -7.006334556079 
-6.921526376184  -1.542336524240 
 1.363803804366   6.980379014824 
 3.256755521149  -6.344020521715 
 4.829034601521  -5.273992816033 
-4.637408336452   5.573724119284 
-1.441348063151   7.181277333463 
 5.214468829773   5.248531424004 
-5.907807291029   4.660407611358 
 7.148330567364  -2.678359932825 
-3.961109767282  -6.631998750280 
-3.406160707539   6.965488372703 
 2.953176491538   7.299823179300 
-7.884005037310   0.002908658422 
 6.530081152213   4.425798618307 
-5.287343839154  -5.889130431337 
 7.927631392705   0.201119921881 
-2.757009422310  -7.536896865336 
 7.658685209772   2.546994910942 
 6.976020308048  -4.588391175295 
 4.571790245244   7.078551996003 
-1.059615347148  -8.376150044225 
 8.406602868342  -1.785908186838 
 5.493247203099  -6.625148067209 
-6.831212922114  -5.281046030036 
-8.185491151684   3.178016570663 
 4.301147792513  -7.656365405678 
-0.049309701971   8.841736596095 
-1.952103557323   8.695224854911 
-8.555070094307  -2.543245291855 
 7.982327544148   4.040348207005 
-6.051471807686   6.614358551903 
-8.062721236496  -4.035706575584 
-7.406187866964   5.279753978293 
-9.044423350110   1.462248002499 
 9.033644536131   1.643081923691 
-4.666550208589  -8.026323189220 
 2.632351578945  -8.919169803696 
 2.718150013531   8.919784566481 
 7.625193678832   5.519919938728 
 1.053159916289  -9.421620118938 
 6.033247681378   7.537764625854 
-6.114982393490  -7.540812450272 
 9.760040493723  -0.944060821999 
 1.216098177239   9.774776854416 
-4.629674278879   8.757939679432 
-9.917735412584  -1.632833910462 
-3.398559825779  -9.481903593738 
 4.233588620534   9.188479825007 
 6.841135370994  -7.509458883320 
 10.179998969703  0.634805026204 
 8.178443781259  -6.210364765659 
-6.252198591796   8.150799219634 
 9.512758433753  -3.964389615546 
-9.576771331368  -3.827293054382 
-8.391474229498  -6.004815545006 
-9.591252138844   3.854754251322 
 10.060882555701 -2.418784919810 
-10.393231739874  0.183290198254 
-7.563943545846   7.233351901518 
 9.262047293056   4.975386370387 
-0.411916085982  -10.577453135871
 6.078373134918  -8.842065772825 
 4.784313687423  -9.649357310952 
 8.207323450001   7.140537420324 
-10.761116823147  1.658844924626 
-7.983538195839  -7.494448595721 
 9.547896021792  -5.480439804271 
-9.251531831902   6.022943374964 
-2.349251995309  -10.926381054839
-6.606195362236  -9.021552781049 
-1.375024372188   11.133671613114
 2.493587694440   10.997426276263
-3.695255791516   10.690921277583
-5.769421542439   9.742500664232 
-5.408283190513  -9.984322962164 
 10.981633388727  3.095793313863 
 1.285440670523  -11.361840733320
 8.390104975954  -7.795630340018 
 0.988681755654   11.426923138049
 3.251133561433  -11.077971119116
-11.156595422800 -3.036349077668 
-11.474308741963 -1.450016456111 
 11.542719255095 -2.046441563999 
-7.621622948658   8.908132079298 
-11.243555146209  3.455226553979 
-10.689383923299  5.032835835956 
 6.217488478936   10.065339800465
-10.019534291837 -6.434372461193 
 11.991777134807  0.685176835256 
-12.155753095145  0.637477123474 
 10.867836372019  5.543779601100 
 10.049199028640  6.922702463579 
-2.626803367802   11.967900375949
 11.501353455492 -4.310236320986 
 4.746844927938  -11.366892062092
 7.918349997418   9.437720321124 
-11.550787636819 -4.677152042906 
-9.752625679524  -7.987549473753 
 4.244616933108   11.889846057272
-5.167126295432  -11.542343779094
 7.754856362997  -10.010285645699
 0.534498847886  -12.692789712830
-0.991545817640  -12.764528448987
-5.014056303874   11.785888325225
 2.390049637101   12.583804414678
-6.689930223598  -11.001859549195
-1.195385852523   12.872402059084
 12.505017531187  3.458714439244 
 0.358847335252   13.016808649116
 3.410688495360  -12.601623463909
 9.371078067188  -9.121957889625 
 13.027437403270 -1.159519153063 
 12.701264986376 -3.128015819599 
 9.497444992520   9.059863808507 
-11.570047189951 -6.289314301808 
-4.053018088673  -12.566048221565
-2.482270392630  -12.976987855168
-8.311069723850  -10.285321302882
-10.196471865854  8.505784401506 
 10.795126588211 -7.812537004268 
 2.012751392299  -13.198179931023
 11.694748550370 -6.461461584216 
-12.333465725885  5.194836836508 
-6.687101688751   11.641207474587
-11.516334791162  6.922039209804 
-13.344238616370 -1.968646107644 
 6.650256907677  -11.781109200658
-8.351380051551   10.727779607807
-9.744723663961  -9.577356944923 
 10.939045711662  8.235230231175 
-13.617869896225  1.582608500327 
-4.203314713460   13.085551213763
 12.696924135925  5.513483225634 
 8.954252510895   10.565820011202
 13.643674314075  2.474189467232 
-13.996194054455 -0.554007540596 
-11.603580929683 -7.913486183851 
 14.101281011754 -0.030149462675 
-2.228749243676   13.965302601780
-13.783646023791  3.311925747924 
 6.596026641370   12.651316311401
-13.854446550717 -3.686245101784 
 5.546571068212  -13.225989496977
-0.541570062717  -14.390621635429
 5.225266878210   13.439117904280
 13.324532853273 -5.848868845334 
-5.886154341945   13.388397891283
 2.933673726716   14.361966059824
-0.073412226284   14.666434565603
 9.199281604889  -11.438865039068
 12.765250470712  7.346167136322 
-11.906564608337  8.672320412549 
 8.119092791067   12.356638815886
-13.722380777477 -5.512585296466 
 2.976164394342  -14.542006054270
-13.513780043240  6.145802914714 
-8.279892457031   12.357775441557
-6.223420190091  -13.651730186603
-13.242748973033 -7.243300028472 
-3.441976986252  -14.703218171976
 14.409303625119  4.555852964555 
 11.470968015790 -9.843281955464 
-14.365587754926  4.719727684765 
-10.197398928145 -11.268651347133
-11.340773145526  10.167064398950
-10.026732984299  11.490596035664
 11.698751748321  9.870646520991 
 15.198637038584  1.962120525524 
-1.463345247791   15.256946935771
 7.554645372024  -13.339713420576
-8.402599583639  -12.861397797890
 1.331945124932   15.363414742883
 1.656794589098  -15.346337062748
-15.312041345113 -2.402915069871 
 15.413887838664 -2.156819191326 
 15.094091428423 -3.815881863903 
-15.580480387451 -0.372263044769 
 4.376649680016   15.015960645767
 9.644919274538   12.362640094587
-13.022477084151 -8.733693479657 
 4.538946027866  -15.038952004685
-13.634143174297  7.959686316061 
 13.717574627547 -8.093083701309 
 10.981151898530  11.623276559928
 6.486608034864  -14.654758239692
-3.379771708241   15.672206166200
-12.089455814051 -10.603512949224
 6.823868828794   14.570841683471
 0.051890382476  -16.134290894775
-8.116151015672   13.966287662960
 15.098974778716 -5.793855022235 
 10.470018942967 -12.339570672148
-5.612458711232   15.194912777326
 14.707593159750  6.941158512258 
-15.602671502498 -4.643579760019 
-16.088355100398  2.634736606257 
 13.893624175771  8.646326839728 
-13.323641475216  9.618496748488 
-3.016350114602  -16.153930328991
 16.116811157054  3.626290575134 
 9.056208633755   13.883889990540
 16.633408653679  1.028300636156 
-16.659224928240  0.800893236363 
-15.477484075895 -6.231932305129 
-10.339369846748  13.128354279196
 3.166857098553   16.436213479179
-11.048837125629 -12.583747076596
-6.948998409906  -15.239880399198
-12.435240641248  11.270262261362
 8.462332037930  -14.544984399124
-15.320566980137  6.997334993470 
 1.000275497269   16.827390020812
