 0.468890251699  -0.269876340682 
-0.744487340474   0.632221527099 
-1.080163454417  -0.918764952159 
 1.707470132485   0.814235814161 
 0.088743484001  -2.086599267705 
 0.940541931400   2.145097835473 
-1.547258062524   2.034048224019 
-2.424351531949  -1.833309221162 
 1.526220591712  -2.658813045530 
-3.303662232966   0.401739843730 
 3.209174053991   0.908987875401 
 3.313187737740  -0.829537902498 
-1.624502777620  -3.524036521478 
 0.295871331079   3.870269699207 
 0.490531398236  -4.009266446834 
-3.611692942598   2.133151987357 
 3.436154305545  -2.405963263961 
-2.049441166532   3.745762115866 
 2.212495184131   3.932433703333 
 3.822490261036   2.441859022719 
 4.668455510141   0.408488843597 
-4.104711366751  -2.539901643363 
-5.048999570226  -0.532022542328 
 3.568102167925  -3.969558632214 
 5.240035499710   1.817169854573 
-1.576103489644  -5.317539809486 
-1.926202857572   5.256486251230 
 5.566319146589  -1.015914451660 
 2.365649397910  -5.164131978271 
 0.892634934159  -5.746719695220 
 5.104882481566  -2.799154249973 
-3.078624381238  -4.980758276704 
-4.904600164832   3.406686314625 
 5.037283259643   3.332584382110 
-4.496635846354  -4.303972039705 
 0.940821931725   6.156128407817 
-5.479896063941  -3.152170548393 
-6.232184156584   1.261756577373 
 3.114571922316   5.744723281341 
 6.513320455083   0.977021239797 
-3.835999502289   5.452309026406 
-1.189265345685  -6.855355985671 
 5.007165965448   4.976668287882 
 7.045915364189  -0.494437758482 
-6.481830589070   2.827831044092 
-6.944749502366  -1.360642958859 
 4.433956315115  -5.712071950332 
-4.360512875174  -5.887985308672 
 7.060427856812  -2.340112532832 
-0.556873977357   7.474232255657 
 1.102666397977  -7.437487318150 
-2.120060986619   7.386694143319 
-7.694952222056  -0.056375112582 
 3.333533607030  -6.942006225168 
 6.005275441697  -4.847987150547 
-5.335125138567   5.583757699117 
 7.101495803216   3.171757829951 
-7.642759808633   1.828732043282 
 3.240074041796   7.255841210922 
 8.028438879546   1.289037905985 
-5.918675686550  -5.656795804453 
 5.092588673017   6.478930891813 
-6.990073153591   4.559894295778 
-3.136058178943  -7.744444550757 
 8.434758823842  -1.142703001928 
-7.825157820189  -3.642240622678 
 7.491441089918  -4.410782970249 
-1.317858660293   8.792730835149 
-4.126596436824   7.880019490151 
-8.710225823349  -1.933925464859 
 7.061418382893   5.464042486150 
 6.168591250200  -6.477576438946 
 1.566953284496   8.824932824646 
-7.443041779010  -5.155943027099 
 3.735870966539  -8.438879301707 
-6.179399210541   6.928138735888 
-9.273237349184   1.286058427866 
 8.266397038366   4.446122572946 
-6.054411793815  -7.215903195103 
-8.907361809940   3.244166862054 
-0.556003189784  -9.546604637489 
-2.707896774381  -9.225148343770 
-9.629865027066  -0.312523356147 
 5.981185984010   7.689942905102 
 7.703788156622  -6.064652230709 
 4.389001340060   8.842879906442 
 2.964270566478   9.426799120856 
 1.140413128767  -9.841798426725 
 9.367664811380  -3.289301656737 
-0.116783031131   9.928196815663 
 9.838923351374   1.449530650889 
 9.992421827618  -0.476425146304 
 5.368355127381  -8.445214237458 
 2.814335090834  -9.864161605901 
-4.966199473488  -9.005881381959 
-9.115776632024   4.808917201585 
 9.087190437496  -4.937734627056 
-8.980797343213  -5.197037151533 
 7.797616842788   6.877713923265 
 9.965472602650   2.986519582503 
-3.833436952736   9.673492614873 
-5.939189340370   8.744960976024 
-10.374516264335 -2.328160139942 
-10.494225383647  2.327878613189 
-8.812878812657   6.390963512626 
 2.026443172736   10.741773347130
 10.689036851431 -2.455386756870 
-7.046985043958  -8.418937977198 
-10.185166622614 -4.110968747566 
 9.497240937925   5.684868732023 
 6.210229633443   9.194036061331 
-3.363417707294  -10.579341743754
-11.243282064828 -0.737108942076 
-8.951221472777  -6.865113361147 
-1.409517587848   11.232161338630
 0.088830432721  -11.332824503305
 7.218537151469  -8.754434832722 
-1.693562711029  -11.240448885087
 3.955864559181   10.695455829829
 10.650452550218 -4.383643019592 
 4.399778068604  -10.671610566004
 2.185233746708  -11.377239061931
 0.432050533398   11.595794779965
 9.627760964692  -6.511516646435 
-10.760843878071  4.442312235020 
 11.718359070484 -1.208288946218 
 6.078059522615  -10.122065607097
 8.796956972006  -7.925694053651 
-5.650196110644   10.625856165660
-12.015636203728  0.958235733778 
-8.341215735496   8.707854348007 
 11.016839601740  4.916153329744 
-10.338123844223 -6.270186837398 
 11.758816789734  2.954114504399 
-6.201270145613  -10.422608628517
-8.550980832073  -8.794546191134 
-12.022752352127  2.505325760449 
-7.278641170285   9.958316424248 
-10.728123761154  6.093214275893 
 12.352611221694  0.404548482074 
 10.234592422966  7.156198227505 
-4.815765989829  -11.659183758665
 2.291580107140   12.471393717445
-7.795665241753  -10.155299409461
-2.797409592449   12.496008980544
-12.229484266598 -3.860528765247 
 8.568526634934   9.550534701939 
-4.632424251982   12.026997762692
 3.849054850046  -12.349224789432
 4.816379542434   12.017361729991
-0.961995656010   12.971846090328
-12.929409334061 -1.736948028954 
 12.769721624778 -2.735207094045 
 7.482317762125  -10.719023138648
-10.270736384484  8.098649150901 
 11.068737494458 -7.031882236954 
 6.337562196184   11.507651960397
-1.232609492295  -13.083617812626
-11.841187970588 -5.777131202735 
 0.719392994454   13.193199334714
 0.773395141185  -13.204870214928
 12.441654298368 -4.506595627068 
-3.341339088096  -12.804461899291
 12.569257258958  4.733201221457 
-13.459877901447  0.241630712400 
 10.152721847285  8.868169654572 
 6.164547595012  -12.001509636574
-6.245420226504   12.146550287813
 13.631999675572 -1.281451938218 
-12.865427755030  4.699868444833 
 13.374004165301  3.070356913375 
-13.375434835738  3.192549702117 
 8.242571456709   11.042749482390
-13.770355893159  1.711998109620 
-9.507134647119  -10.116099045776
-11.987901854610  7.053307278622 
-9.029954762523   10.651214879660
-6.382310864062  -12.447023008811
 11.024266114583 -8.621263315863 
-7.871519995545   11.779823499460
-11.133700186665 -8.805002758789 
-12.065290979618 -7.612271683513 
 4.976461870519  -13.382536188025
-14.355552851177 -1.079107849497 
 9.678191969732  -10.700245486156
-3.783784121502   13.930671896221
 2.468696155801  -14.282777730087
 14.438337991521  1.276984155313 
-5.190390042425  -13.546998456118
 13.039775122269  6.477682052576 
 3.276591138469   14.265795244482
-1.636467564961  -14.572201997697
-14.174777223485 -3.895185457706 
-8.770298760542  -11.815250487412
 12.854232075255 -7.210844007762 
-2.452503575757   14.624081930104
-11.449886237040  9.444856361136 
 0.672057116260   14.836229472099
 14.161842756686  4.777509377882 
 14.734981093694 -2.605334931722 
 11.412159697549  9.757300480239 
 7.334731914845   13.117559110147
-3.499438696842  -14.707983996201
 12.604099669589  8.366207496678 
-7.392320709007   13.202795503810
 8.760417567668  -12.345792951434
 0.660772196318  -15.149205736102
-14.413834079658  4.769168526952 
-5.973452291989   14.006115855947
-14.221251986082 -5.472710811576 
 15.042803941135  3.001390751500 
-15.351440892249  0.376807161811 
-10.668762145700  11.085349778131
 6.099852933800   14.200536749730
 8.873387681877   12.731202677045
 7.205854977110  -13.746092155056
 10.318897994089  11.656745603900
-13.978184212545 -6.989092243835 
-11.604015072124 -10.519988503433
-15.553119609493  2.132010217265 
 4.876746999975  -14.930622983956
 15.695158464958 -0.799888498709 
 15.080388331793 -4.968494001511 
-10.265251533802 -12.127060541310
-0.854174485894   15.903277255288
-9.628662037141   12.697693872425
-6.118320798469  -14.739121308489
 2.330513402365  -15.787991581695
-13.368164857797  8.723983729469 
 14.531564595470 -6.614618310683 
 4.916908421406   15.206544954099
 14.172221050989  7.466671533412 
-13.635507898818 -8.487081997381 
-14.701136544103  6.699177839331 
-16.066776509902 -1.701295252952 
-15.776007710413  3.870507758180 
 3.183112905566   15.996355502360
-12.206367066571  10.863736589739
-2.857533405684   16.134401251646
-8.252697353184  -14.190030869368
 16.291192586794  2.051585474054 
 13.207836541990 -9.792878215221 
-16.072429045780 -3.620479162825 
 12.244346970451 -11.023435404966
 16.010570558478  4.508248735780 
 6.571600125741  -15.290720493215
 16.514085100258 -2.107158138041 
 14.623567734383 -8.185167718552 
-2.849019235874  -16.521865964015
-16.737124868683  1.145935943387 
 13.478565657103  10.032936947849
-4.789892026111   16.163586083354
-11.433129394911  12.434277421930
 16.894323217698  0.627702513618 
 3.807017831609  -16.480261760167
-15.616089747382 -6.540429459295 
