 0.096299708786  -0.891292431971 
-1.276388353950   0.363959958673 
 1.018251830939   1.418086884657 
-0.693817606494   1.864449218970 
 2.675374964602  -0.473809985126 
 1.458764831518  -2.314761208655 
-0.439508778479  -2.771354519687 
-1.895149752958  -2.252708827493 
-2.828790768787  -1.059025959871 
 0.402111519631   3.037089143916 
-2.894738769542   1.076629296125 
 3.199336360146   1.777973155156 
 2.184494638312   3.138784430367 
-2.384197533658   3.111917216962 
-4.347501804517  -0.119946186920 
-0.105992394525  -4.428840914816 
 2.002474062260  -3.966132404424 
-3.898755322754   2.264001186535 
 3.961783736321  -2.169357598525 
 4.594160390056   0.425381748893 
-2.915841880306  -3.659422414124 
-0.067040250125   4.743753053843 
-4.503267631291  -1.882203780799 
 4.168229029764   3.022484847415 
-1.792287307612  -4.991721234871 
 2.461964748995   4.792963930112 
-1.495905608222   5.268759592402 
 3.680906705907  -4.358545600791 
-4.564814203015  -3.437649118442 
-3.691861413296   4.481448720507 
-5.622272300762   1.777287075921 
 1.620883419526  -5.803215829651 
 5.928038291091  -1.652918632673 
 6.197333697552   0.713958766605 
 0.078743045248  -6.238624141533 
 5.149074515274  -3.561597678980 
-5.232285261694   3.469025813961 
 5.931853862637   2.264391007724 
-3.781762108101  -5.350266347010 
-6.452649895053  -1.434780049828 
 3.954102621978   5.316349555533 
-6.670961883292   0.467629920245 
 5.418440115256   4.020886103187 
 2.103786584785   6.634419387258 
 0.404008461200   6.984377885979 
-3.742063701920   6.003997201570 
 4.258464556562  -5.946751300657 
-1.365587001548   7.203540137900 
-1.181745554943  -7.246760777241 
 2.449066192684  -7.084338043361 
 7.537080498471   0.001558402280 
 6.891546786475  -3.057948502134 
-3.174322063646  -6.986474796699 
 0.516027333522  -7.708188678322 
 6.906574752716   3.544018898542 
-5.532953640303  -5.594370522152 
 7.754891994597   1.608827141354 
-6.937903365902   3.903396770403 
-7.244786559815  -3.536516188693 
-7.909922911010  -1.833839275168 
 8.110509722944  -1.492808082282 
-6.030569943687   5.648004243928 
 5.916131861761  -5.779617255361 
-8.075497506856   2.457867252460 
-8.482068731867   0.205282980098 
 6.659871146122   5.301802707369 
-4.832063122566  -7.033224696284 
-4.672542849264   7.208705748657 
 5.281728092809   6.971056767525 
 3.644296267637   8.066999197823 
 1.818548940082  -8.843427628448 
 1.057973431831   8.990571938679 
 9.061300225607   0.403560007513 
-3.425288519681   8.455965947247 
-1.822186297123  -8.941581077977 
-3.398717595601  -8.639764820131 
 7.923309598071  -4.934257564862 
 0.176760924321  -9.443863561609 
-8.064116234603   5.020297984423 
-9.441080715006  -1.220482090257 
 4.296904079646  -8.513137490358 
-1.902911100272   9.357725495737 
 9.034994169291  -3.132368236741 
-6.215533828599   7.290984141754 
 9.173786116173   2.839759182023 
-9.363471348405  -2.862363973860 
-9.232605261795   3.572602828567 
-8.527557280487  -5.033960386197 
-7.462252865571  -6.569706096868 
 5.106745420710   8.619040164125 
 7.564289079963  -6.670006436960 
-10.099611404782  1.868332261063 
 6.621684612630  -7.860130426804 
 3.042867518957  -9.850661353560 
 10.200191766320  1.577281843251 
 8.066021393444   6.600294489328 
 0.671436752559   10.496246871674
 2.708217773624   10.195285882679
-2.946697957330  -10.155904494764
-5.395689149732   9.114759419478 
 9.125160032073   5.401174761733 
-5.920014353799  -8.997741604968 
-1.345524135612   10.759292782360
-8.556472545280   6.683214288554 
 7.105152782416   8.217357634962 
 5.769783132862  -9.375713912815 
 10.206974200172  4.165468877706 
 11.014069818803 -0.897949760248 
-10.227164068209 -4.354602669768 
-11.104881533255  0.604953815633 
 9.559162432886  -5.684077028650 
-9.685755756891   5.553706565549 
-7.791301105108   8.008496683172 
-4.261497264515   10.429259462152
-0.394058007904  -11.293351025681
-4.834999539233  -10.220516620141
 4.547938384992   10.359864343144
 10.477336667917 -4.296821542945 
 11.093547878268 -2.776385384508 
-11.354362871833 -1.737692380150 
-9.159132440604  -6.950879784758 
-8.215027982064  -8.120630838769 
 1.897905194683  -11.399506426506
 8.848880946772  -7.508386097435 
-1.969116012490  -11.658818187530
 1.424901941678   11.905108860909
-0.104426300370   12.004662877350
 6.486180195401   10.175199555567
-10.482307473884 -6.006037828513 
 4.225990411344  -11.347285827154
 10.653991962572  5.947243750656 
-11.478850498664  4.186936912390 
-3.460427816942   11.728672081815
-12.275711314293 -0.369071454174 
 9.750988015788   7.482728619408 
 3.755905404055   11.708726519108
-11.691571686221 -3.854813737890 
-4.228381652932  -11.604435327258
-1.876128385197   12.253991461989
-12.217325112985  2.216838192375 
 12.374227051156  1.322351756335 
 7.706024105882  -9.979637795134 
 8.121098835513   9.743045625895 
 1.080466281603  -12.665087639520
-9.293274030081   8.689986130609 
 9.036336700046  -9.021440075119 
-8.054804362515   10.029884795741
 11.925795180519  4.826390877364 
 12.833553851381 -1.065822898526 
 11.214895816436 -6.394197091333 
-0.644115945975  -12.928571252959
-7.151229062421  -10.813926407039
 12.688898542348  3.286109778994 
 2.619219581693   12.896912248561
 2.665048401408  -12.911283339757
-8.890163758367  -9.783729819867 
-10.354765398617 -8.302042499076 
-6.790535557073   11.424148725461
 10.683292574922 -7.929266877449 
 12.746482491048 -3.830238336221 
 12.331203587228 -5.337023151897 
-11.469085212173  7.014589035115 
 5.914007935854   12.134438557638
-0.833837509194   13.478939370306
-12.479118166989 -5.310277287045 
-13.121535294176  3.439247270184 
-13.582490577016  1.146577526913 
 4.925022534193  -12.752810456628
-5.113467114059   12.700764809874
-5.969146279883  -12.322388108756
-13.654854683536 -1.196268922911 
-3.410028620660   13.368649709637
 11.985064319830  6.880261927065 
 1.149083800682   13.779218089855
-3.570767176255  -13.361518542671
-12.771782066973  5.389312427004 
 6.414315014309  -12.298921355766
 9.672361494701   10.124728059380
-12.204820004948 -6.953254041175 
 14.086758515823  0.325556596412 
-13.698781616087 -3.555942669330 
 14.007109726077 -2.280911976851 
 14.072703808188  2.274537007412 
-9.885739222463   10.296601672544
 9.940427682546  -10.257375901807
 4.845135167650   13.483575212592
 1.149341321578  -14.305199676117
-11.403295534596  8.779866071064 
-2.212930406949  -14.220674553387
 7.858082480060   12.387056176104
 4.111972860428  -14.207705828513
 13.222193218729 -6.839242959123 
 11.164997159236  9.852865355235 
-1.618412589306   14.840789944963
 3.497599236408   14.551770865284
-0.216172488575  -14.968184031531
-14.808795214133 -2.489499648693 
 8.562350016685  -12.354673664079
 14.133475427222  5.186384024152 
-14.017843214412 -5.511052370320 
-11.175072351643 -10.147739439173
 14.121886436877 -5.393118931166 
 6.586106080645   13.619822825808
-8.764893289142  -12.332826503005
 2.532903166368  -14.961189156322
-15.130741877154  1.215416602051 
-9.345057764056   11.980284831849
-14.908390329424  2.939663269988 
 12.722498502796 -8.402677108567 
-14.378684071346  5.086696215019 
 9.379517387908   12.028866788137
-7.412284634740  -13.344171825131
-15.289691818156 -0.350883751254 
-5.918521989544  -14.149345355245
-4.233002041716  -14.763995843826
 1.546286108171   15.289416205671
-3.786124297950   14.919510695599
 14.985176126594 -3.543588911742 
 12.817364641303  8.586960278915 
 13.784660249887  7.367463349159 
 11.579737230342 -10.564647123689
-7.098898427572   14.013181205202
 15.256872207753  3.832480712223 
-10.606678737842 -11.640044650430
 7.300271983926  -13.962324445432
 15.810911473492 -0.062832818639 
-12.605213643477 -9.675127354916 
 5.096963588505   15.089202200106
 15.800758404504 -2.061503838114 
 5.789781264944  -14.899971337278
-5.814359079782   14.926288313435
 1.106849056453  -16.014364206422
 0.154410577622   16.056717626496
-13.981688695650 -8.098705076797 
-14.450620415918  7.296749921058 
 16.076395335932  2.056019386840 
-13.613469084408  8.827161133921 
-9.122307807391   13.560389924008
 15.578819111407 -4.949712501755 
-1.141678548483  -16.380256128006
 14.291391620457 -8.107549324646 
-2.909671033456   16.208899284615
 4.191830888960  -15.969098390670
 11.134893603620  12.279225113824
-12.434918092958  10.968744327331
-11.364846962230  12.128426686256
-16.133652297281  4.020837765122 
 10.076458021122 -13.228042432915
 15.339969590972 -6.440074790877 
-15.574969552981 -5.849971546359 
-16.502518484641  2.151369973187 
-10.359911485661 -13.141219333915
-8.440240370686  -14.532323792317
-5.787303930798  -15.842529342848
 12.437879330736  11.395686122003
-16.782670985161 -1.786977754000 
