 0.475824158840  -0.863625715869 
-0.984611767401  -0.367865658026 
-0.568151770436   1.523741461905 
 1.545613210956   1.826804728041 
 0.925282377441  -2.425814948892 
 2.548661667549  -0.894041326868 
-2.697138317493   0.795879679565 
-1.470554210003  -2.783929194165 
-1.621290549795   2.850259143053 
 1.595436342187   3.401456992584 
-3.777673346778  -0.253754014761 
-0.074689516596  -3.798416415658 
 2.688499085064  -2.832396677837 
-0.022506444005   4.004350033407 
 3.997585670642   1.225139558388 
-3.670457046213  -2.087775814310 
-3.342251143848   2.713144374131 
 4.476373868566  -0.829420388410 
 4.174623794386  -2.549859183168 
-2.185923821129   4.460665600281 
 1.619508489918  -4.938822663250 
 3.657414141142   3.781177425333 
 0.104185235956  -5.295181626992 
-2.698326538969  -4.711451792033 
 4.828352987481   2.643330124762 
 2.317155985629   4.994368844281 
-0.450587336541   5.558451408337 
 5.514483990536   1.107679612244 
-5.262048088620   2.107481081591 
-5.556944954866  -1.236905909166 
-5.769326006179   0.387694753375 
 3.241920721573  -5.132406158525 
-4.165851681028   4.512811837932 
 4.660503632724  -4.018782137474 
 1.064146380358   6.074862196889 
 5.906377071373  -2.402514921874 
-2.536994422164   5.934430991492 
 6.602666177813   0.021995919336 
-5.541481690838   3.640853165613 
-1.504742869189  -6.508588486750 
-4.598062363865  -4.880788744651 
-5.967969628407  -3.248958595119 
 1.266074985920  -6.730975800531 
 5.477841396291   4.225159926517 
 6.757887270967   2.093423763704 
-7.121557106956  -1.076164420111 
 7.212085709526  -1.511448055727 
 4.091144592936   6.273455287175 
 0.068103405230   7.517487757962 
-1.543886028184   7.375393198381 
-6.998304599414   3.232327414569 
-4.850393076787   6.265515900787 
-4.767475791170  -6.374326092524 
-6.316187475896  -4.884311742714 
-3.280955748945  -7.309439180489 
 3.009391723927   7.430180744532 
 7.225938951314  -3.568124586673 
-6.595572789154   4.720076325002 
-8.134568725733   0.168972136267 
 2.747238843756  -7.682319777546 
 4.474961726278  -6.942967153275 
-8.058455461498   1.964108699954 
 0.972033224887  -8.370859115164 
 6.758230879372   5.080656872813 
 5.733708940698   6.439968655355 
-0.555781613852  -8.614411586549 
 8.291081806755   2.416988893091 
 8.641567883384  -0.489377763826 
-3.149176191515   8.117376641183 
-2.068637898762  -8.490324065243 
 6.312363826176  -6.111310873621 
 8.476661825081  -2.386347567617 
-8.245549239702  -3.533503864599 
 0.845577976204   8.935012588263 
 8.250617870476   3.937596025119 
 9.167160582058   1.036290929027 
-9.242791967375  -0.954104656051 
 7.627430212776  -5.334521923148 
-4.678198506829  -8.143347038339 
 2.745447974269   9.053171474346 
-6.029142623851  -7.372957524581 
-9.539505155034   1.115937140202 
-1.484552336317   9.552792171356 
-7.585875117786  -6.004026776792 
-9.258657604026   3.115033395778 
 8.815291925279  -4.239581259868 
 4.256337941057   8.914238200343 
-3.493912479261  -9.243901839488 
 5.214057130013  -8.535319153487 
-7.184382198286   6.968401962761 
-5.999631439765   8.139611734062 
 7.013697057282   7.350382237487 
 9.818970925118   2.625353638379 
 1.144982664020  -10.103299597390
-0.109257390442   10.186015061381
 8.436650705559   5.833232271709 
-1.769554979496  -10.255649223386
-9.349948772623   4.653782646054 
 10.475171624673  0.150866959387 
 5.865259970073   8.799966295770 
 8.159329522532  -6.798067604635 
 1.746968183720   10.603241004483
-5.035036356475   9.536417534087 
 7.197871225733  -8.054608743618 
 3.276436270778  -10.300771652330
-8.985924111638   6.214600778225 
 10.626048509213 -2.594256040893 
-0.319938372729  -10.951379127780
-7.847052003093  -7.852225711257 
-10.559939326767 -3.492037347224 
-2.969881439272   10.720125001716
-10.823585144554  2.686299021309 
-6.387684038680  -9.251149463746 
 11.139874079995  1.803042577572 
 8.524042593310   7.453986330898 
-11.299438974103  0.826398102786 
-3.797753066173  -10.728390044817
 10.519555827768  4.366679337586 
-10.012973423789 -5.489200458821 
 4.942758670247   10.333569215033
 4.982450125846  -10.362553362629
 3.144040921212   11.208549498314
-9.354377502038  -7.057054126585 
-1.712377733144   11.629518783895
 11.691668061911 -1.276119052814 
-5.398302543334  -10.501395207670
 10.893414268834 -4.591247058527 
-11.671381883177 -1.952699088096 
 7.460322187819   9.226688095560 
-2.251904893306  -11.719137763660
 10.320996886564 -5.998117379782 
-8.487567306903   8.430660261909 
 0.971909961793   12.097993267812
 9.334900514846  -7.858670280640 
-11.137561186408  5.142901814512 
 10.721879144565  6.018002787661 
 6.572666216131  -10.393954637904
-6.808497559209   10.259268963463
 11.865538763690  3.369171509834 
-12.361968298449 -0.303558268930 
 3.838866838279  -11.779820064239
-8.020600454193  -9.448274149902 
 12.461147329727  0.376560791138 
 12.168510420980 -3.234491098887 
-12.196568230319  3.423442962959 
-4.287018491025   11.996738094485
 8.767502441301  -9.261359358855 
-12.046472541073 -4.302171571552 
-0.501329192425   12.788747199754
-5.856159818774   11.557298098544
 5.787943712721   11.630512176452
-1.380675874603  -12.948165365814
 1.864640567421  -12.935278820595
-9.739775931082  -8.769955453860 
-13.026816832537  1.604775732130 
-2.472462000898   12.951127178723
 4.487419183003   12.410506437185
 0.325371527394  -13.232607302348
-11.759412353890 -6.301217881299 
-8.438650747048   10.392336443501
 10.883822667605  7.970611512322 
-13.442731100730 -1.493072142051 
-6.086516801199  -12.148670782080
-11.094558116415  7.957261033589 
-11.917096090085  6.662648446991 
 9.141468733966   10.157253019255
 12.224630014620  6.170744270235 
 11.372592706733 -7.712410916984 
 13.594746712367  2.062520285489 
-12.704950878683  5.266219742931 
 2.590809604722   13.514752825294
-7.938278078353  -11.374653613856
 13.955683364938 -0.614124427272 
-3.040248190000  -13.701623920375
 13.860110074485 -2.430584374124 
 7.707820321303   11.790280834890
 4.367851938102  -13.394721496319
 13.414629769006  4.324435244350 
 13.144386011400 -5.141146548288 
 0.397478887676   14.117239851756
-14.178970203066  0.350640918659 
-13.665582731577  4.046029826395 
-11.885410026938 -7.882007525580 
 10.571554943299  9.573469957072 
 6.024922925144  -12.976345159975
 8.019017134220  -11.934043141947
-13.699803367092 -4.412451323164 
-5.270804593535   13.405814274464
 5.752516585954   13.218275660887
 12.806103827795 -6.634583133672 
-10.194294728001  10.304128101372
 10.284554471939 -10.236373866981
-4.602747684596  -13.849645233581
-1.467122843628  -14.584498188319
 2.712344111615  -14.491343421216
 14.269773257611 -3.876983916222 
-3.506666181541   14.429043011201
-1.366606709652   14.805150798216
-10.049939121457 -11.017769203489
 9.212889779467   11.907318739348
-11.315844268377 -9.936490056799 
 4.691661297064   14.311123351383
 15.023161738903  1.096492106744 
-14.856899691049  2.756140241714 
-13.705511599422 -6.386467902738 
 12.569245615174  8.430281666543 
-7.642106939113  -13.129582340072
-9.097179796671   12.198366772427
-6.261263634329  -13.870170422881
-7.689905863827   13.153174748641
-15.175223102712 -2.061993896330 
-14.089225413090  6.035754543597 
 7.531659316672   13.507534769741
 15.664385691793 -0.385623102983 
-9.262983313205  -12.639523356550
 11.125001920733  11.049831868513
 1.062684547914   15.644204857435
-15.253951685548 -3.667333806391 
 14.589428075232 -6.036375236041 
-13.535951528956 -8.215217406968 
 12.245367047963  10.042086080906
-10.565789366846  11.830508300418
 5.511656987534  -14.904646694802
 13.261656791369 -8.800805750988 
 15.722118317201  2.627478554201 
-12.839682792037  9.476689330936 
 6.310776500087   14.659062447263
 0.860264775540  -15.971659623469
 14.997863593392  5.673377092369 
-16.036975022539 -0.536974313054 
-13.968062371094  7.935221424878 
 12.183359435420 -10.473952632606
-3.415642277313  -15.726235687686
 3.567713093900   15.702784674645
 8.045133341102  -13.955238796625
 15.982045208159 -2.041859364304 
 14.462857818334  7.306639097516 
 14.359104032874 -7.520672662580 
-5.904656580484   15.109925033766
-15.243481451202 -5.653738851176 
-5.541567246303  -15.339217814967
-4.207490126486   15.790276627465
-16.348322672157  1.726078481981 
 9.381761745740   13.588853688776
 10.251813011638 -13.001248896432
 15.796043089225 -4.991360992069 
-15.704726806921  5.488470884771 
-11.332033579675 -12.332405794917
-1.875576879691  -16.645174337701
-14.936360978983 -7.613598438852 
 16.391200402436 -3.597967164921 
 7.032938228317  -15.267175056982
 5.322037438699   15.965614863288
 14.282583086761  8.935041459853 
 16.324839216747  4.287647649213 
 11.753755511526 -12.247661756537
