 0.126684343209  -0.194696867430 
-1.473988983393   0.767734375601 
-1.283869334705  -1.293624069547 
 0.984513818176   1.678190876783 
-0.016206309308  -2.513547543019 
 1.434750813973  -2.111730799341 
 2.407885410070  -0.965619361243 
-2.841490342210  -1.591138978785 
-0.521040803269   3.247688233251 
 3.069684697527   1.619354547512 
-3.521688984301  -0.025909175582 
 1.390996414236   3.296187000492 
 3.634075482775   0.023821861644 
-3.162323270281   2.261604530379 
-2.350399028861  -3.121639072447 
 2.136106185941  -3.606521058742 
 3.614009117804  -2.594525227804 
 2.955662661530   3.343307658355 
-0.178427711913  -4.611159225580 
-1.771434728732   4.313106259653 
-4.534026417938  -1.273752812033 
-4.705161959073   1.107958239720 
 4.645724492453   1.456082573075 
 0.979532473692   4.822909978397 
 5.073734367123  -1.824017624139 
-1.656990137975  -5.186573948150 
-3.813396687515  -3.893064078919 
 5.535310587423   0.220695176148 
 4.676858689653   3.224142115157 
-0.426706015670   5.738910914947 
 2.875619325115  -5.069230896627 
 1.077561886824  -5.814797118841 
-3.659706920429   4.822080311613 
-5.687778554875  -2.525493031824 
-5.531303304738   2.863923704701 
 4.462299902358  -4.710263337836 
 1.390209904047   6.488732556732 
-5.395268960977  -4.140930198966 
 4.859144043510   4.822160438183 
 3.629184313926   5.811876960521 
-6.797155680087   1.048576070807 
-5.223255112815   4.527042442180 
-1.399499665750   6.887924206109 
-1.374872463884  -6.898734858899 
-6.950301361690  -1.257911516346 
 6.506794200589   2.820411516513 
 7.066594404765   0.802870826642 
 2.370576127083  -6.776704511623 
 0.126960253046   7.314245160202 
 0.529290287737  -7.357409358661 
 7.257922501118  -1.431925205969 
-4.385511808181  -6.200945461900 
-4.260444718915   6.469046371022 
 6.050814493670  -4.908783446181 
 6.969395444126  -3.585970093378 
 6.521462798517   4.485269063145 
-3.094247180286   7.487341200460 
-7.367413690711   3.416327317434 
-7.576494197488  -3.043990028479 
-2.755407047850  -7.690344048663 
 2.548009565556   7.912199121237 
 8.461124128995  -0.011664426385 
 3.828785125746  -7.607455516446 
-6.852869563382   5.244420861961 
 6.291934590182   6.016890611608 
 4.587790669113   7.428427295109 
 5.468510683778  -6.821014213719 
 2.232968413769  -8.471600316503 
 0.361985704041   8.822369387678 
-8.762942981839   1.114712330103 
 8.354370344492   2.893664967390 
 8.555950316110  -2.325965174683 
-8.859892868593  -1.357048026919 
-6.936301978308  -5.701896490376 
-1.917041935377   8.893236442015 
 8.997093040804   1.424438107053 
-1.644608154525  -9.012745054430 
 0.014481240271  -9.365817162366 
-4.341868476030   8.326193108373 
-8.316295328440  -4.504932121055 
 8.415220335858   4.406712936438 
-6.331261340038   7.133833659469 
 7.351175101945  -6.148030157749 
 8.959193774757  -3.899696544395 
-9.770450802196  -0.122138688719 
-4.898472052089  -8.469169705985 
 1.555711946905   9.731326817125 
 6.339540557061   7.569203559270 
-9.513227315715   2.732111328188 
 4.023170412477  -9.100253410734 
 7.739417850725   6.530935720045 
 10.086300019451 -1.756386277105 
-8.365980056266   5.953748150297 
 4.726201428804   9.155966285274 
 10.326640625210  0.053923649160 
 0.045309310773   10.391956273608
-9.703842358461  -3.809291347355 
 2.069006029951  -10.280148019563
-10.294174393797 -2.304424781062 
 9.016992838370  -5.506202958302 
-6.847552311804  -8.124011671884 
-3.630179587690   10.002494055295
 3.222603419463   10.191241005491
-9.572685215237   4.835467773656 
 6.720398189431  -8.395435414685 
-8.701685566291  -6.470693081073 
-1.185625605765  -10.822376455404
-3.403943861487  -10.367071813591
-7.799977751109   7.647847738258 
 10.774871688982  2.162526149539 
 8.466220408203  -7.279326080195 
-5.168930434393   9.926098578876 
 10.569892431191  3.728161921161 
 3.630943561896  -10.605783102700
 9.246819354414   6.392186915025 
-6.927042403349   8.881696394520 
-11.169996060817  2.117037744258 
 10.849063835445 -3.476383905267 
-4.963229942025  -10.364342003041
-11.460561324953 -0.851701814691 
-2.545422213486   11.243644347486
 11.542991236309 -0.904997502621 
 7.402620400682   8.909233537210 
 10.570284584613 -5.039880779501 
 5.856544503996   10.215526371893
 11.798543222078  0.703344056367 
 10.743773948079  5.239059283225 
-11.295572562540  4.119378508218 
-0.035902625260  -12.035708298455
 5.101483582397  -10.932400382940
-8.192650738469  -8.886002411355 
 2.664613055917  -11.807236334411
-12.171613369971  0.634396581006 
-9.636700434912   7.476819245825 
-11.665466247467 -3.651490284359 
 6.584412889697  -10.393361138676
-4.560279710989   11.443684903833
 0.693737525231   12.361660525071
 4.654250652336   11.533488591509
-0.990589854952   12.453424185068
-3.515734915352  -12.059591548131
 10.284494839776 -7.217708370215 
-11.318137749902 -5.473496630750 
-9.655475014356  -8.196939427707 
-8.911895519883   9.034076301172 
-1.891225938756  -12.603606668352
-6.664523893093  -10.881522256218
-12.411422794896  2.987361736453 
 12.650415360096 -1.958468045345 
 12.152467179047  4.147357142707 
 8.307809901349  -9.829876696516 
 1.499538593492  -12.863442731885
 2.489089673285   12.726968353854
 12.172685652906 -4.549483195705 
 9.549378247510  -8.917419608551 
 4.298529549205  -12.341234703235
 13.032549638778  1.580845962251 
-6.720658473202   11.290667096116
 9.632437399849   9.095869026313 
 11.430410956099  6.708178151907 
 11.755684206009 -6.189165456065 
-11.574914640267  6.692477090501 
-11.447483955775 -7.040424556906 
-8.264203589786   10.625013476149
-9.447349735508  -9.726651917282 
-13.531312350344 -1.179423231682 
 6.447167679221  -12.010240828602
-12.835330651370 -4.645158816060 
-5.058022529305  -12.706823382601
 7.411585565966   11.522983072592
-12.584149638628  5.486857111107 
-2.750515810136   13.450380497147
-10.586166099297  8.750249751680 
-13.443439043282 -2.990019835969 
 12.552058264750  5.666817868547 
-0.212811153948   13.824387567836
-3.082761840021  -13.672056022360
 13.573663852807 -3.725266779787 
 8.892583097334   11.025135006454
 11.240174303691  8.672580908513 
-14.132543686889  1.517379000180 
 8.595317992582  -11.323531271789
 4.784000252059   13.476068872789
-8.269140457255  -11.679958121874
 14.399887914966  0.036226288182 
 3.405796783757  -14.046367930205
 1.171360159705  -14.424502616157
-0.864490652432  -14.455369630698
 1.877371296521   14.376770621968
 11.901433081233 -8.296016666468 
-4.990838324126   13.678839959982
 5.325008695076  -13.739397912163
 6.585534015172   13.195825990960
 13.890288019340  4.963141189605 
 14.364303766203  3.393792536709 
-11.269819904172 -9.576852100345 
-12.284822878937 -8.296692165091 
 13.239341784668 -6.693364682686 
-14.334481863775 -4.201293173216 
-6.795560560692  -13.366046274421
 11.196228791712 -10.079626305803
-14.172066163693  5.192675841584 
-7.641097535283   13.022965255089
-9.625353194284   11.637554300726
-12.231292388515  8.867543542327 
-11.039683696637  10.381449812548
 10.411761315803  11.021211457326
 15.002917964813 -2.253756601504 
-15.192694917310  0.112326756946 
-15.046871256924 -2.400732091036 
 13.328222224804  7.508815507849 
-3.193519031397   15.040566771168
 14.392292493650 -5.580321620849 
 3.445880010116   15.076577210452
-10.002282152211 -11.919817639496
-13.836367835984 -7.150953020244 
-13.787162071311  7.306028634524 
-5.028743231836  -14.787115741164
 15.173770780189 -4.177475642911 
-15.268235206419  3.895845582906 
 10.556145149127 -11.775657810936
-0.556986300304   15.824763756647
-0.168818988687  -15.860255224521
 7.774453719361  -13.878857714670
 15.953375079317  0.582034453271 
-8.840570469478  -13.317622796510
-2.309106883049  -15.844613135167
-15.923341465428  2.120205573641 
 13.203422414838  9.152563581564 
 5.134531583343   15.246727798409
-4.982203155116   15.425024766809
 16.066860833300  2.245183789203 
 15.035107205605  6.099874126720 
-3.930354348782  -15.851821509419
 2.869619208085  -16.085600156309
-11.893900191168 -11.306472645308
-13.199870966369 -9.775855218583 
 1.344408282253   16.385300909647
-9.512495349365   13.434217637331
 9.875737019412  -13.188315083979
-15.167726334594 -6.450323247147 
-15.818799783066 -4.690685569041 
-7.065833496162   14.955896325730
 9.657572212585   13.460904905346
 7.691591175566   14.707025190642
-12.794448569027  10.582658649620
 14.779487142972 -7.596505835528 
-16.619074316012 -0.381634969767 
-14.278895209908 -8.667633460052 
 14.945067854702  7.719763890488 
 5.247012698929  -16.000738142993
 14.061997793932 -9.276667866430 
-14.213604903907  9.081660177010 
-16.719316809656 -2.334073351159 
 12.438997026457 -11.443309727807
-2.775036861087   16.728524076666
