-0.087231547281   0.596059223178 
-0.813752538364  -0.877919567026 
 1.547126513044   0.657043609227 
 0.774884449720  -1.826812016692 
 0.977268651107   2.268649637243 
-2.401318206517   0.663757760281 
-1.322298028418   2.334741760674 
-2.543175970894  -1.082213773458 
-0.632900992241  -2.761629313812 
 2.753445211438  -1.676743205736 
 3.243793217058   0.409281043711 
-2.688635539886  -2.608146627503 
 0.457167225370   3.820841233723 
 2.347435494672  -3.121978391990 
 2.115955842775   3.311548695295 
 3.337928829812   2.372240236699 
-1.749951732924   3.988196026602 
 0.049085898988  -4.525880777902 
-4.024838404984   2.401805514674 
-4.564757413616  -1.109645925419 
-2.402561339307  -4.129026149055 
-4.735864436360   0.801123722412 
 5.191705107049   0.342689479909 
 4.943263841645   1.855002603574 
 5.094509885268  -1.706516548236 
 4.440511603335  -3.122099704712 
 2.920640594375   4.602124397018 
 1.910888063818  -5.214641038477 
-4.906752471546  -2.778802070315 
 0.175049015144   6.048640511181 
-3.552318869993   5.043895359051 
-1.940027054483  -5.899616548870 
-6.313593287907  -0.769498994862 
 0.935909910457  -6.365181514429 
 5.462001101202   3.822561944011 
-4.578470930219  -4.879280109628 
-1.210636827890   6.682666462683 
-5.491424748157   4.098954260106 
 1.848431409904   6.673399697663 
 5.256992308167  -4.596141861545 
-6.598595538687   2.352342648673 
-6.983601638258   0.893853140652 
 3.893973060173  -5.875572171950 
 6.963417750593   1.106896541757 
 7.022114553024  -1.587672048482 
 4.426322011096   5.745434426126 
-0.517616042345  -7.257635284716 
 6.703184047799  -3.152336254675 
-7.036981389294  -2.855040061642 
-4.924981030769   5.796169246910 
-4.023152429899  -6.671992960699 
-2.150227714953  -7.489204438915 
 7.233705226126   2.983781408501 
-2.621704464732   7.741359793876 
 3.953219121078   7.233396840381 
 6.849122040117   4.602304753794 
 5.520414140582  -6.160551435845 
 1.083258379962  -8.209907690441 
-6.245676381188  -5.524093893886 
-7.206118180559   4.271775129406 
-8.493745581727   0.243623818981 
-8.311705428625  -1.882389636440 
-0.180685001966   8.559831280033 
 8.578177449040  -0.400337984952 
 3.394346796083  -8.014999867275 
 8.300300985734  -2.662641152433 
 6.333661984988   6.195684861998 
-4.906227853116   7.392047086494 
 4.848760174760  -7.510734656962 
 3.139527459666   8.529294830634 
 1.270542988255   9.080212318855 
 7.168420545180  -5.729543568648 
-8.464176162377  -3.589519169212 
-9.041094038109   1.684447953340 
-5.590035089859  -7.304806616891 
 9.182282803737   0.996793042753 
-6.773547478620   6.438306677572 
 8.473265990703   4.072175131062 
 8.472047307463  -4.320077547362 
 0.415959873846  -9.707929800219 
-4.087173525875  -8.822596333192 
-1.192174032282  -9.697967662404 
 5.622692425519   8.048639999895 
-7.160081275437  -6.868958121222 
-9.442115721629   3.131470452514 
-8.348659727081  -5.429135026042 
-9.916570224314  -1.344259634742 
 9.901614062552  -1.511179465391 
 2.624721390261  -9.765548945973 
 8.412061094409   5.683821536420 
 9.769999741337   2.988970766802 
-1.704074647536   10.227498359023
 5.116742244034  -9.052820225931 
-10.487932755515  0.061675270695 
-10.134369076502 -2.878439821151 
 10.093084526937 -3.078817227976 
-4.302689415309   9.652476410226 
-8.418087072211   6.478950299662 
-9.742115019519  -4.436852706026 
-0.078491258750   10.704661690137
 10.748388001709 -0.061959371176 
-2.969087977213  -10.374338472168
-7.519732883405   7.830551135253 
 2.001396588424   10.689215293788
-9.739348491003   4.857722658746 
 6.609028267637  -8.653619366097 
 4.831598426591   9.909077601601 
-6.431627958932   8.994451027753 
 9.913495781950  -4.899267044847 
 8.313811642104   7.372815334004 
 9.979440811551   4.889382794377 
-10.931774633932  2.337439677171 
 1.814017789359  -11.086296705411
-6.469583627246  -9.271264407520 
 3.554757312226   10.793939806429
-7.969400986136  -8.270638927893 
 11.447746089463  1.333879410690 
 9.650621430717  -6.710562642070 
-11.908305598204 -0.893461810225 
 11.826175923395 -1.709091232130 
-1.652560881639  -11.841932569983
 8.333508052452  -8.575059578842 
-10.219232332031 -6.217296532419 
-3.838453212306   11.349664659380
 6.108465804575  -10.329845329079
-2.311515963800   11.796869387866
-9.076536990583   7.908669418299 
 8.021728278735   9.002462732864 
 4.697434436633  -11.153518896413
-11.516725182217 -4.146392585463 
 0.674926692952  -12.279088022542
 12.298457989784 -0.266102361171 
 11.907157917702 -3.318923945193 
-5.706892820996   11.061620062319
-10.382260398469  6.875515579289 
 12.186822237226  2.640589227286 
-12.459274661230  0.542938994817 
-12.207075833232 -2.719596957111 
-7.335296457498   10.196396367875
 1.162110577531   12.513626710302
 2.794452660120   12.331745825008
-5.110914296572  -11.617457053000
-7.829614391101  -10.005307884206
-10.008217975410 -7.932862364922 
 6.631801124080   11.021469513205
 11.765885916305 -5.246740373566 
 12.007962103982  4.689820792002 
 10.735550447049  7.167060704282 
 4.951766412864   11.929021111344
 2.868366515474  -12.633573631873
-12.053593691362  4.832772080239 
-12.703641305638  2.997707378857 
 11.348533784483 -6.852184456247 
-0.197118312957   13.285471281658
-12.149407867528 -5.588193704464 
-8.953219396006   9.939808261657 
-1.599605451935  -13.342185242306
-5.051561041301   12.465659361106
 13.444775475566  1.609871026739 
 13.416245295434 -1.927908238553 
 4.743217484423  -12.710960619537
-7.066069487925  -11.607847203786
 7.820775886416  -11.134753143309
-10.316246546670  8.926718372620 
 9.589709998080   9.718895008380 
-11.488784653618 -7.404881058473 
-13.632617547468  1.611147918373 
-3.376974250547  -13.337833227108
-3.329580154905   13.357190616419
-12.069720116005  6.724316044605 
-7.178124026991   11.826012303282
 9.176319066653  -10.381470267377
 13.891583970814 -0.018472240671 
 6.332459674371  -12.462463607621
 12.386506422844  6.498106616915 
 13.625683407178  3.194699818699 
 11.077526050080 -8.560074192318 
 8.729350031144   10.994944389306
-14.039937439952  0.153785236953 
-10.411358468976 -9.429160416422 
-8.712960337792   11.430578983283
 12.876436493185 -6.421686575435 
 14.009475137699 -3.314246720763 
-14.194185380776 -2.453778911007 
-9.212139329698  -11.082360269727
 6.244140357764   13.032755608711
-13.795765676805  4.346301178010 
 4.730863690453   13.686306667420
 1.472530221081  -14.479827581260
-5.885971719983  -13.376899370126
 1.451390194708   14.606113620329
-6.197318721587   13.438669994979
-12.999954789178 -7.200678896252 
-14.030869898616 -4.914174802597 
 10.734158817419 -10.318774335525
 7.928460862592   12.611283888385
 12.100149814610  8.754374488456 
-0.913018003615   14.918101847473
-12.067412153078 -8.901589185911 
-12.357724408020  8.646001927173 
 12.585313004439 -8.435313223636 
 10.301673443890  11.130028380288
 3.240339523083   14.816408232770
 14.442143695504 -4.812656153317 
 5.835842978154  -14.087980523251
-4.063499580167  -14.743363756292
-2.109504065948  -15.188879093867
 2.944966883327  -15.102210556648
-0.250390669190  -15.394715411809
-13.887694718346  6.648933018483 
 15.350481997110  1.894141442520 
-15.343127968905  1.953995130834 
-15.034190406765 -3.706418050404 
 15.337983264998 -2.148444689435 
 15.487658828167  0.305031789281 
 9.553997435857  -12.252573367136
-11.233848542150  10.738141021536
-15.552163382722 -1.283785807996 
 13.707741332888  7.660184939866 
 14.858749988114  5.140306277999 
-8.336100344137  -13.390867107791
-7.746307601490   13.742565371921
 6.127998409522   14.597484742424
-2.931440419004   15.558264940007
 4.592814500867  -15.230713479274
-14.931467117899  5.543778430229 
-15.473611554171  3.777122448651 
 8.331316011605  -13.630738954043
-9.269405010800   13.013634227361
-5.550821744161   15.120914001906
 15.697183904373 -3.659223693792 
-13.974578811784  8.217680746354 
 9.894098898971   12.885220874492
-14.826930282995 -6.817610846240 
 12.029356516680 -11.079495279080
-5.382848444994  -15.494951143415
 12.814050488593  10.249722674006
-11.339492094908 -11.874076218896
-12.832632513353  10.312791883422
 16.480847565232 -0.833385811344 
-3.501007589355  -16.143203339699
 15.063103764049 -6.821569533921 
-16.549610213700  0.344808819300 
-0.836165467343   16.559756587397
 0.832371055827   16.560937439715
 7.379873606960  -14.898327435097
-6.976020598904  -15.128331159900
-12.885810826575 -10.565734875458
-14.478423607585 -8.460791510276 
 14.354739585623 -8.730407349134 
 1.783392737186  -16.719915625527
-16.601074600428 -2.773560414063 
 13.471009737113 -10.199784241527
 3.807463624006   16.507385044449
-10.178110364486 -13.543736495779
 5.407049735550   16.056004093932
