-0.029060947268  -1.148396752174 
-1.103802544053   0.521501926684 
 0.626356811637   1.567146879125 
 1.629903326224  -0.522714189602 
 2.467920657750   0.728349908763 
-1.484512465682  -2.223883791803 
-2.746397319414   0.590467189951 
-1.769481328924   2.230246474010 
 1.149106028725  -2.642855252696 
 2.426195049235  -1.822018332055 
-2.975778475062  -1.864930062383 
 3.502798517785  -0.732071369657 
 1.121920454124   3.572181470859 
-0.503566841766   3.763181682456 
-0.532071962019  -3.921343537824 
 2.924923850591   3.122385989662 
 3.860931548787   1.926539308617 
-3.359689136967   2.836435061101 
-2.234074448494  -3.849432588230 
-4.435483284440   0.472044349829 
 3.020022172058  -3.615027927892 
 4.740312228112   0.552194745059 
-4.678036762946  -1.780795056125 
 4.458972771647  -2.713486056536 
-2.178394517527   4.883904792145 
 5.262259565343  -1.156042166018 
 1.678679267292  -5.145116659582 
 0.052565992452  -5.440802592607 
 2.777132440685   4.690923601069 
 0.415004295452   5.527994970653 
-3.959049260212   4.256041016184 
 5.035364798013   3.348620407136 
-1.750629683926  -5.913737657638 
-6.039902799558   1.398948398701 
-5.452706464606   3.010021909721 
-5.329844904532  -3.269790055445 
-6.288177882815  -0.160887405351 
-4.236837277128  -4.656769405027 
 6.658075377655  -0.088459148364 
 1.762616464473   6.492120060270 
-6.540218576377  -1.651102237673 
 6.603091039182   1.996686130374 
 4.615905726974   5.223351620554 
-2.723206032363   6.454965719981 
-3.261115335653  -6.327782949437 
 2.999666612066  -6.467838044814 
-0.702645024433  -7.100536684947 
-1.299469109532   7.069234299774 
 4.491072169308  -5.694098018713 
 3.256073318715   6.798716751375 
 5.939679636621  -4.668651589437 
 0.864535199619  -7.609862542753 
-6.390481125897   4.223570527827 
-5.503901882276   5.555447013208 
 1.020815475150   7.823887280813 
-5.524862266223  -5.723435564698 
 7.546860825015  -2.540765044298 
-2.496381677132  -7.629758875889 
 6.178434105178   5.392055719571 
 8.108677866672   1.922109383156 
-4.227238261090   7.240497746802 
 7.299188168773   4.186076932310 
-7.859984289113   3.083517596301 
-7.525092387217  -3.838863970858 
-8.509688521053   1.571318890456 
 5.289034694480   6.926885914079 
 3.282894257293  -8.132003457339 
-0.454821849258   8.809732105999 
-4.515158813811  -7.602951791170 
-8.888753373193  -0.347453521017 
 5.789827766952  -6.773690460862 
-8.642370832668  -2.539711456525 
-7.010125595384   5.731956323363 
-0.616651454995  -9.079994244406 
-1.962407592548   8.921274884709 
 9.176813241604  -0.879961949231 
 9.200183905994   0.759702358785 
 7.500405304645  -5.585684429077 
-7.401720162652  -5.766209021425 
-5.904209418458   7.363662574500 
 1.462924517387   9.408973909037 
 9.161197203262  -2.801273149174 
 4.980060019701  -8.196021603785 
 7.727707676667   5.682954488558 
-2.258868211807  -9.427940131389 
 3.533442714969   9.030423642266 
-8.630154090277   4.652465430099 
 8.759879662178  -4.410527206302 
 1.956443831521  -9.787200614973 
-5.005524707057   8.717050122053 
 5.438377840665   8.568421508071 
-10.135644825223  1.464797272161 
-5.657258002848  -8.605110506384 
 10.154592611552  2.158891719792 
 9.783076720161   3.627906712762 
-7.139094735787  -7.630022057061 
-8.321670350241   6.610025512373 
 3.981935212964  -9.882737748989 
-4.511576726725  -9.673415472613 
-0.118112669724   10.673348365583
 9.232469998696   5.372568030015 
-0.033892973899  -10.687076715671
-9.462679161596  -5.147604378947 
-3.740354026569   10.139012051029
 10.824639046377 -0.305147980601 
-7.475193584825   7.939542725509 
-10.460716388058 -3.207694182421 
 7.029157987156   8.475614757092 
-2.222633521801   10.856374844479
-10.381935985135  3.877274504918 
 1.979222111494   10.973185186213
-11.095296427091 -1.133240704684 
 8.817367509562  -6.872717945265 
 6.233293923034  -9.349417903489 
 11.141481995710 -1.773173320574 
-6.596790469113   9.184023324904 
-1.638652813775  -11.215570305192
 2.914777569227  -10.991718100696
 4.881314804793   10.381965719690
-11.212660062236  2.614989834617 
-3.274018346311  -11.049663665042
 7.818914846690  -8.599963644790 
-9.857023000568   6.244067832325 
 11.127010114820 -4.018691016438 
-6.573639422218  -9.860467362281 
-9.855483989530  -6.685101073184 
 8.833168806910   8.129977946295 
-12.012184737364  0.151229371436 
 1.102931072614  -12.042592226333
-9.101312857304  -7.995464137470 
-5.819676029819   10.632542796180
-10.998768409881 -5.149904997566 
 10.778594788660  5.651869408530 
-5.057072107164  -11.244447697392
-9.178762702925   8.265821192868 
 10.467459813545 -6.593669222643 
-1.393999059315   12.315729713333
-0.480311443689  -12.389826149188
-8.212315957099  -9.298114141415 
 12.420082540373  0.264644932702 
 3.348988685027   11.984546894785
 10.278572604143  7.082953287550 
 12.614638076445 -1.314628578469 
 12.472211618605  2.304866596659 
 5.336707688018  -11.519449114224
 12.117461496050  3.914788527185 
 6.914669646852  -10.739790000998
 9.774735236026  -8.263207547082 
-12.269998990500  3.721587075390 
-12.786049042826  2.171350602582 
-12.300812249328 -4.131832711139 
-4.446696049433   12.215802778913
 3.319650528986  -12.590773147947
-2.678717924634  -12.777024011855
 8.332547399778  -10.051064406498
 7.335043921633   10.821269194685
 1.573824262670   13.047441800242
-4.166880463771  -12.522625993381
 8.764643109923   9.926638197846 
-10.724114978523  7.822711507349 
-7.779078887945  -10.762148043683
-13.355005277874 -1.286740104304 
-2.898071429470   13.110242695773
-12.400296499234  5.234467038678 
 12.362069545804 -5.333545587329 
-13.469371799784  0.653653145048 
-8.332369087138   10.636070173032
-13.261110047633 -2.810307006674 
 10.265888140739  8.866924489190 
 1.154463198011  -13.549397408547
 13.007381843925 -3.969385913542 
-6.177955977740   12.188893192967
-1.288007857216  -13.674918325869
-9.779079493688   9.646300167354 
 0.007129478560   13.767655830269
 6.319428249385   12.296753361602
 4.586965938960   13.058427300277
 2.990811662558   13.546562471576
-6.936573480825  -12.033595647474
 13.950647332426  0.891947696034 
-12.512282415723 -6.557454702063 
 12.067331841614 -7.363297789430 
 14.057914087715  2.665545077936 
 14.293222796290 -1.300910945383 
-9.743919716699  -10.546919786251
-3.641599925634  -13.972522594586
 11.877146114633  8.240543523432 
 10.163536595632 -10.294479196238
 2.911505447510  -14.184126573107
 13.735246184323  4.733658518199 
-11.577390280264 -8.822702722605 
 14.251900881413 -2.973080509079 
 8.017348784033   12.256717254460
 5.461213093973  -13.632122380480
-14.161272039176 -4.220381655486 
-14.203241863485  4.132629516462 
-1.518107511140   14.745284260215
 13.232479460442  6.762565463287 
-11.395599385499  9.538736370458 
-8.127236876805   12.457234677047
-0.085476998471  -14.881666477514
-2.364427258782  -14.793539098444
-4.793941474678   14.209782681704
-6.056185398515  -13.793313755725
-15.076106394341  0.725295280909 
 12.177598059027 -9.005823624342 
-13.410347000682  7.094306493223 
-9.691501478134   11.756233670148
-15.071834792510  2.409282448133 
 15.282345804325 -0.033171609684 
-12.952988627389 -8.153527663675 
-6.472138635486   13.874096154135
 2.424980113992   15.131223527172
-8.421124110736  -12.827340691312
 3.935378057948   14.919777600821
 11.001217728337  10.836906545630
-15.366227388057 -1.796668751272 
 8.938301480839  -12.691897549407
 7.489843430981  -13.601155566825
 15.477530212464  1.482169533148 
-11.354468986508 -10.831654018886
 6.732467200435   14.189810384644
 13.467761268691 -8.095527075427 
 15.072239198619 -4.460491613545 
 1.356503701070  -15.688061512349
 0.892655143422   15.732518845292
-14.200894609093 -6.875766173583 
 11.861474509910 -10.495866362012
 15.332905514882  4.037686698180 
 12.679341966616  9.536756674183 
-13.069800661480  9.050799025300 
 14.775444939313  5.886708871115 
 15.762254562861 -2.524087070188 
 10.299760273172  12.206996090840
-5.242551575196  -15.160431915533
 14.731747000750 -6.406636131694 
-10.364249813606 -12.499565642362
-1.098708424981   16.226691618547
 14.168526141254  7.992470890812 
 5.672409601789   15.265950137315
-11.937728972923  11.123509593076
-1.381361570252  -16.346284241871
-3.550609662139   16.084124786416
-15.466303218050 -5.671041598990 
-13.022907633442 -10.187718338218
-8.144153967477   14.408046359776
 3.104574409817  -16.290891426279
-15.569665442197  5.857981225870 
-16.300906176305  3.318648948709 
 4.577890120929  -16.006971876997
 10.736732068347 -12.806122876238
-16.669805947917  1.383261711579 
-4.028939977602  -16.258673177090
 9.085261444080   14.076602432077
-8.679202546664  -14.476163089594
 16.889212139588 -0.984931164240 
