-0.666454581999   0.679340982232 
 1.058598797008   0.264631255078 
-0.658780322758  -1.049836731325 
 0.495479623956  -2.039193109920 
 0.864853264434   2.283056444160 
-2.322003548096   0.880368242266 
-1.374599549538  -2.432553060282 
 2.745368639262   0.523291072670 
-0.718447729614   2.985855654296 
 3.149924005730  -1.241128944458 
-3.464264313000  -0.578428226033 
 1.659470361121  -3.241686180752 
-2.304137575389   2.989499877700 
 2.353134660323   3.021486023246 
 0.109099194617  -3.895922825537 
 3.472072295633   2.012482470724 
-3.010821629484  -2.806465052289 
-3.646544160862   2.075153744330 
 3.466378387433  -3.010913963775 
 4.691672819199   0.634664956781 
-0.553012415083   4.781910819396 
 0.972824197416   4.838035698611 
-1.735509048251  -4.685223975460 
 1.695669434831  -4.901213636209 
-5.222515264716   0.287177583075 
 5.394041111056  -1.078056745207 
-3.466503614983  -4.272467354014 
 3.127888038112   4.714266876173 
-2.233091109204   5.209780838411 
-4.865267902693  -3.173709958177 
 0.534818844228  -5.855068573810 
-4.969819581420   3.231312072162 
 5.532493455904   2.272039949263 
 3.220943707648  -5.105024335629 
-5.926384348167  -1.733352861992 
-3.785659230791   4.883912477418 
 2.089948364572   5.859898568788 
 5.598647329277  -2.735378857047 
-1.668836366520  -6.216606435618 
 4.948476092348  -4.191418309378 
 4.864048211486   4.301051936773 
 6.910077025789   0.259047708896 
-6.919808477027  -0.094167364036 
-4.790343995184  -5.020376699793 
-6.440887986155   2.789460171080 
-0.675835582080   7.025591311670 
 1.072861442322   7.102771929274 
-3.158808453543  -6.854593797423 
 3.477397991516   6.704537418538 
 7.255392379602   2.254889010179 
 2.271154259002  -7.306496211885 
-4.835130097008   5.962345358293 
-7.334180755004  -2.327451831905 
-2.940040146861   7.236443265454 
 6.800965382864   3.864254306641 
 4.137915089280  -6.832237115638 
 5.378792733710  -5.908275793229 
 7.719045908460  -2.211079159741 
-7.797367665760   2.029308323176 
-6.541629814830  -4.738229915856 
-6.871619305451   4.253961730866 
 5.718884400233   5.992671791405 
-1.967485600454  -8.069232076916 
 6.941058082112  -4.565062156429 
-5.149248689680  -6.691556695668 
-8.564419539116  -0.626392665880 
 1.994760467653   8.365553535249 
-0.313827889671  -8.694155833476 
 0.077825588723   8.754045555635 
 8.994778653518   0.480794285191 
-6.179726133819   6.669223099047 
-4.215017093505  -8.090379155022 
-1.814490309880   9.052882876524 
 1.785351401780  -9.067967260920 
 5.600436882442  -7.408864111000 
 7.858947580953   4.951953631953 
-8.604340199740  -3.586197118209 
 8.709375324326  -3.426297073904 
-9.049627539390   2.996902098456 
-5.216432382424   8.016203894711 
-7.675174850769   5.714613564299 
 3.905769197844   8.747590056244 
-7.136372740437  -6.451464625402 
 7.333954494504  -6.465970490658 
 6.702593936204   7.143153556917 
 3.565346160884  -9.242164371880 
-2.054999803118  -9.760341679839 
-3.975679729840   9.156111768205 
 9.765567109755  -2.220052799197 
-10.141237586838  1.346867735671 
 2.734255313473   9.864892995911 
 5.690443250819   8.518745462792 
-8.728701828157  -5.414383188233 
 10.036999422304  2.426169456820 
 9.511040604360   4.126136541568 
 8.226585679506   6.436648602363 
 0.904743097795  -10.475180914670
 0.616714767033   10.558224827413
-7.717221556749   7.304930852823 
-1.355709658729   10.542019276310
-2.896516692297   10.256230289480
 9.465979743574  -5.054121287176 
-3.819325494412  -10.077641183987
-6.913337386874  -8.330953858799 
 10.799443113426 -1.131919538556 
 5.414856351670  -9.413075953410 
-5.551921001789  -9.336349174811 
-10.797869285240 -2.017938605295 
-9.114151853297   6.287077144306 
-9.948716887036   4.874636117044 
-8.485116583711  -7.161004560586 
-11.245814014036  0.038394482958 
 11.259044132727  0.359089839163 
 8.745086575442  -7.273793875492 
 4.224969533069   10.564102224767
-10.235408416421 -5.085646633219 
-1.150506724392  -11.385118883715
-6.404812815240   9.490716197528 
 10.036215912605  5.828713365155 
 4.151786174501  -10.858690078352
 7.606691479874  -8.833974436111 
 2.207365908813  -11.547831924100
-4.664795883063   10.811989161820
-11.517070216417  2.676690100046 
 7.045485971255   9.543942280991 
 11.373469082372 -3.713954830689 
 2.253841084676   11.778344218392
-10.057133029388 -6.715248274297 
-7.885005867921   9.192050758599 
-5.184152651366  -11.089771017725
-7.014679805315  -10.065014405472
-0.505176273337   12.309483862508
 12.274226996833 -1.825570924371 
-8.782698860217  -8.807252981036 
-9.429949770049   8.162590326843 
 10.367820549521 -6.974227696041 
 11.681846741143  4.623525892765 
-12.317578875965 -2.562255805016 
 12.233922283871  3.214836856347 
 10.135919217302  7.606815818249 
-11.923794463376 -4.316542265642 
 3.888723534737   12.111510798758
 11.463713647563 -5.580164799255 
 12.764002054152  0.586681592984 
-2.941343230041  -12.551011822091
-11.562325602486 -5.807261475779 
 9.821133976131  -8.440666011976 
-11.641193363015  5.688131866813 
-13.004760032764 -0.845155171371 
 9.488331453133   9.003143257693 
 11.551161533318  6.151453892815 
 0.919660987831  -13.124008242362
 3.937798534414  -12.619657134303
-3.101215157413   12.954573730032
 5.435178874768  -12.216690605857
-12.989904223846  3.260850370592 
 7.050475063126  -11.399270409235
-11.205908532950  7.373996444703 
-7.389137904492   11.260770959698
 6.837704759450   11.662981525868
-9.414153840543   9.708466195374 
-1.658642127516  -13.437267578365
-13.542078137437  0.590328073008 
-6.014596298847   12.170830925296
 9.438310649671  -9.938303928270 
-1.195934016001   13.665575529363
 0.419403992354   13.730013500895
-6.244450599715  -12.283805920473
 13.100289481641 -4.668479794873 
-4.702148737670   13.102922840128
 13.559391889882 -3.228379818416 
-13.416061323041 -3.952203452743 
-11.123667685775 -8.609616545578 
 13.923177069812  2.071173144594 
 5.008571502686   13.199442625738
-12.155460867436 -7.217119063006 
-10.929196020601  8.997905731467 
-14.017680028328 -2.069177553434 
 12.141115399257 -7.327993253547 
 11.471448558493  8.516178625979 
 13.725472794101  4.024075086781 
-0.275352513789  -14.388818672665
 2.161480280344   14.282395945433
-9.806609360034  -10.648560571220
-13.754278862202  4.585676987572 
 14.493393322265 -0.404146821412 
-4.381425857977  -13.833992113274
-8.545891946067  -11.768503226112
-13.295303778359 -5.940893984639 
 12.992952863118  6.681490924879 
 8.649398371249  -11.803694295879
 2.354108688366  -14.472373932752
 9.169398185518   11.570973982856
 3.932188745900   14.247739423114
 14.657961890255 -1.993452623742 
-12.831205425025  7.502442516422 
 11.765438987337 -9.106834715227 
 4.343205846456  -14.257450678280
-2.079924474083  -14.913744106360
 11.243666632082  10.032603861202
-9.921504103040   11.426674437906
-3.433372933461   14.742394695021
 10.883966748477 -10.549145199560
-15.107111606895  1.731053146080 
-11.366878386321 -10.162127731440
-5.932524937948   14.047612201339
 6.513255696425   13.790570491050
-1.363668083050   15.202111568771
 13.596835689975 -6.963966066923 
 8.096704153608   13.035137746941
-14.995677033960 -3.293372978764 
 1.042073984581  -15.327329867456
-7.003653022059  -13.687634230471
 15.102057038213  3.233546780226 
-15.486324350617  0.271852529492 
-15.482020741177 -1.412658153079 
-8.510038946510   13.035411670053
-14.145892052149  6.725068541777 
-12.731982080464 -9.147703762582 
 6.901057517513  -14.223500723058
-5.944171993452  -14.755989693357
 13.422203327271 -8.649544944560 
 2.020574869884   15.885916790062
 11.065649818628  11.658495062691
-12.295136067121  10.508751046993
 15.641884223079 -4.142796268790 
 15.408717846204  4.968308783992 
-7.650344188953   14.273077505516
 3.048850702629  -15.936424863412
-13.437227720707  9.169765253650 
 5.802539950952   15.276357120942
-4.725497591470   15.644262076914
 16.361278658670  0.434321504508 
 0.257203110834   16.381822088426
-9.074528443279  -13.643902358066
-11.563171330041 -11.654517168619
-16.131932229574  3.067085314520 
 10.523438807206 -12.632165198950
 14.576111353136  7.633930902947 
-4.652000135207  -15.787725643679
-10.345510549868 -12.812357814974
 4.841718594857  -15.748487847442
 12.856583273232  10.361517100607
-2.973493220453   16.319686030409
 12.489256223661 -10.921869005878
 15.121050288630 -6.829399931847 
-0.547156231815  -16.621393964661
 4.050046633735   16.179766476836
 16.649893591310 -1.473357502433 
 16.555654542424  2.475507150061 
-14.427729805254 -8.491455418002 
 8.691535595966  -14.315907672065
-15.832966650697 -5.523853437296 
-6.667911193000   15.492530327233
 14.166483676096  9.155967550705 
-16.391897883267 -4.083271651895 
