 0.174568943953   0.855099553996 
-0.425973761661  -0.995559206371 
 1.192670596900  -0.521914017915 
-1.354168726183   0.353319108086 
-1.368210917337   1.948482004517 
-2.471646819796  -0.672068303145 
 2.416303790678   0.986207480198 
 1.485988995395   2.234046308063 
 2.793441605157  -1.267142547868 
 0.624773002035  -3.151202416365 
-0.204291904445   3.294795858395 
-3.371207776350   1.530896565296 
-1.473823807856  -3.444959292464 
 2.534229371096  -2.805103280962 
 4.037796228022   0.962568491260 
-3.286851529342  -2.644578902217 
-2.854320853853   3.545371846838 
-4.563716016484   0.620431559341 
 4.312314973881  -1.766702289146 
-1.155806732571   4.530537141044 
-4.459467705329  -1.410663071512 
 2.498899908208   4.090517713306 
 3.907137181649   3.066454197130 
 1.537417132598  -4.839914654042 
 5.363040178857  -0.601649766389 
-0.464604574823  -5.381043587439 
-3.101658936993  -4.620858694138 
 5.231385578779   1.984119698554 
-4.575668680875   3.248140775992 
 1.150009115167   5.670070648945 
-4.628659355718  -3.741728768388 
-2.286736153227   5.613722772082 
-3.685066668367   4.829479059477 
 4.566329323571  -4.196292683491 
-5.832387042908  -2.536155942991 
 2.735218720246  -5.819030704075 
-6.476599326396  -0.822921567323 
 4.129320373764   5.509227641717 
-0.504636107088   6.868060714695 
 6.890262335118  -0.410529460204 
-6.240261131476   2.958755566818 
 2.731025637223   6.418316304927 
 5.309689165276   4.534351183879 
-6.953719763925   1.180966237793 
-4.777156451066  -5.256712950841 
 6.298168674742  -3.297644581613 
-2.938391408905  -6.574925644518 
 7.058777788304   1.744898274825 
-5.223218077624   5.187947429902 
-3.880175751779   6.379894609291 
 0.325756739268  -7.518021560477 
 1.973311091037  -7.385434191106 
 7.427979975864  -2.021192750383 
-2.367407521358   7.400604727498 
-7.297285929614  -3.008977077739 
-1.288493854319  -7.823687810812 
 4.630643103257  -6.530525419088 
 6.599644134688  -4.798963120346 
-8.056072766796  -1.409816558587 
 0.048361111504   8.275381041059 
-6.917824342269  -5.010720630468 
 1.783431841540   8.361562835462 
 6.532596678583   5.538990025325 
 3.617884825298  -7.769372876322 
 7.535093541750   4.197846027239 
-7.406509659681   4.468624004206 
-8.630078024990   0.779092550069 
-4.679841553563  -7.358846249671 
-3.141507905261  -8.136306202123 
 8.729553380795  -0.696788494216 
-5.852851107803   6.565605254141 
 8.739164237696   1.192145175704 
 5.474182722845   7.085962419560 
-4.594331299667   7.791540040800 
 8.749396230958  -2.903361919931 
-3.298887356448   8.646024308738 
 8.814259529845   3.026804323453 
 4.453593434171   8.299440083302 
 8.375376643330  -4.356230775854 
-8.461810833018  -4.253591482671 
-6.490846048748  -6.994448717152 
 2.514657543719  -9.236317046453 
-0.674223473819   9.650942802791 
-9.072130479993   3.385479670924 
-9.742304570272  -0.295611788044 
-9.616546319213  -2.294591403950 
 0.925449462927  -9.887372101931 
 6.654847151291  -7.391034176515 
 7.207665736687   6.903222433633 
-1.862742105395  -9.807568429302 
 1.849412937785   9.911939792628 
 4.128246671676  -9.233641913324 
-8.754679867027   5.151504978034 
-8.361190422547  -5.834487396854 
 3.379162633272   9.647319627432 
 9.145601030580   4.601488987343 
-7.843139561598   6.831508449932 
 10.572365574840 -0.049153471297 
-2.856411524216   10.271419497766
 10.102561791494 -3.922292338559 
 9.215329327531  -5.756656156663 
 5.588164321685   9.358998376173 
-4.914050234355  -9.782825147913 
-10.892265523296  1.221649906866 
 5.865254294098  -9.263853317229 
-4.594350931995   9.980327853619 
-11.004661743859 -1.376969127166 
-9.934663621222  -5.110305509402 
 10.922745304824 -2.410122533784 
-0.864363405921   11.166251187720
 8.451779623904  -7.369236122626 
-6.948221380062   8.932938970396 
 3.152218203330  -10.891732379066
-0.305238663581  -11.337280224645
 9.038282981715   6.883697621491 
 11.306563152595  1.807993644360 
 0.841534596921   11.429703132525
 10.761000478389  4.031372781747 
 4.669282678357   10.618323242676
-10.385617369375  5.300578493064 
 2.767023487429   11.344924963720
-11.079845347087  3.765679587065 
 7.399269984736  -9.153677372756 
-8.642101141153  -8.071140890823 
 7.107703836082   9.479000417758 
-4.132643453252  -11.133392133920
-7.043684158140  -9.675113864158 
-2.573560176203  -11.813467288156
-9.739539428449   7.246133562394 
 12.173357732559 -1.243366148923 
 10.661950972714  6.156287315638 
 5.925390028096  -10.852272705181
-6.301253383570   10.654243400211
-12.454460429753  0.108715480114 
-11.788613677442 -4.076240560105 
 11.306522365276 -5.299687560611 
-2.635176961988   12.206872735679
 12.509988227769  0.502838488393 
 0.635853639440  -12.553436388575
 2.400137876311  -12.375403346417
 6.083664871475   11.218104362061
 4.163915217515   12.080229018060
 10.734261610026 -6.942458086128 
-12.623697489778  2.300745078598 
-1.078726027342  -12.811311537943
 9.725002894888   8.430749396963 
-11.184718201329 -6.447627164245 
 2.420752985811   12.854955082223
-7.803627363163   10.515893330385
 9.792130585102  -8.711523545767 
-12.913937543351 -2.308488578549 
 7.626506342388  -10.699972335721
 12.758829057737  3.315881124186 
-12.227866260934  5.106551643441 
 12.056074155801  5.533016881059 
-10.675714754534 -7.926632434711 
-9.561259893496   9.270536679122 
-1.511750020649   13.290408924722
-5.286765774150  -12.305142206083
 5.415087006475  -12.299378066461
 13.367980828283  1.862318818295 
 3.899081210309  -12.939384819133
-11.338950234040  7.362377819226 
-4.866265117107   12.615733534218
 12.960029321362 -3.907699216338 
-9.490247683979  -9.747920172146 
-2.789105802244  -13.375602307340
-7.361138821439  -11.581779156403
-6.398146625946   12.294321880398
 11.589450749385  7.671941553037 
 8.900171596573   10.722319738055
-13.379204071313 -3.960450343881 
 14.008525907409 -0.036824376889 
 0.044171626246   14.013702204093
-13.969864826820  1.548786514768 
 0.646336107989  -14.153763284595
 12.536391421001 -6.665642629627 
 6.259011547355   12.748312486231
 9.419453165330  -10.665974931434
-14.024079870754  3.153382782638 
-12.183830366776 -7.654380914738 
-12.972052895883 -6.356711342531 
-14.439963883641 -1.124653731740 
 2.047128791862   14.405181084842
-11.178571530950 -9.355360286573 
-9.566563829006   11.008113960904
-9.267829035775  -11.276370776819
 2.164275654403  -14.445595550263
 7.061472641278  -12.835892853204
-13.926991114942  4.869672262028 
 5.117048284012   13.890157119816
 11.404273895294  9.506688120166 
 7.769240511751   12.664605753428
 14.467389159530  3.455431824058 
-14.604555934368 -2.873281242851 
-11.526306421693  9.451875620893 
 13.338232344495  6.661047135996 
 14.848617384314  1.570101149156 
-2.027933861317  -14.803657874462
 3.861299795381  -14.445396705191
 14.783220219114 -2.373579541509 
 8.748073981937  -12.193352547830
 14.305953479558 -4.655662938068 
-5.717191718788  -13.955713155604
-7.656594886361   13.126007202383
 3.505126934494   14.842207024073
-2.344425885604   15.087519465266
 12.790339425255 -8.349051824762 
-7.898691197940  -13.077945151099
-13.187105077346  7.878209316672 
 11.914334409107 -9.765035845913 
 10.845157061484  10.997860396384
-3.852827706039   14.958743568121
 14.162653569722 -6.202003180959 
-0.704591297422  -15.512271339867
 15.555508421428 -0.313512605887 
-11.315626232050 -10.908735414257
-4.002819430878  -15.221334487004
-6.472497275184   14.396839358547
 14.735163687154  5.684184459893 
 6.651308761389  -14.338374236907
-15.767122358111  1.529485819845 
 1.433569283229   15.780010377551
-9.385426661568   12.822911609663
-9.570546602701  -12.765803869567
-15.030114007371 -5.393744163046 
-15.572008962056  3.611136227179 
 13.592139775429  8.536466857473 
 7.480802773847   14.234171267450
 8.468412303364  -13.726807467138
-14.596648646803  6.887900566807 
-13.274964589406 -9.242006337910 
-1.121349493909   16.143280909173
-14.169994031379 -7.881179750703 
-15.409620113719  5.352111532607 
 15.777561739155 -4.160278963946 
 10.230029781957  12.755657459309
-16.406342117062 -0.480559134029 
 3.301736157913  -16.111628586734
 16.320863395773  2.562832042409 
-16.131190170407 -3.570304284238 
 4.601981139435   15.883636568778
 4.787586697155  -15.844223840742
 9.123932890042   13.900257388849
-11.045138991433 -12.441299395517
 16.577181615128 -1.437082508473 
-6.169085771259  -15.494100069260
 1.209386725239  -16.643401601654
 11.106018121802 -12.488365851317
 14.872439802781  7.706533033657 
-11.729897313985  11.963816443650
-16.651657553666 -2.011500655555 
 14.113807081689 -9.089902091020 
-8.721682871280   14.365523214069
 2.989749893116   16.605386153825
 13.622316803892  10.062005171347
