 0.364323560227  -1.324417286033 
 1.564462247959  -0.323676835696 
-0.918601495598   1.348623471007 
-2.254101241399  -0.418277502488 
 2.325273399845   1.234993427161 
-2.517608984659   1.067245356835 
 0.623972728448   2.933919969334 
-1.505125047993   2.893192367439 
 2.032062671856  -2.606246828084 
-2.720446263508  -2.071475755336 
-0.504065822607  -3.388790712456 
 3.721958615808  -0.183727846377 
 3.985695959196  -1.804603438905 
-4.150022346251  -1.525027123476 
 0.784764378426  -4.366199286855 
 1.907458972467   4.210619441168 
-0.423368154207   4.624605721490 
-3.300448109210   3.602412215294 
 3.479030881346   3.475769625410 
 2.411263252733  -4.312039587158 
 4.869277771933   1.284270883289 
-4.755928199882   2.003886439433 
-5.161007252214   0.222097145412 
-2.627212390418  -4.570759369601 
-4.409665785863  -3.074247200977 
-2.156420891686   4.948231508508 
-0.552438172140  -5.396955097163 
 5.508883706897  -0.211916334368 
 4.851534962822  -3.127853159979 
 4.068294476750  -4.461999963553 
-5.822762254783  -2.225224453028 
 2.211596773973  -5.898634436445 
-0.727086064760   6.350305516204 
 5.952953258234   2.336376014317 
 4.667418946623   4.460980757650 
 1.131286992289   6.357907059454 
-2.163650233519  -6.257992576502 
 3.319973896911   5.740695149552 
-6.503894148149   1.451626299157 
-4.596827165625  -5.030876140145 
-5.525523963065   4.322322590394 
-7.023317598163  -0.428959503263 
 6.867041353988  -1.874534107347 
 7.148224001936  -0.199721034524 
-6.475146660950   3.047056944938 
 1.025432629179  -7.174966644348 
-4.428171958184   5.756486657051 
-2.418893456925   6.913160840775 
 6.007256379880  -4.528446287685 
 4.994893129540  -5.724525004735 
-3.619991078188  -6.687208322955 
 3.152485942490  -7.094988518112 
 2.126590430764   7.524583749731 
-6.530362660010  -4.558507918531 
 7.141512612074  -3.540902637006 
 6.029049667055   5.277286633772 
-0.299878316526  -8.020405244028 
-2.136383487618  -7.786270927923 
 6.987223331484   4.048120559491 
 4.850956208783   6.554462536227 
 7.993926342141   2.001772215292 
-0.445991244048   8.281400813215 
-7.924107664245  -2.490605185891 
-6.062077505620  -6.027336712014 
 4.671393875833  -7.227598070007 
-4.082767548180   7.612842671795 
 8.743584004839  -0.563607496353 
-8.338563764507   2.717876477497 
 3.529601443849   8.072384115821 
 6.437853302121  -6.226600247694 
 1.067606937016  -8.934207486444 
-7.513325154422   4.958979520428 
-3.964982320795  -8.152927682349 
-5.687208569322   7.083885500996 
-2.373252695031   8.802723592234 
 9.082174190175   0.941122113353 
-9.134640900046   0.278061535554 
-5.365286579558  -7.463823007849 
 8.932435060200  -2.405041002687 
-9.316978737260  -1.397982781672 
 2.401262006290   9.218370300403 
 2.914114496110  -9.368443319837 
 0.978616137553   9.826317617218 
 9.035081102329  -3.986065793867 
-8.027366175687  -5.808813052566 
 7.961880524636   5.898425425554 
 5.053411485551   8.536174942188 
-0.731385309989   9.919595103298 
-1.597845442627  -9.927154814753 
-9.969516707484   1.578474697513 
 6.663634845013   7.611476949151 
 5.865061087141  -8.324306595656 
 0.058555906200  -10.238514520327
-7.217921652441  -7.262211930164 
 9.154319845106   4.813220004542 
 8.286266583155  -6.209668114010 
 9.945083189910   3.214529751307 
-9.934677759309  -3.284798976361 
-9.268483445988  -4.862019593349 
 4.475790563559  -9.474373179394 
-8.793302678827   5.854127821006 
 3.856983736279   9.856832257298 
 1.594523908781  -10.476142864705
 10.630366615671 -0.931052064986 
-2.300056890681   10.420939008957
-7.048138610953   8.043465456622 
-5.635952754170   9.202992291681 
-10.796244927807 -0.407271874787 
 10.536801721782 -2.551332569409 
 7.474935484763  -8.141911076911 
-4.284889914282   10.216835665308
-6.647661134506  -8.942268961879 
-5.321362636178  -10.029228212801
 8.899111112471   7.115046377742 
-10.272518578304  4.936048156908 
-10.905562293942  3.335626222867 
 2.892185225333   11.036019282302
 1.100434363914   11.408832937377
-9.206955478235  -6.884535048869 
 2.946027980491  -11.135371322621
-2.171696167399  -11.357110588288
-3.695253094976  -11.032893749546
 5.933291552527  -10.013729987956
 10.815239502687 -4.539111022789 
-0.402907713179   11.832514661253
 11.801531334316  1.210716538440 
 0.554888499711  -11.863879916702
-11.789813783404 -2.014960141338 
 11.349661436970  3.804855453253 
 9.011980197047  -7.958740225275 
-11.310311976219 -4.338269089823 
 5.100199790316   10.988985727482
 6.939652844443   10.044592037691
-10.787449498762 -5.765971431593 
 4.980132473960  -11.201522375321
-9.296534079591   8.016980651779 
 11.980732960383 -3.137520315290 
 12.377449174092 -0.802697734494 
 10.411043330021  6.783419576613 
 8.785334642422   8.814314005510 
-12.397020428922  1.130111669964 
-9.226563625814  -8.409366066989 
 8.012451944082  -9.654618785097 
-7.526948871415   10.046744851494
-4.371560879437   11.770377354853
 11.040396764509 -6.187543861848 
 2.228775247804  -12.546742669414
-10.882808443733  6.763338816237 
 4.058017210074   12.211447876854
-12.450033981901  3.273761656550 
-1.037888942046  -12.838509948106
 11.845614655808  5.248556262530 
-6.045859168937  -11.462578901940
-6.486472142154   11.220346373575
-8.439441196755  -9.846775763647 
-1.321946843239   13.040287053903
 12.809741354994  3.244613731193 
-4.644840876890  -12.381579301591
-3.034150921835  -12.934278457646
 3.878098311321  -12.778443694217
 8.421886823976   10.405491170660
-11.415788175253 -7.196581947281 
-3.424317377314   13.065023366621
 10.561165611441 -8.461664012796 
 6.934279342569   11.638412115733
 2.887108872705   13.243273672889
-7.587699494958  -11.234458094939
-13.635758790626 -0.848936296568 
-13.176866926115 -3.751234941928 
-10.842989037559  8.418892769851 
 13.632914581011  1.817087878992 
-12.827474941697  5.017167462699 
 5.703334437915   12.605293940074
 11.058837282211  8.350777220155 
 13.804024967905 -1.430352526093 
 9.528551382365  -10.089913560182
 7.720137418239  -11.571111378905
 6.028699289737  -12.583903432099
-0.099464672628   13.989713674482
-13.021186347419 -5.294828556255 
 13.730404359186 -3.298765043681 
 12.338505061568 -6.939885435832 
-11.122096657603 -8.760899050125 
 0.034284198639  -14.161443372869
-8.393613182111   11.519454395635
 13.192299263691 -5.638201181734 
-9.817205596573   10.490622644771
-13.997783270955  3.294766199304 
 9.961222457796   10.416450870122
-12.628651091615  6.953592465935 
-9.711833925423  -10.656641609085
 14.446594425453  0.109302661947 
 1.950304947198  -14.416454702384
-14.460411787215  1.671869151947 
-14.397901068599 -2.860292323250 
-6.231518072558   13.387432702674
 12.092941587421 -8.482445067952 
 12.673943984567  7.625839483586 
 5.202956713886  -13.854290912639
 8.877011107860   11.909504485157
 3.659934768583  -14.420507624073
-7.773434737339  -12.786161520492
 11.261991572472 -9.948221357736 
 9.569071018409  -11.635766887224
-5.555403664973  -14.024265527446
-2.251760200419  -14.937797492332
 13.755486892043  6.262353793637 
-7.818540854857   13.053174522637
-11.794888222899  9.642264575189 
-15.223923037767 -0.800944987703 
 14.448792613226  4.898894160803 
-2.040437467836   15.204353407823
 12.091534106064  9.445743222513 
 5.225971138087   14.501506680846
 7.596610443979  -13.446947893856
 0.227462195972   15.494406869041
-4.395962849701   14.874607779995
 15.581558947452  1.220186467596 
-14.762818842573 -5.134028874780 
-13.136735460338  8.487486926675 
 15.257637921144  3.524670285494 
 8.132876455537   13.411385967906
-14.594584074226  6.026402036335 
 14.313443751048 -6.695432664388 
-12.716098102771 -9.463311170219 
-4.169232344147  -15.302345560861
 15.770566079055 -1.701890143426 
-11.741607255080 -10.677664878224
 3.525176956227   15.476065457643
-13.869835350285 -7.815883957335 
 11.033924090704  11.633157850707
 2.004346470499   15.932633484797
-15.744900655789  3.244161562210 
 11.082675250913 -11.652539971553
 15.729591317896 -3.418246814456 
-10.939136498112  11.833233256769
-16.052053232346  1.484395007280 
 12.872059694776 -9.774560070740 
 15.413668079403 -5.007412656724 
-6.989479405941  -14.654235610016
 2.792817177535  -16.055765137600
 1.220948796034  -16.256646489976
 13.625646141147  8.952017257894 
 9.510112960235  -13.417122651387
-14.553133155873  7.760798390210 
-7.365342320764   14.795748660661
-15.187486166683 -6.615085589026 
-11.295644423618 -12.130614611735
 12.481679663053  11.028003297226
-1.023278595211  -16.636272907409
 4.699924561013  -16.017408608952
 14.906527842091  7.608969347151 
-5.941131336970   15.669417806196
 15.560601652347  6.229383799199 
 6.571982219158  -15.426265005464
 10.505750076160  13.081257316354
