 0.002274407610   1.047313988523 
 1.048373550294  -0.140213544200 
 0.654499656045  -1.607662404397 
-1.281696122668  -1.208999568046 
-2.207096818263   0.471436981797 
-0.521856699444   2.653719376496 
 1.455496107370   2.322978968732 
 2.406610667258  -1.467086719017 
 2.818404040022   0.313181007232 
-1.182333023267  -3.041358178761 
-3.149333389135  -1.131474754162 
 1.578095492945  -3.092333789661 
-3.540660309668   1.234667593192 
-2.354699970446   3.125486921196 
 0.301927035147  -3.917449081440 
 0.689061212939   4.084671844931 
-3.125548638771  -2.871605724345 
 2.785855795456   3.397675484539 
 4.383351366978   0.497565000993 
 3.710222176074  -2.516610347091 
-1.087071204203   4.559089438602 
 4.301019103547   2.389744408048 
-3.920523532260   3.035821661770 
-5.103641405258  -0.272933299507 
-2.631964720521   4.623066049375 
 5.176250250594  -1.420500015174 
-0.417339027417  -5.367630609795 
-5.133862626187   1.720197946782 
 3.627698718351  -4.143372871778 
 1.754053304212   5.257937835521 
 2.126063802172  -5.656704442728 
-3.859300315260  -4.692593665547 
 5.975878361430   1.472804139711 
-2.556704816642  -5.602538265381 
-1.819208282603   5.977455579299 
-5.771180146913  -2.602570133107 
 0.656344930059   6.362387342141 
 5.606434553903  -3.222052095216 
 3.297337637324   5.651054971744 
-5.934865992663   3.299235725096 
-3.876390819837   5.604584744220 
-0.213263023480  -6.893077545347 
 4.834876724532   4.928873548030 
 6.905663785256  -0.627832191769 
 5.959362021196   3.760015862877 
-0.779177942495   7.069719974608 
 6.836929823331  -2.224408606962 
 2.059841021570   6.903047111157 
-5.544405594483   4.840308458230 
-7.419860484764  -0.483658336751 
-1.764539573888  -7.350344557909 
-7.533849878484   1.030462828002 
-7.315501395634  -2.085930357623 
 7.462347617235   2.115492463229 
-6.254041145436  -4.697963115529 
-4.985656882840  -6.126102062813 
 2.325298780757  -7.681527410280 
 4.706917089665  -6.503774619553 
-5.208067524633   6.334139460841 
-7.177766380223   4.154944069550 
-3.914439228984  -7.347016552528 
-3.253640032991   7.700506052169 
 6.175561476989  -5.656917197555 
 7.525814779774   3.795988027527 
 7.417316600814  -4.065158742832 
 1.532559784522   8.525492305325 
 4.390656172862   7.495328959497 
 8.310467835551  -2.797366158873 
 3.052634108666   8.266781442983 
 6.353845568635   6.212473233114 
 8.923992848360  -1.107720640187 
-0.588618015724  -9.033510189553 
-8.540982173143   3.075134171749 
-2.030704126765   8.912831843509 
-8.258924566544  -4.136737462416 
 9.248550908359   0.361677333444 
 8.943148924187   2.392587131717 
-9.269287099102  -0.371593604609 
-9.226297714088   1.209018115954 
 1.334126481565  -9.314411366241 
 4.823158966435  -8.156283271527 
 3.381010801270  -8.876874975834 
 6.269649923262  -7.156655840982 
 7.701274990028  -5.600427536207 
-0.232456397427   9.594686284660 
-7.306409582127  -6.347791205246 
-5.527266274650   8.127281972217 
-9.648000838672  -2.538934882814 
-5.235620023581  -8.520648977215 
 8.886599261688   4.626362291823 
-3.836805735505  -9.287958995918 
-7.449138039346   6.749083329651 
 6.005338288929   8.065653760954 
-8.457070304551   5.464044667665 
 9.036391203840  -4.606982001792 
-3.918996826507   9.413508623592 
 9.963365428718  -2.618245976814 
-1.598850414086  -10.316021934064
 2.645704810834   10.129781601271
-6.728454890395  -8.059396902280 
-10.169987462089  3.220794866330 
 7.813450237426   7.272230491928 
 10.665027842320  1.384728593409 
 2.366903508367  -10.507882564825
-8.889964052691  -6.111805018739 
 0.050016208895  -10.790659891943
 0.720223471940   10.788484179767
 4.285502056471  -10.380378432168
-10.614701583442 -3.704733628779 
 11.234409198508 -0.448190977174 
 4.932155505794   10.129220024628
-11.189553545389 -1.392237881907 
 10.608404603353  3.856406366458 
-10.141835868615 -5.129819873117 
 10.696335305859 -3.973844547432 
-5.231285351680  -10.158501056843
-11.459116423955  0.290732901215 
-2.799577481786   11.209325158027
-1.278190961578   11.487321917591
-8.383408196538   8.022712668205 
-3.734703858203  -10.986573693478
 9.338747263095   6.959596937320 
-9.981652444064   6.102959755988 
 6.700752263732  -9.593238360520 
-6.682897912843  -9.612465104998 
 10.001407226776 -6.261278116635 
-6.258454192625   10.015798831221
-8.774951372810  -7.934002644996 
 8.959062639718  -7.975607803406 
-4.682792883029   11.044495446879
 11.743834177227  2.735016128761 
-2.202521611221  -11.874213548019
 8.494776797275   8.623745200805 
-11.722634977880  3.472889639637 
 12.220696589999  0.944721094225 
-12.123522186635  1.987153520454 
 1.345119250172  -12.234172248205
-0.099699513179   12.570948323868
 2.025214078571   12.419943082651
 12.179176839414 -3.185164767257 
 3.707697451224   12.033435411062
-12.122451422326 -3.412652741761 
 3.535827645722  -12.103143485366
 12.582086756940 -1.219839633316 
 11.200520844703  5.927729299521 
 7.595778987481   10.206258681609
-10.608655407170 -7.310132277817 
-11.662828662403 -5.478661142198 
-12.875692980538 -0.817298323611 
 12.398648417238  4.125443937489 
 5.949924862794  -11.742114602520
-12.213926855371  4.996363377865 
-3.006060168881   12.906924945967
-7.025534689916  -11.240389650496
-4.419970755580  -12.548763724165
-9.026007288644  -9.788662921149 
-11.090461828894  7.473749012833 
 10.469526803321  8.373398578374 
 9.516829533489  -9.443194222395 
-5.723219700424   12.161296198489
-0.800208215960  -13.480663875882
 5.568427559155   12.391087855781
-8.916932391200   10.327198489177
-10.301993193945 -8.980495230205 
 11.057516616712 -8.066359890687 
-1.387036928945   13.750872075809
 9.709234682379   9.846479483983 
 12.680880362576  5.609113159794 
-13.613673546516  2.745449478871 
-3.189274367477  -13.553688924808
-10.697306195273  8.963623555254 
 12.600409796055 -6.105907466879 
-13.110709995706 -4.987857262385 
 7.645396440446   11.789015837347
 0.782895195343  -14.036121525048
-4.525024728925   13.314120724761
 13.689969484130  3.313706130778 
 14.068470726150  1.271561008210 
 8.991861230274  -10.949660888505
 11.967981862557  7.597484454357 
-14.151192440448  1.031288188218 
 5.176142214630  -13.216128940452
-12.588283224093 -6.666575265812 
-7.392904863880   12.205721719770
 1.849386823567   14.182014876490
 4.102324643630   13.861666892877
 7.504654696884  -12.402710141469
 14.381014168571 -2.333973574939 
-6.427053496248  -13.136373044668
-14.439448606355 -2.326784619153 
 14.627790010450 -0.623135842075 
-0.072825490174   14.669925081231
 13.995218414301 -4.399485214991 
-2.042012895716  -14.635555710349
-8.299640808799  -12.281903934250
-14.123905355651  4.724710423234 
 2.364359804567  -14.713786041690
 14.149331199447  4.751676901111 
 9.696730154492   11.360286016752
 11.177165948926 -9.952431095940 
-14.415240713982 -4.100995541712 
-9.402514542142   11.844751124884
 6.804895971996   13.507555279252
-12.590980173902  8.395549346756 
-15.127375804814 -0.989168472252 
 4.068110795861  -14.627259702503
-10.792305058431  10.701684145095
 12.321995072123 -8.906072838992 
-5.982150541091   14.017949658987
 15.060600314927  2.467033671837 
-13.814214929009  6.511558723753 
-11.713645998306 -9.803366202895 
-4.846465528394  -14.511497176203
-1.495617555606   15.246947531682
-3.849992463776   14.852875047219
-0.337164581653  -15.435481066729
-10.170637925665 -11.648235012051
 13.807355883066 -7.275855818721 
 14.257549448873  6.486851302624 
-13.005737358647 -8.740484396828 
 15.650076519919  0.820090372615 
-15.714070925442  0.477788598352 
 13.394228638561  8.260020720506 
 15.331159329209 -3.626459662113 
-14.243993177919 -7.034207919912 
-12.293094987875  10.211999271503
 6.643290296264  -14.559775329065
 3.432136223258   15.677717572506
 9.306989456333  -13.079957996667
 12.374282862100  10.226963669354
-9.025810771956   13.331150413711
 9.706846909113   12.934561341165
-3.882441456715  -15.722819567932
-16.035341594060  2.458536086041 
-7.762790390711   14.290619265314
-7.183946494776  -14.602374420369
-16.103992994373 -2.351966254897 
 8.107964494467  -14.119139930226
 5.333369166383  -15.437075609033
 1.164828927484   16.340393520865
-9.471343309045  -13.371024090289
 16.392822589974 -0.837337968715 
-15.605034793318  5.276313508594 
-15.984079054737 -4.008453629235 
 13.813682981430 -9.183153418607 
 15.421827482706 -6.258237690385 
 2.393634282208  -16.486056621342
 15.748701858393  5.477039964417 
-14.431491661796  8.400678707543 
 10.830677321823 -12.732197027594
-12.425326601395 -11.203921654003
 11.755400163761  11.983879641502
 6.087014506266   15.648682116102
 16.665792330087  2.184069577241 
-16.818313380662 -0.885658839292 
-5.418194938400   16.020836151875
