-1.133508478148   0.315483960227 
 0.745804395610  -1.301644187143 
-0.758871965346  -1.567127609627 
 1.666607189989   0.621585592488 
 0.078376077066   1.899525080833 
 2.358553592690  -1.046712586639 
-2.450622317235   1.385608303325 
-2.222854748694  -2.143427480782 
-3.098934177505  -0.194474946844 
-2.109353228055   2.892726630716 
-0.295103916325  -3.580254306950 
 1.850522266624  -3.246991001593 
 3.342121992780   2.186811987006 
 3.992938336206  -0.561819525477 
 1.477192715675   3.768509757363 
-0.138425066069   4.079348438253 
-1.918389762062  -3.812014403066 
-3.735684493255   2.414007069268 
-4.515513519680   0.627279687856 
-4.450621900331  -1.408900310966 
-1.990072263057   4.426833621113 
 1.327020426545  -4.736453215544 
 4.731567095658   1.460309666787 
-3.933706815291  -3.178740371293 
-0.142583440513  -5.168386992020 
 4.936835346362  -2.197361027482 
 4.187137590516  -3.528327019670 
 1.255808277452   5.354143541544 
-0.738566081672   5.553108758608 
 3.656617255558   4.515701988595 
 5.877716111787  -0.843888314780 
 3.067226464202  -5.148530706820 
-6.096066980334   0.584852159506 
 5.020706950750   3.557299060147 
-5.861564132872  -2.224658272306 
-5.737804719198   2.539246234466 
-3.098269087450  -5.498477376634 
-4.115302839466   5.095567423202 
-5.318271979472  -3.835498183375 
 1.637820086026  -6.488566931388 
 6.573816792820   1.915082130195 
-4.612075242199  -5.227840755545 
-2.640273293615   6.500707796528 
-5.735856726534   4.060008991826 
-7.012955667202  -0.930588637830 
-0.557277331038   7.134869602768 
 6.533627067706  -3.152373208378 
 7.200762241131  -1.770927362223 
 1.132204005136   7.331296869270 
 4.921555594838   5.680060557079 
 7.507993286093   0.490322393208 
 2.741068042481   7.024913795702 
 5.692448334772  -5.062440654863 
-1.739374288996  -7.479769576552 
 4.186538679213  -6.590958920225 
-7.870469679399   0.739149543537 
-0.010606776676  -7.940825167653 
-7.279250941350   3.552143953699 
-3.681580281929  -7.308727066376 
-4.188956405417   7.046420397221 
 4.456072338272   7.204880508178 
 6.444137306230   5.552886848061 
-8.304417586960   2.191156838540 
 2.873129702802  -8.185785229504 
-6.376957981831  -6.027042737429 
 8.041696254188   3.564676896019 
-8.083796965085  -3.559041859074 
-1.256856594667   8.757955330585 
-5.348764987214  -7.149059551743 
-7.003066040356   5.561368782439 
-3.125356933372   8.419754474508 
 8.995909783796   0.140491464053 
 1.314450877999   8.966826895546 
 9.008788302244   1.683790677319 
-8.999950988776  -1.796450494606 
-9.259598748212  -0.318433274624 
 9.022054234066  -2.205080602118 
 0.425594391001  -9.385005707095 
 5.389085332636  -7.712299341487 
 8.526621553905  -4.026822304324 
 7.955449429689   5.111622226432 
-8.419384089003   4.739263506198 
 4.246935330986  -8.793636782234 
-7.874947868403  -5.798367068135 
-4.276971366537  -8.981029499102 
 4.162286959809   9.045635892993 
 7.077858369150   7.023981912268 
-6.501259263428   7.584598385847 
 2.410300910094  -9.781592740046 
 8.475498896637  -5.561067330447 
-9.731532790149   2.853874325697 
 7.604238448293  -6.794474496111 
 9.482739494665   4.050406668089 
-10.292798304526  1.094947116598 
 0.190517075941   10.376830625267
-9.441662204921  -4.412889356118 
-2.636978597133  -10.109184500325
 10.425088026246 -0.915731138744 
-7.437538714899  -7.390784473554 
-0.958995447567  -10.479033480292
-4.146347108603   9.692624199080 
 10.015834803361 -3.654468446534 
 2.197166224917   10.492395904213
-1.979637749144   10.539492725087
 10.789007454551  0.746779635724 
-5.811729807687   9.144763796716 
 5.943183924248   9.081344301302 
-10.615520605164 -2.346365703384 
 5.911153463488  -9.199716722911 
-9.962624903604   4.936173641169 
-11.214154943006 -0.134922101934 
 9.664899133453   5.739836298875 
-9.199253947127   6.549838311323 
-9.542592493958  -6.147765166052 
 11.132190347461  2.381097236102 
 3.545450763354  -10.902761474394
 1.428701297520  -11.390658293837
-7.323948442845   8.901471422121 
-6.930781843541  -9.220377443561 
-5.521506930910  -10.150730424374
-10.879477271490 -3.945651893829 
-11.287854193644  2.712417369710 
-8.487838418102   7.932929864186 
 7.527846812158   8.932403417050 
 9.725648545737  -6.526562745466 
-4.127712640423  -11.022053495782
 8.792846036899   7.936816520147 
-0.081696730522  -11.857242313604
 7.442434406313  -9.356694563218 
 3.645934488593   11.433908368003
-9.188803978460  -7.754761168888 
 11.907086352136 -2.165741740190 
-0.717979739142   12.098813228575
 5.514612428841   10.801021204811
 2.214241860869   11.999006103777
-2.513707314246   11.965681671979
 12.288991311032  0.150769632676 
-12.232194919646  1.412437185555 
 11.485676474821  4.452999055534 
 5.291393762540  -11.355940828130
-12.438452329501 -1.651434517478 
-1.835070490552  -12.456650621285
-4.928887322063   11.597048744937
 11.389104502704 -5.424156618095 
-7.050704863505   10.494345826866
 10.497530251565  7.217083643327 
 7.317887960103   10.462594413363
 12.381861914682  3.221142874452 
 9.406694365344  -8.799222888194 
-12.176300901126  4.260190842449 
-3.352702815382  -12.468442001091
 6.933898673357  -11.011960923687
-11.315561443097 -6.543955659798 
 12.424997734493 -4.304528183387 
-9.327519211127  -9.328479026249 
 2.147456225435  -13.019385308023
-6.073274974854  -11.727664269436
-7.747160165707  -10.741368454029
 4.934286057903   12.451527605260
 0.223442629329  -13.459188720787
 9.840854637164   9.226513013819 
-10.577836558927 -8.397887493020 
 4.515595948567  -12.734579094839
 13.410219190194 -1.871885647630 
 13.522784947508  1.834889863441 
 8.559748497761  -10.645981167889
-0.171481416399   13.682135287093
-1.905601389215   13.560083297711
 3.507290948660   13.266475822203
-13.790478412063  0.432924352311 
-9.271146778768   10.230093997895
 1.995983286082   13.691468044622
-4.938645762830  -12.940519586308
 13.855533322209 -0.317242875514 
-4.530314625608   13.159104588687
-13.369011992343 -4.079721989277 
-6.066058757125   12.601482005400
-12.123114034800  6.978263304348 
 11.422381665683 -8.179137906555 
 13.259778803420  4.816426604272 
 13.712844271353 -3.460287445428 
 12.090476894609  7.437116246405 
 6.328888176732  -12.716452326882
 8.916817440992   11.068122934412
-10.890310573168  9.136824183893 
-2.517864071015  -14.279403439044
-14.282582923550  2.785464986140 
 1.632265123890  -14.465397507264
-14.391387472114 -2.397597668191 
 10.524800224334 -10.117817165502
-12.140988945301 -8.114638489032 
-13.425385426050 -6.063162474166 
 6.947284227565   12.991333471635
-6.887302500047  -13.051865597121
-7.834680703018   12.506765182428
-0.352703492111  -14.852814616468
-14.074709096954  4.795497514048 
-13.509585067476  6.238587855107 
 8.293029175116  -12.477887981615
 4.279911267351  -14.437170990237
 13.577704089626 -6.535456096152 
-4.055002650131  -14.598772115733
 14.917570796720  2.815770192077 
 9.713882172921  -11.699334529215
-3.794465029668   14.764257349122
-12.603281726966  8.577963103026 
-15.189222777032  1.370792035065 
-0.789106298786   15.237528805727
-10.799746913646 -10.888045402086
 15.141446171432 -2.576599450775 
 15.370849396531  0.186564170803 
 11.323580701980  10.399425799039
 8.658836364254   12.763775078073
 3.153051524199   15.098390966051
-9.563331873303  -12.114861793612
 1.211145826704   15.397374495814
-5.280020024533   14.556451094739
-13.595724306708 -7.603077979498 
 4.739155130758   14.848215018855
 10.410126705455  11.682663638537
-6.178207666057  -14.473058356034
-15.339637656693 -3.597096547571 
-10.597920485121  11.749751125000
-12.510922832643 -9.793823387062 
-9.429230376785   12.791839354745
-15.879954581313 -1.127015602933 
 14.198586342009  7.472593867904 
 15.103995825606 -5.488090611542 
-7.335227753941   14.306444552369
-3.043596677830  -15.808859346333
 11.785019663978 -10.980747118605
 12.970257019018  9.567926630828 
-2.151598642815   15.999099507057
 1.982630012124  -16.052802352890
 7.833361340541  -14.178876853899
 13.688361666290 -8.763821915020 
-8.873737712830  -13.692473074485
 7.026282149853   14.731262772286
-12.552327292270  10.435004416885
-15.579524195403  5.103433968056 
-14.187919647883  8.217232399505 
 15.455566914115  5.499565732685 
-16.233714941572  3.185399609488 
-15.661799951604 -5.437979235052 
 0.075624721596  -16.603385300857
-1.609172079590  -16.577522208788
-15.135853756460 -6.990343770854 
 10.217684639711  13.187918614327
 15.028441897130 -7.294008322641 
 16.213375012112 -4.215504489817 
 0.450239000516   16.750660828035
 6.513786225411  -15.438913535788
-4.370765354699   16.338380717473
-11.984917514864 -11.951768098575
 4.111359790697   16.424338995373
 16.946693190051 -0.596876651049 
