-1.180548274064  -0.740714274495 
 1.330690899093   0.452539388039 
 0.392584448175  -1.471454725095 
 0.131169682951   1.671862034559 
 1.913505225630  -1.070125814319 
 2.320769496440   1.616153165480 
-2.527181848551   1.277683309710 
-0.726338532523  -2.983651296300 
 3.226457842793  -0.016634672347 
 0.967730662805   3.091170158610 
-1.510032933702   3.055920598535 
-2.315378351459  -2.560923812092 
-3.919379399952  -0.058005232071 
 3.259664628943  -2.263798491607 
 1.249971670562  -3.983052250577 
 3.460757860010   2.954773127897 
-1.800646558458  -4.221424926425 
-3.922320332829  -2.498106767588 
 1.197021927605   4.581072644481 
-3.834314459065   2.780291947208 
-0.332512434438   4.726680590968 
 4.685928138207  -0.907422844461 
-0.229054181810  -4.805827514253 
 4.750164199550   1.233202253273 
 2.812900639567   4.352811512646 
-3.328573106027  -4.322385701552 
 3.153022381788  -4.538298871177 
 4.988550993933   2.825203129957 
-5.393862155356  -2.031026147143 
-3.008674127832   5.050685190515 
-5.522924001496   2.095667177418 
 5.422123502128  -2.495053385303 
-4.540255278129   4.185330387469 
 4.773809225792  -3.953187132137 
-4.843387530333  -4.069991709303 
-0.815871920209   6.277864220956 
-6.371756703204   0.488208017473 
-2.219976785320  -6.069040985025 
 3.646262000679   5.675403833793 
-0.780803792287  -6.717323961191 
 2.627432014828  -6.401910394383 
 1.185519946166   6.857293341163 
-3.820471702267  -5.862770748725 
 1.071028354076  -6.986730548011 
-2.325150633017   6.858809345026 
 7.251501381448  -0.282174568167 
 5.488810512205   4.879016087407 
 4.572002895493  -5.785461526696 
 7.179714723678   2.070975547157 
-6.608651290067   3.602763467152 
-6.666009314792  -3.812691694625 
-5.696791881641   5.174921746097 
 6.920540662711   3.590860897934 
-7.885685519349   0.183522978876 
-2.255791825549  -7.658199762498 
-1.138994457979   7.972067853740 
 3.147749001095   7.458494610417 
-5.913583565777  -5.607267652714 
-7.989915696447  -1.665214051237 
-7.970002458427   1.884013119612 
 7.434917077016  -3.570461300589 
-0.704880241166  -8.237017968142 
 8.232000011695  -1.678199364933 
 6.313727664357  -5.680786670348 
 2.875488217811  -8.098081461956 
 4.303687954938  -7.463566205722 
-4.885811702869   7.163115166756 
 5.031279883389   7.063395148706 
 1.256300032359   8.613167423371 
 1.197462945754  -8.632981312120 
 7.172566733642   5.144423624054 
-3.163015368573   8.255607500043 
-4.919689655045  -7.543907601147 
-7.721262363854   4.667259589499 
 9.145711779363   0.932303460125 
-0.263116973181   9.240593615875 
-9.240874699412   0.841168779914 
-8.047714021541  -4.670276344807 
 8.546641494338   3.952497364702 
-1.900688134544  -9.231038437813 
-1.918635445476   9.270477904889 
 4.426122508973   8.491973253030 
-6.423429589411   7.180287010313 
 6.688565477719   6.977527808817 
 0.099970996488  -9.764770301194 
 9.822557809955  -0.946808462544 
-9.581065323488  -2.599857355314 
 5.601654951972  -8.243827679418 
 9.653006183273   2.627806125912 
 7.026857684047  -7.152080838866 
-6.557782251863  -7.637130712097 
 2.721569845823   9.759251092869 
-4.539621828081  -9.058208156503 
-9.259009073621   4.240529312157 
 1.174891827239   10.140469173475
 9.277442592971  -4.473404176697 
-10.251509034226 -0.998714347640 
-5.174649503308   9.017671210594 
 8.628537012034  -5.840315372328 
-8.569405935496   5.928929538547 
-10.239470803532  2.114161953974 
-8.004819289544  -7.102527294538 
 4.456914508309  -9.757887008115 
-10.800051920277  0.522816042149 
 8.864827488392   6.240093736920 
 2.362491349794  -10.609481388782
 10.083752910281  4.073749053652 
 10.354552292499 -3.326850250887 
-3.427245121159  -10.415516268931
 11.014243786782  0.309291247908 
-1.907910212821  -10.867510905100
 5.383210535314   9.685482647323 
-7.651719574577   8.045913133091 
-1.832242436954   11.026341594897
-6.050892715780  -9.535796766764 
 7.918059754778   8.068718986141 
-10.075237867462 -5.163685365637 
-10.786549732903 -3.680473330909 
 6.761650925734  -9.253343199161 
-0.280913114781   11.541781655151
-4.294388902477   10.730925440567
 11.503132678262  1.807566568305 
 10.137166829024 -5.806395191736 
-7.879935476902  -8.660876032917 
 8.103532812551  -8.506711883213 
-4.988326237774  -10.651266688986
 0.906016757877  -11.813226378101
 12.051719089249 -0.780018790015 
-10.302045566236  6.354672378399 
 11.894899470112 -2.401434243027 
-9.193629055781   8.081996116195 
-11.220891302418  4.957720887373 
 6.052063709028  -10.687189109893
-12.238250536321  1.288232617125 
 4.665370282612  -11.390479765492
 7.780205106240   9.567509175355 
-12.235322153886 -1.816276861447 
-7.110083295216   10.140214492633
 11.997637491005  3.522342334574 
 2.712389880180  -12.226287645585
 10.876092380073  6.329479736110 
-8.407911490324   9.376943258857 
 3.255229031124   12.189898427078
-10.336762048113 -7.360701035384 
 5.326261152875   11.532727573382
-12.210606556627  3.668736257506 
 9.727261786910  -8.278835197663 
-3.816420661007   12.222379707020
 11.754853319251  5.105530862437 
-1.295217554998  -12.819724953885
 0.955706440193   12.869506320909
 12.896944940379  1.032464453651 
-1.953409249528   12.875030215851
 10.015766242316  8.384000241197 
-12.176478413001 -4.738263326845 
 6.907609326168   11.129337185771
-2.873102661228  -12.783101352316
 0.208082361850  -13.163968192125
-9.698253412642  -8.989302476044 
-12.851872196569 -3.185203588048 
-10.693395420715  7.892896349323 
-13.297763232263 -0.745502007031 
 12.733248722966 -3.971749889201 
-5.616047554035   12.121289795244
 8.546494919837  -10.325313445303
-5.100379885396  -12.404981443324
-13.350399839263  2.302918859969 
-6.822992944409  -11.748482191453
 13.619823097751 -0.704176139304 
 7.293577148586  -11.562229980820
-8.244736979123  -10.973211477717
 11.648262700593 -7.356606358247 
 4.547451939596   13.018148890525
 11.448357775765  7.822662584325 
-7.215277589220   11.911608844641
-8.718240133422   11.024917575899
-12.633158970937 -6.182875926538 
 12.937455270007 -5.521575934515 
-10.339234148201  9.637379216464 
-12.970975168028  5.703338457384 
 14.028751397247  2.156521035048 
-11.980451264729 -7.682483492720 
 9.422509763317   10.714577645503
 5.228199586264  -13.314229674160
-1.245951591861   14.280395172733
 10.824356217930 -9.406794191757 
-14.049501732782  3.640180553252 
 3.188600003758  -14.207184710680
-0.393172563057  -14.561049844926
-14.534793252400  1.220446593194 
 14.665934656536  0.423074559507 
 1.338803530784  -14.645973974863
 6.713992313165  -13.100267348448
-14.327956537643 -3.545728774534 
 1.282149593494   14.714596646650
-11.741002360329  8.986033377045 
 14.510499006316 -3.036806780249 
-3.211890304091   14.478814204269
 7.491954232458   12.800255681858
-13.949496853133 -5.115713775197 
 10.156332817946 -10.866815856642
-10.493871084948 -10.542117986746
 13.984544737430  5.132782021669 
 13.089131519108  7.174219803827 
-12.845296041719  7.609081396327 
-6.293709060914  -13.539166487513
 3.597748758990   14.512531204725
 8.898221704289  -12.071762462745
-11.845780292903 -9.313947858774 
 9.013254828954   12.344307430891
 11.790280498602  9.735470633092 
 14.926645464304  3.374787204906 
-8.110660780890  -12.991007486213
 12.743104511579 -8.635496962041 
 6.375442663350   14.082697118890
-9.850506593477  -11.914194827682
-4.789422111179   14.775985613471
-14.737889908268  5.021596821400 
 15.604315919933 -1.092293735188 
-0.305259407664   15.640142269619
-11.195027713751  10.969646248911
-15.659085049821 -1.285793200117 
 14.032593281831 -7.194873796129 
-4.429501605571  -15.141581844519
 15.739213357195  1.686981800929 
-2.166446310070  -15.696078609127
-6.951865732008   14.258895660353
-10.057243250594  12.268992047280
-15.870303577038  0.443689457038 
 14.760425691083 -5.868402906622 
-14.400104962074  6.918633858761 
-15.625193623130  3.334644958242 
 4.828974634023  -15.260175672734
-8.629612422312   13.559416753439
-13.894193817830 -8.108158757341 
 13.317657551736  9.105335346889 
 14.703945164368  6.697337305099 
-0.359957691569  -16.162533075206
 11.166554389163  11.700266993224
-12.596175527621  10.262826340364
-16.052984259037 -3.135924431970 
 15.946727848338 -3.662045105575 
 2.598051146153  -16.233262244485
 8.674328194635  -13.965802299212
 15.789509084922  4.683933727352 
-15.371177201666 -5.955666689083 
 13.011095705288 -10.151308058040
 11.608531540158 -11.729728284739
-14.060593597398  8.716428802161 
-16.449759376920  1.978038896274 
 14.532440551366  8.209553209091 
 6.985084459339  -15.169542999158
-6.710676111381  -15.326533150811
 2.068977637994   16.666915899190
-10.006412030999 -13.497603531549
-3.887074240107   16.361576061240
