 0.436447099570  -0.376286757079 
-0.167928282615   1.202036777781 
-1.067886302791  -1.392829374602 
-2.150699051948   0.084464207962 
 1.953957720131  -1.143392864650 
 0.839303865173  -2.198465632411 
 1.542091395358   1.824387407350 
-1.689851389818   2.309764367235 
 0.173555157574   2.970152661777 
 3.088960163684   1.373033238257 
-3.400524682921  -1.145881875257 
 3.492182080440  -1.483927609237 
 2.280375841967  -3.227067245583 
 0.608655111500  -3.904856093534 
-1.728750841442   3.822292370103 
-4.251888669171   0.844815896061 
-2.508133793365  -3.547788548245 
 2.841746297478   3.343273100241 
 1.619828246442   4.320103606175 
-1.351955293663  -4.521249970477 
 4.736651109739  -0.546484588042 
 3.774493779922  -3.069391142337 
-3.923732696795  -3.049072648877 
-4.356296268310   2.478856662007 
-3.261664896456   3.828189066817 
-4.942530645012  -1.045235683771 
 4.791170691071   2.409178805442 
 1.882708652318  -5.074955462914 
 0.303599825979   5.589297912732 
 0.515309189841  -5.695257105226 
 5.704072104963   0.633115771705 
 3.053103699012   4.942953365700 
-5.534770486992  -2.600118108166 
-1.114143507652   6.079429902798 
-1.408071767292  -6.147726753378 
 6.141355448235  -1.463165243426 
 4.699429446877  -4.259574386340 
-3.686618928158  -5.181697396250 
-5.925563274578   2.370628404166 
 4.551826859366   4.672658337835 
-3.881036686166   5.302098960661 
-5.233535881241   4.058433322476 
-5.236192425651  -4.082161248934 
 6.327057365947   2.252592040132 
 3.777334946218  -5.746703859761 
-6.884387964739  -0.620057524153 
-6.903130699349   0.994782593988 
 1.851144039902   6.741326355926 
 1.838032359020  -6.869743916556 
 0.145677751425  -7.184136128846 
 7.197154583122   0.003222162289 
 0.136728889049   7.291968228334 
 6.195102584062  -3.917433825838 
 3.999862761701   6.206806164205 
-7.082543115493  -2.747826228789 
-3.542643756345   6.806779263760 
-3.462878278858  -6.860693045130 
 5.271722746222  -5.932914233876 
-1.369890522723  -7.867371707905 
 6.218163220376   5.084002345691 
-6.768800365509  -4.365522515728 
 8.045898189071  -1.239685141945 
 7.576944126331  -3.182488833293 
-7.994755806777   2.069017655500 
-2.451300243099   8.000006479156 
-8.292569910028  -1.235888090726 
 3.091190836701  -7.830126961441 
-6.115596906431  -5.898053374901 
-5.832490299692   6.209041574376 
 8.611311572242   0.980565916958 
-7.095068085894   5.046916876584 
 4.608299244659  -7.414823955909 
 3.875614113223   7.834207053336 
 1.334053990216  -8.673204250000 
 8.609233935060   2.503765361298 
-5.009119653748  -7.446672410343 
 2.153507634060   8.727561736186 
 7.695673576486  -4.930311596291 
 0.019847110622   9.146485738760 
 5.371656092463   7.471915152990 
 8.049837019014   4.604496873073 
-8.643360486135   3.497808100599 
-5.102544907497   7.999823658453 
-9.199511268323  -2.552396793948 
-9.591129236667  -0.194841125941 
-3.524256425864   9.140648617768 
 7.514776065074   6.428461573079 
 9.385877402451  -3.208226606486 
-3.288204461875  -9.386891355528 
-8.581340321903  -5.044710523165 
 6.951238205476  -7.222450769478 
-6.661734650786  -7.554679630069 
-9.990020870200   1.302721330782 
 0.631237323236  -10.071476149383
 4.338647751618   9.286807665821 
 10.148723262968 -1.685424843255 
 2.572475781144  -10.095241636306
 10.464386998318  0.333653794262 
-10.053656475600  2.930311667707 
-4.890857786060  -9.283640287363 
-8.043775283586   6.850057039741 
 10.177887891519  3.019461284680 
-0.878270158597  -10.611878792202
 4.113306036818  -9.877849196597 
 0.022697200376   10.714394930499
-1.582282418536   10.610890477681
 9.281299129111  -5.428542513403 
 9.488700803646   5.071111675920 
-9.123552430909   5.728495254634 
 8.493187319943  -6.735042041289 
-8.151011704551  -7.207795075373 
-11.070039617402  0.242453547015 
 6.216529968634  -9.237995789435 
-5.468563212850   9.885376876359 
-3.913550735857   10.667060270164
 9.226972973607   6.720659387680 
 1.731568501545   11.344385978535
-9.927293481107  -5.758750896372 
-7.056480097611   9.097903945508 
-11.386683398064  1.913534165654 
-10.907052705580 -3.923272513331 
-2.161923898732  -11.408780367860
 3.672425507955   11.047081998866
 5.959132614846   10.024183309411
-7.680729419965  -8.837781115098 
-10.615013525820  4.966970879480 
 11.687922189074 -0.913760912419 
 11.673179548943  1.264349954238 
 8.003090633136   8.605492253502 
-3.711588101711  -11.226054462146
 1.802896113867  -11.805329849047
-9.535360876446   7.223935218782 
-11.499179182705  3.473196156772 
-11.913695769248 -1.759969000866 
 11.735572916304 -3.525150986440 
 10.704862487131 -6.088801941675 
-5.454395823898  -11.128218730656
 10.062094210776 -7.460582298744 
-0.944783439116   12.554075296151
 5.816601891372  -11.208746383563
 12.372085848939  2.602115327400 
-7.385004341130  -10.326865721797
-5.267476939905   11.657053084263
 3.193771535009  -12.388617597313
-9.449634449969  -8.658934718799 
 10.024431114083  8.119388216030 
-1.226948655321  -12.867314797081
 8.956866669543  -9.335444948539 
-11.411190991592 -6.310245900930 
 3.147159949798   12.685421952913
 0.745090989727  -13.077814111270
 13.001414192753 -2.050911106364 
-11.745794531997  6.030733644798 
-9.552553565124   9.139384431895 
 12.262185237331  4.965824317836 
-13.219199253301  0.720649280584 
 5.196513233295   12.177527212219
-12.875571738150 -3.177790835663 
 13.325712378103 -0.581586028090 
-7.599414851957   11.000069291052
-11.049321009424  7.558525825223 
-13.037210994928  3.051176605348 
-3.328011103442  -12.975322199808
-3.474881763700   12.967411214493
 8.983940010503   9.976759947154 
-12.616421109835  4.699300198638 
 7.886132578950   11.000800473547
-13.524427116714 -1.199900051556 
 13.500947344422  1.509982349010 
 7.564439428340  -11.301948783373
 11.899122403659  6.658859776077 
 12.319115699326 -5.949224469547 
 0.956813332353   13.760215404416
-5.323580612323  -12.791864611372
-13.101313978348 -5.218454644587 
 4.361983197574  -13.421030880015
 11.187195393147 -8.612376693309 
 6.909688899567   12.331115544829
 5.979245271684  -12.830996180661
-8.179432317439  -11.609629419054
 2.463745746853   14.152192707552
 1.788399409438  -14.265733808337
-0.805629366104  -14.390113280079
-9.629992727391  -10.741749753770
 14.157992211726  3.097696205883 
-6.036222192618   13.203875683544
-12.229909971484 -7.944751001674 
-2.029027227658   14.448618907695
 14.163235592444 -3.624503364225 
 11.989061107672  8.413636040607 
 10.454702163954  10.271570383614
 14.725633568300  0.055932134091 
-2.637008138198  -14.496536945695
-14.651912463871  1.746092018665 
-4.711378067934   14.002641274828
 10.413059077413 -10.520075127635
-14.577504409658 -2.632132679533 
 14.041515544836  4.725286193779 
-13.760006587852  5.719501873416 
-14.559352310195  3.502333532280 
 6.013019913046   13.728032838942
-9.277656029649   11.805800790868
 13.915723233643 -5.897229563604 
-11.505183456089 -9.816715178110 
-7.624169851862  -13.063523756664
 7.827170988092  -12.957178288562
-10.555570749953  10.853609649845
 15.110214562583 -1.844961957498 
 13.832412494939  6.428508214032 
 9.461125351615   11.981974044249
 13.368616899016 -7.557760970478 
 4.087787133285   14.805045243626
 1.309815270376   15.336399356384
-3.504075941284   15.016913293100
-5.576594079138  -14.401164963243
-14.652583369755 -4.927451645275 
-7.843064403877   13.403584942224
-15.591824760142 -0.192199903914 
-12.132668388015  9.816866833267 
 5.869029483961  -14.477779440094
-0.576254518149   15.628567972489
 9.742111582496  -12.240019959963
-13.884746345281  7.230956413956 
 0.602990688243  -15.679176266937
 3.621870594465  -15.292059180817
 7.655156103651   13.730063836116
-14.379503627398 -6.636054177323 
-10.224808343208 -12.211388087379
 15.662311195609  3.084443427897 
-1.474741441488  -15.927077348039
 13.249218308383 -9.089526078799 
 2.152061859139  -15.922901754202
 11.056168783895  11.664839663458
 13.585716094762  8.627924057320 
 12.666348016156  9.985631069869 
 12.101045935836 -10.692665958251
-13.595891191421  8.752888490152 
 15.191233245281  5.732820698844 
-16.087896585692  2.790306003084 
-15.289144456593  5.873269149134 
-5.265071142845   15.565162228908
 16.430651617283  0.988013125869 
-16.109750278347 -3.381093220092 
 16.500659867191 -0.887975740294 
 9.507342692091   13.525046987225
-9.912548292906   13.237123975266
 15.047424890830 -6.969785844003 
-12.141016615725  11.362609967895
 7.298420498744  -14.979071443767
 8.752142465368  -14.180244721997
 11.265619804898 -12.294595794885
-9.276496855785  -13.890890969739
 5.841458172122   15.715715172044
-16.700261586996 -1.557363434771 
 3.659748187966   16.370716963912
-4.323324009785  -16.221551354473
