-1.010369538795  -0.435637356605 
 1.450716611639   0.391105474695 
 0.354440780279   1.793844988909 
-0.292423155110  -2.011854079206 
-1.234013615520   1.899571975581 
-2.322570777934   0.519624360749 
-2.042010311313  -1.561059787999 
 1.748408919282  -1.925038931362 
 2.239726796176   2.077067844459 
 1.065032806540   3.322715076075 
-2.675231208099   3.007603221034 
-3.615077264895  -1.827961737324 
-3.758651449032   1.551369007718 
-0.428660640041  -4.099118539340 
-2.046622234657  -3.591762680364 
 4.042165025525  -0.882055354430 
 3.511348448492  -2.310242162460 
 3.767164338609   2.095932025568 
-4.450893922959   0.195872468242 
 1.281399726328  -4.385690683380 
-0.372320575644   4.597612992577 
-3.536060175855  -3.379925021290 
 4.874130981274   0.650853624473 
 1.392217663339   5.225569629356 
 3.698666571223  -3.953086142580 
 3.349839610199   4.391829144527 
-4.948918719174   2.694297749374 
 5.645689441177  -0.690203493716 
-2.931318569244  -4.995751070816 
-5.975873285549  -0.192472324243 
-4.256631634497   4.288428847246 
-5.725867235438  -1.937994623668 
-0.860926918519   6.055322736328 
 5.074661590558   3.651442062433 
 5.883745958530   2.320265605019 
-6.272251183189   1.347996960346 
-2.382540827482   5.967547159987 
-1.926193205664  -6.185748009809 
-0.360850663676  -6.521321479675 
 6.501069865994   0.826379745908 
 2.274599281005  -6.155460297943 
-5.766525677425  -3.475027267801 
 6.260857749939  -2.729351379052 
-4.830460027550  -4.930003831346 
 1.225619170284   6.852233994787 
 2.790571537852   6.557353807849 
 4.028328609323  -6.102216950404 
-6.141043634092   4.007514418261 
 4.458361039966   6.019219322402 
-7.455654901530  -0.773123975743 
-0.148733150200   7.537756955763 
-4.983454883466   5.661926171850 
-7.143226089997  -2.537840345725 
 7.718241133757  -0.571469953429 
 5.917144167635  -5.100777589426 
 6.603281830731   4.228789669936 
-7.554273761257   2.469823568965 
 1.075069013598  -7.888017417721 
 3.211481762513  -7.379016144075 
 7.753525883418   2.328592998858 
-3.411318751737   7.490331424096 
-0.393199675595  -8.277824595302 
-6.464945332400  -5.190114518484 
-2.002965592018  -8.070050808006 
 6.087773133513   5.666869823162 
-8.409962244862   0.572459150157 
 3.970386743244   7.562904755612 
-3.892442496106  -7.626236969810 
 2.614548511191   8.319791560045 
-7.086207174630   5.204290666048 
 8.277253776188  -3.043651622278 
 7.495257122610  -4.651914669160 
 5.640159820374  -6.831174899307 
 2.377361685520  -8.636927395604 
-8.236639132760  -3.654144291027 
-6.124303183060   6.640030992689 
-8.161106939922   3.896421433041 
-6.066364755102  -6.750012050627 
 8.252635238912   3.877371325164 
-0.310916463173   9.119336386919 
-2.485286974725   8.829483104733 
-9.074416445212  -1.655769578411 
 7.614777341325   5.520250188951 
 9.432714529764  -0.429361222583 
-4.832360623636   8.130472546262 
-9.201425021883   2.782895225634 
 9.581645052740   1.480959806385 
 9.614233179822  -2.010585900519 
 4.779876013410  -8.593222740380 
 1.386481533794   9.804826503430 
-9.846815274494   1.079906473522 
 5.239097174322   8.475820878309 
-5.762804211042  -8.230396871774 
 6.987751060284   7.233966667839 
 8.023528125994  -6.195103286270 
 0.059831921528  -10.230889858746
-8.859843701122   5.443425736617 
-3.966882315560  -9.617115077969 
 2.955521265912   10.009027654388
 9.847978989055   3.570342570956 
-3.519919886455   9.925149753089 
 7.204849774512  -7.703522677914 
-6.692251824947   8.163676312551 
-10.604451945748 -0.948896265211 
-1.475116996299  -10.600764825191
-8.211316162773  -6.892041635467 
-10.320339451761 -2.959956789915 
 2.399751237185  -10.567609295097
-5.444921169280   9.532448088827 
 4.689013368030   10.007145114798
 6.555016616137  -9.087516847773 
-10.066002331083 -5.035797210116 
 11.227694193948  1.504412380550 
 9.368735342040   6.401664973569 
 10.222940422885 -5.014529281695 
-10.952624976680  3.214333227572 
-8.836883892045   7.240177726246 
 10.920133547917 -3.501360359764 
-1.099954893524   11.454393729913
-3.083067521785  -11.125388548952
-2.711690035121   11.359217784250
 0.579994725410   11.664625675850
 1.160547040461  -11.645209527957
 11.684165006024 -1.081147181575 
 4.106880141945  -11.006631507450
-8.041778841956  -8.620874738581 
-10.670406401792  5.093958063580 
-6.806458184487  -9.696648658939 
 8.812077213181   7.922307701576 
-11.908113582950  0.285674831782 
 3.479299467045   11.419018945190
-8.363490487407   8.709503775491 
 11.728614988946  2.949191805858 
-12.057708093336  1.780483481829 
 8.170654177269  -9.141954516420 
 6.184221390297  -10.618375757959
 7.616674648231   9.647024372013 
 6.168866210261   10.659845486589
-9.993933050143  -7.204529162945 
-11.486314080060 -4.547941705569 
 9.933694390828  -7.353737023546 
-12.433011718668 -1.406090528259 
 2.334359549227   12.437394030296
-6.198125229992  -11.112963284577
-1.002210336335  -12.721003541557
 11.947924095525  4.493521672432 
 12.866778756007  0.424396370366 
 11.473548305695  5.917265057268 
-6.973568290202   10.908219825140
 12.570955108228 -3.496704765386 
-12.453431648612  3.926266242915 
-2.179265341083   12.876926990042
 0.682531474088  -13.091285144204
-4.560124804433   12.307283821130
-12.766845996257 -3.208501302268 
-9.897491634269   8.715115439657 
 13.127803471616 -2.039460511039 
-8.393049639187   10.339189565908
 11.045133642816  7.471688186886 
-3.878225001017  -12.785244591604
-7.854292788826  -10.876793768989
-10.141241275460 -8.786533897698 
-12.271845978002  5.496179151087 
-13.494715444001 -0.031255485954 
 3.887457201246   12.951593165341
 4.324978379051  -12.882400572857
 2.279337514608  -13.410188895342
 11.433980424725 -7.406679313462 
-11.653387505719 -7.141351789361 
 10.391962126560 -8.933587990776 
-12.479324319952 -5.681977551176 
-5.387825002540  -12.716991446614
-11.605424025282  7.493292122463 
 12.859471195309 -5.084972985330 
 7.041451762731  -11.908483659270
 1.351389965031   13.814055898437
-0.383414729211   13.959212744744
 6.128492085207   12.565854183941
-9.439893165518  -10.358083995442
 9.847377826032   10.099355548772
 14.100515017712 -0.593870712949 
-14.089488062003 -2.025505837946 
-6.205806156772   12.817540899732
 14.058751374498  2.724636657821 
-0.153357965871  -14.413320255431
 9.440872661540  -10.983342385407
-6.914527498070  -12.761798143718
 11.221175580005  9.231326772301 
-2.105094357909  -14.394808981558
-2.804970610334   14.323611863253
-14.375436327252  2.542390630185 
-13.770379008259  4.880044217281 
 12.988707232267 -6.757459191679 
-11.734651557780 -8.881017686753 
 13.709287765879  5.530471982971 
 14.250656592344 -4.047548987795 
-7.903000664232   12.603527299633
 8.899868273903   11.946567331617
-11.892402250580  8.975753862584 
-9.656881408235   11.607471574936
-8.477512233383  -12.518863879516
 12.529493099602 -8.509961609916 
-13.286940673631  7.280132222481 
-14.311002895881 -5.010862518270 
 12.645426277969  8.409811720450 
 14.583201698074  4.306619879633 
 5.806491882046  -14.054316580823
 2.426187137293   15.014812215948
-11.156410001733  10.447722737050
 15.225101323828  1.515896712248 
-4.765865245891   14.547213274222
 7.425316011419   13.389019528761
-13.867806263607 -6.528687597044 
 11.044515499367 -10.817846696491
 8.782453482739  -12.745295380372
-0.813869470482   15.522024932918
-11.129550951804 -10.878512623619
 1.100620067004  -15.545796893378
-4.849075030580  -14.812594586574
 0.838527263545   15.567605535396
 15.617542767086 -0.857374887848 
 4.468311194986  -15.087528804939
 15.551553459704 -2.488552164651 
 3.982117189375   15.249647874288
-15.779253521352 -0.016790489008 
-7.176856478718   14.115585207313
 6.462109480207   14.546680324327
-0.923631165764  -15.898057833512
-15.834681246965  1.802576956127 
-15.428080934296  4.032491731487 
 14.807348865979 -6.114277534435 
 7.612734414951  -14.117277017650
-16.006356254815 -1.850342362206 
-2.590595522802   15.995423190729
 12.203702073984  10.738632190736
 9.181302498698   13.500870494143
-13.477441246831 -9.237272098435 
 2.913747353694  -16.176693579315
-6.095508010574   15.268866265743
-13.371022435716  9.577193949519 
-16.075380518049 -3.554394602822 
-2.904202627331  -16.217136458200
 14.946380878676  6.970989737637 
 14.645232727735 -7.679962928237 
-9.999742306441  -13.187111863859
-14.948581263091  7.145334980448 
 10.966721418727 -12.424424045344
-7.616884526613  -14.735261839944
-9.477514691534   13.663856688204
 10.817690765989  12.659378037669
 13.286957938672 -10.205522891838
-6.131388017265  -15.596535348690
 16.743747090938  2.024901808159 
-15.923991212221  5.700214435783 
 16.943327175947  0.092356158820 
 16.515028238733  3.859253699389 
