 0.411699732546   0.090275563097 
-0.545427134200   1.286761601258 
-1.438066091481  -1.073323396368 
 0.146264215193  -2.045611346929 
 2.013839138234   1.037005557584 
 2.029596713536  -1.113954801486 
-2.291755779445   1.089209636091 
-1.482312933479   2.759866374094 
 1.920402510861   2.688009672798 
 0.258225104170   3.307539527123 
-3.575119930691   0.164652826660 
 3.608789531008  -0.193912538550 
 1.537026907367  -3.348218070574 
-0.078868134708  -3.731216781330 
-1.718111494649  -3.365670664011 
 3.459731930967   1.654348343046 
-3.007125113530   2.654283790562 
 3.324585782762  -2.260971983726 
-3.691093921115  -1.686612623555 
-0.714975043569   4.487730123989 
 2.989571387867  -3.991516622139 
-1.335766273744  -4.898137446552 
 1.749596264889   4.769262127044 
-5.083355132672   0.519480019300 
 5.106079891015   0.563474065275 
-4.519977635099   2.667835839713 
-3.150928754761   4.248603817509 
 4.121876800679   3.443572959362 
 5.051043796171  -1.983212819533 
 0.101930610897  -5.462016050690 
-3.666973846457  -4.060194154928 
 2.216845388733  -5.333391097404 
-5.327321924434  -2.753054483850 
 5.526644151452   2.371544856142 
-0.065217561830   6.063718999163 
-2.701514186990  -5.594282928282 
-6.160244921438  -1.434323717552 
 4.365922186253  -4.927334720209 
-6.423701368241   1.465968317932 
 5.638283135426  -3.425948668116 
 6.655526047965   0.070976762339 
 4.154247366483   5.262420034971 
-5.925582422342   3.323944699476 
 2.181126888787   6.475074263972 
-4.319926273689   5.501067506362 
-4.576771165774  -5.479851814321 
-2.350732015952   6.752259117152 
 3.597063990869  -6.312984907263 
 0.807830234120   7.286829098518 
-0.224334173951  -7.387632232262 
 1.607941802767  -7.277000989485 
-7.530257277262   0.034321296203 
 6.386812535733   4.029617493355 
 7.445723462569  -1.653168682947 
-6.044065967279  -4.719018187285 
 7.573464424670   1.602286740982 
 3.904377486992   6.807998501115 
-7.531028264308   2.608936268488 
-7.509043366035  -3.167971389152 
 7.318876791619  -3.585764455431 
-0.633410096595   8.219380876772 
 5.895065015486  -5.823175540499 
-1.745425531193  -8.190357039788 
-8.462344322065   1.268056274038 
-3.595978147557  -7.778915182154 
 6.399683390577   5.746134206411 
 1.710276152570   8.492754466435 
 3.942750741962  -7.861096379767 
-6.742940788951   5.754838765546 
-3.870772106513   7.983052695310 
-8.626497873663  -2.096798041685 
-7.936000343872   4.204817111153 
-0.182405139645  -9.039161142618 
-6.964131102936  -5.905592931612 
 8.710120566978   2.829425611998 
 7.701919093085   4.959530666595 
 1.833738188424  -9.065125873066 
 9.213206137586  -0.830576695775 
 9.239230821743   1.106346351231 
 0.328293579349   9.411503390518 
 9.022972814702  -3.186724582972 
-6.230919087139   7.265054212383 
-1.532482536631   9.448839763048 
-9.231015878591   2.654264772400 
-9.656081068704  -0.160919932640 
 4.327610575819   8.648038112550 
-8.934380054241  -3.847190446848 
-5.539373263863  -8.002432460335 
 8.427813732838  -5.370384799056 
-8.470381042497  -5.373170641016 
-3.243534954412  -9.499074283468 
 6.785293624421  -7.624232939711 
 4.138760835202  -9.407336753167 
 5.908610040443   8.478190954950 
-10.329845589641  1.538757852461 
 8.159687342647   6.561711987807 
 1.569201302261   10.357689527561
-7.429965366426  -7.504938146337 
-0.520119116601  -10.655887020675
 5.926889946135  -8.887309424729 
 9.366699914740   5.249401915832 
-2.752865601124   10.399906376999
-10.337864081192 -3.261516634349 
-2.022264102196  -10.661128101199
-6.087016029210   9.008817150752 
-4.858576414023  -9.744461872391 
-10.860790888513 -1.360104653043 
-0.652418156047   10.962150376563
 7.391460580353   8.140363116228 
 1.085996610176  -10.958214755247
 11.009941989741  1.087418586319 
-9.225097180240   6.162777153864 
 10.459322411680  3.723956481647 
-10.428112487029  4.055656568085 
 3.224306615894   10.750521082602
-4.519987342692   10.285224564734
 8.402300387351  -7.561595324922 
-9.984331480911  -5.495800162010 
 2.734800645530  -11.241393396408
 11.339570836421 -2.732846019393 
-11.648552926879  0.800789578004 
 9.648140065480  -6.627189590145 
 4.747882848581   10.701992325666
-9.162751510624  -7.354051496776 
-7.743255449174   8.899683778085 
-8.915807127726   7.741650564073 
-11.573630216065  2.454290162499 
 11.825877683452 -0.804109438251 
 11.160588796233 -4.602525237181 
 6.322158868041  -10.379282377688
 7.267960738964   9.746548554144 
 9.505616258585   7.590011375121 
-7.739690327380  -9.392977010637 
-11.962429289111 -2.870027457779 
-6.597407419914  -10.429234755063
-4.971969360733  -11.390133320395
-10.976928304494  5.849011316091 
 10.775094726951  6.253067617222 
-6.668050108878   10.582127771525
 0.036481262549   12.606655281033
 2.953775073541   12.263978972163
 8.571049972019  -9.292046261490 
-3.041754249528  -12.394511688172
-1.697502469518   12.685276809074
 5.469615558846  -11.616205409373
 11.998406977363  4.663834597207 
 8.872234740304   9.361283234705 
-11.722189573352 -5.423446248842 
-1.367038735974  -12.851357977613
-3.329394442207   12.531531739162
-5.473095257832   11.794090309644
 3.438664720665  -12.568366054844
 1.540838273211   12.963005021121
 13.056828196080  0.214671566093 
 0.326117570676  -13.140657632048
 10.869579626602 -7.597489085655 
 11.767885769142 -6.307970813797 
-13.359258787248 -1.375756303298 
-12.904355819976  3.729074505782 
 6.889880924001   11.543364730757
-10.902830022234 -7.944096430869 
 13.437833940533 -1.312045008287 
 13.268492676886  2.685113006627 
-10.976187076766  7.942277259963 
-9.879825562801  -9.380422325493 
 7.539000106553  -11.361791579732
 1.862974163563  -13.537608823183
 13.096463542380 -3.993585520185 
-9.231182006598   10.231057849227
 11.211645886616  8.079921464799 
 4.564466216836   13.048681133123
-8.012020388985   11.322979770461
-6.194391598407  -12.485087231231
-14.010312992945  0.547277694980 
-9.080279115517  -10.741927628628
-13.683024448908 -3.416113265556 
 3.066150498061   13.765701394248
 4.939838419254  -13.227305180562
-12.260988330134 -7.040459270731 
 9.711461925441  -10.302100871886
 0.236140933699   14.212243847977
-14.149690159358  2.046685668249 
-7.039167864942   12.541840668958
-2.891282175633   14.116592491831
-1.636671995708  -14.337709852800
-4.382000406516   13.770336161691
 13.785790638973  4.341607092456 
 10.029712457912  10.432970583338
-1.378958243347   14.467222390402
 14.498240229607  1.053757124842 
-12.840491773435  6.835725458813 
 8.726621038373   11.792703576780
-13.763453855203  5.121772141158 
-3.198188532932  -14.341888139332
 14.415098904897 -3.146322445750 
-13.759474342069 -5.365217540828 
 6.949435974668  -13.056763219535
-5.084607733664  -13.944136115540
 12.873493890660  7.526671665161 
 3.048924985573  -14.608445039194
-14.909642506638 -0.810658516859 
 1.631932563286   14.903941506765
 11.868867623880 -9.175523642963 
 13.425649441088 -6.889995301277 
-12.445619287597  8.546242684613 
-14.651799566566  3.690159458181 
 7.700704323471   13.031708912466
 8.457245806498  -12.579453026159
-10.572159885944 -10.902850054738
-8.133183323081  -12.846233070846
-11.321612737252  10.156564469275
 14.997654219499  2.744478633377 
 0.475035673568  -15.314636798077
 14.620970661089 -4.633560687961 
-11.938147576526 -9.629704311037 
-5.928241423537   14.207880731090
-8.745926498372   12.679048051175
-10.329571617720  11.431222783421
 15.430355035556 -0.741378778192 
-15.398104516002 -2.660375507479 
 4.846274897250  -14.863161376032
 14.134583012014  6.696639497853 
 12.638402620799  9.223806931096 
 10.670238443855 -11.508988256689
 6.652756548838   14.379405195446
 6.414594955685  -14.570963531767
-9.886080246393  -12.563246355155
 11.368591314550  11.248085148433
 0.285344454043   16.013269682112
 15.142466661791  5.292647778762 
 16.057956203556  0.642952329577 
-14.488333657322 -7.020143877696 
 15.940487539666 -2.568916320511 
-4.586416502490  -15.489931776135
 4.446812334766   15.634822983934
-2.988903774448  -15.985585289610
 9.994531544414  -12.851002103728
-15.579905688721  4.994437481448 
 2.716882843724   16.190402091031
-14.864091740392  7.162365371182 
 10.244900411621  12.958251701672
 2.841320829675  -16.323654440021
-15.698296292517 -5.345802193509 
-13.975804914455  8.939610125255 
-3.309407919396   16.344660964905
-16.666563720852  1.118413264625 
-10.716314865222  12.933279738158
-16.767006952075 -1.339549999942 
-14.219188646846 -8.989424273955 
 16.619405313794  2.821673301677 
 13.507474766642 -10.096571220914
-6.921761134526  -15.409451441836
 15.488861186487 -6.797759711513 
 12.144448262238 -11.832068301581
-8.288912523820   14.798682616306
 14.444829266336 -8.918157261924 
