-0.957185148510   0.361934742105 
 0.427161230682   1.145904448936 
-0.573903492886  -1.140995938106 
 2.020770456865   0.189511084734 
-1.452095294112   1.805047077843 
-2.535384028811  -0.750621749724 
 1.062142928283  -2.520087452122 
 1.252762417391   2.515871156914 
-0.410591141768   3.214400704009 
 2.983039682942   1.374934974627 
-0.439218842796  -3.349939611275 
-2.258624839596  -2.708456112406 
 3.190864789748  -1.710381933354 
-3.119323525504   1.976810359587 
-2.214504047377   3.318399090997 
-3.881064765372  -1.674859793970 
-4.278535314878   0.158642314879 
 0.953326142001  -4.180945358234 
 4.455009737471  -0.813134755115 
 0.653892403020   4.503729411190 
 2.566466947856   3.773728252715 
 2.826983553183  -4.042241379325 
-1.490736876173   4.727583085713 
-3.877216284852  -3.179510039409 
 4.261461768753  -3.018654421628 
-4.005680663680   3.434499993419 
-2.748275225313  -4.646957689426 
-5.491883026143  -0.928669251242 
-5.341443877772   1.597835623463 
 5.306506879573   1.860553030151 
-1.162794210235  -5.571479842378 
 4.571778872719   3.725351129640 
-0.092871537440   5.925191492491 
 2.223168740376   5.528484159128 
 5.657294066870  -2.373931330734 
-4.253222809775  -4.678424667343 
 0.598885521915  -6.353422793285 
 6.344759745416  -0.855906922205 
 3.701074853346  -5.481167032834 
-5.477821490852   3.722921642747 
-6.077317672203  -2.807062049686 
 2.162057092987  -6.340745167491 
-6.866766040583  -0.233860949104 
-1.558891112675   6.811805548130 
-4.591359534533   5.342169094921 
-3.597742313308  -6.117676681560 
 7.102057579464   0.769786093883 
-1.357388320771  -7.113466932387 
 1.995449108749   7.049196418154 
 3.922067232483   6.190570230533 
-3.494534289931   6.460877728772 
 5.533244403477   4.974467628608 
-7.292582180761  -1.683911140724 
 6.313012763506  -4.073565843336 
 0.431632340446   7.506509130410 
-6.920578842355   3.025941961910 
 6.583676867619   3.771274050149 
-7.783705044868   1.049235177628 
 5.428326491202  -5.838526890874 
 3.904053776469  -7.075008451279 
 7.902645011231  -2.414147606528 
-2.816664138810  -7.846960598718 
-7.110933540187  -4.462301732179 
 8.215094953213   2.223963795038 
 8.485818577199  -0.683126191378 
-5.990350188126  -6.147700469436 
-0.804186019972   8.665746853241 
-7.352596176945   4.736818930614 
 1.515240726828   8.782251441297 
-4.666611258264   7.668621106387 
-8.996474099970  -0.706825123379 
-6.396826283887   6.390376556936 
 1.929777904599  -8.862175207733 
 6.278939164561   6.554412811785 
-8.739536865366  -2.455894633652 
-2.433516946781   8.758387442405 
 0.037283277421  -9.154558560267 
 5.068516264295   7.773262728679 
 3.740712534665   8.508914176687 
 8.554677607809   3.886883659913 
-1.551017140092  -9.298813943697 
-8.976540433403   3.042663428586 
-5.278867854540  -7.873490308837 
-9.576678061215   0.860934003560 
 6.859730368182  -6.884082815681 
 7.964908056202  -5.703548267513 
 9.099421888225  -3.838432952433 
 9.701376476448   1.947555052637 
 9.605358854173  -2.414447989476 
 5.244967748900  -8.421507429162 
 0.535323348745   9.941797577358 
-4.204329561329   9.136020564065 
-9.127562610373  -4.324007239263 
 3.558836330728  -9.636254063086 
 8.315957317924   6.052594344231 
-7.643622014506  -6.925828575302 
-8.825931312035   5.436109173681 
-1.771515057469   10.397843131978
-10.437144688839 -1.830208280932 
-7.315906201274   7.669801537398 
 0.463662180511  -10.608183495528
 3.502227456431   10.035046956121
 7.116165426423   7.897657755622 
 2.246557090532  -10.431873226414
-8.946943553715  -5.947424225109 
-4.867441896578  -9.584643757968 
 10.735363178540  0.669729652318 
-3.411506791207  -10.248523910877
-10.285947985296 -3.343698614272 
 5.487697570780   9.392142723574 
 10.157478302445  3.932001803154 
 6.748592683117  -8.570713933140 
-1.282740140964  -10.965916371365
 10.954555508743 -1.441405074310 
 9.722357630783   5.438798624544 
-11.211739694240  0.904104105777 
 5.402846448352  -9.941105824320 
-10.802017731892  3.481907847154 
 9.114949786789  -6.786045122616 
-6.642169421460  -9.221739254537 
-6.955491856714   9.138066474340 
 11.277022771736  2.226908611582 
 1.338958931477   11.458889036568
-10.497716390228 -5.022477525425 
 10.731179560044 -4.562885403172 
-5.570082281204   10.319863560857
 9.208749030879   7.494302440317 
-3.778945453030   11.305445028160
 1.575837759087  -11.833222191072
-0.197544397517   12.057049223003
-10.848482475880  5.268710860198 
 11.729421381661 -2.825765782878 
-11.870621904494  2.324110489744 
-11.954589282942 -1.959117042244 
-8.998743233481  -8.189088214775 
-0.043106396697  -12.274118304156
 3.703399796053   11.801213431051
 11.367327672395  4.879307202439 
 12.387746849594  0.136666998337 
-2.276760230797   12.243292482682
 8.457770334561   9.191715559128 
 7.259099542534   10.195871272061
 3.040186433621  -12.198940524243
-12.648655113109 -0.077683525238 
-10.201847689261  7.513543250371 
 9.361903225341  -8.544520621181 
-6.523827845306  -10.886416715591
 8.123526383763  -9.811865074490 
-3.909841989351  -12.160719533640
 6.625411181828  -10.967555918107
-10.581016353372 -7.329648069334 
 2.463465901419   12.679931034919
-8.458082195797   9.790021054308 
 12.849835866519  1.873767326962 
-1.522006868325  -12.900367075204
-12.507579949028 -3.586034691216 
 6.328420124726   11.398390762208
 10.755335245630  7.413404467775 
 4.679672999995  -12.271020845034
 12.439253758383 -4.267044119595 
-6.957963312842   11.334873698621
-5.307009917705   12.195973373582
 9.958914629583   8.878038883810 
 11.396747991821 -6.947639675844 
 12.921437423579  3.377564847284 
-11.784836823794 -6.315937340307 
-8.583634987566  -10.329362509543
-9.846912181184   9.140749939663 
-13.270606302623  3.112781790421 
 13.398512151873 -3.066097186501 
 0.240068651561   13.749182176275
-1.519441349900   13.687528035167
-13.732019120255  1.083919539257 
 0.223463300983  -13.830864644587
-3.338743371133   13.522632927515
-5.396389296900  -12.973401069329
 1.753955379250  -13.951240214989
 5.521043778592   12.932214868244
 14.032971505651 -1.471530635714 
 3.835429415700  -13.633187843957
-10.974237660701 -8.959999559619 
-7.377915005601  -12.138559779289
-14.082873496297 -1.880829237178 
 13.013670707566 -5.819789970190 
-13.396807103534  5.064862052172 
 13.150451195647  5.759924508595 
-12.075705220901  7.953671154890 
 8.740912822064   11.543193730385
 10.149810001536  10.388010933985
 8.305957274229  -11.935861675285
 14.543103858506  0.193165480408 
-2.639750855453  -14.307976918013
 11.075557219109 -9.448273053375 
-10.271091903094 -10.341404019857
 14.484086755940  1.729291871944 
-6.652323384252   13.003696337765
 12.188703145417  8.162498877769 
 9.689443877837  -11.073906423093
-5.331482663956   13.762372273403
-14.830495525641 -0.245539171143 
-14.018495928950 -4.934274554281 
-13.348387737384  6.640090415255 
-12.939160904960 -7.415012109847 
-8.955557046773  -11.995200474698
-11.147899940883  10.007135584003
-0.658179843226  -15.059939537727
-9.447382858519   11.748762271143
 2.550870543286   14.941010922500
 4.732437280134   14.440845020392
 14.750147013442 -3.938407651007 
-6.912339443741  -13.620837289826
 7.048546964285  -13.550925202662
-15.268340602213  1.362022526345 
-8.222535420600   13.055766777779
 0.405126209710   15.470779693635
 1.348504197269  -15.451723638918
 7.797029637836   13.437116176961
-15.185665241225 -3.353231887491 
 14.770296430178  4.951745047836 
-3.964190768822  -15.067630361391
-15.081258800450  4.095617101922 
 12.866298473933 -8.879771113537 
-12.815324224423 -9.020071941891 
 15.494785860468 -2.543162996509 
-4.175283678027   15.202361240578
 2.954910239534  -15.535837916884
-10.497464537527 -11.873955311199
 15.886502056846  0.884200408145 
-2.202380034503   15.782843443696
 12.475117160813  9.976583191934 
-11.783078364292 -10.787221528634
 13.683767402099  8.305475499433 
 14.555755650717  6.761238441490 
-5.572012654255  -15.065209801012
 5.297202797734  -15.168252035308
 12.085516347369 -10.627020464577
 10.467478095580  12.260799081718
-13.814648643028  8.328360201233 
 11.074860723520 -11.765786630336
 9.948727993670  -12.830999064357
 15.848256929067  3.642317399297 
-16.005932665071  2.909594349501 
-9.062825868923  -13.560626517183
-15.573038981611  5.589830808726 
 14.703839139020 -7.750279501608 
 4.351938437405   16.143511047433
-7.615992805765   14.893262453985
 15.820765604382 -5.466163824503 
-13.135943283558  10.385666643071
 7.579101120034   14.934274962849
-7.995502982944  -14.718435962242
 12.155820302711  11.568544763831
-11.914514757104  11.836060649225
 6.082967355014   15.662849274130
-3.291342831032  -16.505661906195
-16.264823023764 -4.580263586003 
