 0.416130104913  -0.349722302039 
-0.704612430179  -1.568316524217 
 0.144282605521   2.016091242370 
-1.818601266633   1.079564478592 
 2.293951657015   0.543478914009 
 2.004262928904  -1.526378545620 
 0.732729623001  -2.771869120605 
-2.570682125600  -1.293718251652 
-1.810150922477   2.883836905034 
 1.778376291057   2.926996551419 
-3.515742050305   0.126080243062 
-0.416536601485   3.617124448903 
-3.273977950735   1.743215397850 
-1.254229686812  -3.521560008836 
 3.557518516578  -1.675364467051 
-2.974473882457  -2.807977844081 
 4.327805665352   0.235353941844 
 2.838125276710  -3.288655885939 
 1.223143501524  -4.274631990983 
-4.156747399900  -1.660676434856 
 3.555164326326   3.225100337548 
-0.282656818660  -4.852783396115 
 2.086286356108   4.450823656241 
 0.481857158873   5.023927797370 
-3.948827645698   3.356448741377 
-2.632608777827  -4.506186409974 
-5.010730848269   1.660693800524 
-5.287133834919  -0.504501934317 
-1.496383592942   5.161753649433 
 5.329275237235  -1.235766487311 
 5.504445288287   1.467084199365 
 4.657127265819  -3.281813269600 
 3.373148934915  -4.714085914677 
 5.162025444492   2.985230677906 
-1.723099952116  -5.719155007895 
 1.661186531452   6.056020128974 
-5.582678273878   3.124521880279 
 2.023484604087  -6.089957913616 
-0.161349720393  -6.468637551556 
-0.022525613650   6.474384834884 
-3.109706013356   5.707728874393 
-5.101784390306  -4.270028872226 
 3.640238626038   5.659226338798 
-3.271506423720  -5.934611096328 
-6.622741848614   1.931870061077 
 5.006354157597   4.841318837043 
-6.339621272923  -3.046283696528 
-4.624791998319   5.331354357541 
 7.091425543585   0.641429106655 
-7.206610166677  -0.799383092709 
 3.769627590099  -6.238069358677 
 6.251783207305  -3.994577696385 
 6.344446550134   3.962862382537 
-1.867246588115   7.366290393135 
 7.398493842242  -1.820799439182 
-2.417179687915  -7.247332476048 
 2.564672651244   7.274198471348 
 1.768117624521  -7.594757549598 
 5.315041597259  -5.721119620148 
-6.772209858505   4.363090753160 
-8.143776701511   0.962446781370 
-4.638003483456  -6.791266715786 
 4.377175892366   7.014961778766 
-1.091399148670  -8.226986496017 
-3.847339254204   7.509068279018 
 8.134794927581   2.441922702420 
-0.583173554620   8.536221504002 
 1.509213186343   8.555707563127 
 3.455119225370  -7.980164899858 
-8.674592702649  -1.625922544709 
 6.617999603567   5.855298573238 
-5.345028543852   7.095481324128 
 7.867248901060   4.185654932705 
-8.067687705823  -3.810995285320 
 0.997878857330  -8.885078912754 
 8.965866972736   0.021656256891 
 4.945573268890  -7.496094663027 
 8.637096253941  -3.025455410858 
-8.527090716587   3.507171782275 
-2.372387040337   9.007844249097 
 6.688163505496  -6.570063531577 
-7.617487335213  -5.481380679587 
-7.261279566781   6.004531701099 
-3.551006837000  -8.876085746813 
 9.485296219417   1.507158540734 
 0.417759508362   9.801357062086 
 8.658037959115  -4.617114648996 
 3.822074909760   9.063918816574 
-9.885560087035   0.137266127893 
-1.684681287505  -9.751716589103 
-5.799481495304  -8.157170768231 
 9.603411525058   3.154574198198 
-10.027152734409  1.668751034815 
 8.158436260903   6.136458699007 
 10.166657070179 -0.993484530848 
-1.034352992843   10.217061409733
 6.397439277255  -8.170181946746 
 2.002239819888  -10.208992320674
 6.051698956740   8.524428031201 
-7.311444605983  -7.502311634602 
-5.165403291592   9.305738561199 
 3.658106902575  -10.003141857290
 0.541830197457  -10.708444914346
-10.682063857955 -1.216590330251 
 8.211606840750  -6.975419682104 
-10.527067819945 -2.726233105697 
-3.289565163476  -10.392777173232
-7.976643294008   7.507144817725 
-9.495116324728   5.478824542671 
 1.757647257822   10.862559847043
 5.570615592362  -9.518672712558 
-6.957976341055   8.624918656810 
 10.359458837004 -4.101146537997 
 11.128387351093  0.570757451139 
-10.744092617148  3.024791256577 
-8.895410626755  -6.841935357598 
 7.774158228131   8.165836756784 
 11.043899518123  2.374088240996 
-10.389573259534 -4.491412748699 
 3.802719097933   10.711493081712
 11.107465128632 -2.686748859098 
 9.814878252967   5.937518643106 
-3.827332835451   10.842767486000
-5.006169037439  -10.473839150782
-6.862731519021  -9.411486136339 
-9.485559343415   6.985061044115 
-1.537590976248   11.735079182500
 11.776303717703 -1.204567988025 
-0.975268502176  -11.815817378684
 2.799697256478  -11.545737246738
-11.745422937491  1.895358589126 
 0.601507269464   11.912293444364
 9.331786657504   7.435889483831 
-8.671346535517  -8.383952722518 
 10.659003959964 -5.689399726619 
 8.048629749492  -9.110381313420 
 11.114271446382  5.090438825836 
-12.247550408596  0.399440331920 
 5.272534546694   11.096783454947
 7.668126336614   9.807245421545 
-12.355170171284 -1.991083295882 
 1.488525179526  -12.456145189308
-5.943043811050   11.105642912689
 9.683821132768  -8.255015263295 
 4.276356718774  -12.033643081471
-4.437058572046  -12.068814749370
 12.166587763492 -4.189629901674 
-8.478081458386   9.726837658428 
 9.227014388059   9.141108719126 
-11.056670600729  6.855473996828 
 6.775992966685   11.174989450938
 12.992446775404  1.760432012800 
-12.630421747550  3.570818840985 
-3.820629711127   12.569353634812
-11.530615555370 -6.319076069996 
-2.564303415152  -12.912750784005
 11.233025343422  6.949786779924 
 13.043788787630 -2.270104761844 
-12.773676352642 -3.551575159154 
-10.328588466804  8.314321295777 
 12.844998032888  3.329299028743 
 7.891508107126  -10.676688152222
-10.304313994439 -8.392432939302 
 3.498761262456   12.936922822538
 5.884951960016  -12.052815880220
-12.395496245679  5.309118420901 
-13.466777450913 -0.707797337683 
-13.417482278698  1.970777643369 
 2.041754223691   13.492802611984
 12.432429387340 -5.855760441143 
-8.848224847835  -10.521379848360
-7.606021109740   11.459045779025
-0.076278326710  -13.802639020447
 13.930591991076  0.064936666588 
-2.573501468902   13.721776560078
-5.338052915311   12.921153149569
 0.143911325401   14.011252489026
 8.943428224011   10.786647125353
 9.629158224598  -10.230510272010
-6.936992135627  -12.232347557285
 3.005209936180  -13.817553985683
-13.228371294760 -5.088724315020 
 6.296348524604   12.700761980836
 11.354206964616  8.672665793429 
-5.311057799746  -13.288227335774
-14.103315948458 -2.630061639898 
 11.914337645788 -8.311540651868 
 4.619722529119  -13.801068156757
-9.326541421036   11.225714488520
 13.261471026534  6.108554931932 
-1.404182858291  -14.541607520715
 10.678420580600  10.053723619704
 14.290287699778 -3.576009671460 
-14.794347503698  0.224209710778 
-14.382706471137  3.481144203405 
 7.414632734961  -12.862408168323
 14.109510646214  4.793315401665 
-12.833912188128  7.692661387007 
-13.813772400740  5.895543295298 
 14.882920692506  2.034652785168 
-11.874457486686 -9.247744950522 
-4.729527624625   14.317509372683
-11.084243841701  10.233795608193
 13.966216638327 -5.716853578821 
-7.756872651082   12.974109320573
 1.458086124959  -15.055541684222
-14.513127314711 -4.305233434089 
-1.182114516322   15.105624914502
-10.257622493034 -11.165064144164
 15.201759036432 -1.137969861736 
 11.495128443391 -10.013201109703
-13.584765562021 -6.921462855824 
 6.141115710280  -13.970296001251
 8.629841523594   12.654172591607
 4.690952071745   14.595771692258
-3.408140534448   15.040939131586
-15.369528927259 -1.352224150948 
-3.395457725536  -15.215220643737
 0.444291159276   15.583830238509
-13.164062626046 -8.378165656250 
-4.976919520478  -14.820932192086
 3.006022028364   15.375940021273
-6.615734657812  -14.225931619877
 10.324863195085 -11.820062591090
-8.418267611460  -13.332195932807
 10.560753920309  11.759578783489
 7.434020728076   13.983259277036
 13.956101647700  7.491742226155 
-15.585904443856 -2.994812758939 
 13.871434380826 -7.745202248013 
-9.435862566625   12.845534187676
-15.746001488030  2.490325459239 
 15.423916360982  4.039870186755 
-6.305307456646   14.650887612900
-9.832367909270  -12.618058973276
 15.979880608449  0.882296298131 
 8.940544194579  -13.362961627288
-12.920339447325  9.681248539566 
 12.140531413552  10.696130385174
-0.653540804985  -16.274048739297
 16.121603485176 -2.339618861269 
 4.674748134172  -15.749443292168
-14.728092743622  7.441831366846 
-2.221274519632  -16.373579412918
 6.274907440351   15.299574555045
-2.313501539850   16.439024771313
-12.173621745338  11.301859366857
-15.479058871447  6.058034153424 
-12.071326437789 -11.608621024267
 4.663005903717   16.099199754842
-5.062613322322   15.988320348560
 9.883040906093   13.554114077045
 2.835087272581  -16.606267281964
-15.660195664263 -6.241647353726 
-7.833477617186   14.957503579754
 11.882683909785 -12.004458046338
