 0.451682291293   0.608891902018 
-0.968711976296  -0.524648677037 
 1.435461003497  -0.614889769875 
-0.074442498721  -2.271231315219 
-1.801941768512   1.400672859283 
 1.788206073184   1.571826299807 
 0.000380217112   2.439862865987 
-2.535137807103   0.056789814756 
-1.746122463157  -2.003923856786 
 1.945298143576  -2.798502513325 
 3.310642756895   1.371343670638 
-1.304179589683  -3.464222882795 
-3.488041854710  -1.452739858233 
 0.619165127194   3.840082654842 
 2.519869522282   3.022303553446 
-3.880243714692   0.790244821155 
 3.415678696108  -2.097292254591 
-1.143421714459   3.924999274742 
 4.162959157662  -0.676080291473 
-3.451472685146   2.765567604192 
-0.373062611319  -4.884804225989 
-4.922278599312  -0.512451530395 
-4.003096909731  -3.247020270063 
 2.383149105355   4.611799172627 
-2.892194023321   4.478824927531 
 1.750654964717  -5.123064048723 
 4.052143917665   3.642256058661 
 5.320940548790   1.571935251723 
 0.533722577027   5.525508285707 
 5.389251439337  -1.682053729926 
-5.509331988262   2.076843084336 
 4.419823724162  -4.111211462298 
-2.755912494723  -5.401102396619 
-4.548421323190   4.123042930442 
 6.201158160728   0.186284490497 
-5.658332571909  -2.755170436297 
-2.398122191210   5.922022282925 
-6.266406487096  -1.380934128171 
 3.202657121791  -5.701859996147 
 5.860554310101   3.015862558823 
 3.420055241703   5.745758693232 
-0.698007711297   6.683095089659 
 5.908795075384  -3.417613187581 
 6.847167871107   1.599884056303 
-0.458406648849  -7.022278613518 
 5.006254850677   5.108748114804 
-5.694355091566  -4.563068806030 
-7.335402280902  -0.080740393553 
-4.622634547888  -5.850237188400 
 2.467373450084   7.049595352514 
 2.315787881025  -7.193549746194 
 0.820061117471   7.569463459931 
 7.674392416959  -1.204383213041 
-7.607810807239   1.661906083115 
 5.710657977009  -5.360767089839 
-2.149094713546   7.600942348543 
 7.909422108262   0.539735421015 
-4.656224714413   6.416914457571 
-5.914206395028   5.454176010439 
-6.996611507109   4.035087805038 
-7.215382153413  -3.700284323843 
 6.912588577613   4.301446043945 
 7.667562845260  -2.750079922213 
 4.805444957161  -6.688543609831 
-0.535277384781   8.320350752171 
 7.073905039048  -4.437908982154 
-2.754176221489  -7.998870056332 
-3.792977735743   7.741417645763 
-8.607246273487  -1.077453473751 
 5.894647719191   6.393797958345 
 4.114555104798   7.850611676153 
 8.653892760906   2.165691274448 
-8.334358322064   3.228942290202 
-4.493702607459  -7.739281962804 
-5.945788753191  -6.714893589488 
 3.798258861067  -8.201718767915 
-9.054265719844   0.450955314231 
-0.008054994707  -9.147817188356 
-8.805182559702  -2.628591665220 
-7.725193348023  -5.166737462478 
 9.233264131102  -1.566257172768 
 1.032258585054   9.345881561661 
-5.282363743379   7.922443318777 
 2.447161685804  -9.219695550327 
 8.637874217126   4.241270527099 
-7.255212001947   6.374037741622 
-0.597910266330   9.837061629939 
 2.620575476910   9.529617599798 
-9.603700958786   2.372471692813 
 9.402073567339  -3.118248700841 
-3.047266159852   9.447522378035 
-2.545822186614  -9.612131155330 
 10.017231665901  1.224046117967 
 7.412786890907  -6.850963103308 
-8.585448492508   5.470437354371 
-4.541315824238   9.253028417992 
 8.888117145282  -5.458830733919 
-5.282881352137  -9.054626444196 
 3.999008709927  -9.722578465960 
 5.160857754143   9.201163150764 
 6.274017524091  -8.492168397427 
 7.719126148537   7.204673255163 
-10.498019702883 -1.880305436723 
 10.685353931241 -0.809661397667 
 1.124027725732  -10.719053434953
-7.811469692662  -7.532912167337 
-10.096928305673 -3.998542801897 
-1.807313630855   10.724446904333
-6.708624521235  -8.564819883049 
-7.163832613080   8.195092283128 
 8.940310425314   6.224195803484 
 0.716675081284   10.897605892997
 6.886051659478   8.479296045947 
-9.519283927986  -5.425557825970 
-9.958656232320   4.581638432062 
-0.345180759555  -11.151789675477
 3.926024144104   10.480895978792
 2.941047184129  -10.862919020628
 10.437239537845  4.217113542036 
-4.293700103331  -10.408173276880
-8.547976011091   7.551659034130 
-11.550951466873 -0.365968425823 
-11.697828856378  1.147325975150 
-5.386396488381   10.515842876028
-9.669216617871  -6.922057543492 
-9.865725986169   6.664840115290 
 10.880394451430 -4.878125212036 
 11.467860738422 -3.377900187754 
 11.711843698205  2.542304375409 
 6.379955182769   10.172856672378
 6.720644893059  -9.964059763113 
-7.195419967314   9.712284062466 
 3.031386802500   11.734457936918
-1.816105948626  -12.029248378434
-2.819853940229   11.849193113566
 8.402458606782  -8.823514005903 
 12.249664955457  0.912161312480 
-11.493704384683  4.334690829863 
-1.325407697330   12.228642138849
 1.148139273333  -12.248367033057
-11.902653216744 -3.368911884570 
-12.111093961100  2.698416494928 
-11.205607106269 -5.424732658882 
 9.897522547118  -7.575600327444 
-8.882505298160  -8.961762826643 
 11.241141986699  5.758125966744 
 4.528367934760  -11.810409376307
-11.221224436668  5.961462397508 
-5.345770179358  -11.548742855225
 9.185272411408   8.884513294974 
-7.260101369588  -10.583311311958
 6.009722762097  -11.366014480507
 1.533410658170   12.782689173234
 10.447349639806  7.537291055028 
-3.877043194879  -12.353706125253
 2.717332692848  -12.675818745687
-0.430514802678  -13.037360647730
 5.551297697309   11.804359640415
-4.360265925585   12.353566707242
 13.158060509749 -1.086052897540 
-9.387386747960   9.361556207975 
 11.516138972240 -6.598305011297 
-6.585828576126   11.656430492873
-10.841642878890 -7.862381945768 
 7.472620381994   11.201321093971
-12.629061654850 -4.715217333360 
 0.188376578391   13.510569251290
 4.004983464413   12.957200423275
-2.652859149186  -13.314615151071
 13.321344996820  3.148037368031 
 9.373353461199  -9.985039944098 
-12.770232382729  5.161944487448 
-13.656765790252  2.019209577006 
 8.895250638094   10.700342029183
 4.144629575844  -13.298650833426
-13.653633603790 -2.771626845870 
 13.049075276536 -4.927103780994 
 13.162761031622  4.639648135822 
-1.292008247147   13.908133575346
-13.972566436235 -0.888270173628 
-8.699057948949  -11.347370225272
 13.906395512207 -3.574683161233 
 12.979466304881  6.276692575515 
 12.158743697784  7.792677606749 
-12.596399560489  7.242375887413 
-5.607539437412   13.410073987731
 10.346054336687  10.242369255404
-7.041253420340  -12.747663311215
-1.463950825631  -14.489995045010
 0.595697757804  -14.562310564160
-11.803901819565  8.625472688910 
-14.612034303166  0.770442245579 
 10.970220287439 -9.764171902277 
-9.261626552746   11.419999630063
 11.477160060431  9.191346504999 
 6.041961349905   13.426304622625
-3.904560641761   14.224030490089
-14.421600913704  3.597960590170 
 8.734443063421  -12.043396169392
-4.199229018527  -14.277126763979
-13.694289518852 -5.927448255162 
 2.825027503168   14.685888371461
 14.970538418189  0.102250490731 
 12.169687497700 -8.760641983299 
-10.864044631748 -10.351752075967
-14.344411180052 -4.415378832027 
-12.981810155149 -7.634554338597 
 4.716063632403   14.310838953715
 14.989690717773  2.093640057780 
 0.321337212861   15.196936113109
 6.843421547612  -13.616499977891
-12.304562689338 -9.119134610955 
 14.190507144503 -5.903827587065 
 7.615839449593   13.441256523570
 10.525526373362 -11.351914214357
 14.753502459283  4.735605699467 
-6.189999422141  -14.212113287342
-14.535216776685  5.409036428946 
-10.843139187669  11.105416181834
-8.724624411039   12.876735199783
-2.673221959087   15.359605631603
 9.375493903598   12.458905064374
-7.313749163859   13.771275089968
 2.468247672994  -15.438755696050
 15.610361293853 -1.809895459423 
 13.665146225090 -7.761852292950 
-9.193497879569  -12.781287288508
 5.616255088742  -14.736224538264
 4.250600700589  -15.371729659070
-15.734096561188  2.825038786127 
-5.811710642463   14.951406893673
 14.062095996977  7.753511415769 
 12.025865998782  10.692471712792
-15.715091859248 -3.511133637087 
-13.465932386068  8.866447781727 
-7.821971246496  -14.106400437194
-1.219385389469   16.104206194837
 15.821734351939  3.355623323364 
-16.121150413502  1.353842335550 
-1.157591628318  -16.177071951348
-14.742896818655  7.071261060437 
-4.167644539457   15.812446236414
 15.731192770562 -4.561186230491 
-3.399355452120  -16.032843437628
-16.352084695762 -1.519781723963 
-15.201330391387 -6.251358826654 
 1.927146445621   16.395580375706
-14.584252481581 -7.795747256640 
 12.138364861304 -11.379702633631
-16.052257271683  4.428384116811 
 6.926790874309   15.148811717889
 13.577695690953 -9.685183592233 
 10.719189599582 -12.860070204857
 15.798414466306  5.843765157649 
-12.888537811427 -10.879259971121
 0.246982593786  -16.886143292676
