 0.089756796790  -0.657404283777 
-0.449210261429   1.360135939369 
 1.083836194667   0.977706416288 
-1.967942815311   0.617097144833 
 1.987354429296  -0.744690767678 
 0.901251872086  -2.093062241299 
-2.146405644502  -1.147696209288 
 0.235131203918   2.866077491457 
-1.718387410130   2.525289749509 
-0.366475899369  -3.059833951757 
 2.821208346770   1.485411806329 
 2.332276379597  -2.735091948795 
-3.511048817559   1.043088446263 
 4.008636519488  -0.298327894377 
-4.045338275550  -0.518504234525 
-2.746096790065  -3.185419229990 
-0.523175864236   4.246371302847 
 2.851870811317   3.398812729989 
 1.391985857374   4.252006216298 
-4.118204372160  -2.180130648551 
 4.201251313596  -2.232814814309 
 2.148480890934  -4.281139570248 
 4.624824252624   1.416727209793 
-3.974420867713   3.004785228898 
-1.330214177605  -4.900817923852 
-2.725235951831   4.420973335416 
-5.507874191623   0.390712282653 
-5.647056132648  -1.172698372250 
 1.261153370904  -5.732777938989 
 5.881166889847   0.397030175094 
-4.521189271215  -3.830085053656 
 2.370800133698   5.535913081861 
 3.755301495758   4.790860633388 
 5.468555553903   3.130046421646 
 4.870854921589  -4.156873185156 
-6.111063094421   1.951768852248 
 0.112108304999   6.505574651709 
-5.824043658624  -3.017599554694 
-4.350103659855   5.074485844560 
-1.892543760806   6.495593479935 
-4.217153870549  -5.312693058856 
 6.672534234317  -1.652609293541 
-2.018004799238  -6.777070457859 
 1.717250173514   6.907863861586 
 6.378735312812  -3.449861657297 
-0.128225371939  -7.280150103519 
 4.228107232711  -5.952976445887 
 7.012803827670   2.067917653026 
-6.478556236351   3.965787252974 
-7.568877931121   1.254157146797 
-6.288639239950  -4.497925625695 
 5.109952035385   5.855321993030 
 3.326380675483   7.082512380744 
 2.425719909752  -7.439955402115 
-3.285091336884   7.169749271242 
-5.828138750363   5.378865550485 
 5.853589207646  -5.466174382354 
 8.145084950654  -0.422010704961 
-8.169149646648  -0.577252514282 
-7.669668989019   3.003972716451 
 1.096821004886  -8.182818906030 
-7.857511863272  -2.724266816925 
-4.079461636619  -7.270890220658 
-0.848324385024   8.295568095790 
-5.071298426347   6.693518273773 
 6.633671568882   5.172925916851 
-5.602461890518  -6.435615603097 
 1.705033467207   8.565601274264 
 4.506213920053  -7.520536653131 
 7.853571529170  -4.017991975719 
 7.835935152173   4.061513134503 
 8.540675276479   2.493254607484 
-2.485174997227   8.563886012576 
 8.693465337167  -2.477474240821 
 5.963524115120  -6.997561510867 
-7.228179437671  -5.731063446448 
-3.013361264019  -8.799031346842 
-7.826061942944   5.120481261862 
-0.680123407647  -9.346923298239 
-9.317831855013   1.672520116388 
 9.506660306992   0.218589506739 
-4.222118308975   8.608195372140 
 6.022649585842   7.497085621465 
-6.831076972924   6.873238774585 
-9.603796734708  -1.396023366187 
 3.212130887134  -9.168723952891 
-9.014544709198   3.867046964466 
-4.972720643481  -8.480370953329 
-5.682869668997   8.076547851864 
 7.991074544309   6.019534976300 
 5.003859045615   8.729399336328 
-9.599131230103  -3.170103400811 
-1.183070432481   10.069001581121
 10.006092547694  1.647576963659 
 7.485090302745  -6.842533481452 
-9.182916200890  -4.749668067115 
 1.188607629766  -10.306463852521
 1.013936140714   10.339849095712
-2.772398693922   10.064112772430
 6.133909231270  -8.624740853343 
 3.835792539526   9.904278317173 
 9.911653936771  -3.957215799693 
-8.329027304351  -6.757056824664 
-6.544824110524  -8.531429646662 
-1.795713017054  -10.732723846060
 10.190386487823  3.861729152024 
 9.447032787739   5.643648660381 
-11.029191406980 -0.565751203031 
 9.507794031381  -5.708719211607 
 11.043899020665 -1.175581742175 
-4.949897755542   9.945140005997 
-4.692268394878  -10.073862094700
 7.820091039793   8.036602838103 
 6.489015669108   9.203945698206 
-8.054951291918   7.885604542524 
-9.226247141348   6.514795457296 
-10.780303778938  3.653037055298 
 2.528672963981   11.271649172979
-11.465876332928  2.239439698863 
 5.453404240026  -10.354171983089
-7.020843511853   9.380689899363 
-0.553149870887   11.804187245435
 0.610647007337  -11.908726570290
 8.988089126616  -7.847448879021 
 11.879286853690  1.713010497879 
-8.370496091458  -8.669495295143 
-10.662205466680 -5.668215686438 
 3.703548346722  -11.532774619548
-6.556315489057  -10.211937764244
 7.986369111048  -9.211068449441 
-3.142115162596   11.798854815829
-12.221872165319 -1.775653805631 
-1.055973540625  -12.361685371835
 12.270102400624 -2.412936866621 
 11.247798156340 -5.531888784899 
 11.896641258291 -3.998991527310 
 12.530349852373 -0.894416337968 
-2.801377076603  -12.254709948271
-4.380760593509  -11.801894011385
-10.292956870101 -7.266280658484 
-11.971465434223 -3.980893694858 
-12.650434446464 -0.295633867159 
-6.493211264018   10.878064449310
 9.491972239912   8.503655929908 
 7.084749464937   10.651812663057
 5.579635224427   11.513112587030
-8.777184337738   9.344800763928 
-11.346212043536  6.033557418683 
 11.405430555390  5.988279201029 
 3.574109497097   12.474437933803
 2.093592106410  -12.886334234403
-12.405605873048  4.226473604690 
-5.961252188903  -11.673766246220
 10.491037553902 -7.866498953998 
 12.699345290654  3.385267407848 
-1.919341919065   13.003216589999
 1.940902103211   13.097627863231
-10.225495917485  8.418354186127 
 8.566435257092   10.117644227484
 10.866265804694  7.602946445197 
 0.187020044588   13.272112059292
-13.287516611334  1.294331318196 
-8.569352932367  -10.296798511180
-5.653109012367   12.172305981533
 0.565342343135  -13.435406256391
-8.087269363715   10.796252875741
 7.946433956500  -10.993949161257
 12.623618546970  5.060124888789 
 13.866894462287  0.911617324107 
-13.478257422952 -3.671429124042 
-13.619733199814  3.112683274549 
-12.248354403635 -6.748595774134 
 12.953247746368 -5.310514828691 
 6.021143569140  -12.673757257270
 13.747611969583 -3.063955167821 
-10.316088805731 -9.617535212390 
-11.480173160440 -8.242934245016 
-13.069984497812 -5.449299648357 
-7.254548677315   12.172401414370
 4.591391899786  -13.413848755444
-3.869945951067   13.642138801387
-2.690538204613  -13.933768595190
-4.237008429630  -13.551999051063
-11.891881710253  7.820071485521 
-5.691570383461  -13.152580423194
-13.231829841388  5.615074360697 
 1.270323263950   14.468522088324
-7.132580275745  -12.708168962668
-14.517376420085 -1.851370578647 
 11.123685859995  9.522100192154 
-14.661339964964  0.047971242223 
 7.630651609051  -12.528416536352
 8.218787643648   12.165643797278
-11.294445696423  9.516111815472 
 10.163696796067  10.763961605031
-0.967164555600  -14.781802313403
 10.484322956557 -10.566752095612
 12.298595357625 -8.431056618507 
 2.856220188185  -14.647204386094
-1.651695560556   14.885493040011
 13.254934236781  6.974841354929 
 5.914366491351   13.777339654484
-9.248220532956  -11.817206313938
 1.102993841730  -14.977832121734
-8.804534170162   12.230450342881
 13.242764370201 -7.241095926634 
 14.444425340175 -4.568179337388 
 15.154650515315 -0.036238939497 
 4.052919866899   14.614050652157
 14.197381148155  5.362863979220 
 15.104969382119 -1.702273050714 
-6.446559114529   13.780518700095
-14.491216955498  4.640328753709 
-10.434402257873  11.178985515714
 12.516363502487  8.895972362080 
-15.307350793943  1.752045624580 
 15.317040559374  2.180465308714 
-10.846356748787 -11.108213950744
-13.444484041682 -7.935624740071 
-14.418114156710 -6.121774197578 
-3.242870799354   15.407609402792
-13.077560479522  8.779372100272 
-15.049254384537 -4.671835654377 
 4.545245146449  -15.125499673574
-12.098930963300 -10.226661649987
 9.322249328768  -12.846154069029
-5.005388853589   15.141469336833
-8.610525804665  -13.431161238510
 15.439930332878  4.048016371854 
 12.363959036532 -10.123453852324
 7.201709011397  -14.275221245316
-3.314542783609  -15.702310366074
 0.133303866906   16.069247235070
-14.617851454988  6.685940782985 
-16.021509010399 -2.181742907008 
 15.768109096769 -3.638728287127 
 7.345674227693   14.452658249335
-16.284393548669 -0.400086502662 
-6.289619573310  -15.042704280029
 3.373603760118   16.051208907888
 9.317655287399   13.544308758352
-1.584792081968   16.416625248311
 14.822914652243 -7.369685800653 
 11.470985120641  11.992107978487
 5.533814724113   15.660656399392
 13.744771204429 -9.347292750030 
-8.549327119979   14.271503542529
 14.500542015174  8.243405515080 
-4.946769510936  -15.937719071662
 16.697086651343  0.610633745948 
 1.876079466545   16.611589344422
 15.641663129015 -5.905412240565 
-13.072452306315  10.473260253706
 15.488536583687  6.471806393632 
 12.782512841046  10.909145575319
-10.698759889393 -13.008292161588
