 0.038148283931  -0.639686632756 
-1.183526889936   0.445493556631 
 1.244757773080   0.261359918599 
-0.135104885176   1.647157014650 
 0.778490564581  -1.988381308378 
-0.928922428719  -2.046606883424 
 1.792066010024   2.169494408369 
 2.526159229685  -1.715966205634 
 0.212965031638   3.146683754485 
-3.156562917178  -0.689394799947 
-1.804275021930   2.829567472141 
-2.553676531240  -2.278237174483 
 0.016140064226  -3.658445851334 
 3.995766788004   0.347809369187 
 2.500215727723  -3.340344376891 
-4.193990444747   1.078569287894 
-1.188757218363   4.221342704186 
 3.183447461863   3.062291206651 
 0.557324206885   4.698727041060 
-1.404416076257  -4.560331835740 
-4.825083811780  -0.637731725001 
 2.202638958821   4.429591046343 
-2.922987141195   4.059158431895 
-3.019482229052  -4.077155459277 
-4.527520600074  -2.364341449497 
-4.243627240616   2.858927227346 
 5.044304029652  -1.261494571440 
 4.082585097895  -3.309068983849 
 4.885786173225   1.966075029048 
-0.076214126946  -5.278056320214 
 1.582156075805  -5.106772811754 
-0.782417123088   5.823803180427 
-5.940112194351   0.904941298920 
-2.543580868440   5.568428081706 
 4.974690210687   3.719603657483 
 1.925533513160   5.946875968776 
 3.915178447648   5.054731206151 
-2.870497603469  -5.762313096691 
-5.967169254059   2.513631233405 
-6.051832858817  -2.505753849039 
-6.510495805740  -1.072700973521 
 0.696235237295  -6.649606329003 
 6.658373829244   0.842587044496 
 3.667243369999  -5.834114810473 
 6.637724829120  -1.989461835894 
 6.311360768719   3.027423705986 
-5.719079896912  -4.084397872234 
-5.507563010557   4.402841439022 
 0.876831776850   7.031646538914 
 2.294224652765  -6.758920922005 
 5.540798459900  -4.561572205647 
-1.417298211212  -7.058562546092 
-1.076855360819   7.360937531517 
 7.427688606595  -0.541144584217 
-3.977864935105   6.554655218075 
 3.479202460101   7.047449700645 
-5.243848192143  -6.038014189818 
-7.992849580701  -0.410513788455 
-3.948413964265  -6.985732166877 
-7.822694508922  -1.975006074894 
-7.303292899818  -3.437236410542 
-8.017247587331   1.241369991095 
 5.754593010359   5.770035358377 
 8.101445095032   1.649570900676 
 5.427517570386  -6.266252339133 
 2.138593841045   8.068241793364 
-7.926380208959   3.025194171980 
 7.082422282088   4.753460200121 
 2.010426215091  -8.401909803460 
-3.248014203102   8.015353265900 
-7.011081292625  -5.067777217258 
 8.752992635532   0.273711192439 
-0.104447801900  -8.816732342556 
 3.977278805098  -7.901465209936 
 7.821890461684  -4.178762342098 
-5.959583054169   6.641944508027 
-7.241716649011   5.527742183073 
 8.663160105560  -2.861773145652 
-0.146047988876   9.282935857822 
 5.219080961634   7.777477956327 
-5.296549782254  -7.727511184181 
-2.105098442013   9.145178403225 
-3.038640065005  -8.913431621596 
-6.848242906591  -6.584481060850 
 7.632124472975  -5.678361111066 
-9.808369500254   0.955810580892 
-9.848884858375  -0.623583954447 
-1.214052303000  -9.862921248428 
 9.149778401885   3.912190681757 
 9.970895401595  -0.644737843604 
 1.209826380762   10.002479570920
-9.801429578981  -2.445251420513 
 5.309603022639  -8.612267505081 
 3.635999381144  -9.487330116707 
-9.015712189689  -4.767766833355 
 6.900966850904  -7.512945866374 
 7.362280776147   7.114210011243 
 9.419329635929  -4.257293568822 
 8.678270057436   5.622142200448 
 3.459855137022   9.757869106864 
 2.157788139836  -10.260427344418
-9.455521783927   4.585418244863 
-5.377032678264   9.178978455726 
 5.080384281036   9.348116955214 
 10.326281799984  2.734956003650 
-7.053885642588  -8.082567348242 
-10.233931653167  3.232775378537 
-8.528414902931   6.739745166914 
-8.413456976762  -6.934795532484 
-5.651739979129  -9.337912670321 
-1.052480992874   11.071807455393
-4.379090792368  -10.227170126469
 10.823664232070 -2.600960542975 
-10.395278685040 -3.997117571905 
-11.121863173508  1.831640472800 
-2.887727767062   10.922552120336
-2.366985836288  -11.048022811682
-7.857777200965   8.186802938835 
 11.269703467723  1.468626061122 
 9.285426880652  -6.590247622066 
 11.461968369939 -0.961697450569 
 0.115840281610  -11.643839466530
 10.628531399161  4.768365043288 
 6.002034777637  -9.993035091873 
 8.794907871492   7.729939525148 
-9.871506029280  -6.360159703853 
 4.573376767764  -10.821104388561
-11.658644090437 -1.633179809858 
 6.597048105915   9.839339331802 
 0.695714711730   11.839524149166
 11.050125155208 -4.380747097207 
-7.441439502965   9.644588720472 
 2.181437544577  -12.001039604179
 7.763915983996  -9.443801283938 
-6.005478082225   10.697042491110
 10.509278662500  6.371840984804 
-11.044579541157  5.402815182802 
-2.050418548481   12.264896626923
-6.635570841015  -10.517534964739
 4.256198758258   11.724124873055
 12.081203872700  3.147194404027 
-12.111385706515 -3.245222960160 
 11.190601382248 -5.878590805668 
 2.373797359859   12.501140295735
 3.693712697390  -12.180549627903
-12.735922927873  0.000582399591 
-8.140070466953  -9.829576698960 
-12.457609534743  2.783225825287 
 9.775678847221  -8.231619409721 
 12.819050553917  0.498345952705 
-9.567468535320  -8.807095244000 
-11.695984144762 -6.032544605707 
 13.081095042598 -1.807555669098 
-0.818356515655  -13.191914621649
 12.691937813774 -4.060183090367 
-11.312021300295  7.135342376278 
 6.575242636491  -11.647197008340
 0.702045196631  -13.356725302957
 5.768095965764   12.127882498984
 8.589838411923   10.345763821650
-5.631392845366  -12.254443723519
-12.786859851682  4.318376968242 
 10.254846269894  8.811688110107 
-3.325071758097  -13.115686469804
 12.603576203758  4.979001873654 
-10.523042419962  8.548086201027 
-0.357109726172   13.560071040610
-4.920814942452   12.672506425107
 5.200317484180  -12.693688379186
 8.045356525993  -11.312034663755
-13.785810216519  1.789860882296 
 12.262372211500  6.579127846850 
 9.337207879814  -10.361934217521
-8.131095662971  -11.333902595173
 11.554178826093  7.932406708875 
 13.927407548166  1.601461912215 
-11.256979353776 -8.528067491350 
-3.158953395832   13.771741990673
-8.681230073259   11.153519090283
 7.296418605717   12.111036634146
 1.114983885744   14.095894521540
 13.769248248934  3.272327234171 
-9.981208018373   10.037072054179
 3.362426195882   13.803699515416
 14.231855992383 -0.616409301972 
-14.072011885120 -2.258241540731 
 3.930743909822  -13.742115217616
-12.972033786511  6.101039337346 
 14.087460339363 -2.996529200121 
 12.153080654918 -7.771514590458 
 2.256030869819  -14.316256058478
-6.578753650619   12.952517173815
-13.412285110198 -5.593436457782 
-10.392502624894 -10.218829485990
 13.413387867669 -5.977401136844 
-1.141835800631  -14.703466798170
 11.368961119364 -9.517521315803 
 5.922568537884   13.644648845925
-14.918700234289 -0.767507446695 
-14.544884366557  3.421914102711 
 7.381604881139  -13.038716679315
-12.962449581619  7.716883713476 
-7.715444092844  -13.130023382041
-5.070027176375  -14.389068332374
 0.872363500627  -15.254951253577
 12.127322749822  9.327622651863 
-4.516510367921   14.658561692329
-13.348807711617 -7.580111265325 
 10.076508827088  11.594743931060
 14.325403200197  5.708333651959 
 4.513321785042   14.833421105269
 2.400918201507   15.325979629035
 15.359791719111  2.618777454178 
-15.516264106369  1.787863545920 
 13.779047655023  7.474160090591 
-15.297954282040 -3.574926470086 
-10.231834464643 -11.955982459041
 10.943636824589 -11.310703816600
-10.424868112856  11.803166178045
 12.862735423074 -9.181383869235 
-9.303817091090   12.938296787181
 4.710019371547  -15.226776147691
-12.748398341109  9.586634344925 
-1.191582612517   15.907276680605
 15.947231955203  1.131141558007 
-15.128230585786 -5.222106804317 
-15.860130884872 -2.156582201566 
 8.907614774809   13.300658130006
-12.358905885105 -10.247841355748
 15.461021808793 -4.408708713668 
-6.713922858042   14.628289016817
-16.145153601869  0.396955725967 
-3.640859532511  -15.735134710962
-14.698920013488 -6.784673719049 
 0.860684597182   16.181415851484
-13.425605004325 -9.113292892677 
 9.760439725866  -13.045231671963
 16.113874289793 -2.938839243848 
 11.742108571982  11.447136108544
 14.314511027268 -8.105694241477 
-15.413490548231  5.769561429780 
 7.295329070783  -14.788973055998
-2.649408320487   16.285114857385
 15.094818378455 -6.678681007176 
 16.550529819503 -1.433115029074 
-6.729093323117  -15.212502586344
-0.778344693286  -16.627810673956
 3.789761826015   16.248155983340
-9.296887292136  -13.860830040023
-12.454395226563  11.110891777502
 6.805403569226   15.268984447128
-8.365620239585   14.504824142820
 1.466036699083  -16.732030113222
 8.193256220338   14.679463268372
 16.177573078892  4.631596154789 
 13.523720535700  10.069926107576
