-0.223132607058   0.539452697057 
 1.217384892214  -0.076013102819 
-1.390094444976  -0.956165110304 
 0.808465814667  -1.998869356464 
-1.204606411246   1.881109827488 
 0.756215479424   2.171352836228 
-0.959830478886  -2.658397808384 
 2.511278179598   1.340646678097 
-2.862559750131  -0.455966418942 
 2.852058898200  -0.751206784679 
-0.267474336727   3.293748933400 
-2.739214487569  -2.301555124440 
 3.753565718162   0.494971631578 
-3.539093054283   1.472024183972 
 1.869832748071  -3.430114223591 
-2.726629288165   2.836834441546 
-1.240073223884  -4.478645648886 
 0.298019211086  -4.674412238558 
 3.340836211253   3.372466199756 
-1.377581459869   4.603278375233 
 4.745640248498  -0.947032036605 
 1.357434912451   4.824173445008 
 4.146690810883  -2.874317856204 
 4.853083428320   1.673594591407 
-4.947309852601  -1.434170788467 
-3.615199730629  -3.964999073878 
 2.642656525339  -4.851418829872 
-5.377559511879   1.452212210156 
-5.803886927712  -0.142573852556 
 0.116192898980   6.004329767918 
 5.605546957539  -2.196142853352 
 3.216661981132   5.155808881825 
-3.262219889590   5.173810297606 
-0.632056901892  -6.110826309428 
-2.056596779953   6.066639626066 
-5.796102269148   2.897542416901 
 6.469321874891   0.681046505789 
 5.586320473350   3.362209004359 
 4.158662171943  -5.057141284952 
 6.524830001964  -1.005886634945 
-5.833010038282  -3.138453584751 
 4.690745053012   4.679700124106 
 1.929257140395   6.482632048533 
-2.434665267787  -6.416883017021 
 1.718975031309  -6.645479301673 
-5.418820789830   4.377720021250 
-6.860973719495  -1.256064848378 
 5.627593084548  -4.121435915413 
 6.747962176029   2.160713973267 
-7.104576936043   1.379177387140 
-4.414256664349  -5.801296857145 
 0.342926137828  -7.386186830796 
 7.022861239757  -3.142098965315 
 6.246991351459   4.869329210400 
-2.671623229771   7.502286229896 
 4.651010894875  -6.501603785770 
 8.030197353090   0.811025511771 
 8.064440179359  -0.819591373147 
-7.046595068709  -4.126629668616 
-2.137624199955  -7.920713321026 
 7.398418055691   3.721963883850 
-6.273317900850  -5.440638297028 
 2.271319351807   8.002982111788 
-0.239690742362   8.340663836257 
-8.015078951461  -2.396693407256 
-3.955037521526  -7.465161371289 
 4.679825224085   7.061577692443 
-6.511290544168   5.570031279186 
-7.392867434642   4.335557231680 
-4.682600388172   7.223673408724 
 3.458860519038  -7.889944831163 
 1.475840724882  -8.516718244873 
 6.732527510791  -5.571114670578 
-8.596790925877   1.841155824214 
-0.253406568232  -8.823813229298 
-5.900243015181  -7.052756648212 
 6.377861596028   6.647810597314 
-9.248807685379  -0.003230237251 
-1.586147667672   9.145989585876 
 9.243153205708   1.723076429035 
 7.604976927119   5.707834756940 
 9.357339457446  -1.896579825838 
 8.907080107782  -3.586662381462 
 0.583201238649   9.665945607947 
-9.087571685562   3.375584474702 
-7.669851192390  -6.208868966497 
 3.489343632451   9.257985403952 
 8.399949022407  -5.303764214711 
-1.421437270192  -9.862666097989 
-6.143847114559   7.902832236858 
 10.016753288574 -0.521959281552 
-3.175102606548  -9.514706958400 
-4.593577200433   8.921207152226 
-5.011355129349  -8.694067230469 
 2.252129968117  -9.866146524143 
 6.190316598040   8.176104909258 
-10.309784288310 -1.490512885163 
-9.413419272264  -4.516496537116 
-8.740687612070   5.795373887856 
 6.759070706865  -8.100226143551 
 9.131083610771   5.482399926827 
 10.264795272873  3.126330495750 
 0.228104521679  -10.741160891523
-7.929255684862   7.359360292027 
-3.197473076651   10.339423008029
 10.818992707888  0.984837170148 
 5.263631082391  -9.550339556664 
 7.964562534907   7.468612293732 
-7.319548636451  -8.127074764701 
 5.364956481159   9.535413058623 
 2.601308098719   10.677168136598
-10.588101597786  3.378963465053 
 10.678729185704 -3.277235591714 
-9.314013323322  -6.216055324873 
-10.743631541545 -3.160202273883 
-11.149164975954  1.259518388764 
-2.489644222843  -11.000662239000
 8.671937865521  -7.411840622617 
 10.095260113214 -5.395988442558 
-4.780395281118   10.462454072720
-11.571161974793 -0.325146333501 
 11.529234782322 -1.463511181412 
 4.285110115091  -10.939687366185
-1.534262969771   11.739214994639
-7.606209680886   9.247287303621 
-7.171143101310  -9.652066219492 
-9.768671134283   7.088564180352 
 2.192795737789  -11.868812245454
 4.829920281415   11.079500337324
 7.316740574071  -9.636504943692 
-6.361173232785   10.324076141778
-11.195409244934  4.876220220087 
-5.333476666003  -10.997203829291
 9.737409662550   7.428656188319 
 12.274107521205  0.060158754473 
-8.606237361786  -8.913638666957 
 8.689395338303   8.894725320194 
 2.444917842709   12.264205929542
 11.150797699036  5.668247673474 
 0.718293898456   12.513024502384
-12.290613319152 -2.573510261196 
 8.788300448841  -9.086538528227 
 12.119487928150  3.596182164627 
-1.427700545820  -12.675900241865
-3.654835522888  -12.274372884626
-11.114170650972  6.412185543086 
-11.438948871090 -5.820059424922 
-12.834954103501  0.652136377923 
 12.700617837960  1.984446881367 
 7.375698014946   10.555944761145
 11.217585846798 -6.398723282116 
-12.736174815550  2.361218471744 
 0.274318370732  -13.009092845852
-12.245291834189 -4.513525175528 
 12.600390669703 -3.401456497637 
-5.252425863277   11.987879739086
-9.093942902897   9.512878070582 
-10.171286686294 -8.519230655221 
-7.042393488363  -11.312333042693
-3.529812293599   12.894260826248
 12.420279124336 -5.163214353966 
 5.361345750789  -12.383212495752
 10.534536341258 -8.538041601404 
 5.714543661833   12.330293245327
-1.595798982201   13.533987212275
-11.506228075488 -7.318782963043 
 3.872083813466  -13.134658866801
 13.707105378526 -0.595106153007 
 10.613537516082  8.729461475665 
 7.279643820248  -11.695858212340
 8.533551361202  -10.851760268288
-8.799613797191  -10.637701681133
-7.566574415374   11.562209070614
-11.068002432852  8.435669039599 
 1.529043572454   13.946439681721
-0.164061867083   14.033381240703
 8.905160768631   10.850564153451
-13.773157817904 -2.804254415754 
-14.206807723240 -0.176815832931 
 13.937464953509  2.902960854992 
-14.141802137299  1.716500526713 
-13.819171852975  3.630038155733 
-12.936752550793  6.096073742373 
 14.065485670115 -2.672325212880 
 7.457732064256   12.222033368533
-12.926654701430 -6.268353815693 
 12.741426084605 -6.674944519425 
 4.630222280962   13.622931059534
 14.358387149801  1.413645333520 
 12.929477226247  6.411684177699 
-5.301727744297  -13.424585482860
-6.653976632412   12.823917411465
-10.337230498993 -10.110870364562
-0.269913414106  -14.535247556299
 12.168654693035  8.052829691578 
 2.527960710250  -14.434773470691
-10.855990481431  9.970690933912 
 12.189237114974 -8.489634417068 
 3.213442031057   14.513435985284
 10.412267691060  10.664060393926
-3.859834310033   14.402532159083
 10.894622122362 -10.185986852428
-14.123115379637 -4.818222295185 
 13.995688965925  5.301521737389 
-8.417014746897  -12.418769135527
-7.067913858316  -13.236742943772
-11.879975859989 -9.265224354366 
-9.071952334930   12.064187791280
-2.391134694577  -15.021266797331
 14.445577892074 -5.045639272757 
-12.678219719008  8.643771008406 
-5.696288068137   14.263238356200
 6.240593766015  -14.069561946247
-4.334865536444  -14.822643848426
-15.420944580918 -1.882407104378 
 8.749703160325  -12.881008414187
 0.678001201261   15.575044380499
-13.319954763769 -8.188378600392 
 15.439846318895  2.477752474796 
 15.562036082919 -1.725477732890 
 15.125008831630  4.116723969378 
 4.635686343761  -14.988388883973
-15.685217151713  1.630864907864 
 10.299409034019 -11.969354812761
-13.879896344929  7.676462713086 
-15.459879510169 -3.841344420487 
 8.245695871164   13.639960156331
 15.937675766792  0.883208312002 
 5.116618892587   15.159324890606
 13.721155997740 -8.342353896553 
-8.134260215007   13.847734507129
 14.468344328403 -6.987415282183 
-15.265665295193  5.179118484077 
-14.869217208865 -6.298712946898 
-11.661356859563 -11.261972287385
-2.042835303999   16.142186277825
 0.049513540265  -16.281342266653
-6.944621898357  -14.736838939747
 9.782428090423   13.027824360539
-10.592616731342 -12.451316864169
-1.488106198105  -16.317801282393
 14.828298976092  7.025718766446 
 7.052118866312   14.816345174172
-15.025064158663  6.663550845425 
-11.401368955326  11.857809569916
 12.224333730642  11.099997495977
 1.596869445550  -16.440522112664
-9.391191184531  -13.593174462356
 3.511362567048  -16.174650239007
-16.140440973122  3.677655911814 
 8.101699143236  -14.488272342003
-7.149155648787   15.083573638724
-16.701841046901 -0.344917568740 
 13.793805864405  9.447182143982 
-13.071545903015  10.620612058395
-4.264537020917   16.328825633178
