 0.370461551928   0.333371607702 
 1.180976532101  -1.016550733039 
-1.621187346064   0.029686918520 
-0.559365810717  -1.854510172710 
-0.211910206816   2.031436111669 
 1.868258392100   1.067907736352 
-1.804881560655   1.995213719185 
 3.054426081096  -0.005923796174 
-2.875489000591  -1.155966102311 
 2.919511666479  -1.753885988257 
 1.333023497509   3.144834863280 
-3.270431838127   1.053685909315 
 1.604307857619  -3.196967139952 
 2.880066691252   2.483827585030 
-0.062386238182   3.813234951538 
-0.631869357329  -3.897428740097 
-3.170641544592   2.625561665217 
-1.947861905457   3.770640235348 
 4.141745864444   1.170141561280 
-2.853269440467  -3.477743511819 
 2.654141473867   4.001232894482 
 0.575505691595  -4.931929930527 
-4.942419384248  -1.059372095380 
-4.283757953225  -2.749541446834 
 4.321980206114  -2.784543074003 
 5.146345444982  -0.753081100350 
-0.905791996622   5.253595479236 
 4.507404517562   3.278066327842 
 2.143430208288  -5.153156400442 
-1.189115668530  -5.491390450054 
-5.006360982616   2.624497487948 
 5.646599782419   0.739331346063 
-2.837192361856   5.050515302474 
-2.791462446483  -5.083757051121 
 1.031191331573   5.738996046895 
 3.783430052135  -4.470137556021 
-5.970856258072   0.244247385175 
-4.488755883280   4.152942399913 
-5.883312720580  -2.308833957036 
-4.295215555557  -4.742219318034 
 5.813155006065  -2.957210851499 
 0.067166830935  -6.553616228260 
-0.298367170514   6.631843326268 
 2.810294594361   6.035245765180 
 4.440549124748   5.010097612851 
 6.424564380838   2.135032387421 
 5.904535319635   4.028963782373 
-6.818396848378   2.181694467680 
-3.026603195832   6.540792429465 
-3.757615047772  -6.237404246187 
-2.128797273767  -6.964424503320 
 7.285796199976  -0.535745294488 
-4.418962597822   5.887378049102 
 4.223003651748  -6.059611769046 
-6.238057707143  -4.176119388106 
-7.320782787663  -1.870295032609 
 1.109912552814   7.486119206370 
-5.744510783572   5.034689620685 
 1.895005791803  -7.408646557952 
-1.834029474062   7.717647754286 
 6.171749830834  -5.193860406463 
-8.101087484268  -0.208013172825 
 8.146113957844   1.167995941676 
 0.567425246791  -8.282166371288 
 7.836164564133  -2.830907897569 
-5.581711957508  -6.194236727459 
 7.718692085082   3.324778577808 
-1.252918952890  -8.328762401877 
 3.222788672530   7.796855273407 
-0.529278379024   8.462940986628 
-8.334179475395   2.068974021780 
 4.863989920000   7.142267665285 
-7.325715966792   4.599159141579 
-4.383893027329   7.619478649947 
-4.649099481378  -7.547480263710 
 7.057239558826   5.479265627873 
-3.450437994246  -8.503987833468 
 9.187750224137  -0.196498654667 
 5.001315210640  -7.776302650777 
-6.304542378086   6.892272124285 
-8.451652561227  -4.128582412650 
 8.060425355419  -4.935089071482 
 3.775002572431  -8.785520145594 
 0.944454341956   9.526896771619 
-7.667326261689  -5.781311062239 
-9.608119326528   1.174946836722 
 1.033257721209  -9.709173036933 
 8.581186717705   4.743775320652 
-1.076582374226  -9.921167787016 
-9.718596304360  -2.644302489356 
 7.726462655123  -6.495445260937 
-4.250269186756   9.238105715162 
-9.620969869651   3.333370013811 
 7.457180684723   6.939976188751 
 5.845255803035   8.345045012338 
 2.688680053898  -9.827980857520 
 9.580218887406   3.547478876655 
-2.668394620345  -9.904779040257 
-9.080277618158   4.844842497245 
 9.849488886418  -3.005930747618 
-10.320989608481 -0.395286248993 
 10.344929644762  1.525853091865 
-5.753962990841  -8.731585312226 
-6.991464883881  -7.777076609951 
-8.175901993504   6.671695498607 
 4.391554613026   9.686223979304 
 6.365458659064  -8.551420951682 
 10.563726972312 -1.471694515927 
-2.283257100667   10.472054526624
-4.575281005608  -9.721567458038 
 2.542006677141   10.440238375518
-9.293627019402  -5.651696434519 
 9.750840043325  -4.988437464665 
-0.297997360146   11.138102513561
-7.103925319406   8.585940862276 
 4.311490084311  -10.305511033893
 7.854982424053  -8.333254167154 
 9.700554252654   6.196100365180 
 11.570995940303 -0.266496886483 
-11.509428507622 -1.923872278529 
 0.752059883178  -11.795159551988
-8.463125245238  -8.255786105533 
-4.559678106774   10.937527735956
-10.753666599687  5.076173078116 
 11.635059051613 -2.628505190034 
-9.564896445608  -7.226656220133 
 8.573686420622   8.404225682838 
 4.198918358427   11.253392118519
-11.563095244520  3.255818790885 
-8.675331554180   8.343505244391 
 11.539281024165  3.509800047625 
 11.998484191489  1.605015283322 
-10.257237956684  6.573797348736 
 3.506998796180  -11.671708886497
-1.058499645285  -12.194112904474
 7.326266426373   9.822320671508 
-2.237773467587   12.056178746154
-2.715668890156  -12.019604396156
-11.636696654031 -4.153159247525 
-12.281914486918  1.492338981226 
-6.872246181287  -10.416140745652
-7.017661392844   10.355529103513
 1.581744196448   12.419673429222
 5.909312543681   11.089972112892
 6.466729432047  -10.800695255533
 11.608327841449  5.090021402684 
 5.129197186570  -11.593221800543
 10.273512067816 -7.438224939541 
-5.180073872889  -11.654173198413
-12.806973073062 -0.787008370065 
 11.200083238098  6.581567191344 
 3.198853923474   12.611171837299
 9.247273764388  -9.227409934728 
-11.763538785667 -5.764943011869 
 11.942376547444 -5.434712875243 
-8.784769868833  -9.773568387523 
 10.243434872540  8.327676671343 
-9.946894103543  -8.770798753007 
-3.546289082717   12.824162487847
 12.660842549545 -4.096306374029 
-5.903165761432   11.981576539023
 0.003454605335  -13.376796092544
-9.140839467823   9.804083534721 
-13.159338694116 -2.596896682966 
-1.193868535171   13.424176112171
 13.463768305030  0.627535820391 
 8.760997069062   10.344701967428
-12.879130193781  4.442650594089 
 1.796094336053  -13.547004238935
 13.645017315583 -0.930173936148 
 8.611447286206  -10.769996114793
 5.583734959592   12.663741475346
-13.660305637142  2.232069499716 
 3.623378542499  -13.385533622428
 13.640538613570 -2.820960638279 
-10.914709372411  8.923369795579 
 2.382686399838   13.917240134627
 11.365298989084 -8.574482883685 
-11.472807826753 -8.458352928392 
-1.323193892169  -14.258054275556
 5.758099020018  -13.149359575023
-4.904701891867  -13.500333664420
-12.934439460484  6.330322137296 
 14.130905594454  2.863082594715 
 12.225128357782  7.800830004987 
 13.595021383828  5.113951362809 
-13.553996306081 -5.358842463871 
-12.792253596907 -7.029869593003 
 10.796662354037  9.831653613493 
 10.525519212044 -10.175422871117
-9.756679631817  -10.922808348709
-7.151195353932   12.833638351730
-3.135134437542   14.380773132913
-14.719195751280  0.732441863700 
-14.615908213798 -2.000318098602 
 13.268078953162  6.596324059486 
-10.499273780292  10.464416174138
 4.171614183678   14.247271637921
 1.093153734478   14.823938077962
-3.255743100413  -14.518928748541
-5.413921676330   13.863342322641
 0.521991104458  -14.949864565091
-12.388956294034  8.386577203849 
-8.799729290158  -12.194640562636
 12.876076485550 -7.802081611328 
-7.488424929928  -13.078871045456
 8.495748433070  -12.480828933626
 14.127390340445 -5.395371184672 
-9.609889539074   11.683711581605
 8.073322245790   12.822163012837
 2.538441646743  -15.003091746455
 15.267958232495  0.591786145621 
 5.804391420906   14.244243070816
 4.755073691584  -14.631194103026
 15.300064196944 -1.700056368957 
-11.229982652887 -10.588488550178
-15.012692538319 -3.742859501372 
-1.144792633545   15.466145611965
-14.828908702077  4.545930177552 
-15.275725800041  2.905216580319 
 15.066990753785 -3.986989543554 
 12.422291054733  9.740061642427 
-4.550189515344   15.154602435886
 10.317397019851  12.054454251807
-4.980148131009  -15.069701984984
 6.989141331356  -14.323037162960
-14.026526400265  7.602732618728 
 15.830524017041  2.123517081187 
-2.396919889287  -15.795487404607
-14.855971663015 -6.125564215105 
 15.099705145822  5.718985598136 
 13.191363815454 -9.317525023335 
 10.176891622023 -12.581906973398
-10.843416758396 -12.084261538536
-6.705668180951  -14.823844328222
-2.563068077121   16.090176806297
 3.758807923843  -15.894224318374
 2.277094063204   16.196658650260
 4.111838272049   15.833173282385
-13.179477192947  9.728412220062 
-0.108723496269  -16.385917437680
-12.197505186962  10.969198074249
 12.069369195878 -11.276846994126
-16.309882119312 -2.654611055288 
 14.797027539601  7.620326755519 
-15.292134227032  6.608492270414 
-9.501741105221  -13.749200453086
 15.477287707543 -6.344180373054 
 0.149027378410   16.751353294126
-8.862771472478   14.249815594046
-16.759104793707  1.151247356569 
-16.799402694845 -0.919169068793 
 14.936815586060 -7.748224064386 
-6.811862872610   15.414700748714
-13.107790842897 -10.679812479849
-14.348682156254 -8.981243483720 
