-0.838936767009   0.938127692754 
 0.912848692281  -0.983735136788 
-1.252490709349  -0.511619443733 
 1.001757861633   1.173536338748 
-0.364281825563  -1.885545532164 
-1.069240626568   2.422040554979 
-1.884363086461  -2.032892308128 
 1.389764803045  -2.497764333239 
-2.550332162841   1.327186335025 
 3.021008990891   0.038804577580 
 2.618884030353  -1.530372583899 
 0.170104403181   3.317120830346 
 2.051068452189   2.894047095472 
-3.440769045833  -0.865200394231 
 3.547237439346   1.770668145017 
-2.910303816559   2.874782346019 
-1.705904542745  -3.846195681624 
-3.086781862378  -3.022271709136 
-1.781398469196   4.153494002186 
 4.563993525743   0.496716070280 
-0.111927278045  -4.619508481712 
 1.522686348452   4.377628791014 
 4.166742393313  -2.708220810206 
 4.836709166514  -1.326985917447 
-5.016926350723   0.390648229613 
-4.676908581961   2.048563082399 
 3.554214131473  -4.087106284002 
-0.496329196092   5.510163718944 
-4.255493834367   3.541142742381 
-1.752109629522  -5.375129090645 
 2.044343994229  -5.370465127816 
 3.987915353028   4.233955480778 
 5.587749407107   1.834610160047 
-3.457081857302  -4.798362890591 
-5.454189782357  -2.603012514547 
-6.232018342513  -0.591084289307 
 5.332035426501   3.372803738822 
-6.427069950579   1.261639910159 
-4.912253477497  -4.352819215202 
 0.510974884276  -6.559211620342 
-5.735079595952   3.266962118715 
 2.456963198405   6.181100809730 
-3.710239259860   5.551434829513 
 6.660412976536  -1.256787239180 
 6.237027176128  -3.111217558241 
-5.168769416551   4.762626617435 
 4.282602315216   5.774983198451 
 0.035558734152   7.243021916945 
 2.183014668801  -6.924905894987 
 7.267930499803   0.216346123030 
-2.450652148898   6.947616443919 
 6.961980523622   2.645488909871 
 4.192285288395  -6.204934473679 
 5.597354748751   4.991083949806 
-2.025231517974  -7.333777755293 
 5.775008806517  -4.979496882128 
-7.692128045953   0.034027358572 
-6.666402554491  -4.195093513169 
 1.826297075666   7.676419751485 
-5.438731033414  -5.821645894996 
 7.002747723482   4.201135078818 
-3.716629544889  -7.450803587215 
 0.630453263141  -8.474379971629 
 8.396262056377  -1.717882737081 
-7.942502878235  -3.252928507097 
 3.440158604122   7.925928977989 
-8.563295481971   1.997426695495 
-8.606959794573  -1.834882579442 
-6.509056605685   5.925716234483 
 3.534611904025  -8.092744448194 
 5.036346505946   7.294113495780 
 8.801370648321   1.365875320299 
-8.053570387697   4.025526116262 
 5.253328752880  -7.357804657786 
-3.064858755545   8.563896175980 
 6.713271021581   6.186476935612 
-1.251819467676   9.064019826383 
-1.889922585331  -9.050425430175 
 7.582334807978  -5.301056288106 
-5.169914765607   7.717558746147 
-5.384311356271  -7.574133531622 
 6.594336017002  -6.591871937601 
 2.397004299238  -9.301927230794 
 0.419593073438   9.610551683646 
-0.467238227347  -9.616428494584 
 8.962814397142   3.739749998717 
-8.273675681455  -5.151590613801 
-9.733663290987   0.695341952169 
 9.884799392186  -0.144862575729 
 8.860679132438  -4.399191522870 
-3.971680394157  -9.300452324352 
-9.496242513312   3.558666761907 
-6.901207445608  -7.492817492427 
 8.393059437801   5.871075769575 
-9.788793060238  -3.059892707799 
 4.999820369233  -9.073560956823 
 10.119313937429  2.233791177053 
 5.148329824851   8.994932322818 
 1.221366197266  -10.339869180089
 3.390916956274   9.925337953142 
-10.386258739752  2.242989954482 
 8.189988358588  -6.781378929989 
-3.956023771268   9.875800466123 
-10.685862439059 -0.467949308825 
-0.677736998356   10.685832515109
-8.653995996105   6.542640664632 
-7.342507459977   8.028229931285 
 10.629912292487 -2.387394821287 
-5.782549126834  -9.284616914385 
-8.634916943601  -6.746384737072 
 4.005716378280  -10.342594984320
 7.372447720952   8.430201104148 
 1.722330102556   11.066978287143
 10.432547084605 -4.258167817117 
 2.617560340926  -10.969355548511
 9.624841309988  -6.006376486629 
-2.335629591894  -11.189817580265
-0.629759641612  -11.442146466840
 7.747892487762  -8.456361389400 
-2.157676439931   11.289659004960
-9.903685578460  -5.843426580028 
-11.586201371437  1.260911761157 
 6.471601896725   9.809141639311 
-7.283441432787  -9.303247825312 
-11.081536800764  4.124789716742 
-5.839979545225   10.331148244585
-10.295797916236  5.940074480873 
 11.932161966847  0.366771874518 
 0.319506093705   11.984366212806
 6.346039762235  -10.202547329794
 8.871547862270   8.176997587983 
 5.335504677867   10.857692846259
-11.094191499313 -4.836529679657 
-5.214515518679  -10.928446239536
 1.054023695945  -12.159474527152
-7.584589286923   9.603927590118 
-11.983694758198 -2.528469117959 
 9.570135524765  -7.667029560515 
 12.186234135637 -1.444484362849 
-9.424068116659   8.008059030524 
 11.760760384136  3.912109244304 
-12.056461916088  2.903079531477 
-3.914983505886   11.813697137180
-8.908506848521  -8.797436418332 
 12.434447719746  1.891416236558 
 11.323668273826  5.559795063145 
-3.794487916479  -12.105771436299
-12.703347596190 -0.482058072301 
 11.225245651199 -5.997070837846 
 10.503370569111  7.494991009618 
-10.400179905183 -7.686885650282 
 5.232737853224  -11.856471670703
 12.537362214053 -3.551680830999 
-7.163572871607  -10.969917454656
-2.164463410188  -12.942111382252
 9.049010888130  -9.517142496828 
 3.823331100666   12.623366636114
-2.298776192225   13.024026709651
-0.690693331756   13.209343466290
 7.884179776344   10.636121930512
-11.095331326915  7.471026432074 
-6.867670338706   11.525934418074
-9.418831880362   9.566481205411 
 10.172729308702  9.040792564014 
 12.613228723330 -5.117767436696 
 1.714073430171   13.604942150016
-0.870956894463  -13.746827751486
-13.607430243465 -2.202543060401 
 3.267023830317  -13.424851448851
 11.454371805524 -7.771024553530 
-12.563000041946  5.819206646050 
 6.785361693223  -12.072794120184
 1.235116915521  -13.848351325976
-13.413782110175  3.732238277693 
-13.431302671898 -3.761590441183 
-5.369021905052   12.880363690622
 13.970910781318  1.100103200460 
-5.566258734988  -12.862170054340
 7.086348944565   12.124819304090
-13.952374800599  1.962424445679 
 12.080593843000  7.255476131950 
-3.660473927932   13.688954660229
-12.168433389509 -7.443668618721 
 8.858796564449  -11.315913262199
-13.026119369367 -6.111812286427 
 14.378589480011 -0.951228764166 
 0.148617128672   14.571005447380
-8.243964367293  -12.032736511262
 10.371165657829 -10.312030571275
-2.916132366500  -14.372455074408
 5.315985503179  -13.688409883693
 14.300340240284 -3.500378232821 
 11.765408515119  8.854543837404 
 6.038676523376   13.435137256473
 13.376663952068  6.277448140234 
-1.377443286583   14.715629257900
 2.970272179892   14.481973869104
 14.286170252884  3.834351562330 
-8.280874130709   12.301159683669
-13.981110238421  5.239019763197 
 13.504775755112 -6.368502598547 
 10.543070483823  10.598679970815
-10.391662765743 -10.749638284451
-11.986845280248 -8.963531637679 
-15.015142480205 -0.292858772752 
-7.231786890559  -13.254112816436
 9.191833546296   12.069437063487
-11.272949467994  10.236546624851
 4.830149734118   14.477587934347
-6.447194915216   13.930516448460
-10.183567466746  11.527587758031
-14.961302815870  3.586305040497 
 12.350418676244 -9.219447735076 
 3.840080601574  -14.948908368380
 8.257409308481   13.260892247050
 15.472190854659  2.173052639869 
-4.963834534614   14.824590000470
-2.873815848915   15.369489723599
 7.923030716648  -13.493663772141
 14.757891727671 -5.287113598242 
-13.937729335814  7.230481008194 
-6.076208381975  -14.495822837837
-13.878572528322 -7.390420454571 
 0.497718065991  -15.877638539727
 14.892208801514  5.573584824234 
 6.760206191682  -14.448677254503
 11.845288581774 -10.744226800802
 9.705880574738  -12.732358597154
-4.408749716959  -15.474603857235
 16.039408122941 -1.870623858860 
 16.162618627950  0.449397987266 
 13.829048516288 -8.380070430842 
 2.266773129804  -16.033991982808
-15.556410851802 -4.529573493534 
-13.367217527015  9.207968626999 
-7.929444272837   14.213245188040
 4.020031295323   15.784247842920
 15.738016757307  4.295193727657 
 5.487847135068  -15.375460794786
-16.092827362884 -2.879309991341 
-16.214868943940  2.198081392301 
-13.757741786355 -8.968507018146 
 2.432225184315   16.245876769694
-0.361742161667   16.429097301655
 11.097569071041 -12.124567743701
-15.193836073981 -6.401540355871 
 14.830842931836  7.222270639752 
-9.550436435735   13.554336611709
-1.486617375947  -16.545610387936
-9.973835815368  -13.302935831238
-11.707653837165  11.857699494385
 11.546311006598  12.032802149418
 16.088855862790 -4.411851288629 
 6.155363344466   15.583773331151
 9.876102026351   13.610047080553
-2.170559052760   16.738337547209
