-0.016868137399   0.403517870413 
-0.843948706480  -1.339591450103 
 0.665925302911  -1.465311909084 
 1.720671026337  -0.124343069051 
-1.791264230365   0.281403188727 
 1.106727908154   1.862091922694 
-1.322019146105   2.119363365689 
-2.701204656141  -1.386726506078 
 1.468503762466  -2.759799255535 
 2.792048614654   1.762681208224 
-2.918094212798   1.698694237054 
 3.438424941182  -0.575947816816 
 2.884153561317  -2.146789245080 
-3.631385055842   0.223558751801 
-0.404939909671   3.635595564033 
-1.604491000638  -3.313729961726 
 1.954202279294   3.170606084766 
 0.157800392206  -3.809169116706 
-3.460115221815  -2.899399741305 
 0.843792351928   4.601909115109 
 3.677438788390   2.975059260255 
 1.873110409465  -4.352490733072 
 5.013801701230   0.325638195345 
-5.051913839961  -0.326302272583 
 4.771462334895   1.806881267652 
-4.718034998409  -2.030071859304 
-0.641582922397   5.148040306830 
 4.941334377477  -2.122660678619 
-5.244599293060   1.626259688602 
-4.205812859608   3.692882005690 
-1.413801302595  -5.458437575791 
 0.615982767806  -5.647809586779 
-3.009838747986   4.916864626700 
 3.273162898006   4.837852298527 
 3.841779657350  -4.407145130543 
 1.717627134658   5.994486593033 
-3.818368686463  -4.973155465026 
-5.730132909271  -3.380741817235 
 6.637397331526  -0.686424875865 
-6.686531694314  -0.826481175722 
-2.088170246597   6.476543226878 
 6.002745465842  -3.261263359846 
 3.278814239219  -6.056168043904 
-6.727699746887   1.918257044906 
 5.123564258508   5.150348205170 
 6.865237475032   2.397248198926 
-5.354029897163  -4.928291847373 
-1.226768805004  -7.217953786333 
 3.467794757675   6.527736477768 
 7.495984439704   0.820003845260 
-6.349620124570   4.134529746295 
-3.712081853335   6.634841658871 
 6.486140870129   4.132362792304 
 0.719640766285   7.686479750655 
 1.266457613414  -7.689235817219 
-3.537746062798  -6.990054574502 
 6.071733303779  -5.040374121730 
-7.340508573198  -3.065727012411 
-5.779705452616   5.592395899880 
 5.060711524559  -6.360082429134 
-0.853664089028   8.175522038534 
-8.217525551937  -0.524043487329 
 2.786763798737  -7.757523717364 
-8.205994129956   1.002360663059 
-5.198621109155  -6.455800926597 
-7.676367989845   3.180812964794 
 2.669567796651   7.984750558081 
-6.925505296327  -4.837348080649 
-0.021454903726  -8.479065128303 
 8.273018594311  -2.527913574711 
-1.577785971915  -8.678064558699 
-3.125879000225   8.249997376468 
-8.746856079322  -2.490398982128 
 4.811012905242  -7.944787546923 
 1.817368551297  -9.183451725686 
 8.988168046143   2.643371638691 
 9.407567017390  -0.309442308996 
-6.067922530765   7.197470849739 
 4.267004561596   8.440426276389 
-8.479733344760  -4.190345990572 
 8.393199730401  -4.429680616320 
 7.042219671920   6.415468328842 
-3.909978579661  -8.722939233592 
 1.123574128334   9.666087555856 
 8.262644830307   5.231733304654 
-8.044351862853   5.564772239294 
 3.515506154887  -9.181504998874 
 7.771168095023  -6.022277124951 
-9.776710567262  -1.054709441557 
-0.890183930654   9.803406796624 
 6.205603220419   7.724181976571 
-9.825652198593   2.104742649495 
-2.440440735826   9.828915009148 
 0.329994191170  -10.179640615424
-7.439495521867  -7.023039790176 
 9.386845199511   4.111429772233 
 10.077396659821 -2.057164123268 
-2.704496059674  -9.925832523012 
-5.574473285714   8.663914320206 
-10.414194700013  0.638488277881 
-9.553898669399   4.217959972494 
-10.050044616346 -3.872528219215 
 4.125755891290   10.004238983723
 10.757184989663  1.523823776307 
 2.360748472849  -10.654861486109
-6.753889688249  -8.596193877535 
 2.212983600899   10.723600740370
 7.009040680492  -8.521438060415 
-5.628673177925  -9.627791563850 
-0.149417999808   11.183956056246
-7.338954913465   8.522936454638 
 7.987675276407   8.065161136540 
-0.881840124321  -11.374078611626
 11.412601407868 -0.649390249961 
-5.323512309195   10.171337767818
 11.045547463840 -3.287064173589 
-9.623686322742  -6.406151356467 
-11.333169312708 -2.547044442871 
-2.327069666578   11.409744438685
 10.205214602100  5.653268626770 
-8.788947958845  -7.701013384370 
 3.815801636073  -11.081089945642
 9.498015596644   7.001452550659 
 5.464135257207  -10.490288409046
-11.749273471570  1.689418571852 
-10.381386147162  5.829922833659 
 11.328366183066  3.748274665482 
 9.873804272476  -6.748509669434 
-9.195747122083   7.659071666730 
 7.067232912457   9.668219770281 
-4.362482629921  -11.170204655903
-12.038551648105 -0.145886524347 
 11.043885628075 -4.923901032166 
 0.584682743791  -12.179011716139
 8.822731111381  -8.465714070382 
 1.868364717253   12.219125572274
-11.687170223877  4.028382849181 
 2.359617684801  -12.168157571869
-1.173311883916   12.427082649954
-4.212882431187   11.765430357594
 12.526283527877  0.657527384726 
 12.298112161253  2.519215329478 
-2.812330893490  -12.252722011046
 5.648362937725   11.285204491159
 0.324563462775   12.665039551914
 7.892773804283  -9.929933900144 
-11.192775537292 -6.090455165200 
-8.190813207171   9.824253608582 
-12.731625688466 -1.773450268727 
-6.126771226789  -11.308302521719
 12.740630852514 -1.829740921780 
 8.635724391986   9.824670856704 
-7.112613966305   10.989770351360
-3.018731025857   12.824580149211
 11.822840107934  5.961761971503 
-12.603576369310 -4.127979239358 
 10.949526330654  7.486209763630 
 7.117472896552  -11.214595545223
-11.152704366005  7.228645787389 
-13.298499999042  2.049631573005 
 12.719938278028  4.448173492492 
-8.492315193198  -10.472754484991
-1.800361946184  -13.431007527876
 4.729768819271   12.715212673183
-5.170730198873  -12.550307069849
-9.767446473539   9.505743213421 
 11.486829934922 -7.375132003110 
-10.277246173188 -8.999065000047 
 3.229138170202   13.287208000005
 0.090649974985  -13.704166552459
 5.861784125802  -12.400782557731
 9.583388853153  -9.828469711421 
 13.012725491042 -4.622427485134 
-12.661800675832  5.561751528827 
 1.325381883444   13.807373179539
-13.374556204299  3.803073977154 
 10.660842792131  9.106858617156 
-5.227841378398   13.099331611044
 14.124372305564  0.096704762545 
 7.118714296683   12.206542052140
-1.196162594137   14.095909091740
-14.135856648633  0.582222352112 
-11.878233640335 -7.789605794601 
 3.335033764321  -13.812183936735
-7.803440026751  -11.889367826113
 11.027947547132 -9.103670238614 
 13.982078632935 -3.128935663916 
 1.783560421789  -14.242786578848
-8.865327916719   11.304291991920
-12.879484322750 -6.619921078383 
-4.352618898068  -13.829896990325
 14.482676403027 -1.540866030016 
 9.549952741998   11.095109734302
 4.860086737291  -13.819943536869
-7.776676642933   12.546749526871
-6.871780361981  -13.095445030231
 7.686864380717  -12.701217017880
 6.267320827367   13.467944565318
-14.430938779984 -3.951958749726 
 13.718469716514 -6.150135015477 
 14.865054803851  2.249684902938 
-3.237610501896   14.699580582838
-14.927182757156 -2.341683430897 
-14.874009927117  2.682311933402 
-1.475587125363  -15.060808716102
 4.771241967908   14.373487085279
 12.590861013834  8.440237521348 
-15.162431800349 -0.750414972132 
-12.713606667727  8.359450613258 
 3.220290441667   14.883630594939
 8.779517115252   12.487510566350
-11.874267686543  9.793547849231 
 9.669657099518  -11.998478007379
-14.847187305454  4.344728857935 
 12.840384599497 -8.644355108317 
 15.472430628418  0.868184023713 
-14.295986987261 -6.006948081850 
 14.076852325507  6.510167928922 
-3.270623438143  -15.161345693748
 14.880985598789 -4.881807548562 
-9.006975813152  -12.818233610804
-14.401453138347  6.218221282099 
 15.059805424031  4.524687616176 
-1.116661005302   15.714697231031
-4.772055174393   15.042447418861
 1.936808616136   15.663092773798
 12.128006908669 -10.137321032919
 0.469356960499  -15.825176723523
 6.139326084649  -14.635864278778
-10.136401085793  12.221180616126
 15.592399874130 -3.161906633889 
 0.434997357548   15.925776675221
-10.798204179748 -11.750959999248
-12.319049911600 -10.167764070518
 11.846124910490  10.748718465463
-6.414552391659   14.656065785963
 11.206042589173 -11.531464315917
-5.726692638387  -15.146033685032
-14.228122764498 -7.968667871313 
 2.833152967306  -16.084112631819
 8.265964520275  -14.138632424119
 14.407872784766 -7.837876044771 
-8.761374067199   13.996696515419
 13.314767496253  9.794641734565 
 4.676489030343   15.892179739597
 10.345734372616  12.953531647832
 6.600359652677   15.367669218159
-16.610553616480  1.991856524261 
 16.621894566038 -1.914273495106 
-2.365295211050  -16.588383260282
 9.102914453597   14.129165482969
-14.986072178773  7.623039670838 
-16.441021691574  3.662623233769 
-13.979568114787  9.443119679494 
-16.917192893414  0.055585632992 
-13.927565187033 -9.696182928184 
