-0.425264630310   0.442524347085 
 0.268450996461  -0.905416701185 
 2.008733137628  -0.233665768004 
 1.565024772472   1.328905542779 
-1.606738832761   1.399587813356 
-0.131990906851   2.211618572337 
-1.907191669485  -1.192506922960 
-0.750606785490  -2.160686308847 
 0.804980390595  -2.413866165945 
 2.316528486616  -2.217682455058 
-3.366364011357  -0.375094209143 
-1.963638433310   3.009089112719 
-3.362536350253   1.284498935874 
-0.121557416944  -3.797039468973 
 1.076678717847   3.758074918253 
 4.026115411211   0.008692209289 
-1.002946663023   4.186912787200 
-3.159127150214  -3.071771860082 
 3.091899712844   3.151743908508 
 2.248147140174  -3.838180525824 
-4.247109333112  -2.034191068981 
 4.439495834661   1.638604235203 
 4.029432645513  -2.548947361783 
-1.324043720341  -4.824923273664 
-3.915282011103   3.184329541409 
-2.707013096387   4.354782905663 
-5.068132728093   1.438612237920 
-5.359755663463  -0.943240488016 
 5.570862588799  -0.219695882405 
 1.302648836033   5.428278668513 
-1.508105134625   5.677062555658 
 1.111396913485  -5.859872492115 
 5.530180041492  -2.309652138254 
 3.764182257076   5.009931204013 
 6.150700614225   1.282600502126 
-6.349508888549   0.406580414376 
-4.389081215275  -4.675438176117 
-5.316613511270   3.766703613650 
 5.586719884131   3.404867839830 
 3.653876545134  -5.447139405256 
-6.002313857144  -2.731687058954 
-3.256799701437   5.762544321433 
-2.295003173053  -6.417012186284 
-0.457366807628   6.852903281082 
 2.898012319412   6.368370215868 
-6.588447717295   2.381080783866 
 6.970949364313  -0.893436979261 
 5.301025666842  -5.032451235141 
 0.107568004019  -7.383432022154 
 1.322224482809   7.313016999570 
 6.927157368991   2.691946606017 
-2.205864910704   7.107515738017 
 5.207027000453   5.447961339402 
-7.764582071888  -0.585897660942 
-5.823938107572  -5.299812164470 
-7.591442869214  -2.202799631346 
-5.050256781912   6.088020341448 
 7.843048366501   1.139853303539 
 7.125500397129  -3.585216409736 
 2.774797536410  -7.676876697271 
-4.044758209341   7.212836773023 
-6.646998662951   4.959812829624 
-7.561497716776   3.688562507471 
-0.650920485814   8.407018388829 
 5.418341156556  -6.551604496795 
 8.326696014062  -1.731026004094 
-1.229333387606  -8.570531219906 
-8.689564711450   0.696092289988 
-4.394057096796  -7.562445294676 
 2.511406680064   8.386043809483 
-7.605965806853  -4.411593971584 
 4.252474740447   7.778451773703 
 6.998816485086   5.451981370134 
-2.194966290180   8.681838095354 
 4.348132183769  -7.865539380066 
 0.885436581813   9.016572711162 
 9.059535632600   0.246039206358 
 1.897835504558  -8.909307964852 
 6.035681081852   6.831825769211 
-3.033923955299  -8.663651741266 
-9.096608829736  -2.025092623107 
 8.002477231974  -4.853646306285 
-9.072021784013   2.496491422117 
-6.621250722624   6.710874656009 
-6.978525380355  -6.600177761423 
 9.612596621081   1.659654591184 
 9.176172949288  -3.397528156965 
-3.726707317314   9.087877102325 
 7.416374255216  -6.476250296558 
 9.417264595344   3.309610771750 
 6.205925464825  -7.839561989585 
-1.957470583941  -9.886605521130 
 8.915546876613   4.728020426798 
 10.128385137592 -0.969296492751 
-5.206371002275   8.797491607873 
 0.151071468618  -10.261802128779
 3.494598597521  -9.741960009113 
-8.605057483004  -5.996422620872 
 4.204760700209   9.654971495706 
-9.817401283107   3.873405204122 
-0.846709152822   10.568151699248
-9.252703376241   5.310969865125 
-10.680527806528  0.025050889542 
-8.292765966628   6.745394886082 
-3.508582306321  -10.117090242109
 8.710587688781   6.470909365686 
 5.490129468285  -9.409821771077 
 6.414337659351   8.870684609568 
-7.116407888289  -8.390100054290 
 10.973536692382  0.996134030131 
-2.838474664589   10.676482649712
-5.661705446908  -9.520356451759 
 1.943417397757  -10.926802914418
-11.024050012815  1.579905007726 
-10.219610442597 -4.461649559987 
 9.687772285359  -5.558859314430 
 7.958998720616  -7.878949283994 
 2.964261544136   10.972122849729
-7.733644433228   8.440950863512 
-11.270220117355 -2.304879402056 
 11.126510857749  3.058568258919 
 8.167038977137   8.229232245431 
-8.694650170782  -7.674491073038 
 11.023468816900 -3.729708651443 
 7.013232957259  -9.295515728293 
 1.002198714559   11.607097075153
 11.656173903277 -1.057692658287 
-5.535230034665   10.332010367198
-2.588602441248  -11.521615578024
 0.138256135599  -11.876763812581
-10.800861209428  5.067229502231 
-11.492793118589  3.204715955612 
 9.406628886842  -7.380155219525 
 4.993231849909  -10.876552900176
-9.802917115961   7.019668859102 
-10.026584244718 -6.811503762264 
 10.799811395839  5.526994200127 
-5.319636182655  -11.073793110485
-0.598822182068   12.275002235112
 4.566315912684   11.510000922876
 6.554799802800   10.735089659798
-12.597811367738 -1.129281702994 
-4.775624048074   11.766428974858
-11.581707002966 -5.301127059611 
 9.146183979269  -8.912451609280 
 2.159362492542   12.592606871456
-8.890915710448  -9.333355681655 
 8.007989793371   10.114466774065
 10.596820393440  7.392377563317 
 11.968534176068 -5.050323628447 
 12.802961890721  2.500484950089 
-7.432617382570  -10.752815945739
 3.539296090213  -12.588754653243
-12.497386679325 -3.961159826778 
 11.238048144450 -6.758790454220 
-2.547029100689   12.897592519328
-8.239343325713   10.271768733290
-9.859979137499   8.788223567918 
-2.094083965043  -13.048156828252
 12.938430634904 -3.153866602878 
-11.494177825563  6.761887791897 
-13.223244818502  2.168889568591 
 8.339424220547  -10.498546643844
 0.939560609050  -13.376987391612
-13.490530329667  0.290306106718 
-4.608849300489  -12.693883073753
-12.463039898426  5.298374310590 
-11.831352794274 -6.788264133413 
 13.602361383463  1.187295877994 
 11.980317147572  6.710348274233 
-0.597598573789  -13.776729407228
 0.462537311215   13.782298045562
 13.797417279671 -0.356124057550 
 6.159572663015   12.359465019067
-11.114866012552 -8.306102241150 
 4.577763774440   13.153461942468
 7.391766466417  -11.893417299551
-6.603390503129  -12.415297824268
-6.712380285530   12.366875764214
 5.327155219148  -13.056436650246
 13.355251133559  4.573504081665 
-11.398810625300  8.423015504659 
 13.498718867838 -4.578754374702 
 10.664153484168 -9.485634695186 
 10.788912019429  9.367471873299 
-14.284465271844 -1.424712420314 
-8.158951785545   11.849778861311
-13.978844426100 -3.427595007678 
-0.930674654687   14.362812316450
-5.215909253964   13.534515792210
 14.411564012279 -1.744284583324 
-13.236139401511 -6.034405058923 
-3.233500660460  -14.264103124835
-13.947748400384  4.574836429452 
 10.074629588011  10.687355339556
-9.417848817777  -11.299961203156
 14.360314459939  3.211221272847 
-9.645074484403   11.169530404737
 2.359575887385  -14.600212772658
 13.514103199149  6.108162461379 
-2.535957426462   14.645992118569
 10.064821702032 -11.055214394991
-14.761815437304  2.405529396526 
-13.147400253945  7.203357720401 
 4.229908367915  -14.466827342643
-11.360503003045 -9.915695042548 
 2.374199706404   14.941435871495
 12.142487091803 -9.036874857214 
-15.149782803751 -0.187123274143 
 8.177041845848   12.820203063915
-5.649739677078  -14.127925190411
 13.505383030122 -7.083252217875 
 12.381560369541  8.963462809206 
-1.825031504635  -15.193947574247
 14.878523515634 -3.599872484033 
 4.376217368276   14.717613560733
 6.360120968594   13.998028704090
-0.326645390938  -15.470278168397
 0.630403669347   15.462594594864
-6.790314096814   13.925307271463
-13.370058661235 -7.831578290084 
 8.979446777267  -12.661438117496
 6.730555569033  -14.044071738839
-4.458543585635   14.939778275207
 13.609670656124  7.672747104954 
-15.037602382885 -4.728499114495 
-11.179665756555  11.235110191505
-15.703231064372 -2.735498951847 
-4.565623410856  -15.293387813049
 15.947840470768 -1.405687577984 
-13.453012024111  8.685144738385 
-8.298289420164  -13.709525595439
-9.825409080091   12.662910622706
 14.941261139892 -5.802668521297 
 11.852433346612 -10.830148652574
 10.235273230180  12.377734288487
 11.737362052372  11.004214554481
 15.293181695666  5.406203758840 
 1.298058322050  -16.251279283443
-16.267890251344  1.214202355643 
-8.368807809890   14.044819178681
 16.339181633124  0.846440437413 
 16.209799783672  2.523132719613 
-13.369181648420 -9.650197265497 
-12.757204810039  10.561339895976
-15.239209822363  6.500855289684 
 13.500913937077 -9.687010606962 
-16.114566002408  4.096302992036 
 10.885036866401 -12.587111370403
 8.607505680878  -14.313513662793
-3.031317968078   16.426902015793
 6.287733211401  -15.524057479849
-12.649226166139 -10.989652229093
-6.051131451330  -15.762013437817
 3.786722465716  -16.473159131291
-15.098066393227 -7.617144709352 
