 0.521586502624  -0.643185702435 
-0.959541726433   0.657281963741 
 0.473020365895   1.867505835620 
 2.017930501758  -0.061918652083 
-2.006529958269  -1.351030474028 
-2.031518350210   1.744142937224 
-1.059938819378  -2.703054429424 
 2.669473090565   1.294510527410 
 0.631555380214  -2.966556415280 
 2.567269495309  -2.031113889842 
-3.337438556687   0.351799862197 
 3.505522555171  -0.625290187689 
-1.313862536477   3.422252527126 
 0.104824983607   4.005914105737 
-3.788331433731  -1.316693242409 
-2.804844788131   3.201863135408 
 1.870878605011  -3.892240898197 
 2.604508186618   3.502854404589 
-2.837717697991  -3.693288117689 
 4.097194489851   2.351015501713 
-4.541993771217   1.570271905893 
 5.236329218532  -0.830356728658 
-0.452607940999  -5.326715460845 
-2.728066775218   4.718429507394 
-4.390534434598  -3.313025774308 
 1.744787263372   5.272155318695 
 4.459104553375  -3.381934816868 
 5.502488073033   1.216394731836 
-4.734242084439   3.068969179805 
-5.649075798029  -1.361410479603 
 3.164301644256  -5.054186250727 
-6.031074035386   0.345411025594 
 5.637957161591  -2.377308391777 
-2.760341641235  -5.560063549402 
 1.414176533285  -6.071769717933 
 4.917157188601   3.851754190300 
-4.381007398821   4.536838123381 
 3.444928686520   5.297276030739 
 0.909836948251   6.540169680870 
-6.340160457598   1.863996695912 
-0.896504423251   6.587953712534 
-6.040769347180  -2.932197939053 
 2.531568343210   6.617415897418 
-3.357581769265   6.244721812450 
-5.211958811777  -4.947032657912 
 7.278045664432   0.905442350591 
 5.650877397087  -4.822546031571 
-2.353689956824  -7.067178395616 
-6.334953794020   3.937957762260 
 6.956355334194   2.695959564118 
-7.292813050184  -1.882995081229 
-7.528633480279   0.685216789543 
 7.559586991312  -0.855515291172 
 6.382483464142   4.372450720591 
 4.188832416924  -6.558556063271 
-5.451598843713   5.601265628032 
-4.348905084620  -6.549484585220 
 7.478814619016  -2.633943477913 
 4.035753456214   6.940997080426 
 0.478581285282  -8.065582252942 
-7.649975280455   2.794986594274 
-1.169788904594  -8.091078092214 
-7.235867325619  -4.202626094636 
 0.068181807901   8.429330541920 
 2.746816660585  -8.033279358580 
-8.458311250965  -0.782876685518 
-4.033950761139   7.605454733301 
 8.714810689439   0.412324026378 
 5.597042874431   6.751395323202 
-2.493488698895   8.436051632575 
-9.042115614834   1.139623379879 
 8.706341254537   2.893651898830 
 2.192639420312   8.911981260942 
 3.634499834482   8.447396862555 
-5.727396629173  -7.195445148243 
-8.790935893216  -2.752311468860 
 5.922422299213  -7.093668691872 
 7.668307546253  -5.174388948481 
-7.357030637189   5.866917074962 
-0.242103100032  -9.424040190306 
-7.186871554881  -6.105460101254 
 1.373034239305  -9.334409567515 
-5.523451844343   7.811794228164 
-3.478640763575  -8.929974688609 
 9.429613945006  -1.909571805783 
 7.841298112024   5.586194600933 
-8.432606010791   4.735956997322 
 8.946351145835  -3.857332778515 
-9.397016285575   2.662019415090 
 7.462687465254  -6.666607123863 
-10.043657712836 -0.131001893279 
 9.052565539792   4.383459790901 
 4.854019620077  -8.827623882619 
-3.491934569510   9.607669181376 
 10.091971101631  1.983895012635 
 3.600666860164  -9.671190258413 
 7.316209144261   7.487011376600 
 4.910818664113   9.306334133438 
 1.191998105276   10.457836271746
 10.581129645918 -0.363143052980 
-10.523824203304 -1.804722263861 
-9.332847408698  -5.312205849134 
-6.596304487563  -8.475017205826 
-1.059251516058   10.702516626803
 10.346889749601 -3.103788429708 
-7.357136056822   7.932212675082 
-1.215607612324  -10.775123705375
 3.416499179949   10.356337340204
 6.386690879262  -8.848432769111 
 6.447302262528   8.927497935299 
-5.106121030867   9.782534193680 
-3.049295241438  -10.618882978064
-11.051537368783  1.143895708091 
-5.073472346856  -9.928240643925 
 9.114495053278   6.487130874774 
 2.341787807395  -10.967226179798
 0.423191886698  -11.222982510791
-8.242011308554  -7.861284005255 
-10.890096837542  3.587847707745 
-11.615500517714 -0.605679213828 
 10.849053522481  4.207390809498 
-2.894988911713   11.325919549189
 2.390512466656   11.490454440974
 10.535977326574 -5.254649081131 
-11.206656634305 -3.752119699623 
 4.386431800254  -11.012047046707
 9.526903845207  -7.086440206652 
-9.196515695732   7.570985725664 
 7.887456248971  -9.088113378447 
-10.608560545048  5.759845347959 
 8.071735547800   9.044777912910 
 6.125720134430   10.474395787517
-4.638218969495   11.296559896324
 11.562204718395 -4.074949879394 
-7.672958007461  -9.658368792964 
 12.065035403147 -2.659561050538 
 12.372640618985  0.262900223384 
-12.446987571321 -2.036674960104 
-3.311266881397  -12.183042755211
 4.319228852862   11.902777110941
 1.501935673357  -12.629712267187
-0.122811302129  -12.734185338296
-10.699135544266 -6.921473378952 
-0.262875022524   12.781658598420
-11.632708425777 -5.349395794751 
-6.642644930757  -11.005002233680
 6.843531906392  -10.901383182946
 11.075401629290  6.566884819685 
-12.946375114537  0.974071411375 
-12.177653641138  4.512173144516 
 10.345615327697  8.030115255832 
-9.850122113661  -8.631878756318 
 12.852175473883  2.643457593373 
-7.499508361381   10.817259013633
-3.096544642734   12.814882346516
 7.874815592806   10.579414642316
 12.412235701039  4.607566613290 
 3.158639260877  -12.906698456942
-12.925144625824  3.102277423343 
 9.841498425936  -8.938528533827 
-13.304256281039 -0.605515659476 
-6.223514313419   11.796726105949
-10.865867134637  7.774625181175 
-5.648567132201  -12.374576661410
-12.136795788827  6.245023625176 
 1.652227800770   13.567405502193
-2.043772062731  -13.547516782193
-9.559330005423   9.830244045681 
-4.834601467483   12.957118982253
 11.996384253972 -7.092743219790 
 10.181270661042  9.577508640221 
 9.071121006647  -10.655428324062
 5.803535388011   12.822911492590
-9.373824719795  -10.541437396284
-13.835580397563 -3.228033354517 
 14.127078837651 -1.632089822980 
 6.767709091899  -12.509884203527
 13.082207289704 -5.744798013947 
 13.793938375907  3.949309120372 
 14.491741315876  0.163399601721 
-4.563246702724  -13.765942690412
 11.604997963764 -8.711510347493 
-8.288309151323  -11.913428530233
 1.749649816264  -14.430503021601
 5.323878901762  -13.534031604072
 3.772897652236   14.095453157870
-13.701983498524  5.140443144035 
-12.404513547560  7.782521511570 
-14.611216154928 -1.434467402825 
 14.012993806513 -4.420163990402 
-2.712243001349   14.449728978506
-0.698083825925   14.708276511600
 9.292162366740   11.462540283729
-11.638065663792  9.095704497386 
-9.531057193246   11.418200945695
-14.888060118680  1.070041327344 
-6.610302497556   13.430080541281
-13.236075557565 -7.062148455225 
-0.543406564328  -14.993434369269
-11.058878706868 -10.185881990552
-7.034998739609  -13.314960387603
 13.646064893399  6.389630738856 
-2.995017930727  -14.779447820662
 12.121377520896  9.010864277538 
 7.396672329739   13.175120714057
-14.814779988404  3.252777678056 
-4.499185176721   14.600507585447
-12.381439295405 -8.961660670431 
-11.146148411860  10.547785597468
-8.349242976662   13.025880625384
-14.676132406754 -5.038926482690 
 8.568360165547  -12.967024719877
 5.482091651796   14.575009255914
 13.456556697094  8.086938257874 
 11.709873556528  10.469257184328
 1.188856827196   15.709543530586
 15.676889347438  1.687091997939 
-5.808082479559  -14.705417540925
 11.190931013610 -11.178483453257
 15.728404763940 -2.316996629171 
-15.602320935561 -3.222936088147 
 4.177624703731  -15.418914208440
 9.022530937279   13.216793166137
 10.069662881895 -12.470978920657
-4.379949031173  -15.423278093641
-9.587128001976  -13.000465251765
 15.688292583048 -3.858307764058 
-14.348390689810  7.434827578717 
 3.871594511498   15.710933564925
 10.620314651582  12.209989377077
-0.266884366785   16.192742908608
 15.725411558962  3.891682298554 
 15.252677920171 -5.546828416380 
-16.208649367059 -1.352088291691 
 13.556968059939 -9.077115797061 
-14.996918211486 -6.552231532087 
-15.278111459882  5.927621522408 
-1.898321274843  -16.279050516058
-2.449886742433   16.216747222151
-16.413928636777  1.402019909366 
-7.337034179776   14.753025716772
 16.496821469631 -0.279803414203 
 1.764835518426  -16.485489114715
 7.089831927513   15.064502324603
 8.313356280471  -14.476351552722
 14.875141831931 -7.635315173518 
-14.313222482733 -8.762878615636 
 13.056656133997 -10.587119057919
-13.057928393955 -10.586805605618
-13.998727189178  9.359516898299 
-11.834405942823  11.998222694653
-13.038609096215  10.718010054869
 2.711213451789   16.700890469351
-5.011474321499   16.162193450282
 13.609297806771  10.073167902649
 5.349746547706   16.073647881904
