 0.717626392490   0.094825765004 
-1.002748591440   0.199039570401 
-0.331914814243   1.683396798688 
 1.046022718184  -1.590439783791 
 2.309350778001   1.070328911433 
 1.054292525668   2.360627226553 
-1.491651298687  -2.184417564139 
 2.691875350690  -0.919955687654 
-1.785038674407   2.534178795092 
 0.213960452603  -3.121868527920 
-3.219791765932  -0.191950046963 
-3.207634487519   1.440762779782 
 0.177423094798   3.739242411099 
 3.802574019780   0.742022875792 
-3.500041302024  -1.773611916284 
 2.709575895602  -3.211652859496 
 2.123324131172   3.699749679609 
 3.614872047053   2.288439545081 
-0.989358986204  -4.467285785533 
 4.557987922597  -0.821880690585 
-3.170416381136   3.684044754653 
-1.086157118414   4.874831591660 
-4.973794503865  -0.820620022065 
-4.607838505788   2.235648096829 
-2.578354974337  -4.441777894332 
 1.727724367911  -4.938830360418 
 4.461125010985  -2.745036583561 
 0.981551791323   5.570126469687 
 0.120222680088  -5.755977586908 
 5.476495493921   1.823908293746 
-2.690563488731   5.124468426106 
 4.076205598764  -4.362062763903 
 6.015247785304  -0.079150128893 
 5.773567902465  -1.710423741338 
 3.009360901136   5.314568459095 
 5.063971964740   3.506061445063 
-5.133782660374  -3.486742422071 
-6.201705540105   0.660936190073 
-1.721693841273   6.458977227121 
-6.164423350724   2.764307369377 
 4.618088897414   4.957956015997 
-1.524342530864  -6.760852756213 
 2.264657376377   6.630536276840 
-5.433255930779   4.526078622143 
 2.652419109178  -6.625639341802 
-4.373013471694  -5.668065335246 
 0.330528771098   7.206969903890 
-7.206057614007  -0.530503528894 
 0.526873388660  -7.295182360494 
-6.950482526684  -2.302800534440 
-4.005403122867   6.308441739930 
 6.851806745668  -2.984402663427 
-7.368601521320   1.727951448470 
 4.001608921046   6.592991559627 
 7.444011519069   2.030179638001 
-5.933681938609  -5.010238304436 
 6.797456281539   3.956305545067 
 7.712604376099  -1.634170184564 
 4.362231801926  -6.786613959928 
 6.047201105438  -5.419231251157 
-1.005327257268  -8.181188425198 
 1.835575372497  -8.063256072889 
 8.264452448723   0.365353707123 
-5.560822710349   6.196602064847 
-3.581761243234  -7.734190109094 
 2.126850702148   8.404154299537 
-3.544612685784   7.918519929831 
 0.040678130224   8.714834184599 
-7.630963460802   4.259703519800 
-8.739737456930   0.206193707712 
 3.356986889573  -8.215801852754 
-2.158457663044   8.746087797150 
-7.502295076326  -5.062189978746 
 4.072481620015   8.127593997640 
-5.125506488900   7.644641516493 
-9.092352253056  -1.518796624253 
-8.408823916652  -3.834468866276 
 6.976426240551   6.191656953094 
 8.459542157576  -4.019492720287 
-6.387452107301  -6.879511841900 
-9.195792277054   2.002048290210 
 5.930962036073   7.438888009182 
 6.273058584137  -7.157410489058 
 0.519202201207  -9.557357262794 
-7.318520586192   6.217769505459 
 7.927346357037  -5.497186903097 
 1.205676498989   9.689913502387 
-2.789204583246  -9.434507621729 
-4.888569809891  -8.666149898843 
 9.895971790203   1.176731297286 
 9.638189560326   2.983717935007 
 9.777917008010  -2.695885566176 
 8.691838031003   5.324239312624 
 3.053633589964  -9.774262855150 
-3.777788796236   9.559499936050 
 10.344928862650 -0.352481345166 
-10.404357174724  0.414765536806 
-5.243169302165   9.178683172339 
-10.116696003706 -3.077124183385 
-0.903675842503  -10.549247640917
-0.134485654246   10.603632605275
 4.642641728396  -9.547107581401 
-6.900386938015   8.090793856682 
-9.983615211955   3.703276085287 
 2.865895237133   10.311369501916
-9.589116881670  -4.770274025524 
 9.698124850418  -4.975954551637 
 5.620684291486   9.528409044459 
-9.570702067570   5.843935603063 
-3.907654267578  -10.533572362984
 10.613118641895  4.150902300437 
-11.297708477737 -1.982835270065 
 6.184126014069  -9.667598509947 
 2.364963326009  -11.284396839639
-5.519470730461  -10.132578013401
 8.886754891424   7.417280821040 
 8.399011524642  -8.001271016786 
-9.044034780938  -7.321969211713 
-11.541673354140  1.813363606600 
 7.498810951597   9.116247314276 
 11.761936786037 -1.392551617713 
-2.108651590172   11.692962186571
 10.461464732865  5.651103925384 
-3.672967210905   11.434979148378
-7.634113116378  -9.299992962820 
 4.830720044219  -11.058148345340
-5.649737983683   10.664717637190
 10.075712691978 -6.711483696287 
 11.751715243966  3.000321303647 
-2.003358604804  -12.009305961300
 1.043904231011   12.130805755635
 12.181407499943  0.479287876135 
-8.179632198393   9.145231578855 
 0.796098022394  -12.260420448467
 5.304424876919   11.092416409053
-12.313331284612  0.060222370012 
-9.698433544569   7.598647286358 
 11.199214844058 -5.208135887153 
-11.763863807454 -3.788181273765 
 3.675727287425   12.023758838859
 12.390609283899 -2.840215405967 
 7.189748220020   10.795298896528
 7.570153442087  -10.585548665718
-11.553986487661  6.029791034740 
-12.701476496203  3.201016810354 
 10.747682724426  7.522934550329 
-4.609424134203  -12.317324540793
-10.623570352394 -7.777273831347 
-6.800259791170  -11.325079399964
-7.365020310931   11.026338112751
 2.486720931417   13.134412969096
 4.121270375981  -12.759147412751
 9.854406831239   9.135855672482 
-11.666718867375 -6.668884371767 
-13.327687340304 -1.762594120977 
-3.302108226214  -13.133798005723
 12.665135873994  5.112363787966 
-10.098328968828 -9.207696311660 
 9.052242396416  -10.268751699901
 6.742698710617  -11.958498715416
-5.965599042402   12.423265311282
-0.673712411997   13.777857735236
 13.174618519783 -4.125853382957 
-11.270894333333  7.974883287919 
 10.559751503004 -8.902581943931 
 13.816391123823  0.557639523452 
-8.980443932790  -10.521864409563
-12.858598398214 -5.127633136491 
-1.589229974635  -13.758154215704
 12.163402150418  6.661897230520 
 13.842833624607 -0.944739356756 
-13.988502508875 -0.119165761796 
 13.531610181284  3.647612137372 
-13.150498871712  4.905506762916 
-13.991201773231  1.647197921187 
-2.352520853011   13.898372246171
-4.077438702349   13.534075551475
 4.080032041266   13.584361788541
-9.845114000578   10.265303872876
 14.075219472336  2.135811741403 
 1.452263765248   14.245436852466
-6.305425127471  -12.887393908987
-13.964656920193 -3.398611752662 
 9.529818589098   10.768772014550
 5.714559402054  -13.211842112562
 2.094958421006  -14.340744005514
 12.954186285139 -6.551146357997 
 11.720862176944  8.726849661879 
 0.594477936262  -14.648707087249
-8.837879565350   11.699844206430
 5.845949258336   13.478571075311
 8.487978377695   12.054737563055
 3.724708766776  -14.266573162103
 8.487553843234  -12.076361515068
-13.181010999323 -6.801435699449 
-12.259868550982 -8.389408537110 
 12.423641203958 -8.353733127256 
 14.667060131588 -3.422108851190 
-3.092262112074  -14.748092333010
-13.498781350281  6.875475608928 
-4.603832096991  -14.465529899366
 14.407823677942 -4.989734457793 
-7.930502555738  -13.038823263853
-7.810207304312   13.153100446810
-12.852048777991  8.390712337107 
-11.428929703500  10.264799342295
 7.455980493258   13.460200023602
 15.363793904894 -1.195892832521 
 15.378936873559  1.043100679587 
 3.534809633974   15.027655004640
-15.015286801239  3.784905501893 
 13.770116123051  7.303859400983 
 15.109542748431  4.000471518458 
-6.153718828511  -14.387885486797
 11.562684960312 -10.641363986158
-10.452598282754  11.763994669139
-15.684797651604 -1.863329793421 
 14.754052062553  5.715986442566 
-6.608222693335   14.402011899960
-11.009406229509 -11.397122993073
-0.485272339134  -15.844725845342
 10.579140605046 -11.877111141472
 6.808010996726  -14.378729343382
-15.797417915462  2.130727309135 
 13.253272511037  8.861536530300 
-14.942156691522  5.662436857099 
 0.766179527599   15.997943858608
-15.246856657840 -4.972706783131 
-15.735831932313 -3.481325438449 
 10.535834173382  12.204490560339
-1.511386751988   16.058974652258
-12.911658522726 -9.757723884807 
 5.308315957711  -15.314326981964
 2.400898755116   16.039104649036
 12.450720910310  10.428698613436
-9.661117610156   13.150361920369
-13.965293342608 -8.462934466146 
 14.122440299264 -8.268818399885 
 6.081219902784   15.250579110127
 15.163012949323 -6.353707069722 
-14.895431164537 -6.958585989907 
-4.656005934023   15.810520426839
-2.876528460992  -16.246402069831
 1.417037895480  -16.454117223061
-16.558331625722  0.451973629635 
 8.986036862509  -13.943791235884
 16.395791473745  2.743613752970 
 9.008141850186   14.000891297620
-5.489460421876  -15.768522039181
 4.608552499849   16.075968688591
-10.297705355739 -13.221656655989
-14.606898390954  8.226313498066 
-8.469849949058   14.505019868916
-13.801805589170  9.591963595596 
-8.799094658211  -14.517603315784
 16.633327053008 -3.649693786617 
