-0.730298593256   0.965353365010 
-0.014420394974  -1.216502125158 
 1.385432026075  -0.409084315041 
-1.629608335771  -0.891317430388 
 1.335775087200   1.388709116494 
-1.067566500045  -2.295091724648 
 0.669723505913  -2.816102375715 
-2.926821192662  -0.134028994704 
 2.822480979019   0.933443379475 
 0.140826369423   3.007191799635 
 2.750597277062  -1.574371610200 
-1.336762810356   3.473002444287 
-3.362158947419   1.684893334698 
 3.982823403128  -0.050442853209 
-2.534619774564  -3.265936707129 
 1.953518722746   3.848386490666 
 1.519660388807  -4.158053782597 
-4.502297212723  -0.553670857707 
-3.947155269475  -2.238493460199 
 0.474136016997   4.637481867619 
 3.611737407391   2.976323227707 
 4.184408404039  -2.321699171633 
 4.790071231120   1.370696710372 
-0.883309642992  -5.145921849721 
 5.415894227259  -0.592436608253 
 3.935576966728  -3.853587786693 
-5.400748936865   1.191327390256 
-1.765337008504   5.287192660458 
-3.714674837516   4.202515944156 
 2.888967022613  -4.932197474845 
 3.314256645520   4.771189698098 
-5.520316712393  -1.928838655417 
 1.368379945544  -5.782951711613 
-6.058555282229  -0.266116801863 
-4.640369524642  -4.021876863123 
 5.430588474470   2.944646934694 
 2.003799456247   5.849730109341 
 5.836748777105  -2.211123820080 
-5.366750962513   3.285857050316 
-3.149003788781  -5.603228881074 
 5.048477093347   4.402225736810 
 5.574046161606  -3.714670713761 
-3.768225075537   5.775183242808 
-0.621846645449   6.873039178293 
 6.948740454000   0.003667584220 
 4.831695244020  -5.103235048088 
-7.160629605756   1.226005540215 
 0.855320639131   7.222871509065 
 3.879466004289  -6.313986571192 
 0.977767551066  -7.357529123438 
 7.032319602878   2.601131862941 
 3.996617673710   6.443156050117 
-6.296481113410  -4.267801196700 
-1.419694320090  -7.479598894225 
 2.489490734197  -7.284300757728 
-6.261767521129   4.554288550972 
-7.157054453374  -2.986714212475 
-2.535453946500   7.470578014488 
 6.737779893351   4.287551008217 
-7.826719805274  -1.595975082515 
 2.338276658450   7.639793343989 
-7.431456807484   3.314162426659 
 7.216179141998  -3.772096045500 
-3.004897360250  -7.652718188886 
 6.427108324546  -5.140318140342 
 8.231529026225  -0.833779846434 
-5.070252776681   6.622420550318 
-5.174115710033  -6.824689741645 
-0.067082333351  -8.579229194616 
 8.791493341320   0.558692656678 
-1.124253372776   8.756820662243 
 0.764344244166   8.879851933010 
 5.811406315187   6.767250546850 
-8.837661434569   1.442709960826 
-3.727756361845   8.412186885120 
 7.154176531099   5.896737901622 
-7.379225820350   5.742546325476 
-9.376599590914  -0.349115170456 
-7.443234858886  -5.837477690445 
 8.410654143187   4.378210660434 
-1.523744771869  -9.539070426423 
 6.333024240369  -7.332648662127 
 8.474681285852  -4.770881878717 
-3.661811777158  -9.011964393213 
 5.250636178042   8.301851699641 
-9.147796598588  -3.610511536139 
 9.623600520356  -2.060778623728 
 3.621270804810   9.214006715323 
 3.065607696613  -9.503324336507 
 9.655933938465   2.588491717616 
-6.118972127485   7.968847020753 
 4.505968007713  -9.065471353395 
 7.840921072163  -6.526615651514 
 10.220100534335 -0.665473176528 
 10.212663398927  1.175152159431 
 9.666323809944  -3.729668856328 
-6.989282184498  -7.650445914757 
-9.692989579445   3.819795533307 
-10.340686165881 -1.517385194662 
-2.977792521943   10.068103159106
 2.326835385070   10.258117408338
-10.493842355171  0.861130016247 
-9.083320523973   5.401462832102 
-0.096008355052   10.572274573519
 1.056632294287  -10.661164664667
-5.361049894411  -9.664478089165 
 7.889168359515   7.750490458028 
-7.630554607230   8.066870983745 
-3.432153355584  -10.618831235293
-9.893275111406  -5.212232275986 
 2.534409440530  -10.922724559157
-5.281874053653   10.023617585483
 9.958315483243  -5.469823960933 
 9.760467864605   5.899173339545 
 6.003392490783   9.741660039775 
 7.160624988677  -8.935661288215 
 4.590052489624   10.534263023947
 11.517522937610  0.113785751410 
-11.107209052598 -3.165676717210 
 11.014883493821  3.586473472877 
-7.093514589457  -9.223938289798 
-9.239392834204  -7.260921796730 
 9.464157048825  -6.995526542872 
-11.540458230287  2.732155477613 
 3.277632862096   11.469169395534
-0.969580060491   11.890042172528
 11.861315961363  1.626563179970 
 7.482345223370   9.373147067664 
 11.358001992717 -3.933231352108 
-1.004003063959  -11.989009540986
 0.601383637397  -12.136662247926
-3.084053603827   11.777511434783
 4.938181110141  -11.162400078677
-8.541390463382  -8.740773833797 
 11.985704963513 -2.526214092533 
-10.170209639035  6.832177238765 
 9.401231980175   8.016684433879 
 8.877504668497  -8.679672686813 
-11.680010767537  4.247059464477 
-6.725956291114   10.519683881661
-12.431077329744 -1.174415807482 
-11.521463554129 -5.276605860030 
-5.333256124402  -11.567969661479
-11.381705533774  5.781266745435 
-12.702275191908  1.280442067700 
 1.683366083504   12.758816445131
 7.268235710814  -10.709474109800
-9.378182666934   9.007754744318 
 10.795483027562  7.339124015130 
-12.772226512274 -2.905947215172 
 11.377015615923 -6.515450132233 
-8.226750677381   10.287026236159
 5.789971359426   11.927090485734
-5.658623199938   12.026349712143
-8.039380217493  -10.661813541232
-3.478437275899  -12.921257820103
-1.386752067377   13.342213518924
 12.339243552468 -5.307722998529 
-13.054790540705  3.279513167486 
 3.214440942459  -13.103893112550
 12.829501491601  4.190820250040 
 12.272180218442  5.628226798380 
-12.878610592367 -4.430198544694 
 13.066094907323 -3.913388866769 
 13.497315385017 -2.089932980254 
 9.741332616370   9.604786486630 
 13.693165889962 -0.582888558811 
-9.423064346755  -10.019346887166
-11.168058270418  8.040297052542 
-6.837653298342  -11.986096910657
 8.681339081538   10.730363551955
-12.022291161230 -7.017998794141 
 2.967093115906   13.609192119375
 8.925260586479  -10.717190521487
 13.965920945413  1.118802420141 
-0.464175493156  -14.025462796210
 13.810362101291  2.655088209710 
-14.150783468290 -0.427108460967 
-2.067074375907  -14.033084224477
 11.142460363269 -8.839801432271 
 7.268452008029   12.243958078665
 5.157898358947  -13.311092902514
-11.471323494062 -8.561811498715 
 4.985502722151   13.453677242539
 6.984462102467  -12.550526654140
-13.279002990762  5.498803889373 
-3.485389458141   13.993549152673
-14.364484508062  1.594318183617 
 0.356710740135   14.454309910203
 12.331404870259  7.674295066314 
-12.795559750832  7.290521493233 
 2.504529393443  -14.536029452954
 0.891189175364  -14.829102270009
-11.198070263104  9.799994560573 
-6.798325688587   13.335033924898
-9.070564933718  -11.930571622814
 14.557242743133 -3.688381410201 
-14.553651472961 -3.807682407500 
 13.032663898318 -7.525149039494 
-5.311880542390  -14.090638070978
-9.979180173318   11.289069690937
 13.819479730081  6.005822890389 
 15.057146130555 -1.516674826229 
-14.162995815347 -5.385896325150 
-8.464214190543   12.645234198999
 14.653037065007  4.181712293340 
 10.440913083929  11.106901918695
 8.584957640894  -12.601832806878
 6.630599751791   13.736192320355
 11.800650841723  9.664322825885 
-14.849462491921  3.623328680732 
-3.936133049050  -14.782479518652
-11.011523524894 -10.654623197779
 4.067647090297  -14.790441451958
 1.923945615721   15.225607640542
 8.723122650099   12.655137749568
 10.669633503353 -11.163371098309
 15.494750069300 -0.027397615887 
-7.438731947399  -13.608595289486
-13.955973881112 -7.060819285682 
 12.669894666403 -9.210436949897 
 14.683061606572 -5.470928244268 
-15.493449011150 -2.340502168449 
 3.640236599070   15.247868317246
-1.853687070711   15.600787202819
-15.702500336218 -0.730915826645 
-1.107779326222  -15.685967763598
-15.851632968792  0.761973975996 
-13.246535911752 -8.762267007327 
 5.353652132222   15.025631603628
 6.522477702905  -14.558352467720
-15.040206667628  5.524873690365 
-4.242029585073   15.462244272077
-6.438249627448   14.809493295577
-13.101452494973  9.522863627018 
 2.307003021615  -16.055325724290
 16.170874110024  1.371031254388 
-10.627113530408 -12.292438786916
 16.049991601630  3.070833100147 
 8.159262036318  -14.159541361170
 0.351435285508   16.381569704914
 12.183467543401 -11.134313894093
-10.683001227902  12.632733067659
-16.384023109350  2.339894807367 
-9.691183162176  -13.510237507166
 9.807427864290  -13.474432592951
 12.366570290352  11.234639789681
-12.878653835877 -10.655598990968
 7.835399433891   14.784269210819
-16.140655348723 -4.434764676928 
 16.588946585589 -2.610253129013 
-6.797213683118  -15.377439484865
 14.668231146900  8.295395496014 
 16.078175024399  5.359079071072 
-3.313358955254  -16.644814956808
-1.141767150095   17.001460589440
