-0.174482432613   0.253267105268 
-0.329463269547  -1.552932246724 
 1.635281822434   0.556179767039 
-0.018748717599   1.796718889023 
-1.954471264077   0.019997789521 
 1.394549584226  -1.698547487674 
-0.995333144442  -3.010394999829 
 1.878336154359   2.604427516728 
-2.011398731168   2.557338412471 
 3.375730377201   0.148919196870 
-0.456048940030   3.427927434819 
 3.212688306057  -1.511638510123 
-3.250155919964  -1.463359879878 
 0.258867727388  -3.859766782740 
-2.687123626753  -2.875162274183 
-3.909308045896   1.077980989027 
 1.064142155112   4.065181047805 
 3.747639298457   2.432609209899 
-1.858271558736   4.249754970780 
 2.749197890482  -3.824853292654 
 4.750078664780   1.093446357359 
-2.197978440634  -4.381355939013 
-4.078431596596   2.828260433096 
-0.534447596075   5.004740579127 
 4.734737036910  -2.008152926374 
-0.683025462640  -5.127486301194 
-5.138048632247  -0.601065637314 
 2.807327115887   4.464455802572 
-4.023482655002  -3.664198612658 
 1.037492777203  -5.355772600399 
 4.223481207640  -3.479468100647 
-5.329660345518   1.771928266383 
-5.136085968341  -2.342072337937 
 1.402411089895   5.529487626097 
-3.145259371044   5.059508939746 
 4.565649006657   3.974032314397 
 6.045143459333  -1.212865312556 
 5.692734179346   2.502273002121 
-1.970889132550   6.321598774416 
-6.684264866122  -0.064641225547 
 6.617460187074   0.986026960740 
-0.131515324176  -6.805236230623 
-3.964200792613  -5.549921664296 
-4.990404207605   4.680475840338 
 4.904934971105  -4.829508658436 
-2.658832702868  -6.395028851024 
 0.317033289916   6.934849752349 
-5.668911948967  -4.273294951377 
-6.653317874307  -2.800958758118 
 3.099089045154  -6.569437455819 
 6.798870559810  -2.649547803420 
 4.722948892742   5.614719581628 
 3.370710651787   6.596567715061 
 1.944741508075   7.180119448408 
-7.134408307625   2.106691438031 
-3.935011563818   6.446205650340 
-7.438270941830  -1.389786452474 
 7.533756367750  -0.957430130066 
-6.588408081301   4.022850159079 
-1.184437216899   7.700946599717 
 6.593607076130  -4.575772998501 
-1.471448067677  -7.975825802884 
-8.235433703423   0.165084084021 
-5.762132108458   5.972500560241 
 0.090141644740  -8.381987365491 
 1.958763857943  -8.165704465353 
 0.116594088637   8.486900347529 
 8.101035909275   2.573307378694 
 5.438047883327  -6.587807420540 
-4.998758037151  -6.975832998272 
 4.879452956261   7.124733768833 
 8.324308052509  -2.364090282458 
 7.473216625187   4.581374138918 
-3.029278573032   8.327260324695 
-8.653827112022   2.218661751034 
 6.646764222784   6.015990900939 
-7.179705567088  -5.426100666713 
 2.297147137400   8.761737256548 
-8.082152566613  -4.190846321685 
 9.115426298235   0.032090706139 
-8.857659043867  -2.218569808917 
-5.057127226279   7.709666637880 
-3.185686495308  -8.803994158488 
 8.365085441271  -4.241908020470 
 9.413896744995   1.579297391552 
-7.263501019499   6.312039235378 
-1.877852985968  -9.544349251557 
 4.534966661075  -8.638664690591 
 0.551295615148  -9.809813613537 
-8.762579911882   4.594307529052 
 3.032886599589  -9.437096243241 
 3.857975312357   9.148640908969 
-1.597001834756   9.935127736425 
 7.550547198556  -7.009245368485 
 7.924801217373   6.826277787450 
-0.142550680360   10.465844386857
 9.485507663953   4.743624273972 
 6.180029043512   8.621233151979 
-10.607532561635 -0.030963674063 
 10.123491969116 -3.300958454269 
-10.187864022634  3.226687915589 
-10.567089837533 -1.659808029556 
 10.178959381020  3.316484490495 
 10.649624100409 -1.863913488883 
-5.283582248988  -9.470662699647 
 6.007218800113  -9.066718284988 
-3.725216494400  -10.220287199011
-7.139151278857  -8.212249034956 
 1.318061327965   10.810082230119
 10.937727426422 -0.341959981985 
 2.135436878537  -10.736857937597
 10.929252601813  1.290463606691 
 9.751690310527  -5.149467003792 
-10.106818719740 -4.603624491340 
-5.897737733762   9.438500226891 
-7.990049586357   7.793454101515 
-9.050996741762  -6.572029474140 
-11.326581972726  1.826514147431 
-2.443330578061   11.240474493293
 7.805032630256   8.514813769676 
-4.773607199180   10.525028571943
-1.788649370371  -11.419578444319
-0.154439345376  -11.651977706129
 9.436344082524   6.863899160089 
-9.433797975212   7.011335873569 
-10.366995786815  5.715231815458 
 2.784063471860   11.598483720677
 11.287966043569 -4.450479231402 
 9.399812432575  -7.696265930991 
-11.985624788431 -2.157743156740 
-11.621518163732  3.724568362186 
 5.313473789462  -10.987341159768
 4.803816718649   11.251709846597
 3.709128190571  -11.662328230366
-7.933178731934   9.332793603033 
-0.123209260422   12.262682927559
 7.466528243880  -9.806303260958 
 11.564656087940  4.275500399938 
-6.305015011350  -10.629152615902
-12.368706492764 -0.022970628697 
 6.614947082008   10.464189989369
-7.614726412115  -9.801132202422 
 12.293009910354  1.930205010867 
-6.705276286406   10.732670734789
 12.646421927100 -1.063456075419 
-12.070637370142 -3.925151491125 
 11.038529208282 -6.522105249004 
 2.385253933655  -12.726937445841
 12.562369059608 -3.222829939100 
-11.324259613896 -6.420467151972 
 11.584023511130  5.948193383362 
-9.711686653155  -8.725949711099 
 8.227441249759   10.191570883583
-4.191319446257  -12.425345957570
-4.564898477970   12.293502905785
 10.273255429578  8.221176668548 
 0.560440574528  -13.276498165545
-1.005941222194  -13.255820452354
 9.197511393753  -9.640514608790 
-2.529366407314   13.136696063267
-12.018813823220  5.910907584964 
-13.411720659602 -1.194651724348 
 13.116717347520  3.629610972590 
 10.539403732748 -8.695853626019 
-10.768378447942  8.469707927301 
 0.720606616598   13.682217582074
-6.109100316052   12.319956840299
-2.627091575691  -13.532399019974
-9.283939733493  -10.205067192893
-13.026242529466  4.738890462411 
 6.151538276942   12.496874875281
-8.070524658394   11.401207727498
 5.083362467645  -13.101731092069
-13.974018959730  1.871558844206 
 4.618513169998   13.322859886745
-5.948076342426  -12.786796897728
 2.232069532090   13.925804923764
-9.984193524670   10.036511514127
 13.965320011178  2.375568868883 
-14.363149708013  0.312739891811 
 14.367308349986  0.017229176149 
 8.540545424991  -11.687236325653
-14.057555940354  3.531697380237 
 6.753515646327  -12.833268931319
-12.223535179978  7.807659459236 
 12.291884514687 -7.729483153607 
-1.152268484471   14.515063869896
-3.800611707438   14.067253922665
 1.590367459821  -14.527159248437
 12.795914839213  7.065095500768 
-14.178643065194 -3.655638233920 
 9.998810751186   10.709462240658
-8.497667609292  -12.009044785349
 13.706291442017 -5.376479720289 
-12.171833864772 -8.391930276626 
-4.160943998070  -14.190966052303
-0.825249011939  -14.776438544163
-11.010913579687 -9.965434356091 
 13.730117581819  5.663994479842 
 10.329188414440 -10.745187013733
-13.704709710154  6.086130451943 
 14.927164056310 -1.494043278566 
 8.952701575402   12.195617166331
 3.474426999721  -14.769492653385
 14.822761468591 -3.243808319018 
-9.542588114106   11.845248943613
 12.449757555837  8.742864694065 
-7.461331687041  -13.267951111115
 14.680500789732  4.063200619646 
 3.612330606542   14.808450881655
 0.592741045143   15.258303156009
-15.239268573808 -1.258011094800 
-14.002494422072 -6.175232636945 
-13.540327464701 -7.620464886559 
-15.561064083839  2.092493819597 
 7.505818583695   13.812503823705
-7.756963001545   13.784139971392
-11.027068365702  11.485088256534
-1.792176489478   15.883918359581
-11.109203644130 -11.493490307502
-3.418927115930  -15.622985554309
 8.640869334263  -13.475951124555
-15.300155362788  4.725743018260 
 12.026915781381  10.600266593160
 1.045813444428  -16.006139667823
 12.082968721356 -10.580272339685
 14.377742010854  7.162169739051 
-5.267017491351  -15.231348528151
-5.069130958761   15.303836022671
 5.912960173022   15.003880331350
 15.422379288286 -4.773198482432 
 14.583753488065 -6.954095322747 
-12.307592444303  10.490502138183
 1.849772838876   16.138286332047
 5.377194824921  -15.348751495355
-1.136036041080  -16.246952129911
 13.998546332516 -8.405007425853 
-14.707148323535  7.329167695892 
-12.476922608574 -10.753487140711
-15.699022927905 -5.081005955433 
-6.729378597658   15.078599642812
-16.158492730556 -3.440481209662 
 10.874895884391 -12.448023666602
 16.537641113536 -1.297921311410 
-7.128017772886  -14.989797715947
 15.804313107867  5.106061648277 
 9.364931514739   13.729864446331
-16.296051703300  3.563091121089 
 16.594948372062  2.155224345837 
 11.183819650303  12.456984088145
-14.052023684719 -9.152966838144 
-9.584059812694   13.781508187158
-14.118884593774  9.153748175795 
-8.855674419880  -14.353473286154
 14.160975655314  9.226187640952 
-3.199724855705   16.643736210349
