 0.704346557472  -0.392596541474 
-1.336600886323   0.617644563845 
 1.179532096948   1.128089489327 
-0.596014453056  -1.536864264148 
 2.432653390971   0.133918004593 
 1.202274330467  -2.170306635008 
 0.384971810488   2.458485652383 
-3.159761985017  -0.040464974506 
-1.574714830617   2.851496195784 
 2.933423195634   1.656031561622 
 3.201301660443  -1.551341108072 
-2.009060395502  -2.977836616336 
-3.437171538357  -1.810290210006 
-0.090309845078   4.136107211223 
 0.410879571842  -4.157974623775 
 2.557138292281  -3.346618253864 
-3.563665447238   2.273438641099 
 4.318607784731   0.202345467213 
 1.461569598599   4.418073021457 
 3.427104028843   3.155798985629 
-1.021980649096  -4.730008299624 
 4.777115493935   1.635591488446 
-3.564762006151  -3.627225415171 
-5.173782751277   0.249604623966 
 5.011253401726  -1.791460731487 
-4.163354606588   3.667818530850 
-1.475231541891   5.373804254942 
 0.661755107918   5.748313379684 
 4.637032850960  -3.485876983615 
-2.896797903335  -5.220761432417 
 1.347078071738  -5.915752535636 
-5.762428022770  -1.938806717557 
 2.951375627545   5.316344165715 
 5.309794811524   3.113936662236 
-5.657114533768   2.429764944947 
 6.154914092283  -0.819068060710 
 2.837583035675  -5.681796141150 
 6.399178549763   0.689996536530 
-0.089227108139  -6.467186022885 
-1.711462558403  -6.432564492283 
-5.491436242426  -3.816015082839 
 4.755556105628   4.799216544567 
-3.006018075341   6.054969198342 
-0.446164734462   6.954443234752 
 6.655034320730  -2.350317308626 
-5.888206415750   3.912271332964 
-4.669225087214  -5.451170113959 
 6.865845437200   2.292387450917 
 4.858320640938  -5.381779378352 
-7.303510955710  -0.417636207198 
-7.127359542533   1.849937306202 
 6.210864137935  -3.999157882834 
 2.325549502933   7.152163086287 
 7.680060622752  -0.561977318097 
 6.602923851840   3.976768534357 
 1.188084952829  -7.720301801668 
 3.347400068058  -7.154129097007 
-4.064009491427  -6.921825194303 
-7.783444533793  -2.032584913393 
 4.627944053363   6.707087448388 
-5.491728139640   6.070883439187 
-1.814056854558   8.020214321157 
-3.673430740686   7.443725708726 
-7.396183122134   3.816760048670 
-7.753424160365  -3.544153127013 
 0.922704976532   8.480872483255 
-1.238675949551  -8.444162511501 
-8.522620088292   0.848992476237 
 8.063627122662  -3.029115013131 
 8.458991257489   1.667791645788 
-3.042889499816  -8.136012203977 
-6.935311974936   5.274978233322 
 3.709097407563   7.947690513596 
-6.289385083289  -6.161177419711 
 6.540844731240   5.962913626201 
 6.358644108743  -6.223241192544 
 4.978905682849  -7.410993774889 
 9.196613966564  -0.866743796034 
-9.365848676878  -1.363880436209 
-4.925325579575  -8.314864008631 
 0.979570527625  -9.694622729583 
-3.749156615931   9.001908334208 
-0.587002944177   9.734672938879 
 9.478190534457  -2.372354272686 
-6.530617122942   7.319654300020 
-2.125056408497   9.610965331417 
 9.116349394090   3.741489554978 
-9.367095696366  -3.106141857810 
 6.464298702765   7.521446506788 
 3.193531148735  -9.400147237144 
-9.942698108105   0.203486045585 
-9.282891763662   3.573788483519 
-8.002568293325  -5.914265707873 
-0.639641029441  -9.939796057307 
 7.988726682860  -5.970077493901 
 1.606954849584   9.918410747570 
 10.008315820443  2.054720797510 
 10.296384891953  0.557682172148 
-8.110045050005   6.444320609815 
 4.704586931556  -9.351137731284 
 8.218518161410   6.530408269891 
 5.521037301580   8.946819903886 
 9.084864480809   5.299108727821 
 4.072987583329   9.703394219443 
-4.119761448140  -9.774837202095 
-9.356937669634  -5.004445288426 
 9.523824845460  -4.684731861911 
 7.566664710017  -7.568583953177 
-9.299811035780   5.370004461989 
-5.231817432806   9.468920557189 
 2.299451094625  -10.822091819067
-6.091841579716  -9.293567897130 
-7.927640808893  -7.817592656119 
-10.862907871610 -2.468449132820 
-2.791127561928  -10.795920707360
-10.872820313019  2.519040575647 
-1.189811533776   11.131726428154
 0.329693994533   11.217126320131
-11.184023768062 -0.986037503330 
-3.331859137404   10.742032275373
 9.418292289895  -6.442630077265 
 7.534498544868   8.572770996867 
 11.153384874133 -2.448900765928 
-9.185171758503  -6.907739768275 
 10.922387144251  3.617932365683 
 0.697199932679  -11.525468864543
 3.956073274785  -10.856488885183
-11.558991433818  1.091606062585 
-6.861749897732   9.443956689341 
 7.301410974069  -9.249800093434 
-10.978877811493  4.510358836151 
 6.070152903671  -10.208013422583
 10.679103179208  5.236839607423 
-9.236127111456   7.523859744224 
 9.777878895704   6.905274899459 
 12.035035008968 -0.623482832670 
-11.429892939168 -3.894544351035 
-8.270119468242   8.805256007633 
 10.769617457419 -5.523287232245 
-10.837155585242 -5.585436867591 
-1.920738666536  -12.103792046932
-7.941556349115  -9.555116051141 
-4.801365481522   11.479263626420
 12.442965137592  0.886207887990 
-1.947966706521   12.441854087449
-0.379013131638  -12.641038568021
-12.466770982309 -2.203147029123 
 12.387743937268  2.668890469699 
-12.349783878022  2.869037294345 
 3.280380685441   12.267915394209
 9.245776654675  -8.812456850631 
-6.874607959971  -10.775299835939
-11.249318064916  6.108874905656 
-9.345191824268  -8.894724254127 
 10.478521128030 -7.551815421964 
 12.793847317341 -2.006959615714 
-5.006618169624  -11.959396701886
 6.582998995560   11.202500996560
 9.781824923984   8.657527961474 
-6.418943033931   11.412300588392
 5.711075686674  -11.803043870326
-13.095323864922  0.709178923976 
-0.456883955772   13.111699932089
 12.224316498368 -4.947396789740 
 2.062708903995  -13.075435442921
 12.525146742387  4.369687060476 
 8.771021277382   9.958182524261 
-10.788357336488  7.742823279183 
 4.930963299638   12.339234112798
-3.202035460155  -12.950878451175
-12.527170053405  4.899173158009 
-3.355373313852   13.055116122981
 11.248537123216  7.434330900212 
 7.363672097630  -11.322944475114
 8.870195038330  -10.271602141198
-8.234847058599   10.792642837571
 12.160240480833  6.046519598006 
 11.836442725706 -6.881666937410 
-11.677861229533 -7.479916718905 
 1.606002207675   13.801594217667
-1.205466968628  -13.894689491324
-13.967972266204 -0.517167139730 
 13.580599014715 -3.343276580798 
 0.757433434216  -13.991845694817
 14.007885073599  1.919748741082 
-5.193778176009   13.159745172179
 4.570380983078  -13.485319138227
 14.295558189062 -0.263950618601 
-13.767920265325 -3.998070331775 
-10.360495766405 -10.099706226609
-6.129240818411  -13.117082557277
 8.880544973823   11.490312548357
 11.412075127977  9.000167759490 
-13.331766318322 -5.844264535655 
 13.711232130055 -5.216450800088 
-10.363530112459  10.429101252295
 0.451541251429   14.762533898486
 10.602255809233  10.378491644460
 14.715755624005 -1.900510716674 
-14.717363940706 -1.964354277930 
 14.015324392150  4.949229608555 
-13.302420996471  6.719676441863 
-8.427144435785  -12.303642828386
-3.475119462590  -14.514491300375
 4.170893998369   14.345278716940
-14.709855451766  3.147529463014 
 11.002823491114 -10.294119122256
 9.741307247235  -11.518302339283
 6.215722889588  -13.756517960797
-4.238003215830   14.578848364043
-0.262843655470  -15.185060508551
 12.238135608896 -9.039888352976 
-2.682462174308   14.991413534900
 13.244033438532 -7.561296466277 
-15.229120317922  1.521223074617 
-11.915964895537  9.633643163046 
-8.051066350897   13.040105289864
 15.374110928030  0.985036355050 
-0.982498101455   15.403442997289
 7.801063356958   13.330570639292
-9.844052914554   11.910772417643
-13.473538655763 -7.621769857493 
 15.113541742268  3.580574393730 
 2.485619384621  -15.344844436533
-12.424541776862 -9.409178670294 
 13.078079580665  8.479934981928 
 6.582512648022   14.294064461788
-14.862289496426  5.252366617998 
 4.319004185540  -15.163882514603
-7.823269744963  -13.724534772938
-15.367344656996 -3.698469084241 
 8.457468764446  -13.461460798918
 3.191630294202   15.687825412562
 14.639307458311  6.593983791945 
-6.204275881695  -14.813494165305
-2.062232427269  -15.956389061058
-7.147042660684   14.451549761324
 1.175968155629   16.115517954267
-10.710949043737 -12.185585928907
-14.014583510700  8.216219573860 
-11.394636216908  11.611612567941
 11.192370136143  11.838972184063
-15.115613012831 -6.279068865084 
 15.608346933220  5.006838971981 
-12.134985069698 -11.052763899196
 5.998894112249  -15.353206770949
 15.884533308568 -4.431086860458 
 13.948375413136 -8.888906839934 
 11.780292405794 -11.674533002991
-9.585632628092  -13.536188590330
 9.506799759860   13.595064405145
 0.142352600643  -16.630867552475
-16.506461737664 -2.046197057875 
-4.882481166626  -15.909958373814
-13.548323203177  9.672985679358 
 4.952723272074   15.927148361348
