-0.366894128766   0.263679654012 
 1.189946730237  -1.147207148555 
 0.289058752711   1.866727739717 
 0.016702987148  -2.137823509540 
-1.641016986174   1.442158459837 
 2.193630167045   0.417347806559 
-2.449318119027   0.152286549568 
-1.960665227449  -1.688528986023 
 1.341020687405   3.026272358912 
 2.561354496224  -2.205404430102 
-0.229013467233   3.423939003633 
-1.970317820941   2.949700211780 
 0.722207789924  -3.645684516500 
 3.120947605326   2.544836019786 
 3.845057044713  -1.338253629717 
 4.059589854482   0.715656483489 
-4.251774942223   0.342476856550 
-3.894922054168   1.840106190114 
-1.064365391976  -4.195929704904 
 2.236658158432  -3.767439642070 
-3.083896464949  -3.801235895822 
 3.904788954355  -3.157326110908 
-4.292908358288  -2.691111945580 
-5.051078700530  -1.025007594201 
 5.206655802480  -0.528491943979 
 1.045089023136  -5.192143124238 
-3.736009520207   3.859184617850 
-2.534695343839   4.869682678188 
 5.197527798019   1.881482996844 
 1.394823253635   5.351032780256 
 2.810937131794   4.762543059776 
-0.682277958578   5.501226065559 
-5.394466146177   1.569765494272 
-2.249033141655  -5.326853815347 
-0.746163619245  -5.742477188768 
 5.302919365491  -2.560862557463 
 4.642680487418   3.742438758102 
-6.493762345199  -0.528104850138 
-5.926614462620  -2.969622467881 
 2.422861083843  -6.211931338877 
 6.577056697511   1.231329927901 
-4.059626363447  -5.381662321461 
 4.481105397488  -5.118252001424 
 0.626917884829   6.836346401357 
 3.306873992179   6.211134138921 
-1.049061760389   7.008544455746 
-5.024720106881   5.036971169551 
-1.786189305431  -6.991237982350 
 7.011863467576  -1.848332106979 
 6.077988448050  -3.997051831983 
-7.090757466559  -1.939223945353 
-6.389770445855   3.657404704269 
 6.714524074736   3.268105910177 
-2.889238687920   7.047432107173 
 5.671783769594   5.102392313876 
 0.406898257457  -7.638299353102 
-7.607605074402   0.993596256000 
-5.578937637212  -5.343906585119 
-3.611271404249  -6.833252983870 
 2.240120949746   7.452809899838 
 2.396738153931  -7.833469625213 
 7.517871471494  -3.309005526376 
-6.909949418377  -4.596521237397 
-8.061412068995   2.425490650658 
 8.439784040177  -0.119123279874 
 4.840821858639   7.102704013524 
-6.406359813946   5.790193098514 
 7.229777770290   4.891436144597 
-2.292917402352  -8.448637613598 
-5.265983449130  -7.197292197210 
 8.656100085950  -2.222157834937 
-5.278859956204   7.260824800461 
 5.139033578317  -7.369357460666 
 3.503750366070   8.347597554656 
-8.993061579771  -1.376962177835 
-3.825551580784  -8.318435832090 
 7.963465934396  -4.790950019034 
 7.026645746102  -6.088086421766 
 9.135322529703   1.747093098477 
-8.676693376626  -3.353341307576 
 1.224361313705   9.249585400499 
-3.188333025611   8.872717317627 
-7.063373099194  -6.408905105177 
-9.624931876305   0.477489591783 
 2.194705017247  -9.447369871736 
-7.989037486708   5.598894646132 
-9.104457856740   3.588737172181 
-0.680390580409   9.772606828960 
 0.344862687403  -9.936204556568 
 6.593181999927   7.470776504614 
 8.792696222777   4.881689260566 
 9.483071608556   3.478356033376 
 7.988717037408   6.443310086031 
-5.361500032868   8.863438676143 
 3.342784729985   9.871995874189 
 7.285756624566  -7.649653744516 
 10.535460673218  1.036686745826 
 10.565632489780 -0.703973254217 
-6.083728723284  -8.668733193540 
 4.360930795094  -9.675417508180 
-10.454689389581  2.288448991557 
-4.268659850670  -9.827112991110 
-9.779792913260  -4.619444693292 
-1.220015676195  -10.769965125925
-4.337494604974   9.969395457120 
 9.953569121317  -4.421940807966 
-8.677088422143  -6.638186062833 
 9.152119596751  -6.098459221805 
 0.505320382158   11.043408137001
-7.506363622949  -8.117773319945 
 10.817726633847 -2.541843062609 
-10.810456063281 -2.857277458137 
-10.178390240793  4.649388821419 
 6.056899708506  -9.409341184518 
 2.205716069210  -10.980578759394
-8.143404326609   7.714046067035 
 5.161784207602   9.981240652101 
 2.132064420150   11.060431280830
-9.311072888916   6.368516792641 
-2.616424302092   11.013917505061
-11.271916821486 -1.116695400895 
 10.998810686424  3.919185694448 
 11.426261056810  2.405208483342 
 8.206093459008   8.330753698914 
-3.275508604641  -11.240955921915
-5.861446915501  -10.183834653092
 9.965802738135   6.231383368143 
-11.805031997053  0.532254348994 
-6.641288575715   9.803919558767 
-7.322765170268  -9.630935490963 
 4.557745879064  -11.225721463875
 1.121993099059  -12.100332972130
-10.814722060778 -5.753399253418 
 4.184556268064   11.543108889902
-0.877344512461  -12.263196305076
 7.369566798266   9.863812872205 
-9.214766355586  -8.177212313495 
 12.307145001501  0.633536004703 
 8.777806678444  -8.721508292804 
 12.351198554979 -1.146233330152 
-4.773171031349  -11.493521866611
 11.398247664249 -5.277343076274 
 12.135813428868 -3.340905038987 
-4.691116552124   11.681723822058
-10.981555500395  6.179089646846 
 10.688221738557 -6.738093633763 
 3.379758598862  -12.284110374357
-2.421852598349  -12.530720000496
-0.834052110621   12.750262527477
-12.024084519693  4.334644702629 
-12.607324217198  2.423008167980 
-12.765368832291 -2.240431118122 
-13.033572110082 -0.763931106787 
-10.133033876883  8.255825384493 
-10.957883948385 -7.346679114481 
 7.089777273116  -11.137819040381
-3.456071374411   12.742879515168
 11.445237482754  6.627751505302 
 10.291590907719  8.446448911553 
 12.230967896765  5.336526649048 
-8.836942268126   10.000717988143
-6.275131987939   11.778674615148
-9.231096106060  -9.679957031940 
 13.161417379676  2.507469859714 
-12.570464958959 -4.779490542695 
 6.980203493687   11.604794668869
 5.459157693595   12.403486678725
 3.663041068580   13.063001603528
 1.540982468651   13.514308892015
 13.033091788413  4.053304234660 
-8.322813598209  -10.933535627999
 8.758859290346  -10.614953982822
 0.306134275757  -13.792315751721
 9.615050897175   9.893165695479 
 5.124859613083  -12.827697270063
 13.657366000556 -2.558254444162 
-11.604312225719  7.865122645827 
-12.473895789516  6.480210087883 
-0.097479159955   14.113073935357
-1.395865761481  -14.057179736486
 13.113531632375 -5.273490268836 
-3.943933461155  -13.577698466098
 14.162344837706  1.384314204133 
 11.274758701345 -8.831032284211 
 1.978840044624  -14.184508037800
-12.827637138917 -6.389526339480 
 8.519177343167   11.549096777843
-14.231250855412 -1.870962875447 
 11.947381306195  8.089908260715 
-14.491730095030 -0.250584566259 
-13.934034533237  4.242956501199 
 3.910694155338  -14.033807184458
-2.085142305438   14.419049513977
-11.351505531506 -9.145951628084 
-14.518914972370  1.971113354385 
 14.665511855933 -1.152901658318 
 10.568287571311 -10.284388508516
-8.458489243423   12.143263321319
-7.292449213992  -12.878760538581
 13.394702898174  6.400675925684 
-14.169326757660 -4.489504734858 
-3.822566507834   14.428013589503
 12.722440302837 -7.810750008081 
-5.885800880695   13.747843695266
-10.395248085072 -10.784472049151
 7.759946648061  -12.864353686652
 14.546145635998  3.811238015471 
 2.878128553737   14.832641948625
-5.827631766278  -13.944853114770
 10.137418410228  11.312069200673
-12.674118326215 -8.386698688493 
 6.459072600592  -13.763273981899
-8.980891429424  -12.368808454396
 5.418138835208   14.294796774184
-11.051560913859  10.586269070119
-9.924584832983   11.661060580744
-2.530480714367  -15.106201287373
 14.549315289531 -4.813222115567 
-0.502672653682  -15.447546407889
-4.072176582457  -15.076504796947
-15.597750364169  0.773565416303 
 15.660757241863  1.308261870194 
 15.345679345204 -3.497841561441 
-14.082293132813  7.081135830199 
 1.050449427920  -15.737146327691
 9.283010677409  -12.761324787960
 0.038863368697   15.780842438113
-12.757235814048  9.317377908921 
 4.303770153564   15.312976159077
 7.622017633648   14.053221044493
 12.275727977696 -10.334990050330
 12.740559121280  9.792340013492 
-14.863185451623 -6.167527067988 
-15.885256000645  2.666119449712 
-8.390886301603   13.805937040392
 13.767818191145  8.463532739016 
-15.339051505700  5.186228999881 
 16.186501848258 -1.212205355643 
 4.197030107333  -15.680363677375
 1.792768176088   16.156151152705
 15.153047117266  6.188517917008 
 15.132905521882 -6.248701136325 
-7.172127902062  -14.800123491420
-12.689029315479 -10.568258559823
 11.533848995865 -11.905240289070
-1.614700031418  -16.503623259167
-10.094515462636  13.168012585554
 16.053460860024  4.286990115701 
 16.455724725816  2.605603385468 
 6.258362934118  -15.455038777872
-11.777504148285 -11.821305056002
 14.767259846963 -7.930409521545 
-9.278458120963  -13.973534092658
-10.523226452308 -13.118975441109
-13.909461121754 -9.469548051518 
 12.477933273626  11.291670230303
