 0.069756564977  -0.223515722830 
 0.840049380064   1.106753980924 
 1.872983538493  -0.064640519208 
-0.843626665973  -1.904435310302 
-2.212299573840  -0.367557900977 
-2.161486157151   1.416186393504 
 2.316631789718  -1.583327167342 
-0.997810701577   2.892159697643 
 2.696663617250   1.489050248203 
 1.872050210137   2.860050373401 
 3.415769352263   0.156934010070 
 1.476485098607  -3.120779289252 
-2.452102217511  -2.555150486288 
-2.779054951557   2.797292391485 
-0.494970724667  -4.012604281430 
-4.220340498437  -0.260055383917 
 4.346474141867  -1.185265637826 
-0.168039992255   4.558480190850 
-4.162312074624  -1.962870807755 
 3.165702976591  -3.442598045570 
 1.033098185457  -4.608748110499 
-4.549469933345   1.431958637769 
 4.678053116777   1.203164894586 
 4.045111298108   2.945007570735 
-2.449045212442   4.395245647308 
-4.309330053816   2.969125473370 
 3.170010996235   4.291026278202 
-3.475961405738  -4.162054250961 
-2.089861867961  -5.053268744822 
 2.515534166310  -4.875554334676 
-0.333528935300  -5.596413264933 
-5.663841726979  -0.726664457490 
-1.600552452183   5.667653953458 
 1.733347163138   5.679742817266 
 6.037211907818  -1.161979344211 
-0.115889390183   6.183006136587 
-6.209339577819   0.676573816645 
 4.902847225078  -3.914620225293 
 6.219891623811   1.298808257326 
-6.048443326914  -2.490977503583 
-5.796367943763   3.323294156263 
-4.766405563090   4.799051786944 
 5.762162571407   3.659590102716 
 6.265949516583  -2.832821602810 
-5.470052248453  -4.203145595171 
-1.738711979132  -6.683663223311 
-4.233323499067  -5.520438793752 
 3.740971925625  -5.991558005885 
 1.291299975782  -7.204395281845 
 4.564714022444   5.782624845238 
 2.115461885993   7.163430778871 
-1.912761683819   7.265293742005 
 7.587027378662   0.426289025905 
 0.337901294956   7.682320383195 
-4.303752059831   6.445343285891 
 6.386910426620  -4.465898471545 
-3.404907191218  -7.105614808932 
 3.735698728250   7.042328529928 
 7.917685476409  -1.312341002397 
-6.385530701468   4.902207155051 
-7.919035739945   1.941812644616 
-7.095963262857  -4.051934331073 
-7.416063142322   3.546744224086 
-8.231245084861  -0.651572211672 
 6.985938355352   4.771293326567 
 8.114980565785   2.459323507903 
 3.295515017387  -7.870365443944 
-5.382831636503  -6.632333963864 
-1.234462122921  -8.470616454169 
-8.262774454907  -2.595356390026 
 8.227166099678  -2.878419596637 
 5.074716457513  -7.185717465760 
-6.670693514157  -5.740100507696 
-0.817869681779   8.774992566438 
 6.494727715680  -6.122176257469 
 5.278134692143   7.224644464382 
 9.008318406769  -0.141846941968 
-9.033998571590   0.796735906062 
-3.001725832057  -8.621649715810 
 1.867880029017  -9.047407266571 
 6.774336515175   6.351959760135 
-4.150206113409   8.331801976500 
 0.304659749540  -9.436647739926 
-5.014854459474  -8.170980843457 
 4.444350273382   8.526112646863 
 8.597034752767   4.453556228782 
-9.322331247047   2.695621043966 
-8.626018789748   4.484856185706 
-6.467871417865   7.358071229384 
-7.779512325858   5.980633765042 
 9.615116127255   2.072501115519 
-8.487713256495  -5.095199957591 
 8.909665685271  -4.372782348650 
 1.460089558478   9.884407467574 
-2.168179221732   9.794664466814 
-9.938512392563  -1.369789844586 
-9.498168420707  -3.462637522766 
-6.644605192583  -7.643023906427 
 5.501209289756  -8.801745864952 
-3.732661150030   9.778304491878 
 3.524346369756   9.934585302667 
 10.434467873008 -1.515520557743 
 4.077386969968  -9.748967562096 
 8.491253762595  -6.308206822829 
-1.897818913737  -10.437395654220
-5.574047343673   9.037706742457 
 1.298961683920  -10.652486493893
-3.687082172243  -10.127065853552
-8.325484227954  -6.871531036084 
 10.389890716624 -3.222119332990 
-10.880817052855  1.205730113679 
 7.163879511129  -8.328421117226 
 11.020523587831  0.864790089919 
 10.167546685021  4.397793017572 
 9.425630698765   5.830421642528 
-10.225404746312  4.277454287857 
 6.473956899823   9.073710945747 
-7.247626618918   8.667618978809 
 0.146476149800   11.435317645461
 10.300171271947 -4.994085440218 
 11.118255214592  2.790583442588 
-5.200678894985  -10.293766300915
-2.494634092701   11.302601919569
 8.340894685173   8.030773314785 
 2.854837989988  -11.226452198592
-0.848796956465  -11.610598434910
-11.605587235115 -1.137129747981 
 3.013846991440   11.416504501533
 5.415388260951   10.630329336385
 8.906294763865  -8.036667507018 
-11.514954860114  3.418079892937 
-8.745202804667  -8.419847886731 
-11.884271571418 -2.714140402497 
-11.435845273657 -4.266537525717 
-7.722919681695  -9.524855661839 
-10.504022031507  6.347216907358 
-9.594721575743   7.703594074304 
 9.853359861994   7.392780214776 
-12.320446057410  0.246687383675 
 11.942849522177 -3.387364492612 
-10.570974839096 -6.545821857693 
 5.669944308709  -11.097708400225
 7.188912818309  -10.217643418771
 12.455013471121 -1.150841047117 
-2.668934664345  -12.233786696025
 10.756323785721 -6.517656349999 
 10.943391874776  6.222079138489 
-4.346493443261   11.851889307399
-0.913235841827   12.775611421153
 1.692665904895   12.745837656002
 11.809782820058 -5.094086471711 
-6.611697868969   11.055438056551
-6.389581035285  -11.210856348658
 12.932560925834  1.317923388452 
 8.776474145403  -9.591931912623 
-13.025287882750 -1.667121713248 
-12.918853183339  2.696362805771 
 9.281132864309   9.404690319783 
-9.085385067570   9.637253184122 
 3.950266400015   12.726732324519
 12.882738844186  3.467306921057 
-4.501906318455  -12.560447828584
 12.453517207982  4.976984447516 
-0.657109338966  -13.402071471665
 4.671287665406  -12.615091052961
 2.972556220756  -13.130774047526
 0.854688999223  -13.469607503097
-9.466626068637  -9.758333143556 
-8.198089432065   10.858956975066
 7.110918614295   11.690973229671
-13.124801830738 -3.902954471530 
 8.563169119936   10.783284199095
-5.807720635825   12.504051635433
-10.480136665029  8.968421286873 
-12.839715226163  5.043590924385 
 10.724574017722 -8.687379240721 
 10.782853789858  8.681946517536 
 13.901471765306 -0.044126143148 
-2.504498176266  -13.784133376286
 13.966409340953 -1.690898945096 
-3.172283628278   13.762665262749
 7.736576072605  -11.819186905210
 5.800130407944   12.892513947778
-8.520829243073  -11.372190129908
-12.659348957631 -6.521936591214 
-11.071134944516 -8.977015178810 
-12.515430004562  7.065543739563 
 13.964113565801 -3.417180921140 
 14.185662363863  2.357558912839 
-14.143649887807 -2.682590355401 
 12.847353335635 -6.503876424145 
 1.885043944190   14.339261100592
 6.159338368577  -13.111183573459
 9.749807305932  -10.820824017530
-14.648391358987  1.042313552361 
 3.393455688837   14.293314171685
-0.061169878258   14.758199204207
-6.880212742426  -13.098122698285
 4.416221181771  -14.144468292100
 13.896242357016 -5.318540251138 
 14.128012409109  4.751802683731 
-12.452094164830 -8.210664512173 
 10.058214195789  11.052938081674
 12.293007284940  8.533098161117 
-7.466007419361   12.997334651190
-14.950239680918 -1.096174168917 
-10.796260969547  10.448280837827
-4.403733157409  -14.392072867934
-1.765843782196   14.955204621788
 13.383517527495  7.119588662539 
 2.717243904203  -14.921764364191
-9.462467302481   11.870206507561
-10.603565499704 -10.899696686872
-12.169043582307  9.188665925574 
 15.345305146340  0.402401543266 
 4.864039764975   14.595808717040
-14.518065270253 -5.150071333988 
-5.651603276806   14.412142854392
 8.253929482221   13.144808899552
-2.111081377862  -15.392186867014
 15.534653246594 -1.303783661975 
-14.649669699572  5.416127104687 
 13.496025049319 -7.949426823064 
 9.536585901368  -12.524022791396
 15.441453661366 -3.150404269598 
 0.764669868371  -15.785092942453
 7.034530461770   14.183926275640
-15.439681090557  3.627701927563 
 11.252070405772 -11.317259698353
-3.782416024569   15.513591789242
-12.248947102881 -10.303539818942
 8.261730349056  -13.715870236115
-6.304971377140  -14.779235847835
 6.120956913695  -14.874454122449
-14.281381588286  7.408217515013 
 12.592738186308 -10.174929254699
-0.746272252685  -16.205603622911
 0.582266481308   16.235187732718
-3.549791665731  -15.867675872630
-16.149462866322  2.083244468435 
-16.313663215165  0.561004764467 
-16.092242332400 -2.738541565956 
-14.092342731011 -8.317934582896 
-0.925121298041   16.340533405568
 12.537921438377  10.583928498701
 16.062945630568  3.422545386152 
-7.634168896151   14.581103360707
 15.830368145079 -4.624535023566 
 2.278848777616  -16.358671671029
-11.987319772416  11.419946440937
 15.312601638326 -6.422928227902 
-13.239928366047  10.275138976539
 6.404087589511   15.548719566056
-9.907532758396  -13.601028260745
 10.660140421990  13.030357391076
 2.943139929525   16.599100101271
