-0.631298166573  -0.926918306912 
-1.006509770026   0.606998938814 
 1.801384572634   0.401837256959 
 0.834344706962  -1.869836623252 
-2.390558925013  -0.578180949923 
 0.603762413493   2.404578377730 
-1.012462316883   2.365951542839 
-2.453467120224   1.311454888449 
-0.734716487287  -2.687456013388 
 2.737431311181  -1.377375178332 
-2.264474446586  -2.124146916651 
 1.885608245904  -3.105296503035 
 2.696417452744   2.778179080500 
-2.373060048700   3.064661647484 
 0.493695746402  -3.910953851402 
-3.819999562411  -1.257948036408 
 4.089904451176  -0.131077419499 
 3.858294443826   1.510125267606 
-4.088767718010   1.690812866197 
-0.929007880063   4.485398873462 
-3.226364650840  -3.417456393482 
-1.217281176691  -4.649211673259 
 1.226890598971   4.720357896302 
 4.247628933362  -2.758876474889 
-4.248244988341   3.198305992795 
 5.463358722747  -1.430599467558 
 3.462093302837   4.492238249725 
-2.271058494511   5.234690190362 
 5.633851065529   0.991038372707 
 4.865065680554   3.024813904905 
-2.968555063392  -4.952921338617 
-5.847286423382  -0.106742954615 
-5.630933392829  -1.983843931361 
-5.665232864893   1.945418035125 
 0.275139800489  -5.986827041378 
 2.277623364119  -5.708222347268 
 4.152724882585  -4.546646263346 
-1.315463280313  -6.385755131562 
 6.529425485119  -0.316862164972 
 1.029342798316   6.830023194711 
-5.501976713745   4.182925940373 
-0.481386198894   6.989345799169 
-4.149082546324   5.672811607014 
 2.621747595417   6.670024605236 
 5.938068265352  -4.049563840486 
-5.597034190414  -4.519851948512 
 6.427543731980   3.527723881128 
-7.156452599469  -1.786149893407 
 7.219891138302   1.801282592525 
-3.443972743839  -6.639785290297 
-2.145787216239   7.172672820949 
-6.712811228435  -3.350672085780 
 7.143465646383  -2.299986778349 
-7.556098283873   0.099500505624 
-0.316066288978  -7.565002750791 
 4.053911647132  -6.581141477022 
-7.507972752630   2.020299729800 
-6.958781230869   3.816316351104 
 6.277930376557   5.049169859883 
 1.587683237257  -7.935589506076 
-5.751596948480   5.766313917078 
-4.966407025169  -6.877927752444 
 5.176837900352   6.807460305550 
 6.193349485110  -5.926260172367 
 1.409843416261   8.472929632815 
-8.622789668015  -1.409640031768 
 3.100791561169   8.248662419035 
-1.823691671333  -8.624384012450 
-4.928804324361   7.365572127618 
-3.551248453962   8.138820406515 
-8.227707420752  -3.387875235860 
 3.370119351700  -8.286274995364 
 8.986589992320  -0.038988595726 
-2.090696427009   8.799441482956 
-7.702410985283  -4.809791816178 
-0.034036504295   9.113586466688 
 8.371782498836   3.874234717839 
 8.742448755474  -3.077680850098 
-8.891378090321   2.624581442832 
 9.148296644120   1.521441704278 
 8.156387262507  -4.476749318010 
-7.677946531631   5.538568534079 
-4.388360183423  -8.407828452808 
-7.212648431881  -6.455319989945 
-6.687071541041   6.998792090667 
 5.859359956052  -7.834222537290 
 0.795349435546  -9.812241139993 
-9.918189848471  -0.234710677967 
 5.134894859167   8.566876838180 
 10.009442199913 -1.246603992788 
-1.228851727447   10.059024894751
 8.133959282394  -6.129045611480 
 1.180176934128   10.130166082784
 8.475356453054   5.930858079872 
 6.844492681906   7.776474900529 
-9.489647210377   4.184898066307 
 2.697110305129   10.017880540628
 3.257514262641  -9.868997088010 
-10.269516434167 -1.722118475932 
-2.999450448349   10.005871264409
-6.186196446282  -8.456221141400 
-2.241375231900  -10.261260438858
-5.971253599929   8.684022231456 
-10.158057531662 -3.258483700586 
 10.095432367814  3.599301821649 
 9.720983913502  -4.935226439900 
-4.537689295850  -9.955516855252 
-9.250828816898  -5.862370336587 
-9.404004932857   5.798171933306 
-11.031096132940  1.362575253421 
-0.518441753614  -11.158979940485
-4.588534357776   10.216571669099
-8.138322012372  -7.802150813950 
 4.316987054407   10.421361361500
 10.642978537967 -3.740840880711 
 7.099231769502  -8.802927436473 
 1.166526508200  -11.278594988226
 11.374140220821  0.473027593462 
 5.020242744235  -10.395438101489
-10.459264006852 -4.949934970655 
 10.333603504096  5.245337279695 
 8.840225161747   7.585026338663 
 2.671693094247  -11.347779882892
-1.973779327068   11.514471123954
-3.643349046981  -11.160112800926
 9.325412807674  -7.151325644770 
 2.165072517459   11.570371136359
-11.144602598976  3.873833853063 
-8.222403406077   8.546675563606 
 11.549320343778  2.803057649287 
 6.408177222175   10.036897440025
-6.125220979958  -10.269075214770
 11.793443360745 -1.986258158333 
-6.189725483230   10.236579913551
-1.884784668942  -11.847942347434
-11.899491527326 -2.324336643895 
 0.152726385461   12.229593883189
-12.255791388115 -0.258629535845 
-7.850632454767  -9.472465554698 
-4.023083172969   11.688911991003
 10.333618884565  6.802714345555 
 10.763530755298 -6.122364210420 
-10.345768591389  7.041653811776 
 8.724552362687   9.094166220952 
 3.893697380141   12.080100785877
-12.014555570483 -4.206573191738 
 12.676895449416  1.227281897295 
 0.449522584007  -12.755042574206
-12.678455946243  1.659555404727 
 12.253268932440 -3.676727782455 
 8.613482834842  -9.492979121112 
-11.654164300412  5.337780103076 
-10.239470151961 -7.799499968786 
-9.318369708780  -8.996886358737 
-1.373221534106   12.984792947433
 11.857304960839  5.587464833564 
 3.545534430491  -12.717807011213
 6.560878591944  -11.476534246012
-3.436336558692  -12.824256842589
 12.175627812128 -5.392904807095 
 2.009777535557  -13.187892021430
 8.091900187825   10.644476311117
 10.853356120932 -7.865329250093 
 12.714182242377  4.314886221978 
 1.567823727707   13.369782073920
-11.812420059303 -6.521872838820 
-8.183283881147   10.739599188727
 10.326325077791  8.802759989622 
-6.529383177414   11.912366028370
-7.332539047089  -11.457508177293
-2.836700734449   13.318341609079
 6.243873409824   12.357526586846
 13.842990550154 -0.533045186630 
-13.885336917851  0.202579856944 
-13.203566440926  4.306349254422 
-10.569188017596  9.025761186343 
-5.033660995769   13.020954289725
-0.841905923944  -13.952597605710
-5.190355181771  -12.988898063694
 5.639537811552  -12.915901739826
-13.521712477185 -3.979715996464 
 11.634939267853  7.961689620214 
 13.987439369254  2.330630321313 
-14.150457710070 -1.284673602552 
-9.312789553480  -10.757364446302
 10.751458150640 -9.447615427544 
 14.182618028364 -2.040901233142 
 13.585735190585 -4.798477385143 
 9.612834264318   10.738666561596
-9.763400747054   10.705997814284
 7.861008265161   12.188779613042
 4.915551097926   13.648609880203
-12.940263179370  6.658642269806 
 8.240564912992  -12.095460905511
-0.879388841559   14.610386693837
 1.398791699225  -14.576243988292
-12.211947377442  8.119130431336 
-3.175540216396  -14.335608317751
-14.422168333789  2.947639894992 
 14.717748454244  0.727676491806 
 13.273799267471  6.421534604186 
 14.546396661907 -3.514888248248 
-11.255659935075 -9.915577727095 
 2.540741124337   14.806736614819
 13.247497075934 -7.175761390787 
 9.811084262062  -11.506603643733
 14.658307928381  3.723675173453 
-12.719984076956 -8.226041982815 
 1.045680473753   15.258665193988
 7.229870284241  -13.486996076018
-15.245278623891  1.394214608056 
-7.476723029304  -13.396934901291
 6.486541186873   13.992709578854
 0.017347702347  -15.492078142798
-14.144501615888 -6.357192290684 
 13.313344256534  8.052043241264 
-8.898990439584  -12.799083157735
 14.578759505897  5.572704668326 
-6.339696307750   14.297788844382
 15.661088530482 -0.775218797703 
 11.983581385386  10.148332944423
-4.902240099821  -14.923303781551
-4.952110912467   14.947011748068
 3.490508376529  -15.412099656162
-9.015692903907   12.996838687657
-11.962960029497  10.420189242631
 5.129387555719  -15.028868622338
 14.795081753766 -5.895519343196 
-10.939185933440 -11.591300262768
 15.738939984871  2.564453317191 
-15.648749976036 -3.299638712846 
-2.440583292051   15.840933419944
-15.071653268521  5.457511587539 
 13.361078839419 -8.889898840898 
-6.465548533431  -14.773251849600
-10.948419361992  11.901208285048
 4.105228073646   15.643994732495
 8.834663479965   13.623192395759
-2.130418471956  -16.103260692957
 11.577844762077 -11.399662755608
-16.332504762996  0.343242048635 
 16.323384265933  1.003678204309 
 16.211657875928 -2.322960667308 
-8.019439267069   14.281689587930
-16.128195106246  2.884679572389 
-13.334375517853 -9.650725910886 
 15.986674923908 -3.955089556293 
 13.493954921736  9.574857426176 
-3.699670220366  -16.154968632165
-15.678744851272 -5.393608357127 
 5.730865238837   15.600728632752
-13.983388695447  9.091956454721 
-14.990388461032  7.367957939090 
-4.037657957353   16.213891222362
 2.475524311804   16.549057683121
-16.166682348086  4.389419666061 
