 0.030027528613  -1.082297398961 
 1.137708280643   0.505575998114 
-1.615782587346   1.033003920607 
 0.398500152063   1.902670782462 
 1.579379308288  -1.433538319540 
-1.163459216052  -2.346309807773 
-2.621928741126  -0.206205490617 
-0.981339235821   2.636534043354 
 2.753787637036   1.362410316155 
 1.852801716075   2.637107964181 
 0.015844817300  -3.642412610673 
-3.337328922779   1.473112122586 
 2.726761558881  -2.474577544118 
 3.892003556770   0.016897115338 
 1.154090975974   3.971454672592 
-3.573580811972  -2.659032828641 
 1.524282089455  -4.316080041771 
 3.163443861431   3.429284898736 
-4.493055224830   2.438635366113 
-1.106642576299   5.072957349547 
-1.655628737283  -5.033942748468 
-3.438316269657   4.065701234216 
-5.319042706203  -1.111672128414 
 3.883282597095  -3.924807588523 
-5.489629378466   0.596267452327 
 5.313832659478   1.656750569224 
 1.172420726217   5.551483100033 
 5.374373146298  -1.849264852417 
 4.803138976043   3.216427287549 
 5.825046523906   0.215218433110 
 2.821836124925  -5.140341034702 
 1.288720109296  -5.861946594708 
 3.011573925473   5.209119429775 
-3.587241076384  -5.178017253825 
-6.075023821528   2.066058268158 
-5.084448640928   3.999387179850 
-5.834162445061  -2.836493959201 
-0.689175344869  -6.508036409484 
-2.593054637015   6.195257833219 
-4.213237966734   5.368277390514 
-5.108190832225  -4.565593505514 
 4.440587046331  -5.427266768362 
 4.612785038641   5.388634966566 
 7.082158497287  -0.823747136055 
-7.141071266888  -0.746248486265 
-2.831938628863  -6.601058304290 
 2.003367158706   7.039467122421 
 5.887158328151  -4.436631447902 
 0.530840999147   7.354811178040 
 6.156931954703   4.359377990194 
-7.557842475657   0.708162086355 
 3.445628586766  -6.925472173352 
-1.387337669307   7.734104405791 
 7.510401666337  -2.348934880591 
 3.508171974792   7.051242821205 
-3.989365912330   6.870401630636 
-7.555933846605  -2.545426872949 
 1.628612529481  -7.927455360690 
-0.401193597325  -8.102100235660 
 8.009566546212   1.421308978338 
 7.376689089005   3.458657809677 
-6.789779677746  -4.912614113829 
-2.026844343575  -8.155800870248 
-8.212565153565   2.089712381389 
-2.976038326625   8.012319796507 
-7.368183819249   4.524731733055 
 7.665026333972  -4.184136257580 
-4.403162638559  -7.543213683626 
 5.293647955303   7.084438043933 
 2.362889636906   8.566551362547 
-5.975043667754  -6.625706476176 
-5.498916214357   7.092265252101 
-8.870168630797  -1.593397341480 
 6.160213999084  -6.719549216098 
-6.835613002285   6.228991793067 
 9.276562236169   0.464593182512 
 2.966620503839  -8.908259774887 
 4.016874137087   8.623450332618 
 0.621874837932  -9.527482085120 
 4.691314994923  -8.338231882243 
-3.546317416742  -8.922262087894 
-8.948170384331   3.565400651961 
-9.648054191327   0.148032380040 
-9.183151077291  -3.221499640928 
 7.272437759930   6.524152485895 
-8.431842678462  -4.983907388690 
 9.730319497617  -1.242564737336 
-7.495525920358  -6.348705531877 
 7.676906002989  -6.215504740367 
 1.046944634086   9.859053408999 
-1.018286406724   9.915401856215 
-0.975206736020  -9.938988480368 
-3.142637317479   9.605859321583 
 9.309442148938  -4.095122118609 
-8.373788983070   5.808703479692 
 9.163081067508   4.817653857899 
-5.685868500787  -8.662064419783 
 6.452650745406  -8.243362946615 
-5.797991918898   8.716898798877 
 5.652277963916   8.816584782848 
 10.159510568824 -2.793005350259 
 2.253631208865  -10.360428576256
-7.393085037143   7.683991398485 
-10.408442604814  2.391213610072 
 10.690564041111  1.305760405586 
 10.160859584486  3.632709900412 
 2.755594594425   10.516698449457
-10.738142832109 -1.810387018473 
-4.736743543536   9.843858946576 
 3.772231872418  -10.263238900822
 9.409844769815  -5.650220784163 
 10.982139939128 -0.374312089402 
 8.988720535344   6.438332890312 
-9.864474163521   5.216484482338 
-0.129678678940   11.243045011314
-9.911505058991  -5.399430458144 
-7.524311047353  -8.426160218461 
-3.318336147050  -10.819867249077
-11.295223060116  1.118952565744 
-9.117863297451  -7.010932619096 
 6.163829084260  -9.721309917896 
 1.474059174175   11.484815873429
 4.454413128305   10.711367496275
-3.067312820583   11.271030820225
 7.175632117936   9.283344786038 
 11.594537746107 -2.000632951943 
 8.098911460369  -8.609622522850 
-6.563615632319  -9.887684930545 
-0.360772986718  -11.894287308667
-2.121325478363  -11.738206721881
 8.848773678100   8.023489604071 
-4.834537377088  -10.946314257550
 10.893515375061 -4.960764303009 
 10.537383719296  5.722344658162 
-9.584564098775   7.223446419882 
-1.565873936307   11.920372069636
-12.148825574503 -0.431498174884 
-7.795884935643   9.383749302591 
-11.786135592076 -3.362840888198 
-12.115267791848  2.623727435623 
 11.613642425584  4.353407906062 
 3.227722299045  -12.021350666143
 12.455958529267  0.030373702575 
 6.098654363182   10.865491098035
-11.811727873251  4.123513236165 
-11.520952327404 -4.942379541518 
 12.343464557617  2.582584300783 
-12.467622317633 -1.966246950661 
 3.212284120026   12.255928428511
 1.006724896154  -12.642903988490
-6.850746630307   10.680387949101
-10.802235982536 -6.776386524418 
 12.182751732119 -3.872218228603 
-3.992322158143  -12.359102331942
 10.212395357077 -8.083297474254 
-9.995953978725  -8.371957531504 
 7.841153894480  -10.472365361670
-8.916506267356  -9.591891536301 
-6.476810079137  -11.414636115971
-13.145379957113  0.741707617978 
-11.991821967601  5.646058164751 
 8.613242609431   10.076119802669
 0.193290109826   13.350351976878
 6.238569712827  -11.808939777827
 10.340382051863  8.515611396810 
 11.728360993032 -6.825302672225 
 12.512377134920 -5.361872957799 
-10.661761381054  8.495771228884 
 2.396955388252  -13.474359224762
-1.282393775888  -13.628928512997
 9.539489042325  -9.819025726127 
-1.615591699205   13.679925926546
-13.621529172100  2.288548908958 
-5.230303776526   12.828294729265
 13.331593650423  3.934287175303 
-2.951724369915  -13.608241907832
-13.695773657637 -2.989846090144 
 5.891314485992   12.722371654157
 4.421423889105  -13.317441451340
 11.735814103802  7.767434986762 
 3.065461107261   13.758761241656
-12.433378070121 -6.649051044545 
-3.196087277110   13.771458377618
 14.054247648228 -1.813410279037 
 13.763317827897 -3.401434091365 
 12.676914978419  6.362527271077 
 14.212579225330  0.899084304223 
 7.799948407819  -11.997397290125
-5.097959156224  -13.378446108796
-9.699661506071   10.542878227286
 7.864641311035   11.983472038876
 10.417015602765  10.088639413906
-8.860503281804  -11.485010076475
-11.437199788334 -9.076901857528 
-8.150880768832   12.130587588101
-6.625588542685  -13.034333469175
 1.087194835140   14.764948479485
-13.358444086316  6.430956096519 
-12.257158476672  8.351016630144 
-0.665774097143   14.867073396680
 11.137823794468 -9.914502275309 
-13.925570545776 -5.427417386162 
-14.186425295892  4.827880022134 
 14.764179865494  2.829976401136 
 13.394596873484 -6.832030601031 
-14.999758805689 -1.211788350517 
 5.775648079865  -13.992234553431
 1.054529474306  -15.167280136185
 14.333112620694  5.114257202722 
-14.768035431564 -4.111981245710 
-15.339462484129  0.301589626518 
 2.714818590989  -15.136332267474
-2.223597863160  -15.232841019619
-15.260133631575  2.208920429802 
 14.747173537376 -4.610454087011 
-6.128842523144   14.278683406646
 13.017247606532 -8.593941052307 
-4.104967424586   15.106167862827
 12.835036619125  9.023780339367 
 15.433353016712 -2.968962323885 
 15.703751186838 -1.109671563726 
-7.682455285862   13.761212478217
-10.758414933247 -11.576342095915
 5.160153367176   14.937513537220
-8.536219075872  -13.328093229077
-13.138595585122 -8.921864185857 
 2.845229631165   15.639186737147
 8.226677070817   13.682684872498
 12.094369540599  10.468856031228
 10.289335924403  12.279873017971
-15.603622072334  3.877300622819 
 16.011670480410  1.519176032207 
-2.754391176235   15.868904811508
 14.700272391936  6.594214672758 
-14.585872358730 -6.863253847151 
-12.358981481506  10.484312079944
-10.270653477907  12.562162216232
-14.068385987090  8.246414757415 
 6.760450811303   14.858782194443
 4.235481092542  -15.788510897826
 10.736416796502 -12.337600789565
 14.126355189210  8.250426781437 
 0.942510517737   16.332660412293
 8.575242588503  -13.958411943198
 7.157410489207  -14.743700193465
-4.054792130996  -15.892677766118
-14.920922645813  6.824728355493 
-6.130419115198  -15.243351981145
-0.938142147931  -16.499798664474
-12.698284797383 -10.616419950150
-16.552877206180 -1.550454087329 
 16.286815590530  3.869542775598 
-16.354628126827 -3.839166776588 
 14.941400479367 -7.685110311533 
 15.663371942279 -6.212292023708 
-10.297002035006 -13.417227976921
