-0.253998897520   0.577123140981 
-0.369366822327  -1.207030935601 
 1.320328299181   0.113033482430 
-1.852107513930   0.447486074487 
 1.559140546405  -1.372053010490 
-0.080246542830   2.101608253658 
 2.263989643969   1.416866351375 
-1.927626808516  -2.085364909003 
 0.996242961497  -2.874158298629 
-3.122910496284  -0.709500717007 
-0.586835385399  -3.307408851604 
 3.486933355625   0.370740284314 
-2.671497884634   2.448989938633 
 0.487342287959   3.637910661605 
 3.775468092173  -1.472632906816 
-3.534081136206  -2.391243134688 
 2.594320901436  -3.540716884662 
-1.949652691902   4.017316817894 
-4.110238894762   2.003666279188 
-2.536447834282  -3.903920269712 
-4.853538367373  -0.573310213709 
-1.182551876007  -4.758936180085 
 5.063562580254  -0.380539906920 
 3.259026468404   3.909730094651 
 1.943874510491   4.732777951211 
 4.507081553908   2.510661931280 
 4.271448658045  -3.546690865531 
 0.904423479196  -5.484803086950 
-5.516319344178   1.077073157566 
-4.446332751263   3.777940068939 
 0.809654801572   5.803888949472 
-0.728470444491   6.019363453714 
 5.578852691544  -2.691700873628 
-5.474413272574  -2.919270643177 
-0.587720227225  -6.230598304465 
-3.411857274993  -5.274437097627 
 2.740908643571  -5.982209385558 
-3.231720074426   5.731982456414 
 3.676100088797   5.507971387463 
-4.888954434832  -4.520026968955 
-2.157730100819  -6.311737942964 
-6.687146479249  -0.406109514299 
 6.886184698991  -0.338456554927 
 6.730730818048   1.783564668383 
 5.895797991392   3.704764027883 
 4.859853649594  -5.035807798562 
 2.037142656753   6.706451514189 
-6.009797931613   3.888582318198 
 6.967234950696  -1.840522641340 
-6.986888877324  -1.965854423772 
 6.324906793338  -4.342213253497 
 1.241095146824  -7.643454224298 
 5.411050568684   5.743610411417 
-7.580474963596   2.412898935829 
 4.091351988403  -6.849849815504 
-1.240803830823  -7.887119519012 
-4.811641651994   6.374260950560 
 4.012767132554   7.007786003366 
-4.715890026044  -6.611148074669 
-7.033563505492  -4.187090732766 
-8.245288014346  -0.808590854280 
-3.668544441188   7.449714470280 
-0.295765872168   8.316784258296 
 2.774303475102  -7.943159081319 
-2.177838585887   8.178262063565 
 7.206072235134   4.550026692723 
 7.955453843190  -3.066947826114 
-2.975355327602  -8.077136576662 
 8.509068394159  -1.551060542746 
 8.136676626149   3.363105716962 
 6.377152745880  -6.114208587730 
-6.487852894079  -6.101341408705 
-8.379222077381  -3.072650103339 
-7.273172323997   5.225479658923 
 8.859800733134   1.497804485022 
-9.088233487243   1.150901281014 
 2.550651884108   8.907623648964 
 7.002679517435   6.124678078265 
-4.800291029031  -8.114980768080 
-8.493475874214   4.095363985665 
 9.438316446351  -0.221205639757 
-6.524498214523   6.964753494419 
 0.587420775636   9.546479644391 
 5.940046010715   7.552115480305 
-9.715566702689  -0.289865681113 
 4.969572350715  -8.378151859340 
 0.615276757328  -9.813881252980 
-4.529237563824   8.799664279426 
 2.820144421691  -9.598660786424 
-0.998119354188   10.056039706024
 6.414859297067  -7.829210716834 
 8.959208087753  -4.812646611838 
 9.707926999668   3.299166229071 
 9.892163511742  -2.726584181696 
-9.821742758120   3.093585535742 
-1.246643443849  -10.237051137995
 4.982779739942   9.069883923604 
-8.379877702415  -6.083827506894 
-9.873908646643  -3.205936500739 
-9.230148409697  -4.804299843330 
-6.298608990540  -8.318967136479 
 1.915768157130   10.384599536430
 8.164758218433  -6.851135283422 
 3.723656100285   9.990589544471 
 9.393198331281   5.181638265907 
 10.719530614815 -1.427079940017 
-3.050771800079   10.385470295796
-6.075163286328   8.959774063483 
-9.087152476896   6.041832567298 
-4.341359580636  -10.055641499425
 1.729954075882  -10.820974601955
 11.015972806641  0.053765959991 
-8.148439367216   7.488069420044 
-2.683974799046  -10.810514918852
 6.537572834042   9.170281034617 
 6.130800567292  -9.507239690311 
-11.295066727222 -1.089364932814 
-11.261508983528  1.776344110080 
-8.150257127751  -7.972823432296 
 4.799016117158  -10.417658173380
 0.103843440918  -11.526031778221
 8.911828030993   7.371294498281 
-5.175302806376   10.388964113247
-0.287018585372   11.682263774370
-10.538663490699  5.104225863800 
 10.952622362894 -4.162367430138 
-10.035071871909 -6.101766469238 
 8.050543298766  -8.860611828027 
-1.860203196999   11.843959274770
 3.232036063650  -11.550462506211
-6.586898128990  -10.029260582927
 11.875412855838  1.772381598460 
 9.657852888721  -7.427051907567 
 2.723228100180   11.930881428986
 10.850827424914 -5.786013110434 
-11.697067635441 -3.935987069260 
 11.364177944387  4.992950510181 
-9.845009039129  -7.611387182262 
 1.262058561871   12.420972865042
 5.182465101521   11.359106692030
-6.757260176308   10.580349009682
 1.468997426656  -12.525346489998
-4.174847152385   11.911089116389
-8.402431137315   9.468125413176 
 8.734766224620   9.234432076333 
-0.872227203304  -12.708529973985
-3.809279432185  -12.193850869284
-8.100627522894  -9.879600189794 
 11.011301561397  6.608833421456 
-10.619348171977  7.226637637727 
 12.426064286478  3.278532817678 
 12.535290694062 -2.912288004427 
-12.916260267700 -0.373674651027 
 7.138863751317  -10.794173623929
 7.298806795709   10.700913703842
-12.297313143992  4.098693775730 
 12.972986467644 -0.019051796974 
 5.181486495853  -12.138295494156
-13.067981083127 -2.047021844081 
-6.430709226928  -11.592358467827
-13.204091025692  1.431043390370 
-2.907305105761   12.959761874513
-2.298951302876  -13.235514878558
-11.776736425264 -6.536698451237 
 3.447731802575  -13.042600139599
 12.634105381475 -4.919766548701 
-9.714555097786  -9.984225659465 
-0.677070301932   13.916565027095
-6.335635761295   12.413011705454
-13.414183502393 -3.880413515075 
 12.369404796369 -6.529547970777 
-5.390598020314  -12.931365204222
-12.910356862027  5.616214958249 
 12.750077334630  5.979301912626 
 11.211173144920  8.523002466022 
-0.166491558882  -14.098866631669
-10.931370576323  8.925824965133 
-4.340942321458   13.436383257767
 4.039060584103   13.532950005285
 14.069153227484  1.426551864324 
 10.283323789540 -9.710614608959 
 5.812885751257   12.909647928905
 8.798725411400  -11.176458950483
-13.037779474438 -5.698354989785 
 8.978779697852   11.078110211157
 11.809904962787 -8.021222633555 
-9.397337986184   10.774285884898
-12.126757782706  7.627296024158 
-7.968914760732  -11.954945721939
-13.834898117916  4.205089865461 
 14.171947921745 -3.397985141365 
 14.279617502122  2.928364721407 
 6.966728575814  -12.817979722451
 0.910816796256   14.600831880903
-14.405271654310  2.582347498751 
 13.937919374764  4.616543909926 
 10.815669403609  10.006852779096
-2.133754378352   14.692365758056
-12.085535719677 -8.632989664173 
 7.854362767601   12.623284074764
-14.857060957605  0.585148318694 
 5.523478457689  -13.866303472677
-8.752038078290   12.169228578871
-6.999426641829  -13.287240099587
 2.593717468800   14.811738946842
-2.285310303522  -14.887639379753
 14.113098396422 -5.318274143763 
-15.078259879601 -1.095249816249 
 15.084173761956 -1.897048716068 
 12.862710682350  8.199402289790 
-11.209210879945 -10.349337677325
 2.445214345654  -15.154242460014
-5.909043767619   14.186140586228
-4.484899962498  -14.717596241130
-13.632449451608 -7.148959324472 
-14.926744495195 -3.849454530741 
 0.962979332528  -15.389129857639
-4.107503099219   14.923024509131
 13.894725131626  7.011009455429 
 15.632296197362  0.346015433592 
-5.981421569864  -14.467217383012
-10.176701685056 -11.900404957326
 4.419082890966  -15.050968620883
 11.928263366667 -10.291049753630
 14.055478370344 -7.152827852298 
 10.081861366396  12.164634824194
-12.228968667462  10.042952825035
 9.196503986779  -12.932053169497
-15.438341032090  3.781861778158 
 13.374856313297 -8.620102187466 
-8.116002734138   13.856661035731
-15.162146244239  5.307703073770 
 15.659586001965 -3.662965112967 
-8.871842555653  -13.429360163111
 6.138570600309   14.889402671182
 15.861921800415  3.051371300371 
-11.549404110010  11.383725470897
 3.770717558335   15.779617602035
 15.464921195111  5.027270951203 
 0.147069316002   16.268710247223
-2.902557817680   16.027756605775
-14.398172260839  7.673143216434 
-16.322581521058 -0.164259963738 
-16.315762566338  2.176932592682 
 10.943338661526 -12.344534423006
-1.900703009231  -16.395171812413
 12.374543667476  10.931313059332
 16.550505329202 -0.884515006705 
 2.086986371627   16.452932763285
-13.285101480421 -9.983805762568 
-13.785256371415  9.428581366237 
-10.082065486830  13.338115932055
-7.839676093089  -14.791489188254
-11.780425771798 -11.919816829051
 9.543121063318   13.781523076272
-16.691782702970 -1.805729665328 
