 0.265793800700  -0.788026962526 
-1.481009119770  -0.381585424935 
 1.956339609034  -0.136721395897 
 0.448563533662   1.950486406676 
-1.546895655726   1.290210631656 
-0.122979748449  -2.344366557286 
 1.917720040564   1.460838896359 
 2.081375471032  -1.662127961147 
-1.912530344972  -2.668036584827 
 1.640706358504  -3.186919427366 
 1.454449854191   3.336490937120 
-2.357835434944   2.799334331923 
-3.645604232728   0.695952083591 
-0.333505915838   3.799232963829 
-3.438514690599  -1.875258041778 
 3.755141180908  -1.345196547301 
 4.036513027843   0.429811278128 
-0.013179687591  -4.248612750830 
 3.653962599098   2.410475538707 
 2.856723163893   4.094546225686 
 1.763173599923  -4.691503450528 
 4.305641188770  -2.787386233959 
-2.909302317039   4.322713952114 
-4.997922236149   1.539391425300 
 3.274017019958  -4.091089544198 
 1.501218108703   5.120138974601 
 5.298965383483  -1.334923184053 
-3.453985143090  -4.450600493990 
-1.936616212462  -5.481380749533 
-0.863463308398   5.944175796863 
-6.002534049231  -0.837725019194 
-4.870665668527   3.823391003228 
-5.533057054510  -3.087224970926 
 4.735350444983   4.212191270397 
 2.970792041158   5.613885388040 
 0.564295437032  -6.370505726362 
 6.464515281183   0.025342547129 
 6.336200041231   1.574782920136 
 2.186277339863  -6.162660178263 
 0.856888578426   6.516710794381 
-3.017551153820   5.867853516346 
 6.163748498129  -2.874269074425 
-3.416245370775  -5.962593746635 
 6.411741994687   3.143291992556 
 5.030747318617  -5.295501499803 
-7.334916276312   0.925989426224 
-4.515522207564   6.059519778092 
-6.929743562059   3.085705630681 
-7.439043383102  -1.696340416444 
-4.958770371614  -5.812413593311 
 3.641679987738  -6.819847720900 
-2.686586604236  -7.298278880598 
 5.319159332534   5.680896630020 
-0.006062430758  -7.832401105047 
 2.353986855016   7.674707909112 
-2.936510172820   7.472621451534 
 7.779152018738   2.029194952798 
-6.864357119367  -4.238492071170 
 3.970012400469   7.036156043924 
-6.185141739251   5.377190338011 
 1.815893285136  -8.049933250292 
 8.228767216668  -0.998104673460 
 6.755401540718   5.111681517451 
 6.714416674959  -5.176071467256 
 8.001342796421  -2.918595677168 
 0.934274204521   8.505227527338 
-1.490713118342   8.481903521671 
-6.514090162017  -5.865260845040 
-8.778993479278  -0.470211837300 
 8.791048578374   0.541895812407 
 5.741574060572  -6.832017832191 
 8.033926062142   4.161810839382 
-4.833125393718  -7.753436076906 
-1.330048727381  -9.103892246016 
 6.620382341753   6.751836730344 
-8.814566271395  -3.682378933730 
-8.916751370442   3.683145190958 
-0.329722860079   9.702051758464 
-3.001677962632  -9.237346320276 
-9.735077756973   0.738897463660 
-8.269036440361   5.230982304838 
 5.506088583364   8.150292474182 
-4.319190701112   8.850792267500 
 5.215447334144  -8.368343242281 
-6.549389844276  -7.373638293104 
-9.716789925095  -1.836420104120 
 9.738165726801   1.818098593124 
 8.664450922882  -4.889867498513 
-2.874854212635   9.551330340645 
-7.219908737941   7.013787204058 
 3.191491610150  -9.591277925471 
 1.623482179224  -9.977523080511 
-9.895063230711   2.328911738679 
 10.212142182943 -0.625708536725 
 9.644244913014  -3.477287554034 
-6.259516592134   8.200618686960 
 3.615942104072   9.679074978343 
 7.926192679635  -6.649078318142 
-0.226555936001  -10.403772211506
 6.813261959585  -8.020036666719 
 1.964729582489   10.504781116286
-9.729906465900  -4.915883097997 
-8.941938576543  -6.241222650104 
-10.360290943135 -3.475857548479 
-6.733181705262  -8.900249006425 
 4.716522497174  -10.117173103303
 10.481026330979  3.968900972334 
-3.699993538038  -10.605108822172
 8.939562656155   6.825269435754 
 7.767648361474   8.170331644052 
-8.770260360102   7.096434161089 
-5.372020300585  -9.977303176761 
-1.893337162932   11.196390719838
-8.241933209178  -7.905976328186 
 11.197816991998  2.514760363600 
-10.589601049122  4.455113457600 
-11.505576473295  0.101112721013 
 9.729435847932  -6.163755006418 
 11.266096340832 -2.660501128910 
-4.151177261900   10.843859907115
 6.429286881260  -9.715374877118 
-11.551548939345  1.916811891879 
 10.364448124687  5.486143299192 
 10.918315113026 -4.315609871465 
-6.624896771242   9.798631935331 
 3.233543644799   11.409496008674
-0.632617805837  -11.885771348621
-11.754746808220 -2.180577910050 
 3.684577262153  -11.381963302174
 2.112495605531  -11.790714121657
 5.425236158969   10.759317113432
 12.050134253708  1.115025282210 
 8.800839531429  -8.327283423476 
-2.411177497749  -11.886418691776
 12.131037018636 -0.395123086914 
-8.063134028660   9.131776264244 
 1.757172033835   12.086053760612
-0.069900493808   12.246573182090
 7.395788735684   9.879731769839 
-10.622250537601 -6.436213140467 
-11.956563054097 -4.064384489316 
 12.093351755949  3.947674100419 
-4.632334594030  -11.922993745352
-8.201236027241  -9.828880006934 
-10.311682433896  7.692058112862 
-12.307310039520  3.801058750914 
-11.365816695506  6.118434697518 
 1.061115702814  -12.903509714347
 9.454088093649   8.849519937323 
-6.273190355005  -11.405819897832
 10.519916110181 -7.686793971518 
-13.020548217045  1.429000713599 
-4.256325686141   12.387971358244
 4.718011450248   12.297392728386
-13.232328195940 -0.465644216028 
-1.512627804918   13.159233360537
 3.123872198144   12.926892806379
 13.240027054023 -1.596926925420 
 12.963675929103 -3.262611791781 
 8.576134904101  -10.287963343850
 11.710312322915  6.735881347772 
 3.864200660517  -12.986432969359
-9.519823482400   9.714571871276 
-10.271075324246 -8.925942956886 
-7.284858661982   11.508029565374
-3.051482139744   13.291915972560
 12.536778314378  5.412521422946 
 11.870118565259 -6.819292452437 
 5.824330537500  -12.389990813912
-13.512845712190 -2.474961994746 
 13.457113423937  2.769007217081 
 10.912909216641  8.413303668739 
-12.876594161185 -5.263731737390 
 13.024031901583 -4.924126425332 
 7.794883068528  -11.595149939766
 13.985548741062  0.841976215146 
 8.587440499047   11.163048509395
-1.310935692851  -14.036949528701
-7.785762809078  -11.885712814287
-12.479784106381 -6.982891521872 
 1.348902579331   14.250950952490
-10.985179181822  9.242666867223 
-5.699952758950  -13.188862847259
 2.587654183833  -14.137392685687
-4.043568480982  -13.853404002377
-12.843396185012  6.703743810661 
-6.418711556415   12.993525261255
 11.128370933706 -9.403012765522 
-5.045449511255   13.684354436986
-0.693105778712   14.576059657138
 10.459532621911  10.310874842990
 14.656833619358 -0.990852963432 
 7.522734035838   12.652335188390
-14.708465937993  1.255230345243 
 0.833108338215  -14.746589105509
-9.671790239061   11.239838827317
-12.119351249295 -8.561221270197 
 13.344750103186 -6.538687569686 
 4.519455812110   14.170354009756
 2.885459282799   14.649213309162
 10.394819122864 -10.747020426874
 5.977615750559   13.744366991752
-10.475508844345 -10.748099180115
-15.002980959965 -1.337457585304 
-12.380511994440  8.606898677146 
-14.518783675885 -4.094373455653 
-14.047988154083  5.508245239691 
 13.021422708796  7.657839145272 
-14.626284198484  3.882404531029 
-3.168814031352   14.872034859584
 14.014596399132  6.019457789349 
 15.083727080445  2.459087303853 
 4.699918978744  -14.542965084868
 14.687588841367  4.298848946156 
 6.893121099076  -13.868767786602
-2.517978288143  -15.286961673266
 12.091716492685  9.719608426046 
 8.232970259815  -13.171137839867
 9.643451996299  -12.204830777359
-0.418714028463  -15.616067251206
 14.719483380826 -5.476310295966 
-14.203008435315 -6.793348080733 
-5.659440993058  -14.753434425142
 0.162563980059   15.839796742166
 13.297924599852 -8.628213241980 
-15.851723983980  0.259630440543 
 15.426424286449 -3.715098815009 
-15.694715179380  2.401918412643 
 10.627096651299  11.810205424165
-11.875335869165  10.642465508285
-7.116045824496   14.333122400067
-8.706435118635   13.442284152538
 1.793743948701  -15.933309951746
 16.033509567060  0.599339331376 
-5.243388911978   15.215654864991
 2.082366690562   16.265084819979
-1.377834636964   16.397217642866
 12.925074076035 -10.264310786611
-14.037028467983  8.707823386760 
-15.462138881221 -5.823422815666 
-10.425473743551 -12.821721591811
 11.602959975181 -11.772895507731
-13.851062159484 -9.092422870862 
-10.333030599099  12.979103946783
 7.357333102808   14.878483707014
 5.569576828245   15.641410045232
-8.193662471422  -14.465650528395
 13.920146256679  9.104030608905 
 3.388706053000  -16.301228848293
-16.112334352071 -4.243984115715 
-14.922928304970  7.418691042872 
 15.575759294633  5.973401877103 
-3.027977747465   16.430172054897
-16.298348253454  3.856599011696 
-11.700866594263 -11.989364298714
-13.019411603177 -10.662231228503
