-0.888719305287  -0.353993625538 
 0.942922081491   0.425697085321 
 0.599233784931  -1.661638912191 
 2.020939045326  -0.931230880516 
 0.859382091267   2.108815322795 
-1.025946541992   2.295061716719 
-2.443774426256  -0.919829484328 
-2.782922425478   0.797505631124 
-1.805093388431  -2.463686275076 
 3.354314385708  -0.172044208506 
 0.390019312649  -3.386240171587 
 2.887079292434   1.919957602047 
-2.125174622534   3.381619432893 
-3.675822418024  -1.817473219813 
 3.648954805445  -2.141446078178 
 0.291081556162   4.249850597293 
 1.933708942484  -3.870734524763 
-1.056762843582  -4.305690243360 
-4.467292901172  -0.413040006093 
 1.969750971952   4.043665839114 
-4.382241526689   1.085687739168 
 4.348935598655   2.670793885676 
 5.033381714263   0.925925913367 
-3.858417053493  -3.433484099457 
 0.708347956630  -5.257661043635 
-1.385471017925   5.331264719474 
-4.680936041997   2.986274983397 
 5.431516650641  -1.502778104513 
-5.699893949381  -1.306844930986 
 4.416331437421  -4.095139050555 
-5.864165296381   1.486714893605 
-2.762371214587  -5.531178349904 
-3.033245220993   5.392092197657 
 2.145570512508  -5.822561092467 
 3.697483404436   5.003523549380 
-1.148776324558  -6.296636872950 
 6.561480723588   1.574740457613 
-6.842493513969   0.258162258684 
 1.607158294679   6.656570548308 
 3.871602176575  -5.651978962485 
-5.338173363324   4.376650405953 
-0.092943413915   6.915884113152 
-5.629112412428  -4.171919460239 
 6.944396813602  -1.684818941304 
 0.622662826536  -7.173278468745 
-6.615015592337   3.091660516921 
 6.523913753466   3.294356406914 
 7.338216485759   0.089053736082 
-5.013964873876  -5.553950232165 
-7.435734338805   1.798315428190 
 6.591539589371  -4.027565866131 
 2.310300343159  -7.401465558524 
 5.437667682001  -5.529931801510 
-7.433718409756  -2.558194295757 
-2.951680881188   7.432946067878 
-2.828773732164  -7.504672451015 
 6.502104938820   4.866690160622 
 8.047354552704   1.888472071593 
-5.124830329504   6.492613660709 
-4.483826866671  -6.978159110544 
 3.205283287980   7.692118805608 
-8.433632814716   0.555960801566 
 4.645262661987  -7.151900170708 
-0.487565591893  -8.551766957642 
 8.427211857390  -1.993645417961 
-8.663314174258  -1.243900141135 
-8.106223458942   3.309400333217 
-2.026937230016   8.720506865671 
 8.933763281117   0.600076400617 
 1.747471632707   8.803432074343 
 5.576887817933   7.078907344564 
-7.533372929190  -5.173940676385 
 3.704612348933  -8.365394124864 
-8.402077841007  -3.795666207822 
 8.643449029441  -3.529223659352 
-2.093059368701  -9.106468368455 
 0.205743044860   9.356018361968 
 8.717606756864   3.494237923563 
 7.942734097961  -5.020486077221 
-4.007487141002   8.591734083210 
-3.731748645186  -8.739326029372 
-9.332932715842   2.351052311761 
-8.323305057463   4.863496225259 
 6.099159561958  -7.629779348529 
-6.146049949900  -7.675716669019 
 1.693557846592  -9.690337004004 
 7.922050148405   5.843221474772 
 9.843344755163  -0.880238761429 
-7.332145832955   6.646346863373 
 7.450416720576  -6.517224248545 
-5.558415631532   8.255616687280 
-7.401745855139  -6.773587158884 
 4.848573129921   8.830695841743 
-10.160535059358  0.635946821488 
-9.535604349339   3.936972168694 
 10.115842299121 -2.438830420341 
-5.424795353287  -8.991965164945 
 2.942567034489   10.090171943475
 10.352734071643  1.814988311901 
 5.218750759560  -9.216404793369 
-1.567307841714   10.505439787526
 1.076478222300   10.709231017994
-10.061031455787 -3.903525652676 
-10.607956475026 -2.032111226198 
 9.807459369782   4.657907379071 
-3.395657201313  -10.329931255986
 0.683673873508  -10.870289613726
-3.300727254798   10.512662986921
 2.971395685696  -10.616025435363
 9.076729720748  -6.260840116367 
 6.848004410662   8.663210510929 
 11.158987670443  0.335944389557 
-11.093411168567  2.110143990240 
 10.945203474279  3.241613226449 
-1.317618548623  -11.344592992331
-4.901820021159   10.331176737604
-7.295869837245   8.820576640164 
-0.279774022950   11.475402203890
-11.480463758342 -0.177193086062 
-9.012718026891  -7.290591960222 
 11.597040412749 -1.570223384668 
 4.969534490073   10.618401606873
-10.020789633456 -6.170253842192 
 7.729847418332  -8.908575064278 
 10.767743943804 -4.986843962609 
-7.614818597506  -9.102321233312 
-10.969085980483  4.530279444601 
 2.315624322358   11.734412338223
-9.228977371969   7.710599594310 
 9.759011493389   7.071964760780 
 2.009221952438  -11.895566196271
-2.902351918922  -11.793469954343
-5.371093574334  -10.994859778283
 6.113178602585  -10.623100390467
-10.583400045080  6.288179802720 
 11.843045591315 -3.426993368370 
 8.500554126944   9.025318644770 
 12.244725584962  2.102524117978 
 4.534360704803  -11.596980624010
 11.258676658523  5.485865229647 
-3.899525045219   11.909632394841
-6.814329614377  -10.532825345541
-12.325687167292 -2.763501231343 
 9.655175069419  -8.203931765341 
-12.641567593958 -1.130086692908 
 12.735329624625  0.678077525706 
 7.162957365438   10.568561760419
-0.807672370606  -12.773690432708
-12.796728058492  0.668937686205 
-1.862984025725   12.832094433198
 0.575328323699   13.062678703745
-12.754516969075  3.159811332402 
-12.341019829243 -4.930713561747 
 3.360569090929  -13.042817599477
 13.337278923875 -1.881766038587 
-6.893374853274   11.585009007222
 12.205924158069 -5.730176587801 
 10.009133808062  9.054064606835 
-11.342809272487 -7.317794788223 
 13.125398487575  3.323055006977 
-8.760101531367  -10.341823614557
 2.253933811864   13.398363455606
-12.451362587325  5.451170860626 
-10.424893826305 -8.725914751745 
 11.545876570977 -7.194209699486 
 7.583251739436  -11.322747069400
 0.590893840412  -13.619635616836
 4.705341035309   12.802044124795
-8.751581557329   10.589639245047
 6.828319065736   12.037157981433
-6.815764271596  -12.060012767560
 10.014287549598 -9.727949669021 
 13.637464805657 -3.531266319128 
-3.667618323475  -13.619231994979
-10.830260198561  9.078569518640 
-5.230597629867   13.194844112810
 13.179752648980  5.291794028462 
-14.123406745047 -1.550790784243 
 5.186281173855  -13.262918497809
 12.584570354516  6.759733647063 
-1.220721798776  -14.248504510926
 14.153974818356  2.110095421323 
-0.393354882016   14.312010540864
-12.501526790651  7.030175552987 
 9.223322262131  -11.036940143333
-2.542154422340   14.185007792573
-12.869497391349 -6.532413961044 
 9.847993541902   10.633112550480
-5.768904709906  -13.304666549225
 6.755209267488  -12.839861193526
-14.189877873510 -3.103599723621 
 1.992674978592  -14.493632094694
-13.921029195704 -4.632747851902 
-14.278095611403  3.851420254726 
-14.755964857522  1.270183641021 
 11.553366918513  9.311249315175 
-6.895179702576   13.166715305853
 14.823910645700 -1.140644137190 
-14.929801676673 -0.274161356166 
 14.020900552833 -5.190914537031 
 6.385122766499   13.578871491066
-11.668606788675 -9.696393383893 
 14.938679528390 -2.686880151342 
-14.007630863194  5.942377415254 
-10.850990433482  10.677042893216
 12.312279343788 -8.962527284856 
 8.027725541296   13.004412119873
 14.639895534708  4.399162471077 
 15.253955654006  1.086248201015 
-13.078044463408 -8.056151753598 
 3.975325939430  -14.907781531549
 3.144146484594   15.112216290947
-0.189184352757  -15.453418527275
-2.892234050157  -15.182112467100
 9.101199321398  -12.553384259484
-10.331376809844 -11.608598682147
-4.652045014705  -14.887089121281
-12.584014216154  9.443418847610 
-15.616803652594 -2.418628173840 
 13.657387966661 -7.984052348516 
 4.813714375386   15.094661458714
-9.079818285471  -13.011171157107
-4.355601805261   15.259704550358
-7.358886837822  -14.073034495578
 15.588973467928  3.049240282557 
 1.621431582932   15.820742816156
-2.516710707385   15.740271279661
-15.731085782950  2.884063077030 
 2.770952584517  -15.835254995479
-10.402211111415  12.348058121126
 8.049352560752  -14.000547211498
-9.048701587588   13.378561328652
-15.015143246064 -5.958080650286 
-5.937187235485   15.104238511321
-15.637212647871 -4.459361492305 
 10.093806705369  12.791235871821
 10.712920354083 -12.287034899715
 14.496337879408  7.544157356020 
-7.705856162878   14.463559221139
-15.566666488598  5.157645642516 
-14.573534600559 -7.608249542483 
 12.135025267621 -11.121181392384
 13.668003262632  9.212448830042 
 11.911308177851  11.441752989692
 7.688748917827   14.620874081156
 16.529570875811 -0.936341189380 
 15.635631566238  5.646633730260 
 15.113319403201 -6.950996501561 
-16.678785226405  0.378947581934 
 16.193181029076 -4.228008724922 
-16.690034534350 -1.312270194318 
 16.738800860925  1.494104670918 
 7.000233755311  -15.302621848563
-11.991627451433  11.831309894039
 9.255705014484   14.093137918099
-3.933629628036  -16.440647852416
