-0.211488795925   0.360431619116 
-0.240644976355  -1.719820080949 
 1.917121498720  -0.630567317323 
-0.871242484965   2.100410757851 
-2.066975393862   1.174068153225 
-2.496022524121  -0.432559020077 
 2.030728031155   1.671323702355 
 1.510888095571  -2.446313710061 
-1.938522663295  -2.190544140843 
-0.049849004222  -3.299482673845 
 0.978532734320   3.369447719363 
 3.513981144524  -0.470043105553 
 3.488146897299   1.291701390774 
-3.692331488960   1.230394471612 
-1.886694352548   3.461652022275 
-1.791504953394  -3.788453075433 
-4.193406299161  -0.603288721064 
 3.398086605722   2.859018080836 
-3.332755319491  -2.942864201187 
 2.455819848806  -3.802480423096 
-3.546174673373   2.989509578336 
 3.992212494476  -2.465688382666 
-0.091203821457   4.830695876728 
 4.992377874043   1.001945039348 
 2.801747753763   4.263177033696 
 1.467980037889   4.962646878240 
 5.286462309457  -1.131446078920 
-5.262171836126   1.507377939283 
 0.697148191001  -5.564592529791 
-2.559108024199   5.086041700481 
-5.785944506503  -0.323657595382 
 2.202710870686  -5.690307067761 
-3.373955190634  -5.154895439099 
 5.481240412206  -2.983988503023 
-1.179489955406   6.133477181072 
 0.611586269468   6.304506215093 
-4.689075898212   4.300186851938 
-0.986075137727  -6.306367424322 
-6.129388901902  -1.805416512653 
 4.774760724293   4.467112446847 
-4.834233278345  -4.689285720902 
 3.858603085898  -5.630070753079 
 6.122255242711   3.084095541074 
-6.157689293769   3.195116166113 
 5.458104911192  -4.496852273463 
 2.268918534792   6.769200364673 
-6.934852444064   1.808446152139 
 0.485607545502  -7.202365010808 
 6.905078347654  -2.224027146471 
-6.427403492361  -3.403490077678 
-7.302770037756  -0.100366978849 
-4.688292277931   5.844182895336 
 7.512669905370  -0.513074335032 
-3.259913101329   6.945365684141 
 4.161876983362   6.458275177106 
-7.627561610797  -2.014536790696 
-1.023354663373  -7.849991439228 
 7.762872994465   1.559037768149 
 0.213696525112   7.917333517256 
-6.248649078627   4.907817917997 
-6.317718938162  -4.927352816412 
 5.349150596551  -5.997687251440 
 3.625072795922  -7.222379969545 
-3.684541889595  -7.246574923037 
 7.108377392184  -4.026681723044 
 1.953454130309  -8.028779645344 
 6.877865721364   4.893940351064 
 7.752866162328   3.569189293595 
-8.145043831893   3.271337381809 
-1.250771237416   8.700773422235 
 2.029196429347   8.580804764725 
-8.097213751627  -3.534692315918 
 8.351629523242  -2.952301605897 
 8.887076476678   0.244558503042 
-8.876920272966  -1.176282085648 
-5.621418225414   7.066170195755 
-2.949836692189   8.545969547863 
-5.741999473719  -6.995501634539 
 5.566585544591   7.222259667982 
-4.410200329797   7.993468022441 
-7.788088564631   4.788432063501 
-3.226222033823  -8.681953428873 
 8.940057337844   2.497559962644 
-9.127958143598   2.002879884275 
-6.982580733085   6.247948636005 
 6.919625955400   6.411051854133 
-7.193317054646  -6.170443799307 
 0.880032610718   9.655419440975 
 3.860000776460   8.896224203383 
 6.950855223185  -6.786300552188 
 8.418371167595  -4.852561629590 
-0.341391449011  -9.735829587249 
-8.318623545184  -5.070195887964 
 8.444071766026   4.931094654182 
 3.155662220329  -9.368609430511 
 1.538572167548  -9.767291207622 
-5.091084767676  -8.491980834095 
-9.563423549662  -3.024858425367 
 9.800068334524  -2.193722862011 
 5.774923482944  -8.244361464495 
-1.775736321625   10.141242234730
 2.845799639006   10.110967196749
-9.520360387425   4.474812277225 
-1.827442708453  -10.373967165463
-5.867830380321   8.781433545317 
-10.564622061663 -0.074851286347 
 5.967033116780   8.769016083568 
-8.807522172279   6.043969085696 
 10.764301909758 -0.512558501287 
 10.057229357252 -4.253658193844 
-4.619373223973  -9.921369028859 
-7.982907591098   7.545094590355 
-6.581619673852  -8.798852801994 
 10.131270907980  4.430880945457 
 4.637405193089  -10.126584831765
 9.385562108438  -6.001582803748 
-3.255872591402   10.728453547403
 11.177574968341  1.355016225901 
 2.378653652611  -11.053556413486
 8.543634744413   7.407506313089 
 0.808387268723  -11.323053393540
 8.798250986512  -7.407471136405 
-11.456750861439  1.545197718164 
 7.638436548821   8.733647425827 
-11.463196387480 -1.943121254726 
-0.534856123495   11.629145661416
-5.452179603670   10.288235328207
 1.212830406829   11.617324707295
-8.836437980256  -7.671869318599 
 7.198380896277  -9.260900581703 
-10.512881439831 -5.311306637020 
-11.333106101546  3.249446805792 
 9.943859364605   6.348397878186 
 11.477403829537  3.141718539331 
-0.621447605820  -12.174980982024
 10.837382583413 -5.598286598539 
-2.011929487390   12.044660624053
-4.214851184854  -11.553731116197
 6.390591143183   10.553725590435
 12.335023307699  0.305216777164 
-10.185953279896 -7.010503994625 
-2.329804368779  -12.152341909510
 4.947592350509   11.441180845800
 12.221028456462 -2.782348171782 
 3.599912937376  -12.020626487769
-9.432337244862   8.388148582311 
 1.938102791396  -12.494470892076
-8.602002721872  -9.293497857569 
-11.068464388582  6.296110121644 
 5.747352939341  -11.364839144712
-7.119991800573   10.576889099032
 12.835850191079 -1.279263974736 
-12.431201893439 -3.530942172921 
 10.293403718690 -7.895729100225 
 9.077837012214  -9.413228079623 
-13.105541503216 -0.685585079168 
 12.291891936906 -4.636136556536 
-8.722907664235   9.833777430109 
 8.619090517423   9.948345932833 
-6.672733158276  -11.441160478125
-12.225185213596  5.262945279993 
-10.080423416701 -8.742551544607 
 7.420422456958  -11.150272216446
 3.822890509509   12.840057642842
-3.475521103024   12.999174783355
 13.096082410219  3.112652339297 
-13.567018303210  1.128835256099 
-3.378625180459  -13.238296939566
-11.759720725561 -7.084089013564 
 12.646613566969  5.407991730542 
 13.670357366281  1.664196699389 
-5.193538627589   12.785619584748
 11.032170274761  8.323499872607 
 1.075225432660   13.782066158060
-13.570682432335  2.852365978088 
-1.147984579480  -13.893769470345
 4.858277085810  -13.136082664258
-8.423786795238  -11.194706350673
-13.152102830305 -4.848944712988 
 11.791193988591 -7.715076940594 
 10.170709116480  9.895352898529 
-2.319239475385   14.009894512289
 6.104179368818   12.833250441786
-7.759738398995   11.955877288812
-12.364353330558  7.218288852315 
-14.054289649713 -2.801567751064 
 2.991877922899  -14.015941366650
 8.124636854414   11.821020367888
 0.694789476870  -14.345794917441
-13.678362834098  4.437574443896 
-10.121002071124 -10.279891242051
 14.449063910264 -0.276484609041 
 6.766012694756  -12.865938971750
 10.700532824003 -9.841125782325 
 14.213547079014 -3.380553802525 
-11.727572114438  8.795427386432 
-0.352311886257   14.686135560865
-5.042999707129  -13.822706949378
 13.071448568814 -6.774359177757 
 13.140693757627  6.882995227004 
-3.788338452852   14.538283278881
-13.738970642248  6.101904166391 
 9.975794336419  -11.268933594976
 14.223117210448 -4.938766852457 
 14.394382620948  4.464048964073 
-10.260130935077  11.061019902823
 4.085759860663   14.530364611670
 8.835807638785  -12.274961528646
-3.253631238221  -14.831752905986
-12.715275570816 -8.305346401511 
-14.945192551130  3.455502397192 
-15.369002143871 -1.208840896540 
 12.250612755046  9.397785452254 
 5.888245972463  -14.284171221344
-7.242534726316   13.716935575012
-13.887914265841 -6.936611676705 
 1.643044930886   15.443324920462
 10.361046347927  11.586430657278
 1.900912064364  -15.431066180666
-7.651942457612  -13.534494757497
 15.403714442120  2.905306464158 
-5.341621649718   14.744308803964
-9.495959761870   12.516672421876
-15.715870419565  0.709482189527 
 7.111387032152   14.082545199187
-14.845262630828 -5.365394893183 
 3.922368117965  -15.290755330228
-1.280331561901  -15.763595578110
-10.649035636604 -11.784776892353
-11.912562881247  10.532099526168
-12.356381833048 -10.013373805829
-9.393017463254  -12.875552214484
 14.602778422186  6.440215974923 
 5.728837277818   14.913482758018
 8.537712103799   13.555409874124
 0.249150643187  -16.051466778375
-15.283614999776  4.932870387994 
-4.680785968165  -15.378331888803
-15.636478490492 -3.970633670065 
-1.681908306705   16.056100209447
-13.736520996818  8.503557961721 
 16.154983132817 -0.302159342281 
 13.876524211085 -8.345647018030 
 15.985791674929 -2.659128461267 
 7.662467996045  -14.316934196223
 12.634199341039 -10.248685272496
 0.164715372821   16.394346304467
 16.436186213153  1.758134921556 
 14.473788636507  8.094925251178 
-15.208967895895  6.661058426688 
-6.195573952508  -15.414075368635
 11.678978851675 -12.045027314611
 15.982428002995 -5.471934738725 
-16.871827964410 -0.855144250083 
-2.641268235024  -16.707809945860
-16.753180611238  2.669514604439 
