 0.170484267802  -0.772066739209 
-0.781877426458   0.783702897999 
-1.427959489960  -0.578009039694 
 0.734172205861   1.387118710776 
 2.090280764905  -0.987292119308 
 2.234583940616   1.067104418512 
-1.059603189987   2.322210707418 
-0.618487384717  -2.750528456264 
-2.841431594796   0.716843189523 
 1.440833950722   3.039767451926 
 3.527874960050  -0.009397864524 
 3.168859874225  -2.190437967565 
 1.472648267702  -3.570852968126 
-3.303387139787  -2.240403256441 
-2.391280896614   3.372308120905 
 3.180283639581   2.750799538744 
-2.380664166391  -3.513487544026 
-4.351928684222  -1.149027755096 
-0.192329157106   4.576332000970 
-4.667165669592   0.405670585109 
 1.327752900019   4.599547002476 
-4.182697407745   2.792151462421 
 5.242125321899   0.104537291410 
 4.730310777468  -2.308986654089 
-0.897963484761  -5.261115039153 
 2.825626695585  -4.668146803117 
 2.992228401353   4.694433549039 
-3.477399487954   4.449513178152 
 5.569981023394   1.667895154942 
-3.146272527444  -5.024488010054 
 4.918730781021   3.396747502708 
-5.764783938429   1.940329180037 
-5.916294486759  -1.499817266170 
 1.339066980815   6.137263926164 
-2.046515383361   5.943532497687 
-5.403016800824  -3.218057677909 
 6.145227734123  -1.471885175758 
 0.779072639872  -6.483451709282 
-5.856596738141   3.472963813077 
 4.652366801849   5.027308633815 
-3.749500050657   5.982597230882 
 5.664133089064  -4.298470502041 
-5.201646515286  -5.017593595859 
-7.329571369781   0.546592291765 
 0.084925159779   7.358173283251 
 3.489027232270  -6.489501460299 
 6.773297673992   2.948012564821 
-5.386489898674   5.074821136446 
-7.476209111537  -1.056752483703 
 7.548326578644   0.828154764649 
-0.660800049515  -7.589226097003 
 4.965943525377  -5.866185753131 
-7.524190114453   2.187338713190 
-2.869326916277  -7.299687467598 
 3.197382552265   7.202902201340 
-6.592046676418  -4.354920739858 
 8.079409828363  -0.625593079152 
 7.317299072400  -3.536503513529 
 2.142979540967  -7.902216224657 
-1.928106678486   8.075711896685 
 8.060965677138  -2.180838354169 
 5.224141590010   6.567612677414 
-7.520042648269   3.777156492677 
 7.298028916631   4.749211032470 
 0.309391029719  -8.805437717864 
-5.064040264066  -7.303227653227 
-5.356166715613   7.210845791512 
-8.079202893944  -3.975821953923 
-7.204046501781   5.476028967546 
-8.905508750921  -1.911808132411 
 6.731429089193   6.192970695299 
-0.263260809945   9.206589047056 
 4.564550968987  -8.015248625944 
 2.560226336112   8.894539855189 
-1.391700066834  -9.169502141793 
-9.308692356994  -0.299660867137 
-6.791704857311  -6.384344376542 
-4.119855319075   8.397996313375 
 6.473077867960  -6.780832706046 
-2.942909918912  -8.925251037583 
 4.171006705410   8.460719398112 
-9.290607852375   1.902855073585 
 9.627638631811  -0.289677967886 
 9.164638497936   3.274473349466 
 8.048737906115  -5.504595561473 
 3.413771991036  -9.235782597201 
 6.350621332408   7.681270275081 
 9.514772223935  -3.052505206984 
-2.782620534292   9.655454037927 
-6.911175500743   7.313381159320 
 10.181805576419  1.466730395703 
-5.389559155592  -8.786927733674 
-9.449263845630   4.131757814619 
 1.830287259081  -10.185590857581
 10.323815449672 -1.676693728151 
-5.551314377957   8.938262820173 
-10.499798609628 -1.395989538126 
-9.723733600436  -4.244373576209 
 8.177810673309   6.808947999905 
 0.773627647329   10.706516233869
 2.488188037457   10.481407435885
 0.068725682442  -10.910306357573
-7.378641761028  -8.041313460262 
 9.946173682804  -4.533018585654 
-8.927286656476  -6.358543515146 
-10.733145825238  3.130978756223 
-0.960265027664   11.141667775638
-9.417683585995   6.047806183818 
 6.677354555186  -9.020770550384 
-8.435741562351   7.481481518981 
-1.675073893617  -11.216835890097
 9.750013463606   5.807263668263 
-11.294489733287  1.547996169727 
 3.415912099195  -10.900692071341
-2.493869388656   11.165479362526
 8.779031315143  -7.348301109453 
-7.254847648795   8.907696133495 
 5.827293867003   9.977448891243 
-5.249673232466  -10.313345340618
-3.815575628912  -10.998247295557
 11.635243680156  1.087662422762 
 4.465615395388   10.963563514049
 8.265092028663   8.481830567509 
-6.921868714678  -9.630165066826 
-11.458376586665 -3.096301497484 
 4.992179181478  -10.796716019252
 2.154963289089  -11.767434732414
-11.974614991569 -1.085194477754 
 10.412195439419 -6.173332512363 
 11.572352793319  3.708364439612 
 12.190684241489 -1.682904605119 
 9.678986271788   7.700387257673 
 2.711298859666   12.075386763438
-5.980857681078   10.839365728828
-11.368052035151 -4.978640169510 
-3.991783457361   11.856397046376
 8.651436550982  -9.066310843411 
-10.288578285526 -7.193736482689 
 12.576834930484 -0.117243240450 
 0.437741726075  -12.610711937454
-10.404254509061  7.241797048034 
-9.461665464217  -8.458542880810 
 11.510461174070  5.356003071965 
 11.746021368513 -4.961768301285 
-11.732183406539  5.127002271059 
-7.475250016274   10.397166951374
-1.498636162643   12.734331862562
-1.532272259682  -12.731316240863
 12.424610470123 -3.235641485893 
-3.235506347875  -12.449403414582
 8.157424740951   10.127574888849
 10.187599600032 -8.096458625028 
 7.773750834207  -10.468185137354
 4.591029139080  -12.354377887393
-6.346076581950  -11.580978521225
-12.698074534562  3.766750072753 
 13.186012837613  1.403398116159 
 0.792916375187   13.244259464056
 6.765480470982   11.549928905067
-4.845448170588  -12.514640859474
 11.525056987625  6.880415354230 
-9.405253112779   9.630682345440 
-13.005151889435 -3.577239314992 
 1.919979641920  -13.449163893142
-3.090692926742   13.236998426985
-11.989255544931 -6.417726934087 
-13.540034058265  1.447065697714 
 13.692440687241 -1.705644448575 
-13.909307144324 -0.180568376079 
 11.084995516784  8.436987698523 
-0.215853926874  -13.984424118659
 13.017906711005  5.174976987953 
 3.324578368767   13.613993980890
 5.540536946273   12.910243082787
-11.582686325614 -7.974242877065 
-9.922236191118  -9.974366765837 
-13.090171016879 -5.361691537862 
 13.873823633003  2.947012831487 
-6.000579227669   12.893077615944
-8.752486244903   11.234025433807
 7.517700191305  -12.106863817381
-10.931786201871  9.214504565363 
-8.795647500388  -11.412171167380
 10.096558058793  10.348897108694
-3.899112080445  -13.980169614471
-13.477597436679  5.433921377163 
 14.541709049196  0.083785394608 
-14.486490627530 -1.607847996327 
 13.780860545731 -4.850813520956 
-1.656386223612  -14.546286309473
 3.762554499990  -14.174179983864
 11.018963115222 -9.739734118285 
-0.502450720503   14.704196522489
 12.691794735992 -7.586383601408 
-7.640284844930   12.668462615880
 12.648599238011  7.973135194583 
-4.711280583163   14.194042782068
 9.897747606948  -11.223089956831
-13.095364906693  7.283182851934 
-6.091702866184  -13.701331197461
-7.466271595367  -13.052540947547
-10.417385569375  10.901817027195
-14.748856981913 -3.176373088037 
 15.049409846036  1.539913129643 
 13.607086873382  6.632594764601 
-15.043228936017  1.775989459301 
-13.114273581107 -7.625112086772 
 6.155409927164  -13.871496272622
-2.439308573647   15.032160690923
 7.781086779696   13.102210513097
 14.986963682668 -3.230599506657 
-11.744012658559 -9.953103348866 
 1.968845292743   15.269029974487
 2.207584648243  -15.266010598502
 15.435558439831 -1.235443006966 
-0.220560376893  -15.485578445679
-15.488077974819  0.006580132317 
 9.472169210688   12.280440610239
-15.127732745326  3.949275362009 
 3.926331542769   15.189340653855
-12.436118615046  9.685461040660 
 5.488339756256   14.801958415704
 7.745280586758  -13.800860318872
-5.063371626321  -15.010699212486
-6.175197563378   14.591535433277
 15.353062054753  4.201510202689 
-10.883668903021 -11.626797873917
 14.514766696355 -6.561719592464 
-14.613952340148 -6.602965539936 
 12.183958879876  10.472555516658
 5.287831776650  -15.186692410748
 13.138065617585 -9.401853352645 
-2.509097333434  -15.966594045101
 11.093142258520  11.779927805131
 11.899047373387 -11.017693730831
-9.728176286785  -13.031157511636
 16.275191062845  0.445387238015 
-16.145991741516 -2.144172836865 
 15.494044782628 -5.175156737042 
-9.447742168917   13.346300174164
-15.388446888573  5.638833116686 
-15.519928288365 -5.287766557684 
-1.140775257682   16.395232305567
-7.143933532084  -14.815272512812
-7.959067402259   14.402707390945
-4.623259020296   15.860667698774
 16.405902997399  2.201458114558 
 13.827793317857  9.115820664604 
-14.659962412054  7.802218100369 
-16.353686379161  2.894780676991 
 9.753758434499  -13.442524524754
 16.492362950333 -2.507190989451 
 1.430365928200  -16.641095098663
-3.022756520601   16.434039240927
-11.372926097249  12.242766911311
-13.925588378455  9.304015797553 
