-0.084217452202  -0.754720311232 
 0.327645590179   1.048814500529 
-1.702888139482   0.656102729947 
 1.836815467780   0.133078906814 
 1.243384097671  -1.874771260097 
-2.187711737262  -1.610257957753 
 2.165574888935   1.781071195781 
-1.495524232401   2.422100327343 
 2.817993944687  -1.134955524005 
 0.199250844581  -3.086994102114 
-2.901505493904   1.620965813134 
 1.169305125587   3.172166581859 
-0.354130600416   3.469081613616 
 1.943885460162  -3.205168891346 
-3.818374137518  -0.006193375056 
 4.059712154339   0.755445562266 
-1.771449947873  -3.834672010536 
 3.790041828153   2.407414979456 
-3.997082745681  -2.104369057868 
 1.008937502635  -4.427182707024 
 3.516221235097  -2.938962068801 
 2.724043360671   3.857066810017 
-3.543598341714   3.197825636459 
-1.248000356678   4.723273925754 
 4.547418519635  -1.821946112069 
 0.500049920010   4.877980800157 
-1.033750031133  -5.209766206244 
-5.075611520364   2.098066887384 
-5.703727143531  -0.557397148767 
-3.594382415246  -4.473432051236 
 2.144783948072   5.346917160498 
 0.392955822839  -5.881589126309 
 3.039593095184  -5.447352013316 
-2.930972804153   5.516330733761 
 4.758360668308   4.064458126636 
-0.131089203917   6.289630738543 
 4.417956438564  -4.552815887218 
-6.342626077737   0.811018751735 
 5.876569357048   2.550674950845 
 6.409951600216   0.456544121680 
 6.426287039660  -1.105144301740 
-5.152598214562  -4.077385474208 
 1.849774431791  -6.528285750909 
-2.070017050416  -6.540148314197 
-5.656390169604   4.256570339539 
-6.601105194812  -2.665148816657 
 5.908390707047  -4.176479844423 
 4.569958730225   5.622141952168 
 2.917806371074   6.677549307321 
 0.883038741028   7.410241895109 
 6.893995288027  -3.012066865830 
 7.282377877325   1.935090155047 
-4.571563060590   6.011029983304 
-1.377959886113   7.479018308221 
 6.042252595363   4.922007633825 
 0.512406836445  -7.793131588602 
-3.415806003031   7.067469105387 
 7.929979652903   0.444300902068 
 3.119144386471  -7.363614426765 
 4.624324380755  -6.647295013675 
-7.439076633523   3.403446330739 
-8.043532145181   1.525856479603 
-7.994234796370  -1.772054192859 
-4.900747456902  -6.608094146819 
-3.144056473139  -7.649491779215 
-6.110123450321   5.746814133222 
-6.873032041745  -5.047667510353 
-8.551804646609  -0.366035265884 
 2.506885964428   8.239888548860 
 8.605084191785  -1.065615968242 
 5.724942157567   6.598526537358 
 6.399744116516  -6.013778546038 
 8.349778744606   3.156694359694 
-2.835755469913   8.467726784244 
 7.675266984596   4.696088179711 
 7.697283501336  -4.701051096219 
-1.228598921064  -9.130701119865 
 2.807340884518  -8.837251678476 
 4.025191633903   8.521157923776 
-7.918511658032   5.218159201453 
-8.993737334806  -3.012330960830 
-6.342849079909  -7.066207813871 
 9.532887949840   0.487968748293 
-5.224142438687  -8.073472743824 
-2.774690925929  -9.234201667469 
 4.682304144698  -8.535394363756 
-0.845884759676   9.723369679274 
-6.757846517149   7.156785011671 
 1.322691355616   9.794305690874 
-9.894468268477   0.375098428004 
-5.576921491181   8.244548783252 
-9.102334463251   4.074466276570 
 9.743711122890   2.303878235344 
 9.187792040473  -3.995662234138 
 1.523989540087  -9.906906796641 
 2.913264690774   9.719717227619 
-9.071943825711  -4.676535502488 
-10.169112047933 -1.387473933954 
 6.344646235202   8.068957105650 
 7.785864330977   6.780939143919 
 10.298482255243 -0.878179474872 
 6.253749282605  -8.278596695198 
-0.245622919806  -10.459496185084
 10.174888657984 -2.703423504113 
-10.453267953434  1.792284432636 
 4.061605798087  -9.940767057235 
 9.525534450497   4.974335070411 
 5.120881232491   9.684451456919 
-3.736352334481   10.298533407911
 9.414603208175  -5.623896458983 
-5.449677491597  -9.559757001380 
-9.400685315479   5.854941369927 
-10.729498923020 -2.810884469321 
-8.547238804749   7.124818849594 
 11.139208243791  0.422142891739 
-7.091641749498  -8.722300583860 
-2.502734728407  -11.001883920462
-5.625902022504   9.841585113243 
-9.266121794030  -6.576665022306 
 8.481881213375  -7.749483192533 
 2.659809265208  -11.184428637379
-2.035890039586   11.329988154990
 11.010820072369  3.402441206907 
 0.911243808386   11.671778712092
-11.681637115675  0.883395495475 
 11.617198756102 -1.625827489034 
 9.777761119577   6.620668362714 
 7.465064991152  -9.171023907023 
-8.657362468973  -8.083585015018 
-4.559717280387  -10.932762103049
 3.376850261309   11.447825116370
-7.614530955452   9.322105346952 
 11.506769004790 -3.575228853997 
 0.937861695827  -12.052376727998
 8.143523174956   8.943834269780 
-11.473201170916  3.837755458704 
 6.901104440945   9.953183339049 
-11.031958323973 -5.077199744200 
 12.166049744750  1.610651427063 
-12.272822735434 -1.375853465317 
 12.482202520713 -0.378832664458 
-0.722741437642   12.471662162691
-1.472861646514  -12.426676695161
 6.724863217173  -10.624921300246
-3.397530800062   12.118964768554
 11.120346529943 -5.925721723051 
-9.044162346648   8.846099504828 
 5.915646472515   11.317470782012
-7.603436353312  -10.357879416948
-12.513899835448 -3.276359969362 
 12.582789044407  3.095219253585 
-11.159996891714 -6.736693213532 
-5.739668015213   11.794871688207
 4.640625199637   12.309371398885
-10.620851198949  7.807210636805 
 2.223566836429   12.999846283106
-0.041638022092  -13.199126567670
 4.295233256356  -12.481234941698
 10.927136299294 -7.489652111611 
 8.839434139724  -9.902320405875 
 9.975331570954  -8.857968468303 
 12.316877069167  5.128154773225 
-12.133825723772  5.693386223762 
 9.798081831218   9.212824870081 
 13.011963953403 -3.484152581418 
 5.841786204322  -12.161023593645
 13.392381063160 -1.661039481524 
-5.032894102281  -12.586195169194
 11.542335575561  7.125221826290 
 2.722460239282  -13.315442044664
-13.370079421474  2.487285875411 
 12.605038836384 -5.185821235581 
 7.837468231507   11.223671014022
-13.235760355584  4.025410497986 
-9.181877642560   10.391719846748
 13.882399229966  0.660165039145 
-6.702227996449  -12.266511936985
-13.982303255577  1.078328760707 
 7.940166078909  -11.573296543611
-14.120023770015 -1.419934360009 
-3.875173106910  -13.653615545607
-7.897045601896   11.794976923629
-2.369940947134  -14.022740753174
 13.615111294889  4.190933615676 
-10.770466514712 -9.349859401192 
 1.034367391301   14.264274231240
 12.545183894936 -6.910910971656 
 9.528325256096   10.706971870571
 4.305194573867   13.798105825067
 6.497252747026   12.993567950546
-11.978319722486 -8.437592616540 
 13.022454558988  6.762348401870 
-2.809451934179   14.407249108491
 0.820192153660  -14.738740723784
-13.763969447158 -5.385648039627 
-13.146501308135 -6.754572403322 
-13.729451765973  5.528325336189 
-10.203353616773 -10.786192920533
-14.554163265913 -3.005978326829 
-9.022051858996  -11.840942694075
 11.587955405892  9.380356093625 
-4.994533018947   14.071068096921
-12.924129616626  7.585457918163 
 14.766010705508  2.598843129307 
 10.757581573857 -10.564990520837
 5.881158435513  -13.955280937450
-6.338018927429  -13.768363540307
-0.512959376952   15.148950104707
-6.865391243687   13.561570720793
-1.230768465628  -15.178012878429
 7.866725266730  -13.099821689128
-10.627817879774  10.989343716029
 12.079657884303 -9.403357871027 
 14.938962891875 -3.482626099767 
 14.277471409390 -5.686140988918 
 15.376945370318  0.114045127147 
 2.736581453107  -15.176912969394
-15.291122194879  2.029294095815 
 4.360539961091  -14.810348419351
 14.325738219664  5.928721536651 
 9.884927206453  -11.953542403653
 11.039781010617  10.911462525579
-11.930695666618  9.933147017281 
-4.978276199224  -14.772836115643
 13.161419153006  8.507916781639 
-15.141534480555  4.222626535209 
 8.782310970837   13.063185618763
 2.637993145464   15.584906805019
 5.628805394873   14.782633272985
 15.761929984842 -1.434588453079 
 1.115824899922   15.819992118562
-13.495045223754 -8.363796594970 
-15.828582543744 -2.079717171469 
 10.176982583199  12.338099594128
-16.095943562725  0.297492590857 
-4.499975274954   15.538041964961
 4.159007871533   15.747567077226
 7.782024040895   14.343584250101
-8.220758231804  -14.142648780224
-8.544165969082   13.974859888010
-14.960876206314  6.873750340825 
-12.590036268887 -10.631044031035
-15.450893508832 -5.835328779414 
 16.332934186421  2.727363146999 
-6.371741753535  -15.329715391269
-10.741403956609  12.674584422797
-3.892445117101  -16.157450659156
-3.177181542860   16.365787331939
 15.170499352864 -6.923543546279 
 6.255556593211  -15.459246067642
 3.877357635230  -16.240502898756
-16.295902377081 -3.780228936582 
 16.721397705904  0.880692661879 
 14.472436543646 -8.472609667324 
 16.132059163205  4.796216148899 
-13.772407184487  9.711052672289 
