-0.569079295931  -0.203863912734 
 0.939502889790   0.033495653128 
 0.241031338563  -1.541246023829 
 0.859765004131   1.790337640976 
-1.363269187681   1.504956997947 
-2.224352302685  -0.279025543186 
-1.242779331663  -2.253727853695 
 1.715141276915  -2.455415350827 
 2.837291876367  -1.161264229995 
 2.835961956815   1.362556388165 
-0.013106092416  -3.372562368749 
-3.106811867628  -2.149209885594 
-3.903822332949  -0.212691009272 
 1.301500307355   3.922209352655 
-0.268009125721   4.144244006299 
-1.883793403604  -3.732184236201 
 2.746150051442   3.267777161171 
-3.713390270130   2.296175891528 
-2.389106473777   3.683584992647 
 4.450313096609  -0.478293607356 
 4.011221480652   2.449363602697 
 4.708891324026   1.087119563950 
-1.559180152971   4.952626795822 
 1.153555544954  -5.260457196415 
 3.915274458303  -3.698244930423 
-5.332080304212   1.147157095060 
 5.420703196404  -1.728777965528 
-5.106733798719  -2.516734322119 
 1.247297394854   5.729206185170 
 3.392738562586   4.811599734049 
-0.538087355949  -5.970449024442 
-3.161056973069   5.228246000468 
 3.048315737597  -5.398493103226 
-4.741217235849   4.002066141290 
 6.286600414981  -0.094703351562 
 4.772753149072   4.215303069947 
-6.297549480416  -1.308878820558 
-0.546708706870   6.531798503207 
-4.708717989795  -4.582133919161 
-2.690895328365  -6.151709540414 
 0.763693565817  -6.934571124076 
 6.934774759762   1.279426339173 
-2.258260223403   6.721833602012 
-6.996380000563   1.333749338128 
 6.994084724254  -1.730962511190 
 6.437609905265  -3.399086575635 
 5.546813800566  -4.758316284855 
 2.204187020002   7.064243796977 
 2.512279566026  -6.961315809253 
 6.704505297217   3.260990848178 
 4.140981595374   6.259251810305 
-6.733159599412   3.540781997199 
-0.703298978010  -7.666402003257 
 3.996384415076  -6.608396877571 
-5.146249674376   5.761143512529 
-7.808869630361  -0.227087963305 
-7.570015863344  -2.237942728817 
 5.648739863349   5.660874019035 
-0.418022057889   8.103737308910 
-4.347294245769  -7.047627449829 
-7.285807930840  -4.266267536962 
-2.410598417200  -8.121157853664 
 8.511780412430  -1.020430445576 
-6.921665378320   5.225328780601 
-6.276491830118  -5.986755347580 
-3.066300046558   8.146474928467 
 8.184798401879  -3.004731944936 
 7.337055553133   4.714271585961 
 8.687386974170   1.050628932940 
-8.778604297145   1.177672500622 
-4.992663065499   7.317418872826 
 6.967678236516  -5.592732473204 
 0.819476763769  -8.928848703074 
 2.052758649302   8.842966374792 
-0.718272443508  -9.183603536773 
-9.178875362856  -0.941840632638 
 8.655708059404   3.274129317781 
 4.586512283490   8.234770943864 
 6.331426139078  -7.007404123845 
-9.157610836259   2.770225664471 
 6.179280215131   7.322150583738 
-6.615519705728   6.931187421714 
 4.954423087341  -8.223171357324 
-9.344544986337  -2.633776239615 
 8.415529701463  -4.939265820453 
-5.910444608992  -7.766265450157 
-8.681376001782   4.565467858604 
-8.861563142262  -4.339283494089 
 3.238262340455  -9.400797452271 
-2.164176525564  -9.709781221043 
-8.163057832956  -5.828860641789 
-4.732057721093  -8.876769966555 
 10.034614604812 -0.874512985919 
-1.123233135550   10.030792339396
-4.898439957191   8.929815371618 
-8.154542479728   6.119629439651 
-10.205110556806  0.678151116050 
 8.308186400719   6.317333582033 
 8.258828450369  -6.446152975037 
 9.348456988974   4.819155044815 
 1.190917497878   10.460679197373
-3.412453786923   9.999076923428 
 9.783369391332  -4.241258870983 
 10.594034666688  2.336220506657 
 2.935322522064   10.582203948504
-6.563472604237   8.813144195853 
 10.809438678780 -2.160009705466 
 11.119051944349  0.234269781222 
 5.812722662112   9.491363565347 
-8.402691516867  -7.313265628283 
-11.033659267381 -1.850943555756 
-4.032647011062  -10.448859413621
 2.284362820232  -10.972539087587
 4.414254918118  -10.397569357094
-6.216333515400  -9.453195637502 
-10.703801898467 -3.735652637234 
 5.991025030140  -9.706792449952 
-0.489674060872  -11.411119347547
-11.043961418155  3.097259584470 
-10.340946538762  5.021530733886 
-10.082557455202 -5.635782906304 
-9.629126868974   6.413447214299 
-2.044992155887  -11.391008803022
-4.861317679418   10.615055446819
 0.227128959587   11.696415642247
 4.583530213536   10.774180553818
 7.732032129934  -8.837870411250 
 10.075800763776  6.134373185757 
 7.941287748445   8.921771020379 
-8.927414516657   8.019702680086 
 0.905896370186  -11.974781255417
 11.389445660346  3.926779170264 
-3.234361538808   11.775252963411
 9.791303453452  -7.484219741046 
-5.646475688454  -11.004963518093
 12.447909980966 -0.529089910552 
-12.482032183904  0.950482778236 
 11.933600191529 -3.818779792356 
 3.953676144308  -11.904560825419
 1.548955699582   12.465736408474
-1.863825106815   12.455215378346
 3.065344642290   12.222084410358
-12.294767962359 -2.873164736699 
 11.323457739175 -5.668770590374 
 9.758822617003   8.098483028629 
 7.360791825759  -10.358207394638
-12.473909195758  2.462913396975 
-3.800791525179  -12.134813962683
 12.504398306150 -2.395942847674 
 7.108145219829   10.656514093436
 12.567509267503  2.490382288794 
-9.689314294669  -8.514790638500 
-12.932865170618 -0.918018094343 
-0.440402456268  -13.017879479461
-10.762527799496 -7.361240967014 
-7.813677472201   10.648294597889
-6.173540007688   11.783432556217
 13.284919665764  0.887024863799 
-8.724002251138  -10.101264809152
-10.748775300389  7.949251348452 
 4.686192092430   12.572135464620
-4.502099369725   12.672628524018
 6.150580846427  -11.988984439035
-1.960736653859  -13.381495582888
-7.038364331850  -11.568156111121
 8.859913259827  -10.249159335050
-12.873561017734 -4.291503454357 
-12.356973455372  5.677238755862 
 13.007838406386  4.195337466829 
 0.353916953979   13.721309790215
 8.763560034104   10.568019095614
 12.488562452574  5.825266897381 
-13.217961414841  4.049489030079 
-12.319532292472 -6.547238848494 
 13.969867992570 -0.637588688212 
 11.388907368472  8.149322113536 
 12.346670208664 -6.771056293979 
 3.652154575573  -13.619878475694
-1.493853423686   14.045993542609
 2.061679640127   14.121915760789
 3.752354470595   13.791077806703
 2.081970445816  -14.152719686677
-12.221025840864  7.539734755032 
 0.230914766229  -14.376575205694
-5.990253651494  -13.125340365398
-11.581487187885 -8.627622359896 
-4.549823837911  -13.708650599885
 7.117468964537   12.573873642383
 11.900014825086 -8.225211662167 
 10.908379954160  9.596598027740 
-8.598970960632  -11.798093063314
 13.744079969952 -5.024210082969 
-14.632652126851  0.462103753608 
-10.364734599001 -10.383252232508
 10.965044556865 -9.759253795135 
 14.385787699183  3.017507388706 
 8.714419497862  -11.882664446130
-8.743135642864   11.863213900945
-14.723926222091 -1.116734644021 
-10.522629045706  10.440683562921
 5.991511541522   13.612763696016
-14.587495916588 -3.147862677140 
-1.304970180080  -14.890323800360
 6.630631594418  -13.425853990726
 14.725931915301 -3.178537212134 
-14.326099288678 -4.711725757624 
-7.491271954690   13.105437026880
-3.031283152970   14.820406695839
-14.990452339291  2.131795084425 
 15.099547209852  1.612060033663 
 9.743940015294   11.711260600011
-14.322122467094  5.411332972201 
-5.861172698748   14.147916843586
 4.958396552966  -14.501365085574
 12.966753062442  8.569284639016 
 10.504163412141 -11.562411740558
-15.074083468319  4.113241445064 
-13.805319202140 -7.374897501722 
-10.171618058564 -11.974905896442
 13.645102441305 -7.854992136550 
 1.167007442088  -15.704527955238
-13.714698404964  7.752315816891 
 3.515836605586  -15.370303103021
-1.773670290323   15.678277181142
 15.177697606477  4.528752896254 
 0.063656610997   15.864497612665
-13.051457242014  9.102332316500 
 14.190172585038  7.209514730459 
-11.860915245923 -10.622931097016
-7.648827028760  -13.966707450115
-5.384581849527  -14.999482492927
-3.035930147607  -15.665973909856
 9.047515763301   13.149396261544
 15.947729017890 -1.172031591992 
 3.461410085590   15.674357058475
-13.291423750263 -9.050765252225 
-0.385079174702  -16.081008044553
 11.343730540570  11.440626174360
-9.025811506342  -13.352834479521
 14.855498184579 -6.397395896039 
-16.143307970501  1.089592635912 
 15.976461181151  3.046943894376 
-16.254020203282 -0.591118038449 
 8.897598339938  -13.678026038574
 6.052575646217   15.156011631364
-9.781773767422   13.081837360928
 7.692907972904   14.468493918102
-15.203422370050 -6.345127551172 
-7.580237561511   14.644038620868
-11.337355994137  12.008431534057
-15.103743563697  6.742600824023 
 1.501598152650   16.474551136635
-12.631544009449  10.806858624965
 13.815052892122 -9.426187698365 
-16.112642193653 -4.496152013522 
 12.085057794195 -11.588341245269
