-0.450549647477  -0.285548934513 
-0.113158722287   1.211558938770 
 1.648019504042   0.103255651724 
 1.171699897825  -1.431981327600 
-1.742342038340  -1.356153091765 
-0.117695033916  -2.242907868679 
-0.942749567464   2.496052896618 
-2.443810946778   1.143168633725 
 0.955022587975   2.708657084544 
-2.971599840057  -0.364873870159 
 2.932284918371   1.311807202087 
 3.593083360822  -0.195250269291 
 0.628425014777  -3.589917826805 
-3.131060748409  -2.068863205956 
 3.049312315258  -2.499802134468 
-3.680176958502   2.133633822909 
-2.227796514319  -3.714165261020 
-2.634505911350   3.731421066462 
 2.411936507024  -4.113246791878 
 3.468423043400   3.272461707949 
 4.544801858976   1.465126367375 
 5.119937032007  -0.452672714206 
-0.330097869114   5.231575362255 
 4.730996638131  -2.347915348625 
 1.504386393882   5.124435842569 
-1.380019861310  -5.184620913351 
-5.380671442944  -0.221508900610 
 1.511495840960  -5.324969482234 
-5.333095332921  -2.187189484478 
-4.547576579480   3.553216563287 
 4.973722826534   2.947391362718 
-3.242075690638  -4.873333321701 
 3.008311942404   5.133062745969 
-6.069482468119   1.153394729648 
-3.386205491665   5.181448735620 
 4.949430027904  -3.838042434679 
 0.131656021349  -6.327088323426 
 6.131969511599  -1.650794471598 
-4.978241823420  -4.138413221024 
-6.537877325793  -1.236191873035 
 6.413689608726   2.115988675159 
-6.374911613078   2.699289137646 
 3.436113100114  -6.053438479693 
 1.739010816722  -6.826349559603 
 0.755154680595   7.006281968930 
 5.197348162446   4.795007708733 
-1.642362277676  -6.889108532573 
-5.108168267014   5.004556056108 
-4.569061897220  -5.929210982544 
 7.488491348974  -0.164377339808 
-3.164868813180  -6.858714196994 
-3.514262883402   6.700389913088 
 4.515304030737   6.245023144456 
-7.702341888481   0.785513738869 
 5.923543956594  -5.110919199265 
-2.192175327432   7.526559924661 
 3.073969783582   7.249416398675 
 7.442841329795  -3.038013163227 
-6.580528149209   4.647245153195 
 4.933006551737  -6.387624637296 
 0.532354995570  -8.070378578208 
-0.286802631979   8.131491567480 
-6.565441202831  -4.838427561404 
-7.391231057131  -3.523014972699 
 7.357706676632   4.105834948234 
-5.013385434261   6.807066904512 
 3.518181313363  -7.720785680515 
-2.460137134418  -8.245120390637 
 8.606082177413   2.032220296544 
-0.731764591611  -8.899869130862 
-6.013769573619  -6.619260164817 
-8.931237194677   2.115272207651 
-4.655301041932  -7.982943232741 
-8.834597247318  -2.844159793413 
 0.815071986694   9.315707828980 
 9.307499952962  -1.149298133435 
-1.787474514367   9.209875194063 
 2.276595041693  -9.197988482497 
 4.122535446873   8.578961507272 
 2.412566686133   9.215201858552 
 6.971762261417   6.517206570255 
-4.366636617101   8.498299802738 
-9.498884754786  -1.474755762785 
 7.063760458084  -6.570097393315 
-7.474611701149   6.120113336477 
-8.945837161702   3.687805547133 
 5.471978913555  -8.081956388043 
 9.180890350018   3.500859739423 
-9.842994012859   0.293493485415 
 8.504451295529  -5.460290230902 
 4.075209652846  -9.259160948958 
 9.401211566795  -3.923038483410 
 6.213382479180   8.091262347646 
 10.181771684307  0.768429053308 
-0.449336936523   10.286015438908
-6.573426737759   8.010459249944 
-8.294913996144  -6.322294040071 
-1.266758486393  -10.444622552414
 10.257345211531 -2.598180546171 
 3.758751127630   10.067926565692
 1.373035246714  -10.679958763256
-7.584133031850  -7.666660173646 
 10.773130769680 -0.671809505427 
-10.716845414791  1.895833058348 
-3.941114687614  -10.146353653202
-5.790067763220  -9.219523461807 
 7.017117619093  -8.340580885171 
 1.577475205693   10.787571620483
-10.169390497088 -4.067999006816 
-3.419486043877   10.446113436503
 8.980613051380   6.514626627821 
 10.011263657315  4.785769425224 
 8.014603582086   7.746189925500 
 10.921614936785  2.437018621371 
-5.364084773063   9.847569540313 
 5.952939104753   9.588104387656 
-11.289734152373 -0.140900956686 
-11.176589316088 -1.960873285776 
-9.146581288935   6.733992485724 
-10.409799229721  4.759856584797 
-2.017659019805   11.272328849158
 3.518950335138  -10.923841514707
-8.185380419409   8.261845835876 
 10.928044623673 -4.111332162941 
 9.580599248780  -6.686408502840 
-0.594685977988   11.793569694216
-10.019281477351 -6.253505107931 
 5.033195355982  -10.691922620078
 11.689394467821 -2.021562322583 
-2.390751361878  -11.899598166344
-7.528934760956   9.623183972421 
 8.890180124540  -8.387438740386 
 12.249297213059  0.059766834945 
 10.524886579394  6.346239686387 
 10.988728949255 -5.716105445080 
 5.521826856322   11.102715575283
 7.583673709515  -9.871495123850 
 2.567765318289  -12.183882964382
 1.648715285891   12.346812531570
-8.193693253070  -9.455834655293 
-5.150372238437   11.407513410143
-12.037601603352  3.442173980846 
 0.858380451467  -12.517093009550
 12.414889168985  1.880415045843 
 11.950190388595  3.868210194323 
-11.405962650258 -5.362620426142 
 3.148754194023   12.251249009531
-0.886832702288  -12.635849074330
 8.452956008747   9.512295597312 
-11.023944892323  6.438565585434 
-12.705837189428 -1.701347514931 
-3.334529257281   12.404212157768
-12.862257222351  0.725931388764 
-12.714523343884 -3.244554256776 
 13.090007604916 -1.390811439743 
-10.219244527401  8.323050418959 
 11.970725380722  5.736236094276 
-10.226650667629 -8.532801412588 
-6.400841638031  -11.692073683523
 5.697207466529  -12.130170885231
-4.407860545072  -12.769384559952
 0.192481508264   13.515579232373
-7.740722745904   11.138631229034
-9.325422013207   9.875613855777 
 9.109687444033  -10.321136889989
 13.238849434908 -3.894908023806 
 7.449855418839  -11.631609862039
 0.160588809603  -13.855988764567
-8.265873686837  -11.142628596754
 5.921866268933   12.589326489984
-4.632752937168   13.179140363814
 2.647204319578  -13.742824013497
 10.912491400386  8.764660606270 
 13.921038984584  1.552856981826 
 4.234597469277   13.441023812714
-14.100989233039 -0.120714557955 
 12.248029839688 -6.990731782257 
-12.712854293394  6.248718250866 
-2.208915568016   14.023532331736
-13.473064111359  4.574801957927 
 14.263335474317 -0.423084923707 
-6.722631973421   12.658771698853
 7.939880854760   11.980955905191
 13.873848163079  3.853135042999 
 4.231545338998  -13.777164566109
-14.179066923845  2.758881127579 
-12.030304770978 -8.016310122946 
-2.242775064930  -14.295199932127
 9.653616850615   10.786843674221
 11.692985479115 -8.576385158569 
-13.006777326379 -6.601708407138 
-14.520343390713 -1.580773001372 
 14.425869464871 -2.463730211493 
-13.943555883197 -4.640774811693 
-10.590277246544 -10.291076962279
 1.560189245984   14.688236060414
-10.825150198092  10.058742290953
 13.742752485141 -5.637853633006 
-6.308377478298  -13.499737755254
 13.890487452497  5.402594706085 
-9.471223132348   11.549452013459
-0.886575455521   14.993075055440
 11.122606240934  10.271197615046
-4.462651322744  -14.468206045068
-13.104195162196  7.779165984009 
-9.692029822862  -11.806835620298
-14.949051033612 -3.163847053415 
 6.990892244162  -13.606985583108
 11.133255785150 -10.504905127151
-7.911263791082  -13.130755371989
 12.956834478892  8.241591265526 
 6.072061997239   14.165987413228
-6.122876977765   14.247222234449
-12.514468349117  9.227159414316 
 4.331887152005   14.965712434804
 15.469827155499  2.246655985327 
 7.800177536977   13.585890634811
 3.020868912908  -15.375057540678
 8.712442829283  -13.061569668670
 15.686724808429  0.758668560993 
-15.622842440670  1.852439502904 
-8.808304540575   13.063612495983
 10.352287410811 -11.951636977232
 1.314771284297  -15.770254537899
-3.640536459979   15.434019792564
-12.463091008506 -9.806796564906 
 5.891641288043  -14.814685535980
 9.329289385463   12.945546615920
 13.376436627073 -8.703938854501 
 14.365436615825  6.957055376894 
-15.214014204005  4.914026622833 
 12.665196964773  9.767063943265 
-7.673100132245   14.127704845821
-16.134036124770  0.398105153838 
 12.616251962284 -10.118507469435
-15.796782752858  3.506938707801 
 10.721400861690  12.130178702588
-10.997978954034  11.899244027158
-0.549225026255  -16.261019609118
 2.988515865458   16.029692293662
-3.705864970878  -15.931383490849
-5.797210833415  -15.302251191732
-7.312735823171  -14.678225665749
-2.089874641340  -16.267855281975
 16.428131825005 -0.778161595596 
-14.833589078336 -7.129639999421 
-15.528506117623 -5.517372260521 
 16.110576756482  3.654538641888 
-16.385567766858 -2.146631200060 
 14.730034118181 -7.723380813905 
 0.410677757638   16.647826005708
 15.992779520740 -4.688884319867 
-15.373294539589  6.492496225450 
-16.207854733187 -4.038551810189 
-5.090372961097   15.937213925153
 12.335999072478  11.308053937443
