 0.299645639833   0.757084950490 
 0.165243111587  -1.312421387840 
-1.677989630901   0.185391148475 
-1.515123860244  -1.320078453097 
 0.481462030235   2.326793263422 
-1.216264103300   2.271445523008 
 2.633827639340  -0.959765243397 
 2.479443232765   1.326847670754 
 0.681537744715  -2.920881584411 
-3.208793048554   1.324588349843 
 1.805050064946   3.307070476697 
-1.111754752957  -3.617103908114 
 0.018829330416   3.807948624562 
-3.727057035401  -1.160843699385 
 3.957046461895   0.257336394882 
-2.755443596579  -3.204062828755 
 2.431760247261  -3.480998720494 
 4.269688050395  -1.598513376813 
 0.042571927478  -4.579406755499 
-2.389327825436   3.987294132686 
 3.277901745648   3.646843151843 
 4.470360464195   2.238069155346 
 0.969692511090   5.194818081095 
-0.844584994550   5.233651515718 
-5.317108799745   0.458557466876 
 5.560777825690  -0.240989502545 
-4.443090686282   4.038415558866 
 4.146904020698  -4.410817020771 
-4.987044488470  -3.437426373746 
-4.014799002661  -4.743299317638 
-3.025260874659   5.435257308140 
-6.064050468434  -1.599224573489 
-5.608888568395   2.818773891437 
 2.414637358564   5.830419209639 
 6.005296942616   2.153156866055 
-2.527852320403  -5.869794809286 
 0.364450116476  -6.381168322134 
 1.919934178803  -6.165972182004 
 3.359447412843  -5.732367590659 
 4.066594719330   5.265378413294 
-1.900765536102   6.456270215528 
 6.555491312492  -1.890548974058 
-6.837098242843   0.874041315206 
 0.185259637256   7.006264738145 
-1.218714754959  -6.947520860083 
 5.676726271400   4.270907552635 
 6.130074544151  -3.695105264655 
 7.222195126681   0.445285052363 
-7.376680561259  -0.801402351527 
 3.598259757584   6.847818350235 
-4.053513211338  -6.783918892660 
-7.573125988965   2.264402365246 
 7.716759108264   1.928177482044 
-6.312261288805   4.921130753912 
-7.042611914595  -3.845052028981 
-1.411683136265   7.984536294989 
-5.685026041417  -5.807906920598 
 7.403160762154   3.652838043588 
 5.641568275536   6.184164403117 
 3.442605312851  -7.747951128730 
-2.836242489228  -8.038803258774 
-0.292471666848  -8.526763610231 
-8.473127582481   1.034062447336 
 1.327775190268  -8.473733164926 
 1.580385767826   8.455545549631 
 8.558460251525  -1.182965170339 
-4.186772987251   7.641319380514 
 5.503066876189  -6.870643963982 
-5.683156148851   6.824690374799 
 8.900896549374   0.330696785996 
-8.376902962278  -3.073976528140 
 6.768852168227  -5.971552643331 
-5.490356451842  -7.467534065519 
 8.495655199705  -3.915828284525 
 7.513227292880   5.573844101530 
-8.263062764051   4.458773664683 
 9.174938449273   2.400358341309 
-7.213242147678   6.182929723238 
-1.092439079466   9.473102118421 
-9.174719303739   2.996994738154 
 9.374945486369  -2.545548113614 
 0.481934879967   9.721457493156 
-8.036958313434  -5.589578880255 
-9.807987233937   0.154133958487 
-9.711010542261  -1.497307048066 
-1.914169119497  -9.660324795575 
 3.915066090448   9.047812475302 
-4.535248179531  -8.786742463784 
-7.009257104031  -7.264052886391 
 6.114127139156   8.044931396298 
 9.373676406770   3.987337393528 
-0.573804088872  -10.354647760266
 2.224977709412  -10.153952592269
 10.302198687030  1.394249988505 
 4.333500014064  -9.523316185696 
 10.447346615119 -0.959350125158 
 2.304810114156   10.236931504953
-10.056276024793 -3.134968416686 
-3.261150425767   10.056312361878
 7.661179970050   7.354972951088 
 7.125151915105  -7.936758626462 
-6.512148280925   8.481847834963 
-6.168414737260  -8.807017686233 
-8.888590620421   6.179719133985 
 8.963691553096  -6.071766058914 
 0.861283104170  -10.798637367714
 9.202434955691   5.881543428238 
-3.725064322194  -10.285818865994
-9.787673135808  -5.026546747265 
-8.514312906988  -7.043151509823 
-9.933546348310   4.865027244478 
-1.452779533971   11.022813341668
 5.889675418206   9.542152294296 
 10.929367690824 -2.513631144529 
-11.271965259078  0.958061510209 
-2.003250123276  -11.189564367033
 6.115847913787  -9.598122072628 
-11.287848395741 -1.574448260140 
-5.474614804316   10.072258512722
 11.327834293490  2.700530580344 
-11.261888650112  3.241693828133 
 4.052381744666  -11.006916198439
-8.535227512790   8.078120912949 
 3.617399756492   11.256635570683
 1.463478643675   11.802864970277
 9.230573105319  -7.713551514670 
 2.069474262090  -11.929552263672
 11.156195866373 -4.730608595103 
-12.142725014930 -0.282939666492 
-4.559061192607   11.281455696028
-10.260853995781 -6.587972196331 
-5.739590263973  -10.774708869536
 11.269087404766  4.894619483625 
-7.070950440883   10.067899187166
-10.397288393763  6.583895433553 
 12.331990028031 -0.081861760774 
 9.518493361606   7.920142991194 
 12.272868450907 -1.701770701434 
-2.477272020053   12.146764063566
 0.388433542442  -12.395571438935
 10.450189433217 -6.692349849686 
 7.508081748584   9.941537880234 
-11.271812172913 -5.438045047274 
-0.061388123046   12.586641612232
 10.679964990237  6.766921080155 
 8.639512158773  -9.296738168113 
 5.119753516406   11.630147148638
 12.224988194212 -3.495380345860 
-1.433821741920  -12.661294060227
 7.403180479843  -10.377734552547
-9.836954479828  -8.130303954978 
 5.641620671169  -11.480520000188
-12.660944063894 -2.244724188601 
-12.012406931276  4.857527078130 
-12.934582969457  0.992603620410 
-8.806418774315  -9.561869760025 
-7.612174219219  -10.543775389405
-12.370876263398 -4.011903807022 
-8.646305113497   9.748560773527 
 12.949496332147  2.025956618903 
 2.530563211882   12.909705786767
-5.066777052376  -12.204318543783
 9.333635150310   9.541539407177 
 11.910110573064 -6.167982919442 
-3.249334785525  -13.048369597531
 4.569742579581  -12.794590200860
 12.091402537187  6.214640758742 
 7.430820434134   11.584391855505
 2.981506260251  -13.465925791038
-10.793248805063  8.605675498489 
-7.265301280854   11.742728414880
-0.269345007723  -13.812770970430
 4.421313701873   13.097851609575
 13.121570707811  4.709826627031 
-12.849864899573 -5.494274210948 
 13.990417239424 -0.212741038736 
 7.324195032797  -11.951242784237
-4.635542537751   13.236715743562
 8.868765604232  -10.866532331340
 1.275939851885   13.990763979531
-6.918802329703  -12.314318563552
 10.197506819353 -9.777942809197 
-12.038131045865 -7.397574540105 
 11.359205020743  8.408298595084 
-13.957986226426  2.276136953648 
-13.604057563431  4.208406032229 
-1.732743610747   14.152570100878
 14.005207490901 -2.722998768243 
 6.308511372275   12.829831878060
 13.608220185736 -4.426255700102 
 14.265966944367  1.291528369203 
-8.991598989643  -11.159894336901
 13.986730226104  3.275724848507 
-13.027743774916  6.229380496097 
-11.270285137670 -9.199664555716 
-1.954737920207  -14.451036883663
-14.455294190459 -1.992493984800 
 12.578244519213 -7.560916226326 
-12.361495002805  7.977401870628 
-10.104586417602  10.766352542723
-14.782866040628 -0.189214495554 
 11.883609956141 -8.914614931499 
 1.586464747248  -14.850521193276
-14.398653118759 -3.968803936958 
-3.796496982210   14.533997144431
 0.175166646872   15.030031177862
 13.780248976786  6.058324100777 
-6.271614031820   13.712360829233
 7.871624852000   13.071488548524
 2.722155567981   15.046832757597
-10.853240368504 -10.815903972739
 9.529369134261   12.084196156915
 7.338019371539  -13.535293678404
-14.272204428742 -6.132699808309 
-6.097911161389  -14.348405667982
-3.658012778994  -15.162643971746
 15.483183650173  2.269373025943 
 4.543219791411  -14.984969061266
 9.321569799800  -12.615071652023
 11.399036387685 -10.777266321814
-9.596143566351   12.476876391223
-13.804761768447 -7.624759064163 
 12.637405914889  9.496605377743 
 0.057382174702  -15.823720250372
 15.766594810935 -1.355219682618 
 5.215266470413   14.980976285801
 11.227586404490  11.271598813422
-14.541811613700  6.528629657021 
-15.823316465500  2.051744780893 
-15.901739694625 -1.320041212814 
-8.458232216024   13.587937842241
-1.457271917655  -15.956934737261
 14.952050728311 -5.860024370815 
 13.909320961978  8.135468705758 
 15.710984847815 -3.598963233678 
-12.395087387374  10.369617249626
 14.366106165489 -7.441681855612 
-13.422363766847 -9.091603013618 
 15.224928419666  5.633395999858 
 6.116997378669  -15.046845713854
-15.586978822408  5.048257826824 
 2.558391962476  -16.227189915704
 13.409864629504 -9.524870660224 
 15.923804263081  4.203391029495 
-16.076158503401 -3.639911174290 
-0.093544184800   16.526498646722
 16.537210128823 -0.068266979590 
-16.624215573352  0.559959731574 
-9.258441072265  -13.929569548573
-12.825665883831 -10.738736919428
-6.008694366418   15.627842316227
-2.342029707809   16.594355125734
 7.433938879889   15.086388034005
-13.830912917505  9.589690803918 
-15.912842658633 -5.699618024175 
-16.502856557625  3.659108629358 
