 0.139806458803  -0.666877143040 
 1.187809507257   0.564050684718 
-1.461084557714  -1.057421404192 
-0.811319391176   1.912758734213 
-2.034160493810   0.465835143826 
 0.453810571421  -2.355004295701 
 1.406337252083   2.111716328822 
 2.567918082034  -1.446765350439 
 2.811296129316   1.396957546486 
-2.461750136265   2.380460696715 
 0.406167096594   3.536997908698 
 3.618913519374  -0.165755456927 
-2.950225193834  -2.123228886695 
-0.421881197003  -3.626633302481 
-4.062313646070  -0.546253507960 
-3.981252293798   1.454700669046 
-1.788762166768   4.084344721778 
 2.615990535775  -3.940728095714 
-3.560943838803   3.474287212322 
-0.310399518115   5.026692438090 
-1.789409501897  -4.882247484667 
-3.295614020385  -4.031061016062 
 1.530451364917  -5.011798274891 
 4.574003892094   2.637195876753 
 5.005516667155  -1.798860965507 
 3.210411675080   4.248632606946 
 5.346457819489   0.391522226354 
 1.811320251893   5.050045280598 
-5.096523382689  -1.724093215826 
-5.559458668112   1.013383804243 
-4.994480045118   3.014761198798 
 4.396181890841  -3.835503603019 
-5.977307878655  -0.465163521231 
-4.992602760429  -3.679918437299 
-2.853913571032   5.570799637370 
 6.107506110752   2.245628468336 
-0.224196240509  -6.562460485042 
 5.540955276813   3.835857632833 
 6.782553011038  -0.825140116014 
 2.632744807441  -6.376411963278 
-6.594687179931  -2.246271369643 
 4.068951782237  -5.697317245033 
-5.255418615683   4.785612201751 
 6.719429314729  -2.483100662847 
-4.505473277908  -5.597066091343 
-1.067185795854   7.162670816038 
-3.096341350884  -6.594826573384 
 5.397407948878  -4.968586881905 
 0.524960006581   7.392041578421 
 3.916807204201   6.361835573650 
-7.082591062481   2.518340375475 
 1.408137450283  -7.463596389549 
-2.750797673274   7.103217701771 
 7.471708270948   1.539407311470 
-1.890685875248  -7.623714338983 
 6.669824497620  -4.166294836965 
-6.956624721681  -3.886608494195 
 2.922387447534   7.496569179540 
-8.021183516334  -0.875593900697 
 6.042088698417   5.435747654714 
-7.045125755180   4.091347313573 
-8.245585882202   0.894229385420 
-4.520888599777   6.956285650410 
 8.279991973584  -1.565598192865 
 7.620043147513   3.691645317585 
-4.526420296943  -7.160464749393 
 4.640591481551  -7.230540943927 
-8.258670983211  -2.484275066726 
 0.641275904435  -9.014402239145 
-1.168325021879  -9.017393019279 
-6.995092823376   5.817001528893 
 1.414880594182   9.043098248694 
-6.754900649117  -6.217166274028 
-3.739124605207   8.490243038031 
-2.289716829045   9.094252161198 
 2.638800472334  -9.049814926798 
 9.460218445343  -0.205944662564 
-0.322550363565   9.529285059881 
 6.580667239646   6.995924747406 
 9.032362857737  -3.436724238571 
 9.345965237826   2.614054032109 
-6.110689074187  -7.665458083490 
 8.217216138104  -5.346872151682 
-4.607395701595  -8.675440265751 
 4.916004192932   8.581184879015 
-9.482187247631   3.138536176905 
 8.512131939847   5.359396241075 
 7.378184377335  -6.896290876859 
-9.544775164256  -3.405515989435 
 10.020270207326 -1.892595014233 
-8.976069672500   4.885995653763 
-5.534665752228   8.604375586262 
-10.059454338281 -1.916166483969 
-7.153895996817   7.365861044992 
 3.839210070323   9.630463296094 
-2.959085343107  -9.955828118479 
 2.374148583359   10.214869981558
 0.174041487726  -10.590088224090
 5.524688779740  -9.123194092252 
 0.879298724582   10.641379637687
-8.095080503259  -6.992996221163 
-10.702740279944  0.685665072117 
-9.134106135976  -5.859900142013 
-8.562008060397   6.689914158896 
 10.889236839487  1.255573107051 
-10.806142453323  2.215005565023 
 3.969475037329  -10.382265445658
 8.429942505763   7.298055741961 
 2.422881456019  -10.886761908195
-4.204811610150   10.364479184198
-6.164619381677  -9.342336523758 
 9.071558461017  -6.633041562243 
-2.369830194624   11.071683890186
-11.367693167911 -1.129036914984 
 10.131379794068  5.294246918573 
 11.036145758822  3.069808265305 
 10.447040782855 -4.922083868154 
-10.957481218735 -4.024536667114 
 6.545559412798   9.700840845364 
 11.436107262744 -2.490059106274 
-5.709748210133   10.273513108091
-4.379752638791  -10.932562918871
-1.439217323683  -11.693945744364
 3.808273012659   11.192083145561
-10.102460736936  6.205761506140 
-0.240547349061   11.857649712790
 5.297136794758   10.643869164593
 2.024200286817   11.734964375003
 11.991384664141  0.171488266185 
 9.866629121193   6.866470817842 
-8.703446053623  -8.399461567887 
-8.468286038434   8.713920629891 
-11.301360862820  4.875906333658 
 8.030818558302   9.345126066021 
-5.909996594353  -10.916536631569
 11.758258490662 -3.989250035525 
 6.952185252316  -10.408909672690
 8.338495083784  -9.337142908756 
 12.449419549349 -1.340038172717 
-12.314866866530  2.330909518896 
-3.954928521608   12.018076461653
 1.989540950831  -12.525257927434
 10.951941649910 -6.402120458087 
-0.326493978340  -12.730129215375
 12.517610075796  2.390084335712 
-11.624779991260 -5.377761295258 
-12.796544121884  0.875062287786 
 0.922643753681   12.840804541835
 10.197160968774 -7.882729313357 
-7.170929084093   10.720452463298
-12.507095807287 -3.243846231535 
-7.557409130808  -10.568685332530
 9.845475335775   8.514304476452 
-3.163847494512  -12.646702973579
 5.741375551375  -11.754468107009
-10.980755487185 -7.157993855254 
-5.488776101012   11.946796437336
-13.202454574408 -0.749166343973 
-2.234854304535   13.052613536481
 4.432754947032  -12.577991767542
 13.077775121248 -3.079264118012 
-10.445826650865  8.506349044218 
-0.572034816626   13.468138068857
 5.687678780667   12.225942351111
 11.542196609469  7.057524241609 
-9.443410165613   9.863534544044 
 4.036896648018   13.101592883730
-5.731334853208  -12.495342898087
 13.007765473496  4.681635367361 
-11.841887976251  7.207276933203 
 13.850320984938 -0.726511634289 
-9.905890320581  -9.722914373754 
 2.231414703737   13.701902817850
 9.347616480765   10.509232299808
-13.252032292315  4.832161073428 
-12.431651468014 -6.677237442430 
-13.864330351319  2.691773983820 
 10.019863665197 -10.002841068927
 7.447845470602   12.082595744756
-3.609549851974   13.746285020430
 12.331215506147 -7.200214065138 
 14.248512609758  1.236807844716 
-14.295180853379  0.500473987693 
 13.304221862067 -5.411378737480 
-13.464131063655 -5.006438717905 
-7.495426497807   12.275351891412
 11.313486120245 -8.887091867933 
-14.129490558997 -2.961277659580 
 0.563558416432   14.467053092481
 8.458055652537  -11.752979265155
 6.870386571572  -12.758277759697
 3.369682070751  -14.111822489661
-11.500801790801 -8.886598038921 
 14.640522045297 -2.029517116992 
-2.186589933994  -14.694559874693
 1.364967656795  -14.872405446347
-9.589257251622   11.468137098829
-8.806888006911  -12.125600186707
 5.806110363307  -13.841484890246
-0.204489541417  -15.020652014244
-5.599182830690   13.980067219751
 14.755877379012  3.212880499704 
-10.193267362569 -11.219847557885
 15.229170719724  0.097442605480 
-5.567815148440  -14.176763363618
 4.211430337603   14.662765544779
-13.234577523636  7.806862888079 
-11.263761454586  10.463932272000
-12.369388599180  9.186248349549 
 13.589278862444  7.520274509780 
 8.953911803047   12.704444954317
 7.184004623667   13.792969158034
 11.386857162055  10.614712069936
 14.885052827003 -4.645505237949 
-13.102460630062 -8.512504987795 
-15.374051934590  2.797767156161 
-2.218011250084   15.508006967655
-15.051071106302  4.356420385037 
-4.066600228491  -15.157961716423
-8.179607661986  -13.500350962203
 11.266614029285 -11.079139333425
-15.820829675421 -0.497351449533 
 12.592805561129  9.649168611548 
 2.506680028327   15.736299258371
-15.895517195030  1.160209397867 
 13.106241122619 -9.068735009446 
-7.176539191611   14.259111469068
-0.744713194005   15.952728498812
 15.037571169706  5.389172112212 
-15.493981911094 -3.891509854349 
 15.662916232019 -3.186314964004 
-15.118394714924 -5.359595742304 
 9.260273825095  -13.103587171470
-11.698487887837 -11.030641266119
 3.018632448570  -15.802742166832
 0.847406758158   16.070430810603
 16.121193961597 -1.122784598518 
 7.814976074617  -14.195963558300
-14.587862917475 -7.068132914317 
-16.083996903292 -2.044061903998 
 5.983136488670   15.076725728933
-14.826199231621  6.786280105874 
-12.971778042999 -10.140721433352
 16.355995620295  1.938786965275 
 4.763724844982  -15.812083814513
-9.696831003569  -13.393450084637
 15.475498312690 -6.096030293818 
-1.509442276590  -16.617238397236
 0.328849165485  -16.751202226892
 16.349524550835  3.939771725431 
-4.473297681372   16.234419648097
 15.002755578863 -7.705474142063 
-6.905690222353  -15.387493830360
 10.576910292763  13.151025151548
 4.432641708567   16.297922203014
-14.677212123530  8.416592695643 
