-0.408340465163  -0.913056864552 
 1.148525630832   0.963323881684 
-0.455723843804   1.897802862106 
-1.960008829747   0.108947759845 
 1.177226906755  -2.142846055312 
 2.471598091791  -0.457761240612 
-2.077250722907   1.730903545751 
 1.328590578933   2.599711190372 
 2.644903232221   1.288416658150 
-1.687005375650  -2.636152213237 
-2.784424143943  -1.497277485240 
 0.771628268400  -3.588904732186 
 2.472233965671  -3.051314228264 
-3.959426924473  -0.406177190085 
-0.829376511913  -3.934668475087 
 3.983296111901  -0.683385733752 
-2.990872558261   2.924112427304 
 1.170967217459   4.119662929268 
 3.357987304720   2.854614440598 
-3.152797212433  -3.293908547257 
-4.380115716157   1.639382508126 
-0.817186902386   4.765022637944 
 4.928492522387   0.954900092219 
 2.149743346799  -4.727759983965 
-2.739026862633   4.489765531628 
 2.636695269673   4.641522928709 
-5.164001638249  -1.802684507012 
 5.338537025230  -1.464965673192 
 4.404460286017  -3.559711512850 
 0.568508425521   5.979292538631 
-4.615615888315  -3.918798884276 
 1.026861810015  -6.037846087722 
-2.856915853656  -5.432634997618 
-0.846417525055  -6.092274274807 
-4.758681224966   3.987470965227 
 3.644666784470  -5.141950295230 
 2.096859117809   6.275001596861 
-6.724994186077   0.088277135334 
-6.494220167839   1.934268035474 
-1.393579891164   6.659575685400 
 4.588113213467   5.072093505007 
 6.060079326188   3.198821970937 
-4.134931175254   5.560241561955 
-6.663282412942  -2.225004116058 
 7.010573074207   0.954595652904 
-6.189461044051  -3.704274295577 
-2.892361507164   6.765801695408 
 3.581212914369   6.512993186848 
 0.338977411887   7.469803303704 
-4.385714282597  -6.102643056337 
 3.176542997797  -6.875789295311 
 7.483442917598  -1.287945843801 
-5.637975440032  -5.133784794698 
 5.788299896084  -4.991693531864 
 7.314093266884  -2.794245739717 
 1.801678035846  -7.647384322713 
-1.830019430913  -7.643623437799 
-0.355191776318  -7.957531408637 
-8.034227837444  -1.207502741806 
 6.233581052417   5.235026154667 
-8.150097082684   0.912473307701 
 2.563793314230   7.799438099213 
 4.712471096235  -6.790319533651 
-6.953812817466   4.545894003905 
 5.291504676194   6.409970886256 
-5.571908039864   6.178003476225 
-4.359043484522   7.175627100291 
-3.781300399075  -7.535269236450 
-7.986157161823   2.860450957615 
-1.617577437721   8.496266292238 
 8.332101130726   2.343459014799 
-8.318845892272  -2.969110931846 
 8.013957378392   3.879543656687 
 1.404458920252   8.800662465714 
-6.062396231925  -6.632918670524 
 4.723565253639   7.858519826520 
 4.010686376730  -8.322569493644 
-7.685162842349  -5.208927801994 
 8.865289955556  -2.857155962783 
 9.357586147586   0.951407732905 
 0.036571347319   9.451074072125 
-9.503769249755   0.192760785762 
-0.995685167083  -9.474382003755 
 1.973480900187  -9.323026677837 
 8.180883997664  -5.140925617411 
 7.491322329965   6.187604764203 
 9.691878360349  -1.371955264938 
-9.652570884018  -1.901628920679 
-8.960575668327   4.079504032325 
-5.320618236399   8.374645865324 
-3.478567621511   9.432917316005 
 6.513694525895  -7.677059234132 
 6.344868177072   7.829533949279 
 3.356699479711   9.552773175638 
-5.805991766051  -8.442848588382 
 8.847563869090   5.363398293534 
-8.525377077349   6.130933080486 
 7.869318238517  -7.003796052299 
-7.410258213231   7.565343167410 
-3.390183013266  -10.041656813273
 10.398290549765  2.062342766165 
 10.668007066959  0.060284543742 
-9.183210671453  -5.498885946765 
-10.271198710465  3.043534665046 
-10.879173886970  1.213292742649 
 10.406116655705  3.624423761968 
 5.196992954970   9.792611383340 
-1.297193337855  -11.017276111122
-7.569597561981  -8.117693812838 
 5.343191304092  -9.734788266612 
-10.349107302556 -4.082804944847 
 3.791435275683  -10.470452724011
-6.703554196882   9.031968582930 
 0.833533044384   11.241882554639
-5.105089156459  -10.072347328967
 7.868468152887   8.114040989970 
-1.104319046102   11.260503735404
 10.388548051176 -4.584098587685 
 0.531758389996  -11.378537849008
 2.419604645653  -11.172092647181
 9.826795942763  -6.221806102507 
-10.646480722685  4.956463873984 
 6.982086229997   9.444829703224 
-11.484438803517 -2.523667514439 
-6.697326833386  -9.751928427597 
 11.397702288766 -3.236081849037 
-9.894466836824   6.780778913168 
-5.084886971544   10.880479803555
 4.406813985670   11.209742994821
 12.000773417705  1.568153701710 
-9.649250415933  -7.316869288365 
-2.903799503515  -11.756510212728
 2.248452078827   11.910394610160
 10.558307143397  6.030141185062 
-12.180340605044 -0.772801224779 
-10.663243189687 -5.992980521032 
-9.122604974781   8.166188707161 
 12.162336447679 -1.524317544348 
 11.506016263529  4.677225268663 
 8.592226795185  -9.082136051693 
-6.703271890041   10.650722133000
 9.562813631556   8.242526441957 
-11.973084658626  4.166073918336 
-1.506840789121  -12.599214854888
-3.568201625914   12.217608144251
-12.711360145990  1.035409621472 
-8.050688229870   9.894854492570 
 7.547320475277  -10.402292473638
 12.425874965608  3.387042967505 
 1.095687026061   12.878114105782
-9.297070371993  -9.167411455494 
 1.991317745312  -12.920436763547
 10.026088532963 -8.526796154013 
-12.997878952545  2.804635202524 
 10.922016125200  7.603358675868 
 11.240367443582 -7.134062322651 
-2.049822791868   13.168860069218
 8.423467068944   10.372202941795
 13.386907120576  0.383777712319 
 5.523142505681  -12.261557110059
-7.750647703772  -11.029563363561
 6.978081409548   11.577160547758
-5.840404830994   12.209209822123
 12.913125423410 -4.067225440899 
-5.687048245931  -12.333618021664
-13.469691804662 -1.798505516666 
 3.878839398220  -13.025518807194
-12.951076666525 -4.234214471258 
 12.456660049287 -5.523919877223 
 12.008295385055  6.462448746612 
-9.657497798048   9.755655045886 
 13.525760792121  2.359298150878 
 3.579116537125   13.362605732912
 0.015659412940   13.936707213661
-12.132403935936  6.921984047976 
-4.349625960630  -13.330119690843
-12.803289065223 -6.025071247192 
-0.355638560793  -14.175818312610
-7.749164449125   11.900036272929
-14.274718954263  0.368301988239 
 7.031711314906  -12.453375620135
-11.836339553282 -8.068068717877 
 14.082437930871 -2.984176930518 
 13.703477422264  4.765007233992 
 5.094821538828   13.648352144603
-13.578893412605  5.294361248910 
 11.313977232008  9.354177929672 
 2.140539913543   14.547661332884
-11.897870492035  8.642509568285 
 2.617055650742  -14.502346013389
-10.554154634482 -10.304134823285
-4.974730042200   13.918856058441
 14.828164985054 -0.204685255459 
-1.746518505062   14.736268262947
-14.402725890129 -3.653354036688 
 9.006435295550   11.835906878001
 10.329198796743  10.799469690893
-3.445425481780  -14.619559093550
-1.871526773627  -14.931923339006
-7.734734880280  -12.916206953225
 11.349169409613 -10.034658261735
 13.341116396241  7.185469194668 
 13.979300536568 -5.853768459145 
 4.785121677384  -14.421406669701
-9.986499163975   11.468630449498
-11.301231885248  10.214766903909
 6.933909609238   13.569198679678
 0.905075227510  -15.233766462691
 10.224340995293 -11.423562882546
-6.674911447118   13.803584498946
-14.922620380950  3.842469917184 
-9.376378916388  -12.232008994274
 15.323085977502 -1.692138706467 
 14.961305709148  3.798592364395 
-0.233838640685   15.454584436881
-15.382626193707  1.628875917297 
-6.630592077282  -14.026812419179
-14.411161498179 -5.762573557226 
-13.852210111749 -7.193261922073 
-3.194934084745   15.451224423476
-9.029158666571   12.947278576814
-12.345508094009 -9.904322500413 
 8.691259567046  -13.260214974134
-15.737924309627 -2.225372606135 
 13.405695731658 -8.563564533901 
 14.824877767354  5.786950032709 
-14.020834750036  7.567662627074 
-13.428274938236 -8.633459897090 
-5.065439483925  -15.145586543001
-15.973260851791  0.060945642361 
 15.904021881511  1.543330705145 
 13.462788204735  8.845922455377 
 15.749172482604 -3.565904473653 
 7.334437054214  -14.491005678657
 10.711872928090  12.250114681930
 9.317822983794   13.368142431950
 16.363303416689  0.014807007149 
 1.569758671711   16.307031456617
 2.118589412421  -16.290298086218
 5.301811510704   15.605659445539
 15.575635997887 -5.510260630501 
-8.541996975216  -14.181394879697
-6.279220315856   15.357792819517
-1.782543082781  -16.498194644138
-1.281874560362   16.551229845796
 3.327471344159   16.306272008521
 3.705103632950  -16.241039176708
-12.049731943281  11.536972778539
 15.042620943083  7.306632372583 
 12.125628458133  11.525720186633
 15.140136645437 -7.137204311977 
 5.414667530654  -15.881001776882
 16.530801390032  2.925998468674 
-16.016485633605 -5.071462785634 
-15.383844001722 -7.047805079434 
-15.963971750765  5.741523529574 
