-0.096667959516  -1.075957800684 
 1.415243892834   0.434989311722 
-1.553183779417   0.159170007958 
 1.503560366872  -1.065082115451 
-0.019326657647   2.054719327338 
-2.196181694506   1.888051614176 
-1.502130294305  -2.476794222334 
 0.399427521217  -3.029616949917 
 3.080027993301   0.764217481885 
-3.146227776153  -0.555970398749 
 2.121670384548   2.470071371577 
 2.421680456916  -2.600852653650 
-3.917069489026   0.796697613172 
-2.005676255964   3.543416705820 
 4.249892983331  -0.639927385905 
 1.790076321050   4.002358464490 
 0.415361325179   4.605369221290 
 3.261428653500   3.527616629626 
-4.464109033858  -1.968650600827 
-1.168430821236   4.812422425505 
-3.305940692600  -3.695106781445 
 1.137730171376  -4.834762207937 
 4.481792063788   2.360754462950 
 3.591894138984  -3.718726279351 
-4.092475564037   3.175081622669 
 4.750509250855  -2.532781193618 
-5.444648058182  -0.236407320646 
-1.037577887383  -5.429297848820 
 2.779031068499  -5.201146981246 
 5.785172703031  -1.220751910095 
-2.977264248878   5.153377195429 
 2.673586348982   5.331876585552 
-2.741660445991  -5.370057257408 
 6.077931533368   0.462104970514 
-4.985298455021  -3.509808230017 
 0.113786024963  -6.473425064502 
-1.526820152071   6.319473949950 
-4.776546030019   4.521787204131 
 1.687464153051   6.481421394982 
-6.388460396778   2.278557336971 
 5.145631132804   4.445426865219 
 6.232762280972  -3.103692105123 
-4.614122077268  -5.284507295026 
 1.854108461363  -6.857713799422 
-6.863171008465  -2.509934045068 
 0.337392556029   7.307391463211 
 5.751457674994  -4.650912769146 
-3.040795249758   6.783219720622 
-7.439090295291  -0.829575321275 
 7.289403773496   1.968137272772 
 6.703841791409   3.493532488710 
 4.257980533286  -6.342996362695 
-6.306814046281   4.322190044945 
-7.642719676419   1.165081455175 
 7.586354615927  -1.876035181191 
-1.657792653118  -7.833962131309 
 0.179603934395  -8.017276256540 
-3.510577691887  -7.254843869700 
-1.263008052945   8.041315519478 
-5.756655060576   5.798587174747 
-7.512016540870   3.282533327504 
 4.421253633169   6.935651735617 
-7.188831646455  -4.358806773986 
 1.792153203111   8.215078358254 
 8.546719248136   0.892545010108 
 5.835636402454  -6.466434490001 
 5.929517427338   6.420296289025 
 8.033196828214  -3.992418722337 
-8.990627004953  -0.695614982427 
 4.361573059914  -7.990161185694 
-8.469265178283  -3.401182044427 
-5.332192560632  -7.451464113860 
-6.764371215477  -6.184943800321 
 8.110611463363   4.292332910043 
-5.482525978398   7.382823413637 
 7.214777505774  -5.795324267775 
-0.315911849339   9.350360706044 
-3.825467245469   8.552072702952 
-7.510132319742   5.673401359867 
-9.038038245948   2.900661168961 
-2.625808722871  -9.188148197698 
 4.237525844533   8.651352279014 
-9.621735519396   1.055187508590 
-9.434085395755  -2.216900735571 
 5.662071861958   7.947962413375 
 9.407893047882  -2.750614886587 
 0.490350502962  -9.822374655608 
 7.487143418755   6.441662993403 
 2.855803485003  -9.524309472797 
 10.016895688598 -0.354158509047 
 9.656811017153   2.816350616881 
-1.881207313657   9.925529195077 
 6.197944312961  -8.121378571076 
-7.236437146398   7.252673830627 
 2.015417734976   10.101672207588
-8.304466865869  -6.344334500470 
-9.266567813961   4.834608692187 
-10.503276273546 -0.631633637820 
-7.254628712697  -7.635884873921 
-9.360209891944  -4.852231322066 
-5.575022088519  -9.087393084621 
-3.931830879852  -9.958741175431 
-10.155751009073 -3.577680163273 
-6.046193517143   9.087993066120 
-0.705743108531  -10.921438866990
 10.805375481832  1.829237806139 
 10.775964546426 -2.085673731119 
 4.047924838455   10.290348580927
 5.705875264382   9.492936770822 
 5.664774201911  -9.635062940358 
-3.184926963274   10.739767966345
 8.791626759871  -6.981021102712 
 9.647545984510  -5.748457324359 
-0.695576435175   11.279798748193
 2.533067484281  -11.096808959434
 8.075040294515   8.030541649515 
-11.191835146032 -2.407677134287 
-9.519319684675   6.405155799434 
 9.691423264538   6.283155170023 
 10.747763530702 -4.326490304767 
 7.791959732058  -8.617231289003 
 1.336914469152   11.618401037859
-8.380071329419   8.245812348271 
 4.669476570622  -10.842321336443
 10.930903284825  4.467510791452 
 0.612617745705  -11.811145028897
-3.248234645315  -11.473127011437
-11.923857813740  1.254640357602 
 12.054867599352  0.810480458843 
-2.154020974627   11.960022515722
-11.792903153502  3.092245332978 
-1.796538681230  -12.080545298262
-11.356776767575  4.629049135961 
-8.332709181172  -9.036774846760 
-12.255940847003 -1.064252365027 
-7.212712369008   10.035425654204
 11.935055828609 -3.217584749315 
-4.986091025953   11.316924817263
-4.934846433933  -11.341594216280
 12.349362943241 -1.444944811509 
 9.712073698680   7.873275340533 
-11.039617815403 -5.951785710478 
-12.205399821619 -3.752710352261 
 11.546538723195 -5.624910362771 
 7.768168283782  -10.341128837103
-0.130882177931   12.955652381315
 6.499366994596  -11.286734824052
 12.794036189438  2.504700425172 
 6.553617602765   11.313317113369
-7.408223198851  -10.817070816123
-10.663308156225 -7.684483595368 
 9.096369505461  -9.487679356533 
 10.336584624747 -8.276743927984 
 8.257995259671   10.380920746225
 1.430878851384   13.201928026214
 4.263404488803  -12.585969917834
 11.611667614654  6.512790667324 
-10.007141862507  8.874199088066 
-0.510086252297  -13.370747704548
-8.701219326654   10.224287290567
 3.470550973107   12.976693372253
-3.302437869399   13.057916320442
-6.881744150238   11.631923367453
 12.538307550578  5.096695927115 
-11.628809819236  6.944205316025 
 2.409536395050  -13.396792731493
 5.364021907233   12.586378702565
-2.601866267976  -13.469797106149
-13.748456384408 -0.615091272330 
-13.586764524287 -2.984614749524 
-5.764878041459   12.660825329820
-4.094517174835  -13.313149940879
 13.515522584725  3.834605717212 
-1.957202191825   14.030451981659
 14.176756344566 -0.730378045056 
 12.192129636930 -7.362979315183 
-14.259540508749  1.100721803408 
 6.264577536416  -12.878744411362
-10.677686484168 -9.705158019492 
 13.561208688603 -4.990521717812 
 8.929248338505  -11.375588783940
-14.224226602542  2.657922916385 
 10.669853600719  9.784840971122 
 10.731829604609 -9.782891902684 
 14.271901718463 -2.841457105942 
-12.955304887218 -6.634433722571 
-13.953153795990  4.214692774108 
-8.381671677326   11.950621969409
-13.896245246052 -4.487665202647 
-5.632458784929  -13.489587869615
-11.718249555415  8.745903166619 
 11.780110042727  8.688372084643 
 14.687403314346  1.023480354602 
-4.793380129321   13.931279194303
 2.061116136403   14.593802338859
-13.632469082208  5.753849663302 
-9.046067705942  -11.756433395472
-7.106731427237  -13.136784891098
-0.048210905341   14.955587383615
 8.697521277609   12.199234446842
 7.796969602713  -12.816197878874
 0.184337261852  -15.061393599009
-12.605093813831 -8.329979231991 
-10.647571818081  10.729624466225
 9.991427629302   11.368888184653
 2.702291308032  -14.901990521129
 12.235563278702 -8.947374727921 
 4.508048403833   14.480242679061
-7.216334637972   13.436928834233
-15.075061784968 -2.751770611043 
 14.544998378059  4.939500635594 
 6.511389318959   13.923001235368
 13.537516034291  7.319395754385 
 15.184916965968  2.623400008781 
-10.728593718493 -11.266967483562
 14.193955952354 -6.467047889455 
-2.792493246410   15.366306630554
-2.413139701853  -15.444235524226
-13.542678855402  7.853183893768 
 4.342384517136  -15.054281485208
 15.012425305859 -4.542065888320 
-15.776874207999 -0.737052526994 
 3.327689496339   15.444707273054
 15.927090313381 -0.834641349293 
-9.939710931880   12.532414199720
-4.992330459851  -15.204535890055
 6.919158652887  -14.453918181910
-12.166005427853 -10.470686493669
-15.539666855403  4.025004105980 
-1.024308828554  -16.046257051156
-4.458326471555   15.458388803291
 10.824895484294 -11.922172021966
-15.937757828690  2.453406640265 
-8.624096580389  -13.630899309283
-15.397725919988 -4.812809816239 
-13.110343846126  9.537573515056 
-6.185722955669   14.996685391460
 14.049380670368 -8.177065745315 
-6.520646417989  -14.936770118099
 1.450427433375   16.238113582424
 15.835115822543  4.149071534787 
-15.266178720900  5.950139449587 
-10.020121508593 -12.966790254880
 16.281347844282 -2.526022878516 
 8.543866635459   14.093134239674
 1.128238490714  -16.456261445132
 8.630301622209  -14.122302419779
-13.559731028338 -9.706689275210 
-15.168951207466 -6.954861904492 
 14.194178402694  8.809437024392 
 12.367154174121  11.275598878908
 2.956183616440  -16.583923075143
-15.061312926753  7.547463562178 
 5.762332563165  -15.851517874409
-3.809166809203  -16.440024461756
-16.838407485327 -2.408958516930 
