 0.216107262501  -0.558458041840 
 1.025750578469   0.893603801644 
-0.674512284006   1.628666207299 
-1.463580918778  -1.112824457061 
 1.748003828746  -0.826032441397 
-2.358811789678   0.901050759231 
 0.094984586329  -2.593711112602 
 1.239967502061   2.654708901588 
 2.909843156112   1.246479276363 
-2.173180349329   2.426763620067 
 3.245586793518  -0.621889209347 
-1.354165466921  -3.041702393736 
-3.274750897442  -0.621781923824 
 2.554040671856  -2.619720568832 
-3.706682588231   1.636691779116 
-3.306515971322  -2.433180530229 
 0.623281027943  -4.324194885246 
 3.619075884525   2.711531041777 
-4.596597169840   0.405412753589 
-2.479419079915   3.917567130544 
 4.647286957753  -0.044112883903 
 4.139499842692  -2.158684122198 
-0.606120870841   4.793069414126 
 2.190339049138  -4.307564028465 
 1.345429613791   4.647982940461 
-4.713688581232  -1.102765154693 
-1.693501526939  -4.842220329469 
 3.063699747686   4.117426777326 
 5.034071322876   1.732006045955 
-3.237908354368  -4.647185403021 
-4.368416973550   3.703535140498 
-0.231993663669  -5.727135574773 
-5.231429177644   2.444499447999 
 4.373930126011  -4.088155517582 
 1.648870357189  -5.899984982245 
 0.766621819943   6.081489060829 
 5.517573271726  -2.897520227687 
 3.358428227355  -5.283837840256 
 6.256966546724   0.634390282272 
 6.356153041294  -1.210806945467 
-5.235752326742  -3.861773979828 
 5.419789486105   3.708048398979 
-6.576867991129  -0.523526820886 
 2.737145347321   6.075054536846 
 4.339159002432   5.092594278538 
-6.364939645113  -2.530069951934 
-1.458600240019  -6.696854276617 
 6.476288229839   2.293074604822 
-6.764354226939   1.251453705008 
-4.372004518531   5.368412413837 
-2.173837336344   6.617810105310 
-6.665750999594   3.055066815121 
 5.886222025635  -4.660885285994 
 1.120054567772  -7.437635373096 
-3.734683767767   6.753465550166 
 6.956201584116  -3.395508707499 
-5.049535932501  -5.906303841357 
-3.055248804540  -7.280074096469 
-0.224245763330   7.896638248637 
 5.180407356182  -5.990567374342 
 1.622361244099   7.760881938882 
 3.903421165032  -6.937698929893 
 6.860467536885   4.373004212299 
-8.218889787073  -0.838382109743 
-1.843166852929   8.091889332832 
 3.769358666127   7.401988685014 
-6.855888091755   4.771219773882 
 8.307601154093  -1.151912245982 
-7.816328169829  -3.058221085385 
 5.605776545562   6.365574689881 
-5.520098315444   6.510030612354 
-1.116845506579  -8.549110338550 
-6.530580161854  -5.643748933516 
 8.083399621219   3.193043853152 
 8.790492813360   0.567478098914 
 7.561907466699  -4.820111989370 
 0.518065364015  -9.039515631164 
 6.740487993911  -6.116085082251 
 8.559501746025  -3.292727857228 
-7.824671562716  -4.878971263666 
 3.863654232302  -8.507296879513 
-9.458928064496   0.250158168227 
 2.400992569449  -9.174173795019 
 2.788322259279   9.088723961610 
-4.496057635781  -8.507964913864 
-6.238810113455  -7.339112564066 
-0.186039515045   9.645451441157 
-2.854722135433   9.227236380826 
-9.383220566227   2.681346131830 
-9.675818036255  -1.421754084586 
 4.631438240257   8.768629094453 
 9.554552428498   2.738216085751 
 7.993343542360   5.999624949017 
-2.379056969668  -9.723365032477 
 5.578975219231  -8.337531953852 
-9.592794614705  -2.944080918734 
 1.298624939562   9.966829301133 
 8.879757430264   4.757741180345 
-9.201141105809   4.268385727278 
-7.493297817543   6.981564450141 
-6.209342475635   8.249724678974 
-8.793263060605   5.775476833259 
 10.370530380746 -1.989665929568 
 10.468905564245  1.429025840421 
 10.585238610844 -0.233472195942 
 7.047829945284  -7.960497965278 
-1.412577592553   10.542503133686
-9.540502632156  -4.789703324015 
 9.937568338627  -4.052307141469 
-8.251652171362  -6.951608997385 
-5.298737109256   9.484001576350 
 6.605467956873   8.854118937871 
 7.801498653857   7.832671220747 
-0.666237526741  -11.102323328818
-7.027628660919  -8.630003666980 
 4.635777667896  -10.182545289653
-11.268515774880 -1.365257245155 
-4.927428669505  -10.245898465021
-10.997687955252  2.949040364178 
 10.734330537553  4.044806136099 
 9.912724401162  -5.775391626282 
 2.393551121007  -11.296199409776
 1.926228377922   11.418341909788
-10.311813350804  5.315727948635 
-0.229820792756   11.618118835583
 9.508249150743   6.789501298489 
-11.128089698040 -3.596300505001 
 8.685104750794  -7.850308699297 
-11.725112493186  1.374872029045 
-2.965589625046   11.449729635501
-9.924531747279  -6.480987575618 
 5.553063793717   10.515676511893
 11.419073526011 -3.451026941873 
 7.169682747321  -9.536909249500 
 3.466379598188   11.460964373288
-8.358522687323   8.614422921263 
 0.676752284427  -11.986850829446
 12.033959654834  1.797980061228 
-3.668382391125  -11.605480800199
-6.651382504995   10.323924213886
-11.567068101897  4.490007656597 
 12.378962971359 -0.888867281872 
 11.077346942531  5.641144500292 
-9.087596559598  -8.606168439149 
-2.224027554545  -12.400880270515
-10.274560895493  7.325620878608 
-7.949397714392  -9.891127515536 
 8.921246477894   9.052034814132 
 0.911197988368   12.706904525011
 4.648667332189  -11.901078923660
-1.796805464035   12.738988239817
 12.549135177337  3.381796447286 
-4.185456455032   12.343020202594
 2.874465054792  -12.737986783511
 12.805346324448 -2.606611000256 
-13.016726660822 -1.310142249896 
 6.582517411411  -11.334903033664
-6.815058594729  -11.208559758633
 4.999222734310   12.168419238870
 10.747041638009 -7.635677994952 
-12.744124499205  3.384570963094 
 13.198455922035  0.478420934949 
 10.742067959403  7.711656968381 
 12.221860153871 -5.172828740876 
 8.051741827939   10.561140982137
-13.006045741325 -2.895086448457 
 6.649949063365   11.601803701966
-5.887017580691   12.100415274510
 9.112298573045  -9.931393183313 
-8.123433616244   10.755888861608
 3.519335710527   13.013011785984
 0.484201118136  -13.497814107254
-12.659492216573 -4.840348557095 
-13.572405743129  1.012857936711 
-5.089751922562  -12.629802446965
-10.325078190066  9.141837235966 
 12.069948583268 -6.672727812828 
 12.005695235845  6.823128809774 
-10.749515528542 -8.685169471307 
-11.833878860617 -7.249904437309 
-12.966472699288  5.154250552188 
 2.072169469426   13.831401018945
 12.901645898623  5.453854461426 
-0.269840670957   14.095273812662
 4.427829310962  -13.415803517719
-10.001997994125 -10.083264965603
-12.450261118923  6.855980545162 
-14.228000072448 -0.400741956829 
 8.641440449026  -11.437688732242
-3.596930396709  -13.886470269055
 10.678363350197 -9.614554200888 
 14.340588390862 -1.494692583915 
 13.781796865813 -4.400107254689 
-14.269483484911  2.397412793747 
 6.263983762442   13.088873297124
-7.253750914886  -12.692042590804
 11.546537250554  9.008377750251 
-7.341551372367   12.671895439887
-1.687270731926  -14.581729178972
 14.680826621446  0.086859401757 
 8.095993891644   12.254179815418
-13.180006236253 -6.512424767214 
-14.533606956345 -2.299805464047 
-4.410968417713   14.059386526294
 14.198424586573  4.228626925159 
 14.686013040021  2.685782043689 
-9.377273104155  -11.652987139754
 2.279262486549  -14.878499248213
-9.658091966463   11.588871402285
 9.814297498791   11.494335487548
-15.164143300113  1.134368199488 
 0.620151242549  -15.301874054700
-12.577359032204 -8.779480638718 
 3.797253036864  -14.865000264187
 6.536163118451  -13.925553498392
-1.032434154232   15.401500987351
 0.995110850516   15.410119500153
 13.139039893028  8.130291794645 
-14.118019399110  6.362005393590 
-14.758218391665  4.748686977231 
 14.021522582253  6.728731604640 
-3.124209533845   15.314018506416
 15.361274661254 -3.105048755173 
 4.075745439229   15.134107922872
 11.393567197830  10.777861624842
 13.620220552038 -7.828696184319 
-12.402223836593  9.665191571827 
-5.355089956464  -14.867070891148
-6.309034341226   14.490998587488
 14.435128545110 -6.487053477325 
-15.464347686967  3.413260737261 
-3.716983854678  -15.410447201248
-15.270980456441 -4.407644632102 
-11.234315566923  11.365801808594
-13.569742678011  8.443222619432 
 12.469439150282 -10.032730017013
-9.269476152379   13.089237081474
-7.442919445995  -14.232893545836
 8.284927347413   13.946790650349
-16.212994740670 -0.859047040987 
 11.613117455376 -11.390760486651
-1.260069545814  -16.230275222902
-12.376697986094 -10.628017076190
 6.595362722561   14.925896589854
-4.750621442934   15.614907217541
 16.263590960305  2.047308842157 
 8.051566458127  -14.289327107984
-15.148029684638 -6.327903826400 
 16.414722647261 -0.479548252264 
 15.847143191202  4.588349350956 
 10.303739062391 -12.943069625936
-0.007439344506   16.551383644264
-8.403349430234   14.317378234656
-10.570557047250 -12.825971390332
 13.456448540827  9.800555992385 
-14.809854233198 -7.826901257865 
