-0.305652401892  -0.497805683104 
 1.246639642896  -1.253849435338 
 1.180645549705   1.434098228220 
-1.823506979385   0.576710520187 
-0.974384068249   1.854765244275 
-0.197043236211  -2.111862464435 
 2.535253278913  -0.157007347814 
-1.952556781946  -1.642449537667 
-2.991246632337  -0.510981363412 
 3.340731879868   1.154336227393 
-1.538178673071   3.260656708122 
-0.167983761024  -3.631119711771 
 2.009111004175  -3.096684266403 
-3.052880349624   2.421938173675 
 3.389419307306  -2.385753995266 
-4.125730289849   0.903175831668 
 0.931437146800   4.129141755697 
 4.251540492506  -1.119894948580 
 2.626178751718   3.691368060601 
-0.572775887238   4.516624277145 
-2.649591768125  -4.100566984437 
-4.672718904172  -1.730180326187 
-4.308505103129  -3.198986651624 
-3.958394543470   3.656117940595 
 5.436945110579   0.410348846716 
 3.807564086605  -3.920118043326 
-0.799171106189  -5.466605910601 
 1.064344001690  -5.456431477240 
-2.732411197544   4.928542910497 
 5.220418390952   2.192813210154 
-5.679514210447  -0.004118722452 
-5.251648253116   2.424034114423 
 2.405391511592   5.407298942414 
-2.374276030671  -5.632805549555 
 5.255789821073  -3.126088241802 
 3.044965261304  -5.400642291063 
 4.082371228199   4.783224419670 
-5.962477367060  -2.516204248467 
-3.970134616133  -5.176921323229 
-1.291757477158   6.412430500109 
 6.361438744634  -1.771008412712 
 5.549447488215   3.731218284629 
-4.296538483654   5.163581266776 
 1.244462590480   6.811498352609 
 6.940532847629   0.266352619465 
-1.251445268647  -6.910554915900 
 5.461293161753  -4.824152657636 
-3.030368685504   6.627440258281 
-6.732579590098   2.964287851503 
-5.582226952952  -4.872201883889 
-7.294445422774  -1.316437214385 
-7.460008597410   1.074975255597 
-3.551661728545  -6.664387538741 
 4.526793602705  -6.050026843816 
 2.794793825210  -7.127984366736 
 7.336944422887   2.294773004504 
 2.859938187160   7.156919813331 
 5.812932822068   5.227381676526 
 4.652034074510   6.447873199087 
-5.048655929050  -6.310707358710 
 1.303704723002  -7.980128815829 
-0.313568325752   8.110743000002 
-7.023983874651  -4.269740030822 
-6.663501238392   4.816261609266 
 6.963687760284  -4.431121961033 
 7.820160340373  -2.730055775865 
 8.339189658034  -0.618365887831 
 7.230743657812   4.272810577010 
 1.388361098091   8.389908696522 
-1.275626124121  -8.414388905163 
-8.700214516360  -1.847479032728 
-5.871359196841   6.773805456003 
-4.357064418147   7.847232197517 
-8.211122611102   3.643971038802 
-1.586056451513   8.923480601561 
 6.514468825904  -6.434735833586 
-8.746839111474  -3.359942348821 
 4.954135799393  -8.053134893614 
 9.667615420736   0.753114084665 
-0.434445745304  -9.698333002413 
-2.675054540899  -9.350259733881 
 3.637674774301   9.029209795736 
-9.812448530101  -0.313909867842 
 1.167836373410  -9.777707399587 
 6.331141656108   7.551867570000 
-8.483359881049  -5.078249703925 
 3.706730915280  -9.262214875214 
-3.358879579934   9.412086728934 
-9.898699092010   1.404633250998 
-7.238299171787  -6.957475886371 
 9.180380859038   4.116910581323 
-4.607830071691  -9.017245743450 
 10.147064692048 -1.387900467498 
 1.550001784122   10.178534212801
 8.776024618623  -5.400271387712 
-6.217653952814  -8.245087159977 
 6.705331448708  -7.992519338690 
-8.421865361710   6.187174032310 
 10.202425727231  2.481086109915 
 9.819703618981  -4.052061377436 
 5.389624588962   9.235062042903 
-0.736075691490   10.796982423558
 8.519026809725   6.799754411723 
 5.452887385055  -9.482373461749 
-6.916488653748   8.546171299146 
-5.425214542386   9.584849351811 
-10.407071663513  3.702060573487 
-3.856860435283  -10.380979060175
-8.820040210764  -6.787047168413 
 11.176541014145  1.159422299562 
 3.498878586652   10.685607557027
 8.779417561200  -7.050954957959 
 3.273915589580  -10.778886311845
-2.813232796644   10.909933342031
-11.192685029608 -1.508135118832 
-9.989283495649   5.494063967502 
-4.325975339343   10.658660638948
-2.141594436319  -11.302384688231
-11.257876930999  2.401834223440 
-10.931321178934 -3.698784957601 
 7.244975349409   9.106098262505 
 9.897155732320   6.134721552722 
-0.640927084241  -11.636250748913
-11.658430816540  0.831102197641 
 2.194616719150   11.576557312819
 7.070220304905  -9.504031878220 
 11.842587844120 -0.619417606978 
-6.588734073691  -10.007060056974
 0.983953053258  -11.991551527260
 11.480539932181  3.619066467028 
-10.589284549642 -5.818793841726 
 0.496458544886   12.152789666929
 10.502230119960 -6.224907428315 
-8.667111198835   8.745295279531 
 8.690807751888  -8.732881156295 
 5.768521413866  -11.014393198181
 11.964414423556 -3.440800360870 
 9.831973395458   7.662394159023 
-7.079035600208   10.261930657081
-8.434873100239  -9.331959515821 
-3.514051451150  -12.157308628349
-1.472893641433   12.573641054431
-3.831021174156   12.077204955625
 12.732802110013  1.164705166194 
-12.640440824001 -2.071812379279 
 8.953322581092   9.162141228374 
-5.696069665251   11.489985313597
-12.315550978506  3.581314493089 
-5.171840644421  -11.755384076250
 10.352523486524 -7.717566634291 
 12.831104842686 -1.865453128641 
 4.540710937482  -12.232938505130
-11.585498434690  6.009185465403 
-12.419382671325 -4.062702416154 
 7.137643099139   11.013931014939
-10.646066759029  7.872002832753 
 5.662147068805   12.043410687144
 0.292801236859  -13.356757415923
-13.371783903791 -0.097407276930 
-1.960951426120  -13.264803986853
 12.354731773329 -5.469757618853 
 3.216288175503  -13.169456674505
 13.404693127011  2.727293342632 
 3.611059963063   13.204573868353
 12.178022728292  6.253693633378 
-10.714360449204 -8.524992152673 
 13.041981383788  4.268251864730 
 8.400913995717  -10.932439828228
-7.205095324267  -11.874491590915
 6.707757357814  -12.256166636294
 10.842553709821  8.904913899566 
-13.681931420032 -3.236602651873 
-12.974587299851 -5.511432862408 
-0.057272169537   14.129393220197
-12.184596992609 -7.162480687084 
 13.719647163682 -3.499940613323 
-7.558189360202   12.029818622927
-13.917726448755  2.858307311227 
 14.262993644740 -0.895327292513 
-4.161109995064  -13.697609163975
-5.552664184563   13.200560603280
-9.409964284558   10.899780505510
-3.111375254047   14.096480508308
-6.210247330969  -13.105646473689
 1.628250068952   14.438982808122
-11.057886728917  9.445882611303 
 12.065980288509 -8.173961902130 
-9.279402371911  -11.238519959600
 10.545423342593 -10.108942359413
-14.487698961844 -1.959906158416 
-14.571214945919  1.422694675168 
 12.255677481570  8.219412632574 
 10.379789699980  10.519250906284
 13.126605255687 -6.910626197055 
-13.983280861716  5.000104659952 
 7.871376786516   12.639151547155
 1.585035582885  -14.812896176757
-14.967167775898 -0.348226649914 
-12.377611724379  8.514017796933 
-1.824618136960  -14.951363923725
 9.859541306421  -11.452122262424
 9.274798938874   11.987600158873
 15.151230236945  1.000319756621 
-11.035232891238 -10.436880611585
 3.151225448953  -14.893580602071
 8.142005328947  -12.938772989652
-1.098717131337   15.256326808743
 14.926225185193  3.423252948654 
-5.511494168900  -14.441459864814
-12.363409895943 -9.304941552895 
 14.707144222225 -4.886215005013 
-7.193812317983   13.756059246617
 5.665484258250   14.556014907249
-14.254691116056 -6.440398890795 
 13.952564603209  7.115148277671 
-4.434280916533   15.023454159107
 5.632142285722  -14.617795658696
-15.331599410245 -3.447147737421 
 15.601051559547 -2.252692872694 
-14.092934691588  7.077678160084 
-3.468911342735  -15.430932346395
-7.592422672901  -13.986567503661
-15.749774125172  2.353523485480 
 3.818430831515   15.464321901784
 0.376283620242  -16.040320937971
 12.424861630237 -10.164444875909
-9.662832459715   12.856559358738
-2.533042325099   15.885035557580
-10.663384080667 -12.106524236933
 12.429671293082  10.285212072806
 13.525931874017 -8.831592432349 
 1.066240445326   16.137167343440
-10.913278139773  11.976650890848
-16.212299073035  0.723403423047 
 7.750161899623   14.288758109929
-15.484484510014 -5.023498598069 
-15.210317580982  5.865669873402 
-6.054449733222   15.179667030080
 7.369369730482  -14.632019904690
 15.446259324664  5.519398594055 
 9.302791476990   13.619120528365
 11.608569687587  11.758595594603
-14.056916986997  8.688236227041 
-9.727636131342  -13.406827654138
-12.292198403590  11.157360786605
 4.472409177246  -16.037194394733
-16.017062071231  4.568578369867 
 14.711428187918 -7.850641356729 
 2.885840169777  -16.427450907863
-14.125219905712 -8.924399038973 
-1.795372663550  -16.658696115923
 16.749377359881  0.604488844748 
-12.743797990895 -10.923599947380
-16.806718755140 -0.976615135821 
-8.557739135145   14.600401899046
 11.621449153607 -12.348954359043
