-0.189198247826  -0.887072682882 
-0.285355578062   1.106498560896 
-1.777421106229   0.205260754035 
 2.070464092474  -0.544000117109 
 1.286649361129  -1.994535677050 
 1.126002024478   2.147496727333 
-1.386326664681   2.184004244743 
-1.875857614178  -2.359243718082 
 3.040283895846   0.756709302863 
 0.173632194663   3.417234329431 
 0.822220304090  -3.457760895113 
-0.704561550264  -3.736434370583 
-3.934931012932   0.333220267132 
-3.741112607924  -1.469630348423 
 3.462924802761   2.479629264092 
-3.488131941034   2.499522335812 
 3.749389872129  -2.335107278255 
 1.523347423138   4.289276521699 
-2.194658742465   4.000585970020 
-2.336691560849  -4.078253421603 
 4.734501596039  -0.284280445060 
-3.713308480533  -2.972076784059 
 1.984347308591  -4.526789937599 
 4.908424044724   1.423515849493 
 0.505317902652  -5.433747559687 
 3.586993372361   4.186944161923 
 3.852190010343  -3.948153795474 
-5.234291520871  -2.061739482100 
-0.478116240631   5.861980803756 
-6.105750359512   0.101737900042 
-3.799972101403  -4.781227115662 
 5.240904014138   3.252015283216 
-5.915674170570   1.967000313866 
 2.541039334516   5.709241073673 
 6.135255989582  -1.618974463294 
 1.216963494833   6.496859603537 
-2.186772853553  -6.263682809039 
-4.720479044572   4.689025941108 
 5.849069097329  -3.234469339072 
-5.739852009644  -3.474923956004 
-0.247529196642  -6.771663482732 
-1.899491496108   6.615945208209 
 6.562831316197   2.298725373828 
 6.937311511186   0.832143103575 
-6.069806017775   3.608133366032 
 1.973702442125  -6.786689967582 
 4.207297333272  -5.768348027661 
-7.080756667007  -1.273516214126 
-3.582646881003   6.348015586949 
 7.326159188282  -0.651377305683 
-4.215089897422  -6.781544057860 
 4.618323239224   6.605424599773 
-7.261655737785  -3.499477968295 
 2.455366469621   7.695758931550 
 7.623148299335  -2.794594181546 
 6.089980435184   5.374115516931 
 3.593924566824  -7.299601903756 
-6.143920006307   5.457949987918 
 1.218282267071  -8.153975580908 
 0.796378990111   8.353317521872 
-6.500739104517  -5.395734958389 
 6.193466241374  -5.932756353455 
-2.189331343861  -8.313010578374 
-0.968611708438   8.550024639481 
 8.128041886980   3.235043751301 
 7.419782325256   4.665592742809 
-7.590162684368   4.420020944062 
-4.186555378029   7.757753382331 
-8.599468993591   2.250058719016 
 5.211574029961  -7.229852101131 
 8.771544713120   1.790830351055 
-8.962094700426   0.776988588482 
-2.883643943409   8.556414152305 
-5.835785260036   7.072782185204 
 7.860815390199  -4.843749849180 
 9.071863989391  -2.242801031114 
 0.077386194607  -9.468198195879 
 4.165387220661   8.511480559081 
-5.310557935644  -7.877794545196 
-8.567566492130  -4.359872459549 
 6.430143777466   7.165708884176 
-9.326420766161  -2.544356730665 
 9.848649768120  -0.306645821380 
-3.479970298942  -9.261034876403 
 2.748307491986   9.536644484116 
-7.730292381822   6.365432334140 
-7.837931752009  -6.246818228569 
 6.946070194868  -7.259218232647 
-6.772366162021  -7.475445993297 
-10.131856675127 -0.879720257547 
-9.106915041983   4.649446239984 
 9.851471072566   2.969992516421 
 8.031844559883   6.460456609807 
 4.972312097612  -9.088425436416 
 1.094657946476   10.314982413676
 3.594212841873  -9.752778831222 
-1.770695899051   10.292682941231
-10.275654267708  2.435210699671 
 9.295074422235   5.026008672514 
 6.163373030033   8.656980722712 
-4.648362314067   9.591855352386 
 1.677546815080  -10.562531285672
-2.439351400730  -10.481217113637
 9.734472608198  -4.736471671384 
-6.049717537114  -9.200995272053 
-3.396633061743   10.514848052804
 10.672904992312 -3.275079540681 
-9.909377097653  -5.260529450468 
 6.854027340284  -8.887418153896 
-6.522600591186   9.281752445535 
-0.531673985945   11.390704247357
-9.443343991897   6.400526663998 
-1.059167984763  -11.363624472340
-9.285183788740  -6.667292847267 
-4.797800594585  -10.488047084566
 3.179771539040   11.089660218411
 11.386245132985  2.107550822420 
-8.478425839052  -7.935943686651 
-11.620607999796 -0.261353428391 
-11.123878596050 -3.521048123579 
-8.400754888985   8.108566019131 
 9.624956885675  -6.668031411975 
 11.656763182841 -1.850874139352 
-11.245108457288  3.608148739747 
-10.678175862354  5.095208956816 
-11.693415963533 -1.860862752770 
 11.096019073129  4.196819694387 
 9.995696663299   6.473338217789 
 8.315107680298   8.538509357686 
-7.576421779923  -9.255909269784 
 5.381452375562   10.682830129182
 12.004155775472 -0.378505241307 
 1.672377548683   11.999107556469
-5.410799633718   10.897287860254
-1.925102098444   12.046414317264
 11.256675163218 -4.917666240851 
-12.247902083931  1.202234889956 
 4.970507221643  -11.274950315012
 6.852270850795   10.335630902713
 0.848971421325  -12.455666625281
 8.942551812855  -8.720517412788 
-4.260575658630  -11.889726336328
 3.415955145590  -12.228999329726
 7.034534633099  -10.604546145446
-3.506554577064   12.237810226455
 11.619276719888  5.687305017024 
-12.069688555294 -4.880970295306 
-1.875687614076  -12.907335289967
 10.165513158018  8.183897258708 
-10.528079132065 -7.741952376070 
 12.620773747147 -3.489644931801 
-7.459955750186  -10.803823482816
 11.540056437339 -6.432058862921 
-7.870617765747   10.631637538042
 13.238594716805  0.591150055500 
-11.624126457923  6.369172992327 
 3.190018385765   13.017267799230
-9.318663257453   9.828191055045 
-13.594929084834  0.328360652997 
 2.079555142611  -13.449315779990
 4.795250369578   12.807973124087
-5.226736475981   12.669200545906
-13.602361907631 -1.722660708947 
-13.332745989949 -3.297938523096 
 13.576440036783  2.146918419928 
 0.703502725484   13.731360425624
-1.888000936502   13.639561075478
 8.145429013392   11.146235115053
 8.701019071349  -10.738779622476
 11.827985687724  7.180297215243 
-10.030320760604 -9.558660939286 
 5.470173189461  -12.737736291986
-13.263653283157  4.099327762295 
 13.333048812288  3.991621869917 
 10.720430064798 -8.902027009297 
 13.930470701806 -0.915742708354 
-10.681974559496  9.001054967696 
 12.884898118873 -5.402320790291 
-6.715949936114   12.295875370580
-6.576208098739  -12.456649235423
-12.424767568184 -6.696349885741 
 6.998322883534  -12.333858707164
-4.270704349208  -13.669488776859
-1.035456770889  -14.302718559242
 4.445137699257  -13.905069637673
 9.933766533561   10.747983636922
-12.291483788397  8.165720165150 
 11.729363547031  9.023310376309 
 0.756511256892  -14.792278295284
-13.828243126898 -5.418542685773 
-14.689281943226  2.522377807773 
 10.596753493967 -10.486571833022
 14.326227762630 -4.133068562209 
 12.199101251833 -8.598069747699 
-0.856378427795   14.907343684172
-13.441389748500  6.599087758603 
-8.537960133312   12.359831311015
 7.228110198305   13.236727296831
 14.754813851618  3.411755350724 
 14.965950086201 -2.391562294668 
-15.172395650128 -0.709720687658 
-2.410252199360  -15.009735029905
-10.016632114253  11.458571667045
-3.609137770270   14.813291731995
 14.270472548165  5.394215125154 
-9.660369943101  -11.886983495738
 3.374004399161   14.953936202835
-12.536410401064 -8.824372659779 
 15.340998547352 -0.200377574157 
-14.409555644135  5.327062743170 
 13.477351089944  7.418240438385 
-6.665836856820   13.894082394802
 5.959436909197   14.213089844919
 15.401523781191  1.327710545293 
-8.455715884539  -13.018478579946
 8.208316321157  -13.221277310395
-13.837199772639 -7.203301452313 
 6.138504120359  -14.354723273086
-15.113453667627 -4.220662493973 
 0.438221915610   15.702811064213
 9.613904695020   12.435411441058
 11.448955191252  10.830485309654
-12.145915403312  10.066571865776
-15.799906365667  0.834029454163 
 3.435208551380  -15.456244503062
 14.634755957830 -6.056801692203 
-15.723886944154 -2.444649903535 
-5.541650542039   14.922130501855
 2.046880212009   15.926014766753
-11.479365885217 -11.231782001988
 14.093284556467 -7.701674229547 
-6.510479365106  -14.719982146182
 1.440413894659  -16.131329090780
-4.904463398444  -15.449690636605
-2.014967666880   16.093536843888
-0.267462030785  -16.231868321831
 8.677380918409   13.861055724218
 10.803141446406 -12.303882127670
 13.677368717176  9.150159804772 
-15.400218880588 -5.971155782845 
 4.656508476321   15.885105146528
-16.014307553080  4.204656009615 
-16.352084156175  2.666125249922 
 13.660635014440 -9.439034820840 
 16.337591372895  3.241410614281 
-9.384190188550   13.811126026741
 16.028344402216  4.792725466820 
 7.908798731180  -14.755593841438
-14.108695570394  9.025467921412 
 16.772171167580  0.666198129814 
 12.899947910275 -10.758530948061
 5.768569206543  -15.817336546417
-3.575376099988  -16.457767717575
-15.205926408167  7.261430999697 
 16.302248645528 -4.265333088745 
-0.621114900539   16.939809618697
