-0.080490207852  -0.150966304097 
-0.424023067872   1.333795746844 
 1.874130773002  -0.647952073661 
 1.325324222631   1.570060810816 
 0.421730410365  -2.033082220415 
-2.249380687025  -0.281562932130 
-2.501810987372   1.339595121536 
-2.121552514156  -1.959384305957 
-1.097546519785   2.710122584555 
 1.943780708050  -2.450113147095 
 3.169791970244   0.169753916188 
 3.036042513046   1.786726313709 
 3.630999141091  -1.647342512953 
-4.079684106205  -0.519729236955 
 2.039270321255   3.593962688676 
-0.654170492988  -4.118163096630 
 0.374357147841   4.229897399131 
-3.769930472779  -1.989923214690 
-3.771374615855   2.278182731201 
-1.467828233929   4.223409301284 
-2.942486427427  -3.385848719217 
 1.438118858560  -4.269843875548 
-4.759165687348   0.925061922462 
 4.816587023012   0.865249223869 
 3.503925185775  -3.512390823568 
-2.119515712506  -4.732331607996 
 4.136269725279   3.221141887428 
 5.416157073724  -0.634679026238 
-0.463086526861  -5.610695576374 
 1.872020087157   5.385881627713 
-5.521833101949  -1.621220238482 
-0.253439809511   5.864560032225 
-4.267816097482  -4.186407550499 
-1.853219808481   5.903508353490 
 5.366964935628  -3.299082771214 
 3.565345485942   5.199664979539 
 2.467898703450  -5.820525486474 
-6.051059243381   1.876971949833 
-6.350599050611   0.163369202893 
-3.955955012438   5.021498270746 
 6.009543697350   2.699456424208 
 4.638649552970  -4.757114258844 
 0.708274140184  -6.663269305913 
-2.425724403478  -6.268118942937 
 1.098343005778   6.843600743288 
 6.871020705926  -1.595775019555 
-5.403455615157   4.605083459692 
-6.022337964621  -3.964933019951 
-4.084007764716  -6.015630191840 
 7.338915034612  -0.148518380260 
 7.302449078166   1.655614942196 
-0.391087578439   7.572961520208 
 2.713567196644   7.401648105455 
 5.673461024665   5.478239837014 
-7.896569996502   0.136724156490 
-7.794567931119  -1.488724973516 
-6.829031067514   4.100629141271 
 7.431834954455  -3.164055231240 
-5.604273682863  -5.853362707460 
-7.536002931307  -3.346707979191 
 7.025666078245   4.320445808397 
-1.804145900455  -8.202855412057 
-5.362948500388   6.535502534656 
-2.073288992311   8.274195310727 
-8.127774024762   2.682454322752 
 4.754100452226   7.120632217546 
-4.141048375155   7.527739154289 
 3.113540295247  -8.167377673074 
 0.478234152442  -8.791573516182 
 6.779865913531  -5.703520620268 
-5.106138766290  -7.411046918965 
 9.102128243482  -0.619949212654 
 5.155538750887  -7.537711069995 
 9.202031694854   0.969169249253 
-3.379926638577  -8.685154903339 
 1.952483682148  -9.176468582410 
 8.956221784640  -2.987756581294 
 0.807002082800   9.508773590330 
-6.571696946012  -7.062193199988 
-3.586361598971   8.956878638870 
 6.875117563056   6.825390458404 
-6.989213465797   6.751753284019 
-9.600364430536  -1.513658449027 
-9.616141297982   1.466213309607 
 4.177712636089   8.837445549643 
 8.425055052242   4.996755322665 
-8.462866339462   4.973868968363 
-9.192709504069  -3.752892533693 
 9.437282210158   3.422782293872 
-8.019750544131  -6.054070261821 
 2.392914799797   9.763809077277 
-10.115465615288 -0.068494171705 
-9.536433764767   3.393046174195 
-1.836601518602  -9.977888918284 
-5.553063356950   8.689123601590 
 8.578783051195  -5.787433408847 
-0.829937014361   10.447736096440
 6.306356139095  -8.625978307229 
-0.367965248118  -10.720152225143
 6.599614460351   8.491614043369 
-6.023650669877  -9.037490199300 
-2.630303060145   10.568781053606
-4.292251624832  -10.102295547364
 10.081776832485 -4.364615927940 
 3.898036444085   10.341145416593
 11.054325902486  0.152738736385 
 4.590285535202  -10.121596753826
 11.021351473562 -1.715482015439 
 2.419069486236  -10.925457056200
-10.097251041640  4.936687476372 
-9.160474123757   6.518958094220 
-11.205595394906 -1.317327119321 
 9.097891331422   6.702184425626 
-9.770551454999  -5.761287400079 
-10.716080125645 -3.855770467433 
 8.215348460843  -7.912422117207 
 8.059550663287   8.136260787046 
 2.190164427110   11.274606326571
 5.824693321178   10.050883966124
 0.922943172704  -11.619321297063
-11.119631437990  3.503663674955 
-8.578995826909  -8.067204976560 
-11.752093540486  0.898643554327 
-5.047812937352   10.711257129532
-2.197571570841  -11.661098594045
-8.400837421261   8.556749511413 
 10.998212672154  4.812928726010 
 11.793980673954  2.417458426563 
-11.795388361482 -2.761387709997 
 11.683011145211 -3.347908094531 
-3.801588336090   11.686675806620
 10.574682903157 -6.370032698368 
 0.810060908133   12.334937624327
-3.767660456238  -11.798289587889
-6.895621771938  -10.357358253599
-11.325185100383 -5.280163815028 
 8.172340002493  -9.484286179716 
 3.543527124940  -12.053010623858
 9.842576663020  -7.857033955642 
-0.962711577651  -12.585400851136
-5.574639030693  -11.334299644913
-12.443479382188  2.299284199253 
-7.674464860647   10.231295924742
-11.263906586843  6.159062612062 
 4.281467007373   12.167060323913
 11.006547681366  6.929146553383 
 5.820004400363   11.637888303992
 11.848693178743 -5.459749078545 
 8.023213937511   10.307695663426
 2.656903790941   12.840737538645
 7.412254356871  -10.827170224825
-1.702882500630   13.072450180663
-13.199079444892 -0.347815207963 
-10.655826284973 -7.961958609011 
-12.795872360804  4.116112927955 
 13.390442884321 -1.597183048848 
 13.504561595182 -0.009994076632 
-11.044968706583  7.799013955546 
 12.676901145961  4.736523750875 
 10.320020962550  8.798934669801 
-13.080095923907 -3.598369785935 
 13.241820156479 -3.142183767020 
 13.263131077578  3.141601752873 
-4.969004719111  -12.727467143736
-6.417269804799   12.087528314393
-9.753539133834   9.608265760934 
-0.211482921738   13.735246364384
-13.686438854527  1.241937842861 
-5.051317250782   12.815421210471
 1.521094021834  -13.717103058831
 6.354442810929  -12.301691783102
 1.436940440033   13.793649938140
-9.640200224473  -10.165582109696
-12.766908426089  5.815029804047 
 14.037652277016  1.548985515441 
 7.570412472128   12.069265365933
 11.122735622410 -8.907475522953 
 13.414495392211 -4.814087952357 
-8.974072034273   11.104731252178
-8.034629186259  -11.967020707753
-2.925579098239   14.128366306673
 4.000337892286  -13.875632104502
 12.935676408193 -6.498902972351 
-6.513285813648  -12.947433412675
-13.266373371889 -5.861900227608 
 9.410649720784  -11.056823992049
-14.508205774050 -1.782781576129 
 5.196363638538   13.714791420049
-11.334573697789  9.348470555871 
-2.183418763852  -14.536826997826
-14.727575157275 -0.223978552552 
-14.387158543650  3.346301422796 
 7.843486652747  -12.530069355961
 5.525308998031  -13.715482499118
-4.474989676303  -14.214244963994
-12.059155425085 -8.792156189657 
 3.878365237995   14.431486199274
 12.659830632782 -8.056472487550 
-14.642908123506 -3.343624817869 
 0.413584858086  -15.077336781611
 11.369235652476  9.933724368632 
 6.697973868558   13.566798415288
-4.757910084368   14.363002636884
 10.008992930448  11.359585756502
-12.678277499608  8.402851329551 
-6.902097859769   13.563843671300
-14.429466482761 -4.865085380884 
 11.140065037789 -10.481631930059
 14.548871649070  4.793622510068 
 12.510061521061  8.850556354718 
-13.274437910051 -7.699162270029 
-0.994513233329   15.360655482480
 15.393478800990 -0.761640469183 
 15.167147937483  2.974669274202 
 14.986476053675 -3.847885234983 
-13.766809749913  7.202299493961 
 13.804957366790  7.144653580310 
 2.888207707579  -15.273555322616
 8.973752727045   12.818760869078
-15.639636953961  1.061048122167 
 1.780665130001   15.604597238567
 15.592887246885 -2.431866497484 
-8.541353738999   13.307971359661
-9.227399292419  -12.883782011961
-2.583957645761   15.643733957931
-0.938874939491  -15.942956623911
-11.415872322012 -11.260086505205
-11.396954850407  11.373871153291
 7.272265316799  -14.370402485478
-5.701359445870  -15.081903728499
-7.179589977144  -14.439061933902
-10.043600065245  12.656095148249
-12.629426527693 -10.183028887636
-15.370366802784  5.238330418510 
 16.249547327309  0.680509476317 
-16.038657291052  3.182341897600 
 8.700601524084  -13.851711171321
 5.993766590213  -15.256883721286
 5.264811414879   15.605746513836
 10.847671543938 -12.413245448757
 15.316918653688  6.165343599822 
-15.332758520049 -6.197892556619 
 12.930659498834 -10.355121532505
 3.161839994672   16.390448660004
-10.736116097896 -12.810209631074
 0.461738308423  -16.712609840417
 14.561873556669 -8.280629192977 
 7.801215605574   14.836023425567
 11.012197764008  12.642639108859
-14.156785992813  8.984259756478 
 16.132062625033  4.839520085644 
-16.852126123557 -0.837885598256 
-4.248518708579   16.344132230037
 13.962800487696  9.549144891433 
 16.291424500134 -4.696044080198 
 17.017085305592 -1.071556057630 
