-0.531903596456   0.149544522606 
 1.631701095976   0.656218397250 
 1.574578724999  -0.885242504227 
 0.460871686104   1.851370110436 
 0.416477748278  -1.864147687589 
-1.905185447949   1.045926321787 
-1.877145875031  -2.015800796233 
-2.827946140042  -0.403045493273 
-0.709345391965   3.155825895160 
 3.367055763050  -0.419801624614 
 2.598465497613   2.258935240344 
-2.151292743393   2.738525197446 
 0.873636414692   3.507777114445 
 2.174303930997  -3.146885313448 
 0.329836033871  -3.849963723045 
 3.449164527739  -1.919072105490 
-3.247267716169  -2.761185630338 
-1.914221413961  -3.927327794574 
-3.712655063382   2.435975001524 
 4.238222315508   1.492561710538 
-4.525057294071   0.734686405751 
 5.095382019689  -0.038702917124 
-4.825017444438  -2.032892595574 
-1.758468085884   4.949374352274 
 3.693981527601   3.872539205405 
-5.386745538601  -0.564858448036 
 0.518006920587   5.443282858672 
 5.302700379604  -1.583183697312 
 1.621785794306  -5.367246398356 
 2.664557223214   5.041822157184 
 0.050172163708  -5.841767028507 
-1.556732133203  -5.701751357439 
 5.229092381516   3.087908724346 
-5.317104438809   3.157574093130 
-4.302064821353   4.502772638079 
-4.210361385967  -4.682418918957 
 4.567343436271  -4.473969147109 
-6.260454078185   1.366980212071 
 3.139328553649  -5.699802170168 
-5.788754735605  -3.201015240535 
 6.773013903632   0.883195505466 
 4.761545284748   5.138304799326 
-6.860850233613  -1.647267439648 
 1.249139778264  -6.967974492922 
 6.982952691394  -1.421338487032 
-2.488561694250   6.757743699236 
 2.118594372819   6.889809460499 
 6.437534152793  -3.534547444601 
-0.785753942974   7.391130836671 
-7.448813016370  -0.039041511502 
-6.859042891127   2.979303778500 
 7.149789919772   2.394253128603 
-2.501893092416  -7.229988524710 
-1.051809501767  -7.757436794010 
-5.818396054788   5.238200821474 
 4.389642774031  -6.587406213119 
 6.419094981448   4.881312342155 
-7.391589436454  -3.360773081649 
 2.734276735585  -7.646585787623 
-4.182006144851  -7.009482493534 
 4.713206825891   6.719869551804 
 6.516496675744  -5.064440861680 
-6.747471198679  -4.785190561099 
-8.224685780067   1.291555825561 
 0.478769527949  -8.323521638389 
-4.452983790922   7.126119938077 
-8.333876012922  -1.280071189555 
 3.475081419452   7.797879647310 
-5.972830597368  -6.134967846181 
 8.523663349014  -1.195317434157 
-3.218978471339   8.133027479684 
 1.050769235084   8.726528206954 
 5.930301667624  -6.506453807991 
 8.920013692409   1.130289002042 
 8.311703294520  -3.546985405954 
-7.671798191206   5.203873223373 
 8.816566386653   3.484653468350 
 4.490971263923  -8.412708114301 
-3.590916288724  -8.897758686119 
 7.046621722642   6.740763354546 
-9.722103228423   1.085662472041 
-1.126492279837  -9.780705766281 
-6.459333616053   7.444922817225 
-9.206157323869  -3.610515328195 
 7.778951922153  -6.115888129589 
-9.381011136108   3.246777071304 
 2.216885153933   9.712428743175 
-0.325986030892   10.023552832249
-6.926369287663  -7.312249895546 
-1.867023109609   9.915754035948 
 3.214607932021  -9.613307778016 
 6.289717484666  -8.105169918953 
 4.112797806323   9.400812963253 
-10.209267361799 -1.708198331753 
 10.396385968078 -0.946473494993 
 10.096596575436 -2.698287114631 
 9.046369603110   5.507050180994 
 10.729971048638  0.800277103198 
 1.362129993041  -10.673439012128
-8.035177429891   7.168279557627 
-10.768384410840 -0.190043697479 
 6.611688514562   8.568361635401 
-6.250239253289  -8.835761423027 
-4.948799406856  -9.629485271820 
-3.954951702377   10.129133549255
-8.665115491092  -6.630717232715 
 10.008985028226 -4.374893840809 
-9.704456903723  -5.141103953466 
-2.899642894800  -10.626829550746
 5.487874938450  -9.567729596129 
-5.730034455980   9.455410504239 
-9.253021857361   6.254730310645 
-10.270804354737  4.471247781174 
 8.323465092282   7.528733472060 
 9.591404659481  -5.834317534385 
 10.869026554450  3.325491958962 
-7.546641941557   8.590902140991 
 10.398973098381  4.767469486622 
 8.460943486468  -7.791687258372 
 5.731811248879   9.987712825020 
 0.783453877157   11.601949995046
-11.389244570472  3.011953496888 
-1.496844875380   11.710866997936
-1.455220211436  -11.731635369129
-7.950929964378  -8.986607289454 
 0.280416876411  -12.018739483181
 2.759455342571  -11.724948122423
 11.473174661405 -3.812537862910 
-12.017006626509  1.411649957278 
-10.265089708364 -6.598940112394 
 7.068036899388  -9.980602726911 
 4.642458706599   11.390866367450
-5.447420026284   11.089385533193
 12.174126807826 -2.400765037570 
-9.048552681989   8.505498920096 
 12.419018953975 -0.649490963843 
 7.488918464586   9.972373636715 
-12.049771272686 -3.285922641118 
-12.496476164655 -0.636711197796 
 10.840238141126  6.364806105307 
 3.201862930198   12.167572239098
-7.181398101594   10.338291469841
-6.467985301865  -10.809167528857
 12.576602932733  1.071151247894 
 5.538217777772  -11.412775053168
 10.012486077501  7.811828668300 
 8.824651188665   9.170717472158 
-4.319802180437  -11.998404116475
 12.067681204279  4.277939534977 
 11.575791004425 -5.667465098135 
-10.690540828415  7.265763987381 
 1.642716572738   12.899722290044
 12.814445202714  2.671183259890 
 10.153467583383 -8.344994573458 
-4.336355758380   12.610508854060
 6.979448641157   11.408863880116
-2.075319446047   13.232311667467
-2.064933850321  -13.268692703881
-0.304271104865  -13.448294848721
-13.140307420808  2.901614355230 
-12.120756640387 -5.966523357623 
-8.107302398534  -10.850538124398
-8.757397255676   10.340270066135
 2.185184313732  -13.391829232935
 12.818505418182 -4.537862791915 
 7.146340963842  -11.617114956582
-13.562636476694 -1.987482630734 
 12.368807905668  5.916577926319 
-12.674259002084  5.242325331023 
-0.649518510583   13.726746239149
-13.712306820099  1.121776391522 
-10.690093364212 -8.716895529031 
-3.605421938722  -13.383296496878
-6.020769216626  -12.580409655164
-9.638042512919  -10.155327589551
-13.453796274760 -3.983348799863 
 11.832195784658 -7.621035055563 
-6.996605693277   12.231254318008
 3.933294666211  -13.618163095040
 9.001583570148  -10.956697777670
 5.478363232537  -13.113555765620
 14.152544445148  1.571860107934 
 8.752534680426   11.347802396675
 14.354800529926 -0.273829378211 
-3.512379398949   13.927551291167
 3.135216257403   14.031803929543
 6.429155760827   12.896188825337
 12.226807067335  7.658982261320 
 13.869423455638  4.181734234346 
 11.379898058183  8.987068750261 
 13.144583024101 -6.190472788893 
 14.116718624915 -3.549129607497 
 4.988338120930   13.736932978133
 0.652253404734   14.628972215006
-12.404654933351 -7.809579290007 
-10.393952958137  10.349897252693
-13.639268768596 -5.527192787726 
 14.700351914634 -1.875612204118 
-5.002649816321  -14.015716060094
-13.132922094243  7.033680570134 
 10.605220859821 -10.494951644412
-14.454576531026  3.713052910692 
-5.462873208491   13.888175779767
-11.675306133597  9.370684035702 
 8.508600080844  -12.390031938972
 2.950225977283  -14.766763008449
-9.604859722588   11.634677630636
-0.183541383714  -15.131325607929
-3.033736543969  -14.881723012290
-15.072640488841 -1.881259391258 
 7.283319568883  -13.419305044770
 14.973167544129  2.988960676652 
-1.717919123493   15.173375922878
 10.882365721039  10.735966078281
-8.730286233584  -12.708309550712
 1.475356451126  -15.350885238660
-15.446758346168 -0.195898058993 
-13.777652556984 -7.086890604635 
 12.225940615815 -9.583482128253 
-7.336284970723  -13.731553178495
 13.852647985924  7.117029942491 
-11.482497172948 -10.548701297115
 14.563506724401  5.594225944337 
-15.062872190270 -4.244534979290 
 4.520014341586  -15.003385193674
 1.880787127995   15.598278150044
 15.691080594086  0.845820632179 
-10.256278068650 -11.949387521291
 8.799950351009   13.105691569621
-8.199958339204   13.491479532573
-1.693961862803  -15.818474984426
 13.745205286770 -8.049193659767 
 7.087253798694   14.287378358090
 12.526169301511  9.970205147823 
 14.884505218126 -5.905698253823 
-4.737040058332   15.446927225104
-15.893192768626  3.188026959313 
-13.787181817696 -8.600825325711 
-6.667539165880   14.871689351734
 16.068279136485 -2.800147048721 
-14.221126321314  8.140810333554 
-4.836547225857  -15.725222543086
-15.523883998081  5.611928248401 
 13.984430993217  8.782780034430 
-10.337462590039  12.988128435550
 12.149710906248 -11.347359250989
 3.539646106718  -16.295124488438
-16.619934613626  1.793605436114 
-0.462125815343   16.730140657230
 4.229355844926   16.208487410231
-13.067745323249 -10.512605504707
 16.209555175739 -4.355412411155 
 0.138544668075  -16.792651959261
-12.070637734668  11.679964428166
-13.663343471470  9.811512990322 
-15.381463011488 -7.013317307633 
