 0.416271475348   0.429346751125 
-1.131871288099  -0.225678800246 
 1.118152829667  -1.081033902613 
-0.802689084978   1.441694177701 
-1.137089919588  -1.734417507837 
 1.145529963695   1.795220273693 
 2.211785507506   0.672238791492 
 0.163215918209  -3.000302726145 
-3.123098974766   0.140319756000 
-2.105474384789   2.314263787975 
-2.728547943137  -1.641879051384 
-0.784457602349   3.553114481046 
 2.128544202223   3.085317128004 
 3.426876816021   1.588348210297 
 3.751105112392  -0.578784710200 
 3.207482857381  -2.118117993089 
-1.227583061054  -3.805788660065 
 1.094370116863   4.227314278110 
-2.724857273991  -3.538301045260 
-2.666659898058   3.791972204824 
 2.647333172865  -3.810147838129 
-3.938630730327  -2.652251217837 
-4.378436395487   1.852206138685 
 0.599025644101  -4.814037003059 
-4.923386869141   0.172474526694 
 3.095787626480   4.235769507974 
 4.617545551972   2.550206030657 
 4.545459251633  -3.025296007210 
 5.405426788369  -1.361531836033 
-1.462703331743   5.463687918610 
 0.022749140784   5.770317388094 
 5.623745965179   1.404197017269 
 2.119041154587  -5.416787322299 
 1.679778380240   5.690977955802 
-2.921828127637  -5.188319104796 
-5.450664909998  -2.494992002944 
 3.653548685996  -5.134457499576 
-5.312727315097   3.404185336342 
-1.436980609103  -6.222636570264 
 4.775610102287   4.287434867274 
-4.419827570206   4.868898401632 
-4.748764185447  -4.643733655950 
 6.123171135294   3.000664880322 
-0.109926343669  -6.953317858194 
 7.016765276066   0.095647047605 
 1.577503771682  -6.913631022692 
 5.248909945002  -4.843798865969 
-6.912131841650  -1.889809826804 
-7.141796742437   0.637387184266 
-6.909319956703   2.316243201353 
 4.469191800242   5.757892260746 
 0.879797236533   7.295336921743 
-6.542938395128  -3.602034804297 
 7.331557891230   1.839918581030 
-4.089111134616   6.508091506960 
-5.988340436243   5.137002719383 
 6.147377802998   5.033810338152 
 7.123123263416  -3.521151942415 
-4.643246627280  -6.591726698432 
 7.980582640363  -1.538371769584 
 3.630895324538   7.298198163939 
-1.006962408842   8.108019966256 
 4.380273005213  -6.902378699633 
-8.211349934478  -0.484704169304 
-7.421718964538   3.729362742886 
-2.024768831409  -8.169988609876 
-2.878250167211   7.985230719437 
 7.777315455844   3.943070894803 
-3.676844489094  -7.936382664140 
-6.183555815042  -6.188867394805 
-0.077154526882  -8.825246264223 
 1.996473124818   8.674548777308 
-8.801702411881  -1.909492133884 
-7.705050461277  -4.812226344453 
 5.930493677201  -6.975766880802 
 2.514352823616  -8.874095661642 
-9.185502011463   0.836867301175 
-8.941883772824   2.394495972494 
 9.110797524415   1.689972003413 
-8.667157751268  -3.436648644204 
-6.324820445776   6.964109602672 
 8.239411279884  -4.742341980642 
 6.705239810409   6.795179134936 
 9.594164626105  -0.176324091518 
-4.325906001076   8.619036264220 
 7.927136209875   5.618976888381 
-8.338382880629   5.247076435594 
-9.097208145941   3.904547063727 
 1.210375088181  -9.883236847919 
 9.569347054192  -2.832604705861 
 9.341122014615   3.713417002844 
-5.052082112281  -8.819431408650 
 5.921496590469   8.261332442918 
 7.966478035871  -6.346511112989 
-2.248842346310   9.967252687521 
 4.851517669752  -9.160588458660 
-6.093752521614   8.494138330517 
-7.494005765601  -7.347431080794 
 0.479187641016   10.485126254979
-10.222975120700 -2.769269290833 
-1.753172424356  -10.457653609359
 4.263869640913   9.733136815603 
-0.140645931291  -10.696666075491
 9.822225202381  -4.361307554706 
-10.748608014843  0.421861977680 
 2.796234782426   10.416072328662
-10.800594779114 -1.212732096466 
 3.517703400982  -10.319547644816
 9.576248570962   5.230931126387 
-9.625573082615  -5.229347514328 
 8.494858697110   7.217032543041 
 11.009142824310 -1.964723021569 
 11.253023926096  1.086127787943 
-3.411024528310  -10.785952611708
-5.183043281357   10.067306442830
 6.809999354722  -9.053914844661 
-9.199510274240  -6.683388514853 
-10.451701278771  4.740152187884 
 11.196911136999  2.657980064843 
-7.030268795333  -9.202158983542 
-11.290037698132  2.634996544461 
 10.908170257217  4.223989467021 
-5.190487353907  -10.490085293882
-8.616872119451   7.947556678191 
 11.852817920781 -0.397513688221 
-0.936325868612   11.857432152016
 1.926122077399  -11.781218905734
 2.004652011119   11.780467920031
-11.404775508536 -3.710985354911 
 9.467134505678  -7.397544340983 
 7.704607978080   9.242675887236 
 6.563092051847   10.225414152163
 8.473895638860  -8.713304606691 
-1.646901469578  -12.073226790530
-12.171589914345  0.922703227262 
-7.775558522735   9.514749730939 
-10.397598984597  6.675369549285 
 4.431519991528  -11.561520355218
 4.369169131708   11.658796222380
 11.992104271825 -3.767679650545 
 6.643535984414  -10.695553280397
-12.375387832081 -2.377449274613 
 11.496945593967 -5.189899143493 
-8.746316302584  -9.119399793650 
 9.538293973855   8.320620557831 
 10.933348643026  6.485941329993 
 0.060227422165  -12.719006719363
-12.760122451727 -0.468313848684 
-3.552855369089   12.306900546334
-10.838072424325 -7.019524086330 
-6.021015822425   11.501240840373
-4.581502849739  -12.148274275774
 12.925466060652  1.463336958346 
-7.197250857474  -10.836994394463
 11.058498151788 -6.892424446567 
-12.934423315993  2.289858621153 
-9.987997466508   8.577144071275 
 0.012230723460   13.203648393785
 2.840580145865  -13.028549459303
-11.854428497557  6.113941829835 
-12.630667265672  4.419305499653 
 13.039211799272  3.010518408924 
-12.207226754244 -5.503780939980 
-2.714599512186  -13.197385648691
 13.620884990544 -0.323971995769 
 9.876253678147  -9.407450152081 
 12.479716219998  5.868929495952 
 3.133812483316   13.476850898710
 13.684552651422 -2.357009940149 
-2.176341337371   13.736887607989
 1.021849307672  -13.871334998869
 9.199480398790   10.466428842233
 8.003569142244   11.434764391057
 11.140352286975  8.426203821723 
-6.418046483021  -12.413502092651
 1.588791203826   13.912024712127
-10.251846721631 -9.594938433113 
 13.302911609640  4.509183188297 
-13.531710578513 -3.948255739216 
-8.333964463496   11.409486697601
-14.147556216595 -1.082930846756 
-9.713664204747   10.437138312322
 6.117440215944  -12.914631638599
-11.978874912703  7.859856262956 
 7.576081632181  -12.185844264066
-5.410985859308   13.295063385850
 9.162749004179  -11.075580868330
 6.447704451123   12.990548511826
 11.849394084374 -8.402771016276 
 14.576937250456  1.574048234322 
 13.245962012627 -6.595393837166 
-13.165500378647  6.843441046420 
-9.122275519240  -11.730944013327
-14.281618422526  4.142734602038 
 3.819645023458  -14.383205159722
-12.891943140492 -7.458517978786 
-4.270497632829   14.299834099129
-1.058624400594  -14.931190564591
-14.949621117166  1.097750176400 
 14.939337684365 -1.244810756173 
 11.304452631183 -9.871244226094 
 4.598732625941   14.317543644837
-11.743677126967 -9.404333148673 
 13.225142206987  7.254734118693 
 14.747480707389  3.210837433889 
-7.074887144538   13.466229702449
 14.375662517438 -5.186970961644 
-1.821500105002   15.220019788944
 14.175455821821  5.844805462829 
-4.839012583308  -14.605284309370
-0.275899191880   15.385395019443
 9.110538471224   12.463417002535
 15.461470382815  0.340587671621 
 5.354323576478  -14.533720525749
 12.229607930821  9.587636623781 
 10.935046830531  11.145983129124
-11.626292540367  10.481816556333
-15.681549725208 -0.244573167238 
 15.433224804077 -2.933991276741 
-15.469827266804  2.906918753484 
-10.644559991301 -11.657678581608
-13.425769405820  8.329310633314 
-9.809544833385   12.385559719446
-14.830513522221 -5.659841684274 
 13.465312888974 -8.536246564735 
 15.234657959721  4.769553779522 
 9.459621030932  -12.938685516150
-15.108228134240  5.607855864857 
 2.180620777638  -15.993322638118
-8.662022751651   13.679706751129
 6.203850329547   14.992247759008
-9.171705928589  -13.421115136498
 8.259303492269  -14.022625065415
 11.611364552941 -11.410814573943
-7.764486246828  -14.314184329125
-16.006467268721 -3.234133365895 
 0.066126484323  -16.337452328000
-2.731972865634  -16.126493093723
 2.268253847937   16.233885616892
-6.678511492977   15.024079607950
-13.143575122449  9.896770734671 
 4.163989536234  -15.955112841032
-14.823312038099  7.338099908624 
 13.825867330671  9.136106727862 
 7.030271594608  -15.114995694428
-14.385963174203 -8.459769991106 
-11.322879389198  12.293131071365
 9.121008375699   14.005010450861
 16.072850225224 -4.638395184215 
-12.506961771742 -11.122802261090
 13.141861446984 -10.402611948436
 16.615566492167  2.298835022890 
 10.955449953209  12.711228439072
 0.245566738766   16.795180038754
-16.721614630235 -1.620189664413 
 12.577634149660  11.151161552572
