-0.072837791438  -0.154698865206 
 1.437001751366  -0.132771493867 
-0.351305249276  -1.675241817755 
-0.827306002855   1.631567119493 
-1.772752639890  -0.622740713189 
 1.966332051696   1.361528942751 
-2.468297349282   0.814294944364 
 2.095831910941  -1.929641273432 
 2.945024058479  -0.423821952886 
 0.931191409343   2.934210866666 
-2.591619610642  -1.893291778770 
-1.207472253821  -3.246208329483 
-3.746025588072  -0.800870553728 
 3.660230568859   1.823553201952 
 0.198805181910  -4.106049409211 
-1.777187449145   3.797745329747 
 0.113250071415   4.198535887028 
-3.202386888785   2.843471902074 
 1.798396152627  -3.909393574966 
 3.359318827311  -2.993318172431 
 2.939462966353   3.467717742171 
 4.599224544462  -0.416781002134 
-3.205422009165  -3.488760134340 
-4.585705726100   2.095455404967 
-4.417945350275  -2.591246483378 
 1.432592871501   4.955239332666 
-5.215056938227  -1.290863154570 
-2.260000154341  -4.961888924586 
 5.302055050298   1.352010100251 
 0.454377988806  -5.728093736388 
 5.104750497455  -2.703860777982 
-0.574839475493   5.789556470322 
 2.431221959467  -5.327386328831 
 2.996448243196   5.132418204768 
-3.297706700898   4.975736216648 
 5.945094632424  -1.407320006285 
-6.009739084269   1.227621267320 
 3.950251023756  -4.724251682550 
 4.551490587571   4.195053020567 
-4.846544535088  -4.275373109501 
 6.602006314617   0.470564738583 
-6.179564716975  -2.692683755646 
-6.408580024709   2.800277883613 
-0.457315143718  -7.016393403587 
-5.602469057639   4.255535814304 
-6.967484439050  -1.051982046045 
 1.091624585359   7.052831808417 
 5.807126209116  -4.362889573754 
 2.303153734279  -6.910620186372 
 6.626407780228  -3.099110656327 
 6.375637905253   3.792429642961 
-0.679247747726   7.438902061953 
 3.321128273376   6.711413099290 
-2.367242637571   7.162145111360 
 7.284203188136   2.185733905872 
-7.657855931891   0.720260076431 
-4.934120880244  -5.911073717993 
-3.603322770248  -6.865182827843 
-2.198119881793  -7.586493575046 
 4.818824025756   6.281495329276 
-4.061353559237   6.916535847141 
 3.912261528864  -7.078506706480 
 0.851104662568  -8.058421137662 
-6.518510068967  -4.890582640866 
 6.227807186713   5.445108537342 
 8.326426485551   0.969009622273 
-7.123699202281   4.567110953938 
 8.372610883508  -1.566100061392 
-8.337421857207   2.205763724765 
-8.671202395114  -0.983965356834 
-5.729788627382   6.616749878374 
-1.025669512418  -8.700730961796 
 6.430470188594  -5.965547109540 
-8.421073069001  -2.702366409577 
 3.111587190871   8.316674731743 
 8.215924714238  -3.511831624841 
-7.892535994212  -4.213718758197 
 8.320281700110   3.859597371437 
 9.220638635003  -0.253834253248 
-6.492732555394  -6.561206375935 
-1.828705095657   9.181799862559 
 9.143916771065   2.496431718332 
 0.549152214654   9.491800397514 
 5.777382112804  -7.577486810131 
-2.875780457805  -9.097655252344 
 7.646109967198   5.971153376743 
-4.491429465451  -8.724728949743 
 8.247905183568  -5.367689179192 
-9.759078966328   1.469876902243 
-5.525845990079   8.254817812107 
 1.764628085877  -9.872126003842 
-8.007818485333  -6.141518266830 
 5.605985911957   8.402798755056 
-10.110964184187 -0.075871133802 
-3.724580421500   9.414533519034 
-9.156269470656   4.405695296540 
 3.915917735193  -9.381497612357 
 10.046748851655 -1.611989205602 
-6.333832440062  -8.092051287552 
-1.046913145997  -10.261827144085
 10.325543897509  0.856990868750 
-8.487310170290   6.117387197794 
 3.589580864335   9.879042993548 
-9.433769993845  -4.746025983390 
 10.005875732953 -3.467681346550 
-1.175945604259   10.648073333279
-10.631240146080 -1.954890558977 
-10.313170057473  3.240671101873 
 5.645041398291  -9.280479832947 
 1.787888233568   10.799896764476
 9.439891968963   5.559360675992 
-7.827252256592  -7.682308349554 
 7.197650630257   8.304960692161 
-7.444862952098   8.278543760955 
 8.973425980141  -6.745410686296 
-4.535878018430  -10.324737566498
-2.231521523797  -11.212206056534
-6.371997809435   9.494667147614 
 3.299672213679  -10.969630974875
-6.049381929982  -9.861981806803 
 11.557479461632 -1.109660087807 
-11.495197737181  1.679136392586 
 1.845028042108  -11.514069502593
 9.228311474036   7.193497403102 
-0.248308677726  -11.707588619317
 10.279328025026 -5.735100002560 
 11.240106695068  3.513271477860 
-11.767263614974 -0.973376608833 
 6.681370914517   9.757254783925 
-3.853506959177   11.229944388736
 8.250613445252  -8.640444878864 
 5.284406133807   10.715754723545
-10.774923539409  5.169035859261 
-7.623319963751  -9.392323875128 
 10.982278628109  5.297482846472 
-11.840404930171 -2.957345386778 
 12.178657121047  1.060532765684 
-10.889707020551 -5.618972658069 
-11.861690111068  3.252041139466 
-10.049730844918 -7.121775797026 
 6.910935779939  -10.314471447643
 5.386632859915  -11.259952894013
-12.497780698996  0.418112412877 
 0.217690898175   12.539128053384
-9.804890894713   7.867430195759 
 12.403802130926 -2.614529329120 
-9.261419376483  -8.668386842048 
-7.927868731916   9.960007750530 
-1.721698650917  -12.630016311178
 8.502241623705   9.531374864128 
-2.425103569854   12.552320945119
-4.571076959332  -12.022427428509
-10.918950795950  6.843096249200 
-6.503289050415   11.161980209049
 0.654868497648  -12.935177609619
 2.827500997437   12.657964505611
 12.228976683848 -4.532481759954 
 10.129841500092 -8.262198579127 
-13.275020541154 -1.301320527214 
-3.200739272356  -12.954305237297
 4.715979480686   12.501668676169
 2.978939023660  -13.083482737951
-13.361740275664  1.913268094630 
 6.418422822183   11.956905918390
 4.537683515699  -12.796527825268
-12.825395729230 -4.489447540291 
 10.032565491801  9.286769526559 
 12.719323831952  5.107339295163 
-5.733155602052   12.457079467535
-13.241540587756  3.923315328506 
-11.195050369015 -8.113284896344 
-1.250955923931   13.777574362391
 12.053751383590 -6.802913078054 
-9.512624465594   10.077045166952
 11.529656933706  7.707244742546 
 8.734635469508  -10.827548098154
-0.621884743150  -13.907686365630
-12.566142630126  6.089589245543 
-12.497634302238 -6.259535804480 
 14.011867049591 -1.165504609059 
 13.599103568425  3.576174985727 
-13.898973632251 -2.923605077267 
-10.052651821137 -10.097452887185
 14.219956201002  1.507886147095 
 13.903380675249 -3.400078256183 
-2.898268988286   14.037664783510
-7.437240041959  -12.321565076181
 8.448869081051   11.664712512453
-4.979200050371  -13.524505162703
 12.743145185729  6.748203636852 
-7.452543672629   12.350094786390
 1.450569602876   14.393618039985
 7.160008924377  -12.624761404498
-4.503887973639   13.837142851383
-11.123109540418  9.416576701144 
 3.965106906406   14.029428743165
 11.163730465524 -9.415745802657 
-8.957251262900  -11.862629783837
 10.345351162998 -10.700417072282
-14.923382545490 -1.515437310695 
 11.660565745826  9.446324480471 
-2.844718648139  -14.800874744854
 1.680768297944  -15.001030494361
-14.013801743965 -5.638722183550 
-14.800587632867  3.023502092623 
 5.939330076317  -13.978205980501
-14.641280660167 -4.273038605502 
 12.857963762030 -8.253202138239 
 13.636892606480 -6.910051959800 
 0.191819231634   15.294089903829
-15.333384463801  0.050417202249 
-9.243076868694   12.266520628474
-1.844158012125   15.249760465541
 15.382783138218  0.337882353021 
-14.294675470830  5.766482545683 
 3.316695704820  -15.077419223771
-12.456894419137 -9.172466084396 
-13.524745139140 -7.525890363338 
 6.460812803033   14.077178783510
-5.906706097940   14.386153556186
-13.348844828068  8.276032882768 
 14.269849225787  6.607575254240 
 15.508252658580 -2.765259444964 
 14.928899238770  5.106159510619 
 10.289802382760  11.998067645066
-7.668036330333   13.937080213611
-5.840043148017  -14.830462483512
-8.278674549316  -13.769642097072
 4.953601041636   15.306017086996
-11.626562110673  11.121191345897
 13.648853842277  8.525716136486 
 3.311238886647   15.783888339711
-16.075273871866  1.594707962732 
 9.545674602350  -13.089027849098
 8.503224013613   13.812176535057
 15.386594593557 -5.184808327202 
 16.152105036466  1.818994848330 
-0.471225153036  -16.250567673193
 15.883490257432  3.662706084304 
-4.409631936071  -15.756991111147
-16.013225551779 -3.547267507502 
 16.438262019539 -0.891805746725 
 13.052392603289  10.045605554877
 13.199571213879 -9.907518619563 
-10.861255626675  12.471957403734
 7.209309413928  -14.897808480987
-13.064221158618  10.177501577938
 11.393204284890 -12.082202236005
-10.944436071719 -12.517878496519
-16.333671902061  3.164715648613 
-12.769923595535 -10.728022282919
-13.992098007978 -9.082490443345 
 1.950696049483  -16.582552976601
 12.303634269335  11.351849498388
-4.110171603408   16.237672406824
-2.629601622231   16.586183780189
