 0.091901369591  -0.403321598821 
 1.793833528324   0.249000625250 
 1.303831297973   1.803855497238 
-2.219590297582  -0.473921198581 
-0.370567207738  -2.260078624962 
 1.537166148470  -1.737197948037 
-0.095685883525   2.615796633416 
-1.955811087610   1.789631632302 
-1.994667456342  -2.257361758219 
 3.017807028386  -1.210104072052 
 3.393114913177   0.340612337846 
 1.690315883411  -3.452288401820 
-3.714898284656  -1.020491945907 
 0.062645565620  -3.882481773432 
 0.853296106922   3.832356015801 
 2.380332677896   3.467025903430 
-3.801651977094   1.819424195556 
 3.543971055958   2.505728450875 
-1.050990110468   4.252009468005 
-4.175428005396  -2.461743021507 
-4.836468620734   0.360385503328 
 4.401691658803  -2.212988930018 
-2.976072249909  -3.981160114245 
-2.911775908547   4.074009514182 
 5.117076270280  -0.185808542779 
 4.934194038271   1.652386375231 
 2.917889039671  -4.925826790523 
-1.342461247522  -5.703197820297 
 0.802620802557   5.922018690000 
-5.349654157979   2.788323315645 
-4.608423941503  -3.927623094918 
-5.954660556908  -1.099365247557 
-2.073340954264   5.731960587062 
 4.290058258174   4.415696877654 
 0.365366715953  -6.223733897476 
 2.833851228771   5.743890637003 
 6.397418413352  -1.213984839100 
-3.783706886459  -5.346540714412 
-4.253792327035   5.054472666431 
 6.431645111482   2.102110936434 
 5.778316882545   3.543281160591 
-0.962018516990   6.971007712178 
 5.620468554000  -4.245183685494 
 6.596992758106  -2.933552606960 
-6.725874418622  -2.830637610965 
 1.829239382623  -7.081697262746 
-5.826662785661   4.669373319887 
 4.650692165561   5.909157237797 
-7.525601799244   1.074910257179 
-6.904872800717   3.310350377502 
 1.513605587134   7.516762092855 
-3.103091765376  -7.065030948164 
-7.569846270593  -1.501961137338 
-3.708112652314   6.775256913691 
 7.689770461178   1.027924089790 
-6.444481481193  -4.378571220811 
 3.606100771523  -7.004764554307 
 0.122561070641  -7.903942900075 
 3.556195463010   7.202049148946 
-2.356009388539   7.741705326360 
 6.353516389108   5.245966169944 
 8.179617235619  -1.117285355692 
 5.102376004990  -6.621843362145 
-1.749221214754  -8.461307364139 
 1.545004117443  -8.658756894744 
-6.255163965106  -6.214559084118 
-8.078045598974  -3.650357645257 
-8.898146206983  -0.460752615245 
 7.605113130580  -4.645969830927 
 7.829267796309   4.336840087546 
-5.323155230902   7.292340533686 
-7.052253882655   5.750477084725 
 2.583117027054   8.733486638213 
-8.336702533168   3.780210647849 
-4.145498094948  -8.346099896135 
 8.896687782154   2.918926596182 
 3.274247591797  -8.824057306564 
-3.714216741637   8.671535414040 
 5.074500431899   7.978311057245 
 9.426651048976   0.770984848579 
 5.010722179653  -8.165198329624 
-1.754356662993   9.511012257797 
-5.637106874269  -7.859896543036 
 0.078332458987   9.712762034021 
-9.473516838412   2.387332152343 
-9.653867624008  -1.776359162156 
 9.193210804272  -3.495554491136 
-8.046930383349  -5.666711757692 
-0.870077015615  -9.840278555607 
 7.142284703315  -6.924658136809 
 9.824561754355  -1.635572529184 
 7.027575155619   7.336444446694 
-2.623203259060  -9.848694197509 
 1.015168177600  -10.203878926400
 8.566705528030  -5.823955871629 
 4.423573902781   9.446670475520 
 2.613671972400  -10.235354664513
-6.365131612068   8.492486831543 
-7.312967413250  -7.717753042391 
 10.461006692300  1.960033974339 
-10.598391911614  1.237805671504 
-10.154954922891 -3.321890247266 
-5.206946752376   9.463991739833 
 1.486317548105   10.704482151306
-5.169595332619  -9.501685031787 
 8.695730826565   6.565137860360 
 10.952414103727 -0.504758873302 
-10.974541794618 -0.249978173824 
-0.781324373560   10.983465070946
-9.467566037048   5.674659747299 
 10.645932555667 -2.938213098693 
-8.330537570111   7.254383273221 
-9.800157240325  -5.305582705800 
 5.923438206714  -9.456875991393 
-10.409479036340  4.303344432339 
 6.207396685005   9.490301127557 
-2.338782521089   11.109567126882
 7.566133439117  -8.496354900708 
 3.390035439762   10.861152510035
-4.038835330149   10.718045179253
-4.165131618141  -10.732427744450
-1.030486271763  -11.523025239856
-9.009389555527  -7.272082580279 
 10.712799504306  4.513541425471 
-11.344359943143  3.037840484543 
 7.757809024843   8.880238081691 
-11.538877450450 -2.473149353424 
 11.848555367152 -1.904172855899 
 12.014960346267  1.137182768406 
-6.653563461077   10.161615193735
 4.436656596099  -11.367016437997
 10.991200567094 -5.422302876314 
 0.198084242793   12.278603480424
 9.671566646120  -7.584907051274 
 1.923744687188   12.225831012135
-6.641558840334  -10.463978572712
-8.131471141370  -9.357271608844 
-5.521242283693   11.281943839990
 12.137890981179 -3.402432118855 
 6.018394990156  -11.089827573538
 10.691190432415  6.762942156479 
-3.147464612259  -12.285150008939
 12.325418668380  3.035349752056 
 2.737985736398  -12.412825842609
-3.582263343517   12.209127424413
-8.635005902333   9.350915748189 
-11.304190614696  5.923754713100 
 5.264784467518   11.647473351610
 1.198431200397  -12.843863063451
-12.820311072607 -1.481792273494 
-12.062497809976  4.602021362453 
 9.530426152031   8.745007448059 
-10.488715013882 -7.632230415355 
 7.654522624871   10.472678694759
-13.043445937445  0.188587398959 
-4.955366344013  -12.080571144254
-10.586374291902  7.692894616624 
 3.483110239904   12.620667841748
 13.092482404366 -0.717857012574 
 9.278401349814  -9.438672450656 
-1.225180003149  -13.179358361633
-12.215858129236 -5.196549656029 
-12.854394470750 -3.393109421646 
-1.168351310227   13.377093832974
-13.460648088498  1.898696491959 
 7.703619550463  -11.214488055382
 12.841722482125 -4.743465850675 
 0.980835948288   13.792801610215
-10.418125535985 -9.175950100495 
 11.294293513333 -8.092740396805 
-8.674713583930  -10.886345460270
-7.406528764750   11.828148032033
 14.020376146799  0.689380482093 
 12.891410432762  5.627908732773 
-3.038965653807   13.736908927996
 6.658831520203  -12.485876062442
 9.678850608859   10.328460800474
-6.851418759916  -12.406621457444
-10.175576708555  9.928220048616 
 14.174748297069 -1.826870325928 
-12.217588910075  7.422386183756 
 0.541759820991  -14.293211205213
-5.719455326936   13.151615970376
 11.484980265959  8.616958704791 
-9.138981614749   11.133904898119
-12.199898544633 -7.678817382890 
-14.385765318674 -1.344058870936 
 5.329362072590   13.475786735341
 4.658144244424  -13.753528096110
 12.627394442423 -7.248677030252 
-14.071390271096  4.065359641795 
 3.253894214176  -14.327064144789
-4.595869603135  -13.972317299964
 7.260393419148   12.887000920088
-14.529025925114 -2.952835450874 
 9.810178269720  -11.154886944170
-13.696489529144  5.763328995995 
 8.678535964612   12.072742281883
-14.134911142443 -4.665775307871 
 14.726984872331  2.617159640355 
 14.546254860679 -3.540268502687 
 2.193728252851   14.869379915379
 11.654887411721 -9.613599634455 
 8.737934372202  -12.389432370401
 14.503549846514  4.465787137272 
 13.414283387031  7.114585383165 
-15.166129211825  1.962647887214 
-0.693626895035   15.292120132368
 6.221958857663  -13.995924463022
 14.076511028163 -6.058568254608 
-11.689986591430 -9.979863445365 
 15.371551512692 -0.818727432957 
 1.987341421982  -15.309806555099
-2.105270582733  -15.351927220331
-13.812220746405 -7.111346854815 
-5.034602682101   14.707577474718
-9.024849819233  -12.674580907884
 13.071048622535  8.583969951612 
-6.189831021505  -14.435350676749
-15.845955224073 -0.213544934594 
 0.937537434039   15.856830417295
-9.723652831877   12.598364662790
 5.220284634800   15.192960345454
-13.493501002777 -8.735123446757 
-2.277036502640   15.971202070252
-11.290263708359  11.546045585401
 10.823993233864  11.996928197235
 16.107160567101  1.338505860992 
 3.817355619328   15.726366080923
 0.495582820683  -16.185474301374
 12.150450043044  10.712775453683
 11.669804328702 -11.249536717080
-11.083351649095 -11.839758880643
 7.383484625188   14.504230352677
-12.891159224599  9.951455923203 
 13.727725729790 -8.792769892631 
-4.394946955317  -15.700334431057
 14.557798031443 -7.501326757193 
 5.249522437967  -15.526999343359
 3.501711183622  -16.110063656871
 8.983237394175   13.857167356259
-15.849355149492  4.747611430395 
 7.735279556595  -14.660289913698
 10.270280381369 -13.020985633347
 16.328649000645  2.978038000073 
-16.330050597094 -3.046840464682 
-14.132580231713  8.750494153989 
-15.395006063668 -6.355768476765 
-16.608681099009  1.425698193997 
-6.506596776528   15.351723537557
 16.445506303842 -2.974429352052 
-8.048534563485   14.646816166253
-4.531883999267   16.178913928452
 15.663707266235 -6.231441358660 
 2.534357130672   16.765907077162
 15.126233007736  7.685064148858 
