-0.245330938433   0.753479464966 
-0.410179652238  -0.997670956674 
 1.269630643127   0.347319450943 
-1.941280549528  -0.992391636220 
 0.643685898896   2.245776043111 
 1.087433817838  -2.294012429539 
 2.530206785771  -1.347238031706 
-2.867126544388   1.331767566293 
-1.935675382355   2.571225178119 
-0.334705136854  -3.367686197156 
 3.375417477650   1.111749997089 
-2.565252512816  -2.913362442067 
 2.655904005897  -3.006889533778 
 1.379690957084   3.773265826639 
 1.358978815476  -3.998079104821 
 3.429708182298   2.638451444196 
-4.184361983171  -1.206403937260 
 4.571411284457  -0.604286830505 
-1.307383087888   4.435663643521 
-1.868364775989  -4.405358278085 
-2.770722551633   4.015170027312 
 0.159198381327  -4.981286059443 
 4.893614475231   1.858617203806 
-4.983988165419   1.836105261814 
 0.876680283345   5.360785951064 
-5.541612071020   0.362257051254 
 4.915880786639  -2.595499600904 
-4.647168233142   3.367822479835 
 2.680124158912  -5.286922225362 
 4.354559999872  -4.057488822191 
-0.815120470914   5.946899660842 
-5.511369436815  -2.539999859249 
 4.419381319370   4.336141253178 
-2.739007305955   5.578157711098 
-0.948753045229  -6.255619735223 
 6.347539301673   0.888990493915 
-4.760865427336  -4.301224790696 
-6.495226828983  -1.167468027995 
 3.513176198256   5.589403215278 
-3.652932025215  -5.641444422023 
 1.186865819699  -6.675191730251 
-6.602664659276   2.018191493231 
-4.595679046580   5.264766627058 
 6.360882068482   3.470023098731 
 7.028439851897  -1.883284058627 
-7.392374036785   0.509357306027 
-0.262166042377   7.441423598902 
 2.687710885627   7.019776750285 
 6.543197558443  -3.947464068367 
-6.508517599045   4.095550143841 
 3.070509844898  -7.070568932550 
-3.771203747543   6.762106244574 
-1.892963993563  -7.519622420859 
-1.967207538615   7.511983187765 
 5.868165660906   5.141797966886 
 7.556750477002   2.207720197378 
 7.873448414074   0.182637257524 
 1.339548034353   7.775181219991 
-5.916050663566  -5.279856583362 
-7.062814883225  -3.945336467780 
-7.766919485177  -2.283261582602 
-4.942030877474  -6.741428375195 
 0.650843283551  -8.370155531374 
 4.752417618458  -6.951273254203 
 5.921963121583  -6.003565669877 
-8.510007174348  -0.911045959999 
-5.548846859222   6.755839841157 
-8.005899386535   3.643156338575 
 5.427442032547   7.128577524031 
 8.053469921011  -4.079039762104 
-4.125428461878  -8.065526326165 
-4.073834839315   8.232628970637 
-1.373015974537   9.100992460489 
 0.221150598327   9.229736522888 
 8.960898790630  -2.287237218377 
-8.942966113295   2.368752274894 
 7.149842732043   5.940552381460 
-7.391565000965   5.765652070679 
 3.538038502318   8.746130587363 
 8.687804269982   3.680140512954 
 1.857668867277   9.307739302310 
 4.175517369134  -8.531684449640 
-0.539066723176  -9.488590854686 
-7.300685259417  -6.134720215018 
 2.297281778822  -9.317405664518 
 7.519405084085  -6.279357633288 
-9.354350948026  -3.127506678367 
-8.632890105035  -4.872276176164 
-9.945147144908   0.141969217272 
 9.837011422076   1.549790788791 
-5.840840511554  -8.160575558743 
 10.039695714129 -1.044555326171 
-3.172704326169  -9.687420834575 
 6.405975392436  -7.971823531062 
-8.942317216419   5.104109536725 
 9.579075234274  -3.796216612797 
-2.610952645753   10.044757451465
-7.255728575317   7.464260416937 
-9.742720973101   3.706651964509 
-5.570868682438   8.910337601932 
-10.374040023462  1.844758299213 
 1.113594813207  -10.519915889031
-1.705751362443  -10.444873890635
-10.487085544915 -1.669875435250 
-4.722558073237  -9.545861473480 
-0.711545177412   10.627537150936
 0.800040101220   10.643882395018
 4.913022123123   9.486961563623 
 9.347866580720  -5.286558414803 
 10.563413148676 -2.456516941678 
 7.690722625623   7.775878911877 
 9.621751249315   5.273697891955 
 5.170344948536  -9.704629093968 
 6.477710992210   9.087658647941 
 10.878124900698  2.919477119963 
 8.793912220924  -7.087053544782 
 2.567048698634   11.072422413824
-7.210176724697  -8.811556158644 
-11.476557963719  0.796259726022 
 11.598511763894 -0.653059719886 
 9.104407147144   7.242524462638 
-0.606523443839  -11.649560635818
 11.653932166775  0.959499821259 
-11.286656565057  3.324299322198 
-9.340756010869  -7.248791462648 
-11.363408583854 -3.344164977456 
 7.903514449423  -8.832774985383 
-4.117110207155   11.122365043258
-8.960158420455   7.980196012632 
 3.583168446322  -11.490755188898
 6.822227347740  -9.949706875027 
-6.030639423283  -10.499544074143
-12.032257460744 -1.512973356205 
 10.911203089907 -5.387379059552 
 1.872878867207  -12.055186961409
-2.027910854971   12.079150807459
-11.300694203694 -4.920367393478 
-2.202954074888  -12.139044227784
 4.418557367977   11.589009603680
-3.780361656254  -11.813261826390
-7.907010337002   9.623921544011 
-5.892903709941   11.061920762076
 5.092819010916  -11.468883855637
 12.379575426032 -2.093006536606 
 10.702428935117  6.740728539898 
-10.433297841634  7.169556898736 
 6.768524622862   10.704137186613
-12.725964669285 -0.095110722893 
-11.584172820355  5.379798895844 
 12.100682636544 -4.292068774515 
 12.762943844162  2.128269986087 
-0.513511713970   12.939597888383
 12.207697622263  4.394717630160 
 10.123929100785 -8.278617862548 
-9.793508873411  -8.695377527418 
-8.669980588979  -9.865290115007 
 8.960175956809   9.630540848404 
 0.455618439547  -13.320443873004
 1.598658837824   13.291727584579
-12.867463844174  3.763764084471 
-5.203014341608   12.406934142035
 2.890819164088  -13.213039812543
 7.673762745688  -11.186303930361
-11.876816887375 -6.573990175033 
 9.256182002885  -10.038337601862
-1.278278286825  -13.755429625460
-10.284806985293  9.233286332904 
 12.365413875151 -6.191099525366 
 13.783835455166 -1.357232039766 
-4.599916897902  -13.107884570184
-6.475864281979  -12.290657720254
 12.530431618774  6.030699941839 
-2.835563478369   13.641583633719
-13.151891671343 -4.844992147742 
-13.886624597767  2.171583909466 
 14.058293911960  0.701778931979 
-8.539195379308   11.207369071367
 11.825842716040 -7.666535269231 
 13.652547802056  3.588790774340 
-12.386994330015  6.776662944566 
-13.993302990047 -2.420403082982 
 12.060681272447  7.537299198032 
 8.541497014243   11.395995545057
 4.383833710497  -13.563620937631
-1.282888068936   14.228644225875
 13.955479187057 -3.230302113607 
 3.292593974004   13.983901380230
 10.956885030656  9.350882703005 
-14.418859612450 -0.107172597258 
 6.246298066833  -13.038270656663
 13.565381736169 -5.038856139945 
-8.028155897583  -12.068885553246
-11.288520057299 -9.127327381431 
 11.177303403473 -9.398558294839 
-12.048489012581  8.351014110991 
 6.648231237215   13.105831820145
-6.568356028861   13.173735891895
 10.200137170392  10.721687520482
-14.349122890042 -3.926504832370 
-3.079360837285  -14.579173620072
-9.887827891667  -11.172313655267
 0.502741480402   14.936786086862
 2.002159190629  -14.886110209392
-5.207926042086   14.186637121915
 8.168419499766  -12.718035695193
 4.838840841095   14.343092992811
 10.676694701156 -10.837183967096
-5.841689571039  -14.278247164390
 15.392961635974 -1.232457061672 
-13.787714999033 -6.958349178143 
-11.212352987379  10.659924188341
 14.495685442204  5.447317589559 
 15.334435587070  2.805952084608 
 13.196264713788 -8.380735065935 
-3.139631768067   15.341976537327
-14.412122124913  6.157156645001 
 14.368691703765 -6.357252783328 
-13.272773360045 -8.410182409335 
 2.612664192980   15.504164529583
-4.542618310034  -15.076820893765
 9.507715464507   12.586143794400
 12.703039753877  9.356932545882 
 9.934202845359  -12.299595434705
-14.780416600403 -5.647242372769 
-15.644619591977  2.678875542140 
-9.463390770190  -12.745583516019
 0.272884131971  -15.879380478291
-15.897585716195  1.053621112928 
 4.826073957164  -15.218178350383
 15.448246977794 -4.055581463701 
 7.331566252400  -14.207340436301
 14.095708655199  7.793904351014 
-15.389952505220  4.777646116943 
 7.708145343206   14.174138138642
-8.872589668691   13.527862259026
-7.304965568037   14.502806571485
-13.586480195482  8.937291423900 
-16.215756355526 -1.441821674291 
 12.108351167935  10.897897707828
 6.465389520108   15.087061710882
 12.908711908551 -10.184450049349
-1.218662916688   16.426208818601
 0.317509642110   16.482903394882
-13.265418129670 -9.920209011145 
-11.115280445843  12.417574292579
-16.340833600552 -3.424989625104 
-11.995421859701 -11.634548692016
-8.128344281649  -14.614953411114
-4.413965515201   16.141553125096
 11.513134434795 -12.161392370202
 11.167901094997  12.498055074225
-1.431571183458  -16.708695549825
 3.922990443483   16.313824176881
 1.478955488311  -16.893421675935
 2.977957328054  -16.717096386906
 16.969994158947  0.856447520692 
