-0.299282297137   1.024677806440 
 1.072799698603  -0.032539253902 
 0.210625576101  -1.436833137299 
-2.032554831946  -0.113721768449 
-1.793357234611   1.608158072641 
-0.080985260457   2.614080380324 
 2.561316584662  -0.743193590539 
-2.166054557791  -1.611223819536 
 1.827111749869   2.026388181396 
 2.850073416911   0.780694243348 
 0.469679691728  -3.038527416441 
-3.651550584541  -1.040190022533 
-0.916056170225  -3.705034883710 
 2.773025056607  -2.724593828533 
-2.957960154120   2.601584025579 
-4.065387408892   0.502976821775 
-3.056292002570  -2.827059393240 
 0.277282868041   4.158380064397 
-1.687376886827   3.849982641519 
 4.233193646094  -0.695226849620 
 4.049604450049   1.775812571173 
 1.520050927139  -4.328368001911 
 2.464673938845   4.166908914136 
 4.564672152218  -2.318150464857 
-4.556669212993  -2.669240154644 
-4.392759249680   3.100197946418 
-5.292301061846  -1.191243621569 
-0.958289480401   5.350121312401 
 1.236884549376   5.433052884902 
-1.309025278469  -5.434299714099 
-3.984184684784  -4.095392161871 
 4.130754834938  -4.200470233709 
 5.243231061180   2.702840833013 
-2.895671352009  -5.199035796056 
-5.675597178577   1.975464128193 
 4.285632011813   4.251715089640 
-2.824021023885   5.416533519979 
 1.888844230483  -6.031780176110 
-6.363873281623   0.498436452445 
 3.330657320955  -5.469891650131 
 6.635369770848   0.423484216273 
 0.469080657729  -6.713930752293 
 6.618417694829  -1.288323227177 
-6.123443974344  -3.181408528757 
-5.675984530001   3.958939293949 
 6.206505646976  -3.084077210414 
-1.829689208985   6.731954816555 
-0.292957963131   7.025152499672 
-4.665747300147  -5.515484043187 
 2.587029797986   6.789943784564 
 5.562179787759  -4.989797160582 
 4.339858350709   6.127700418938 
 6.982889127495   2.864981676183 
-2.001149569312  -7.337202116187 
 5.957904339051   4.727984544044 
-7.042392571638   3.157624095026 
-7.777020042701  -0.726798615819 
-3.776880722356   6.994640210664 
-5.258433164452   6.059215340780 
 1.486812033181   7.941410516264 
 1.552832837817  -7.949353748543 
-7.619407568579  -2.782965017506 
-0.566608907276  -8.176689118535 
 7.732514616669  -3.244400701719 
-4.499873946594  -7.098995736412 
-1.654906572052   8.260786108497 
 8.387447801185  -0.928103948093 
-6.759003566410  -5.114858195377 
 3.942827104204  -7.524937404151 
 7.497640316717   4.616425187344 
 8.669804871322   1.812286341477 
-8.753257823710   1.455992925932 
-5.980586528170  -6.700392227971 
 5.761112554102  -7.076407896871 
-7.514390394296   5.205407187756 
 3.551244529287   8.435719073623 
 9.280696475375   0.327425052340 
-5.067075610034   7.825703211089 
-9.130487196008  -1.897073168382 
 6.792262619441   6.588101698636 
-3.919565424395  -8.717410551041 
 0.158156489752  -9.595048371009 
 8.979702679788   3.397908872296 
-6.513625576281   7.104456062070 
-9.024010827898  -3.415662130624 
-2.105791856246  -9.436654724944 
 1.924131807126  -9.524660263571 
 7.683760952330  -5.959417808795 
 0.460056603531   9.732942954348 
-9.205823996588   3.254783766088 
 8.693450009792  -4.711875940278 
-8.549667835414  -5.016758240719 
-7.528656021290  -6.478618753097 
-2.340863416475   9.816568650951 
 5.713807929677   8.352252763973 
-10.148998562624 -0.475628756718 
 4.300590340571  -9.236983442402 
-3.942462771038   9.399640587866 
 10.000114093911 -2.472841274935 
-8.034098454361   6.735945732327 
-10.389229627556  1.656158247227 
 1.835684884991   10.432254749685
-9.249545189097   5.309278785606 
 6.402248347627  -8.571318397435 
-6.998142999845  -8.112223091683 
 10.607328980447  1.557617793571 
-1.329461279022  -10.729596649824
 7.237601108710   8.035372016016 
 4.493060056616   9.910464148194 
 1.016021382766  -10.849569396280
-0.891803204828   10.882970453421
-10.923485926986 -1.806547975154 
-5.772878267924   9.480084933991 
-10.065385906438 -4.699347600244 
 11.111178452882 -0.311270692130 
 9.956925981440   4.960384792117 
 8.590083491568   7.137415343192 
-3.127801298160  -10.774257011672
 8.235329097547  -7.705163245305 
-4.590920151081  -10.377092606825
 10.789860442067 -3.810683131260 
-8.714643730453  -7.549158315816 
-10.616497910456  4.508672009839 
 9.529166681027  -6.563357848597 
-6.473654291448  -9.616792550163 
-7.606380209460   8.760118758882 
-11.302304962634 -3.296036518734 
 5.703792697227  -10.299775455991
 11.603078659306 -2.029064922065 
-4.857837952444   10.910890929241
-10.035953221328 -6.541393340448 
 2.936092444585  -11.618771679970
-0.143528844625  -11.989941413000
 3.387314308276   11.520363733149
 4.472440082172  -11.197933519820
-11.999818025548  1.212628469191 
-9.770221333172   7.150314418208 
 6.974677872300   9.913852977069 
 11.333256817213  4.334799921070 
 11.820824871657  2.838290777481 
 11.044357656476 -5.338522634828 
-3.180794405182   11.869256486516
 4.983550794983   11.342804335686
-0.686839609004   12.436812882106
-6.916469383076   10.465276420569
 8.682614427934   9.131182108445 
 12.640550343728 -0.110909987934 
-11.029671076993  6.260717479040 
 0.984946244491   12.646436287521
 8.005848005290  -9.839299960541 
-11.397453615911 -5.760789288263 
 9.923735609960   8.044129143318 
-12.453384196673  2.948441173946 
 9.857614906114  -8.240113496412 
 12.483164995839 -3.362527941635 
-12.659959072457 -2.648009166899 
-5.813644513817  -11.570475956491
-12.988123168594 -0.482521762337 
-7.912527658203  -10.462373580189
-4.507497476728  -12.374673439823
-1.604352745075  -13.088863966456
-9.297571522579  -9.463504706968 
 6.101992340944  -11.830054840731
 11.145309285270 -7.355490070852 
-3.116821021813  -13.027953864918
-10.109137231676  8.834304955286 
-11.372900932912 -7.297407225725 
 2.250176070595  -13.343010932581
 11.511703154453  7.165861787074 
 12.802655445482  4.715599434602 
-2.052913966224   13.522121903018
 6.262755022648   12.208632655621
 4.459905448913   13.028110689977
 4.644399490870  -13.068723477126
 12.384087910045 -6.269071742394 
 13.774135290117  2.142299788316 
-11.624283984726  7.697605594076 
-6.803490183787   12.230616411930
-5.057068191008   13.071253400841
-13.320431805088 -4.416270227870 
-12.783109843168  5.977014273031 
 2.505670090400   13.912607385453
-14.019659186904 -1.849924639580 
-0.248503739159   14.144864223181
 9.134687344144   10.823467162948
-11.122142621002 -8.826434550805 
-13.737376975204  3.787930972068 
-0.407236345480  -14.343947214631
-13.088168913477 -5.944755950948 
 7.830207142625   12.061274695369
 11.102532445618  9.139786295620 
 13.745664989025 -4.336409616217 
-9.170872244965   11.150429864924
-14.333030231346  2.155704685998 
-8.011337177686  -12.083056786994
-3.712148327738   14.135834359969
 14.430707720098 -2.366680365878 
 7.540883669804  -12.604671131607
 3.505677097742  -14.309103008723
-6.860158561782  -13.051160967915
-14.775288945655  0.463345224351 
 9.666023515880  -11.334433128227
 10.936613086078 -10.172465104832
 12.317368446925 -8.476112776231 
 13.068717334353  7.380392596670 
 14.993389949692  0.846478217687 
 13.917589603929 -5.897311613045 
-3.422468087202  -14.740168597419
 1.111575580879  -15.196825043367
 14.743426770919  3.875105863730 
-5.768237990970  -14.145954776887
-1.254401113525   15.279971593067
-15.071213867505 -2.930618647412 
 12.592088785112  8.888905499416 
-15.382920369320 -1.127345222451 
-12.892911377817  8.550087021910 
 15.466389778004 -0.602767435647 
-15.227074777075  3.507115108292 
 15.463829872099  2.395734808201 
-9.769991231292  -12.259268091067
-2.912301056912   15.417715364233
 0.636039982312   15.707528006265
 4.915882548549  -14.958487253838
 11.099627402117  11.183137470567
 2.484736313525   15.568107603168
-13.952346844080  7.341590960580 
 14.433839290388  6.544455883541 
-11.073691894728 -11.374337585691
-8.272737636922   13.582138506499
-15.053285740549  5.205000040950 
 7.753958479404   13.940689047103
 9.454537621382  -12.860807924315
-1.931071574498  -15.846268874824
 2.522636805464  -15.774304001769
 6.874306129791  -14.449977833581
-12.143562875109  10.468829413894
 9.219120108380   13.146939586631
 15.446934316036 -4.506814932479 
-6.377504769039   14.774429867511
-13.458321549097 -8.830892123946 
 13.846695521025 -8.236146695297 
-11.014096455197  11.804194954020
-12.441588031567 -10.420024667206
-16.221230854710  1.034748747477 
-14.670152725295 -7.061411604526 
-4.761981293478   15.614017945960
 6.618723429737   14.945708145539
-15.433637746255 -5.394439532666 
 8.431733521001  -14.126690703089
 4.799933173396   15.761870065456
 12.741458595149  10.504938871111
 16.325016617518 -2.584342951838 
 12.498728754944 -10.872794010468
 10.724628322782  12.768147026544
 15.281750790478 -6.834057171764 
 16.734377882397  0.821495463360 
