-0.722418156939  -0.746434783517 
-0.155238585029   1.255516799547 
 1.398944793450  -0.618594017175 
 1.403814757673   0.945367701967 
-2.054668596830   0.979677583044 
-1.100761952600  -2.210981815409 
 1.785855178641  -2.260753252145 
 2.925054800017   0.524121759529 
 0.023111321246   3.217974871214 
-3.181056417868  -1.171721629309 
-0.011526813643  -3.413505175282 
-1.642426971925   3.061952000750 
 3.379972806107  -1.224501365977 
 2.611130736118   2.517533895440 
-3.639997427147   0.625558522658 
-2.984795825335   2.262706221899 
 4.451185700521   0.544421191777 
-0.558246893336   4.652577709274 
-1.150442571701  -4.601978147708 
 1.289443628693  -4.707122942234 
-3.027076211867   3.850837891408 
-3.564061742669  -3.441295741376 
-4.812309218811  -1.337627193859 
 3.628968831293   3.832922811048 
 2.332828100737   4.762674304203 
 4.527974962184  -2.918861365225 
 3.520900654766  -4.107605896898 
 4.856343042786   2.576998945815 
-5.644368101834   0.262734774141 
-5.062597756675   2.844404150018 
-0.132121234826  -5.861132281512 
 5.604712415316  -1.790357711585 
-1.936621153998   5.671904312605 
-5.273830633194  -3.031363370668 
 0.224066610416   6.166534320329 
-2.678129472825  -5.854921906875 
-4.784109321997   4.365819418089 
-6.275691047927   1.891694966290 
 6.553978374179   0.150442349214 
-3.450320350793   5.589316890034 
 1.480133076632  -6.503757767941 
 4.646346114846   4.998405563058 
-6.722889274292  -1.370402656118 
 3.412495034671  -6.091860343090 
 3.305426744710   6.266469019404 
 6.041061960243   3.726493208196 
 4.969130445153  -5.330992427870 
-4.450766764452  -5.841164651431 
-7.367960022911   0.673210842065 
 6.617045704345  -3.460160963018 
-2.718348845276   6.996468184352 
 1.668950018092   7.395382720863 
 7.111246517179   2.657600755350 
 7.591239546801  -1.363783749885 
-5.033109398263   5.852484087145 
 7.653060400378   1.196260518340 
-2.295192422278  -7.406677986347 
-6.225653699513  -4.921738331496 
-7.251687551303  -3.690959841655 
-1.479684381061   8.008580716949 
-8.025033672451   2.087278130883 
-8.284486422484  -0.537639538987 
-3.930848172502  -7.321700007475 
-8.117586307530  -2.199604775568 
 6.656976658290  -5.182740699673 
-0.476052613922  -8.442863617381 
 4.754624886908   7.001143568665 
 2.515738613742  -8.171055342574 
 0.666298160536   8.546814794925 
 5.508765066034  -6.755688069309 
-6.799001386470   5.458618148746 
 7.429670583363   4.621234778524 
-7.690011499170   4.250012781713 
 4.486069059263  -7.905054509965 
-4.582984978862   7.861227089972 
 0.898574776077  -9.073544157813 
 8.839671468726   2.394939593819 
-2.361079572530  -8.912927142088 
 3.802397269296   8.414635375625 
-6.698344631415  -6.553588991749 
 2.368985580001   9.092027176336 
 6.598754964776   6.693491558567 
 9.104900945020  -2.510815205240 
-8.973689952083   3.361086916695 
 8.664440509442  -4.492860831393 
-0.992895220198   9.720644607282 
-5.189400776632  -8.311223442728 
-9.607512268597   1.925989585180 
-6.287483409835   7.516132727151 
 7.275385613579  -6.590722097698 
 9.810813001804  -0.523303220214 
-9.869393794225  -0.771592136032 
 5.956667460118   8.063897741505 
-9.612906242151  -2.853950601856 
 10.100257496870  1.035563812112 
 3.801096680084  -9.464834337499 
-3.471072012477   9.601002621031 
 1.998975049893  -10.152463882986
-8.868884241323  -5.525138109743 
-3.681943382581  -9.894997935679 
 9.405963824814   4.853286519138 
 6.625227692535  -8.318994394755 
 8.556436839605   6.645839469656 
-7.051063299217  -8.270093685202 
-0.867926927378  -10.845459918362
-9.144502571981   6.008967810002 
 1.103356789000   11.077684448964
-10.308515142931  4.286735983900 
 7.709068239750   8.128747374475 
-0.846812392538   11.247718297522
 11.343796211661 -0.799319421433 
 10.977299786294 -2.994392553777 
 6.194786727926   9.575658038891 
 3.233865067413   10.938927217940
 11.218641223997  2.104106182280 
 9.800633557340  -5.868007585850 
-7.118366728508   8.948385382513 
 4.659654908913   10.451703147560
-8.647156762581   7.696328900870 
-11.588452603424 -0.075000381491 
 5.477406868547  -10.269338272405
-11.401394159108 -2.685496891184 
-8.725958871865  -7.846133727927 
-4.558413484358   10.852595039109
-6.028623267519   10.150575131153
-5.800118125715  -10.322326545207
 8.227000420135  -8.550295766435 
 11.093525375347  4.336282289713 
-3.184047147061   11.584796707780
 11.121450549962 -4.570365510401 
-11.237329776829 -4.297073014799 
-10.734634722085 -5.734002637029 
 9.503012773595  -7.719903145356 
 1.972378937010  -12.166731864595
 0.430875193083  -12.332479906245
-3.026387537351  -11.983583211191
-12.224910982431  1.956750756767 
 9.809899287393   7.586155405080 
-10.159214103094  7.238475091432 
-7.407494751862  -10.150906887007
-0.038376081300   12.571304757428
 7.802947985713   9.937797243030 
 3.828154248763  -12.147671684881
-8.711710833785   9.322450909167 
-4.948143984790  -11.814278161484
 11.293778640977 -6.077726151769 
-12.320835488137  3.617080338001 
-12.745431535226 -2.011796105444 
 7.120375600715  -10.803678427354
 12.821846654164 -1.803826914750 
-11.712394677757  5.634907664024 
 2.392833928837   12.800340981088
 5.292387548354   11.939606928578
-12.654306224831 -3.626299200498 
-0.872059779405  -13.151455812937
 3.936342059138   12.599283639101
 11.539624405238  6.533940811143 
 13.293529237859  0.299629231240 
-2.401611792810   13.105214729986
-5.753391768204   12.028234365483
-9.981028384829  -8.846552532158 
 12.607036213427  4.375061958960 
-12.485725183404 -5.372291227559 
-2.571203057725  -13.420164301057
-13.697719851961  0.069240079830 
 1.134578795130   13.651398802729
 10.017868789708  9.436079370611 
 13.305076507386 -3.660934252521 
-11.249766134547 -8.023312811872 
 10.508871945890 -8.973846742894 
 7.443510907770   11.644948391553
 9.040778621981  -10.525754736735
-7.563094075887  -11.675744416366
 6.324646197011  -12.396292315886
 13.622352978588  3.023433071494 
-0.879415586032   13.942373106143
 11.269100857899  8.450907404591 
-8.505567042130   11.277127726650
-11.435556035022  8.300132008412 
-13.980794557165  2.060342722460 
-3.846599634502   13.622416370422
-14.266942320422 -1.451330901290 
 2.284846824833  -14.173717085842
 12.257391412967 -7.540816371311 
-10.020549285746 -10.346426187542
-6.448051143716  -12.964266997775
-10.169778049324  10.427109808295
 6.790865798208   13.007861498488
 14.535456959813 -2.021041003691 
-13.984809096028  4.555145080917 
 4.892426267133   13.890600501291
 4.743680988338  -13.949941473175
 9.689129892733   11.141656015270
 8.356318793551  -12.189655662448
 13.680915019439 -5.647328720757 
-13.261267411665  6.578247709059 
 13.684232445808  5.734081382877 
-14.231569648745 -4.251411015301 
 2.517031669077   14.649438105742
 0.893601662353  -14.842256428433
 14.841610840831  1.286323381120 
-4.605888512492  -14.275902493826
-13.178671523911 -7.261990241394 
-11.616278959741 -9.646644062960 
-2.298312285559  -14.926037409223
-8.925744909180  -12.344970251718
 10.970272059642 -10.595029883495
 0.497880653781   15.263496838270
 12.530872884909 -9.026036751253 
-8.141532034602   13.212805616181
 11.684997159608  10.216792625293
 9.107724082802   12.631411995794
 3.722642553366  -15.126002279788
 3.958553201852   15.086125963742
-9.844746348350   12.100896454183
-4.608987885809   14.974700224150
-6.044919133157   14.512866838803
 15.707025008590 -0.833012731838 
 15.391334557010 -3.472226380661 
-15.772026435772  0.842739183156 
-0.263147736543  -15.810983831930
-12.646995163748  9.512702470489 
 15.040191006308 -4.952648261664 
 13.952382761882  7.503254053600 
-14.773369640055 -5.832924613865 
 15.191106964046  4.675967982628 
-2.161388829455   15.761804079359
 14.092304463163 -7.442442845264 
 15.651672803874  3.025000465719 
-11.678495332778  10.917372596053
-13.781887526125  8.258482127547 
 7.217590330697  -14.420305979136
 9.666832227045  -12.922783856975
 7.686078581986   14.282871291202
-10.769877300053 -12.164878012625
-7.481503583590  -14.488807249223
-16.225081876603 -2.232289482115 
 13.179789243738  9.802770006112 
 1.736199800846  -16.393973197654
 2.783987603411   16.272321591476
-16.010609066828  4.031140825082 
-16.403086737358  2.250720380303 
-14.573254337110 -8.009633007201 
-13.508273669393 -9.766990959629 
 16.535049444741 -2.293332784651 
 16.684547456261  0.590370759535 
-8.975586287345  -14.079750919136
-4.940515163227  -16.020905049134
 6.247967070866  -15.587137917842
 6.352556263173   15.586858157765
-2.753362620358  -16.613649841331
 11.253929528582  12.577356027132
-11.233204862797  12.676522081825
-16.509171988183 -3.888429481762 
 11.430311161536 -12.554150785459
 12.955968946624 -10.974318735577
