 0.147570975477   0.079439868037 
-1.321639793119   0.448689746236 
 0.347891571533   1.727783434544 
 0.844555970710  -1.795156313270 
-1.484530510036  -1.666060751723 
-2.019862343808   1.891326756878 
 2.683282953936   1.110373389968 
-2.931807158488  -0.225565302985 
-0.705239481800   2.870000811708 
 2.811880762621  -1.211924242754 
 0.365485774412  -3.289261560072 
-1.767603471900  -3.178044813391 
-3.010404185064  -2.247584831123 
 0.356514297612   3.933679623177 
 2.453297450463   3.127173965898 
-2.226325431245   3.390993160883 
 2.215921380933  -3.471579877988 
 4.283290808057  -0.867854023813 
 4.069480113999   1.792151584309 
-0.648729313903  -4.433929860374 
-4.635690334349   0.583435729930 
-4.117167088338   2.370757900892 
 4.977394132204   0.482840063767 
-4.824621247247  -1.751613482818 
-1.521179596829   4.902778718977 
 1.341736742375   5.122688643346 
-3.615881271249   4.110897644970 
 1.922160577707  -5.279267912127 
-4.375610352657  -3.546027197348 
 3.805524713123   4.300551393948 
 4.666180884468  -3.451390045418 
-3.393247259757  -4.879657466363 
 5.545023064061   2.172740587202 
-1.025857175589  -5.910116891672 
 5.860304106411  -2.303289704899 
 3.597378998414  -5.238641377728 
-5.931459370774   2.310855941016 
-1.186724215163   6.416025307514 
-5.845256294179  -2.945486177648 
-3.347539459416   5.639514635796 
 0.495397423751  -6.684869955038 
-2.497461663407  -6.227167720057 
 6.655133153573   1.059270758328 
-5.536005513614   3.901074346625 
-6.694879347942  -1.433532503285 
 6.883389990087  -0.492030181087 
 0.766518308476   6.863224964953 
 3.412656646185   6.223770748560 
-7.271741645303   0.202415150661 
 6.399338371054   3.507225147218 
 5.959720167998  -4.385359497034 
-5.398829347869   5.409031196122 
 7.044807717897  -3.345709998607 
 4.189669080736  -6.651566458398 
 2.140648748441  -7.630682044600 
-4.609323360713  -6.462648342615 
 5.242479196862   5.964710941322 
-1.935466032800   7.782572495866 
-7.261208653256   3.480341568872 
-0.401784991723   8.098094689310 
-6.541451829032  -4.855303659785 
 2.788442149024   7.679539982455 
 0.213379951367  -8.267640969094 
 8.236750382679   1.171144032512 
 8.200389382910  -1.468776420069 
-1.931833438387  -8.163586010546 
-7.790478362634  -3.180329463145 
-8.522487889609   1.262588089301 
 6.240558915360  -6.150945175430 
-3.875559160146  -7.910408660201 
-3.568999499000   8.297951229942 
-5.658237042777   7.069222695355 
 8.415524200287   3.540087076344 
-6.343446536589  -6.714872758800 
-9.243063640956  -0.790699143896 
 5.034405280006  -7.897983501319 
 9.379747253074  -0.136046355868 
 0.456406567402   9.381893234535 
 2.301182464626  -9.131026665510 
 4.124914380587   8.557034431383 
-7.190747964210   6.253821474467 
-8.953743650643   3.306622993012 
 7.830239766337  -5.480760475776 
 7.317569671997   6.222695436649 
-1.768976074644   9.566748333952 
 5.683758033297   7.992648544355 
 9.064447568076  -4.120624459598 
 2.034268125807   9.750169618199 
 0.703365252867  -9.951649880732 
-8.965066487162  -4.586156461857 
 9.932880109650   1.739611524849 
 9.979156699275  -1.637144266779 
-8.906012424733   4.839602525643 
-2.576931770831  -10.019664815592
-8.125228033234  -6.567937719874 
-4.892560654822  -9.262134582468 
 7.133327328572  -7.752740245800 
-6.336456434886   8.520899972615 
-4.973056285383   9.387377486877 
 3.590497669377  -10.077733773987
-1.211565127321  -10.645932591337
-7.382837994715  -7.896386611925 
-3.079076378715   10.368955809056
-10.489887644057 -2.655267680235 
-10.821979755340 -0.713459835860 
 9.152379612129   5.944554393123 
 6.213189714888  -9.063591145209 
 5.440277572085   9.547899272279 
 10.168999304999  4.290726145201 
 3.920703443324   10.348605405117
-10.862972721155  2.356324951827 
-3.945905978720  -10.675362586201
-11.405187552679  0.721166107700 
-1.370989342765   11.372046017623
 11.466805058628 -0.365829639508 
 9.791869674920  -6.132863209400 
-6.526454531294  -9.577008991715 
 10.827397853645 -4.211464047700 
-9.887380149534  -6.169990387205 
 11.525954594587 -2.372386125587 
-10.745874257608  4.891193154659 
 7.639256270617   9.032992571632 
 9.181830302882   7.521609428031 
 2.925724160641   11.507556063512
 5.640037148987  -10.494667448210
-11.044938413770 -4.739248453260 
 0.394299202716   12.017838193126
-0.235429788815  -12.055317337268
 9.142284094902  -7.867576038962 
-7.827486876706   9.201194597026 
-9.146021408676   7.932787487577 
-8.868584235885  -8.313476165144 
 1.479542804603  -12.085601465148
-6.535179686642   10.408760436229
-4.314718648674   11.522477034346
 3.779313387910  -11.742998100115
-12.337691041392 -1.090987578295 
-11.828295035129  3.787896160582 
 12.374616440223  1.102093290856 
 11.744465162981  4.284106073146 
-10.657040454966  6.559115084068 
 12.223478616766  2.844944680114 
 7.239965841119  -10.361989278187
-3.545083848009  -12.192745387056
 11.442081454417  5.881987601906 
-5.725211557194  -11.569174583659
 6.350313254014   11.359719844398
-11.410176880635 -6.306137198003 
-1.563694081124  -12.963555472200
 13.099492914522 -0.284807080906 
-2.065103863637   12.959267409786
 8.866392545454  -9.684294380332 
 12.565750239884 -3.905606924866 
-7.839586868016  -10.594148036148
 13.056592031557 -1.978411769031 
 11.961068783155 -5.647121577946 
-13.235052564297  0.174959526570 
-13.159322479353  2.343516071411 
 2.912460777552  -13.049193526896
-10.614165277972 -8.239910746951 
 11.156905026370  7.506982535367 
 8.244833025106   10.643638794646
 2.643628767355   13.213753062299
 5.273564080109  -12.453868110321
-13.164462822003 -3.578424478825 
-9.519413749029  -9.781430178914 
-8.151941827685   10.954825616129
-0.692449266705   13.682267009160
 10.921890210387 -8.312401204845 
-12.886751788373 -5.060323428219 
-10.763034433292  8.759001273360 
 4.929019393350   13.031245312308
-0.065648678753  -13.945318843033
-13.169191078187  4.695569209642 
 13.306313815705  4.324579066032 
 9.684104700910   10.102780540965
 14.056358874255  0.945914889156 
-12.642413073656  6.218392419339 
-4.914897166522  -13.205643615736
-4.971813620828   13.240539578536
-6.902474340823   12.359736047140
-9.811441310554   10.367802675970
-14.445370900673  1.471580387448 
 8.736838708108  -11.646662198430
 7.357443303437  -12.598388399794
 14.324973837961 -2.867342135652 
 8.045133106292   12.206237751646
-12.197792840843 -8.071295050686 
 3.959507620160  -14.134236984288
-14.618572585397 -1.448893879812 
-11.055002325849 -9.724519797853 
 12.929796122697  7.051088102217 
-7.205910082906  -12.867793741068
 14.472561391230  3.009313032063 
 1.317119449169  -14.727316569737
-3.659912059593   14.422992543926
 10.977312218481 -10.165665520988
 0.959084672569   14.940413866135
 2.788914980132   14.716928523926
-1.886498864934  -14.869130064350
-9.162827512345  -11.877030200396
 14.301106956007 -4.614988478592 
 13.241309321113 -7.256270505787 
-12.948051833019  7.864044570724 
-3.932821146365  -14.641689894703
-8.453954446120   12.593105952160
-0.523829800914   15.177388963572
 12.255934778274  9.063296703698 
-14.699292493850  4.161353351997 
 6.316049781724   13.940288199573
-11.358300110118  10.346038535303
-14.493680918533 -5.126243344047 
-2.115722187081   15.250080252042
-13.640911526495 -7.165362576860 
 10.812505424686  11.122569880250
-15.517519664050  0.087295689325 
 12.410507633026 -9.349295325688 
-12.486162544341  9.319466946058 
 14.345640754504  6.131186178857 
 15.591481015200 -1.310744168404 
-15.256855480099 -3.473791679189 
 15.557224308867  1.742589294543 
 2.705491816174  -15.449947244212
-15.551858068673  2.572022879122 
-5.128178323812   14.941602056582
-7.020226335833   14.268100073024
-12.677172246193 -9.619001044189 
-5.992336185211  -14.771157709342
 14.809001085543 -6.142914671940 
 6.849674969648  -14.498817217932
-10.946701926020 -11.847854211805
 3.985130435288   15.706406484066
-1.153771137939  -16.198509815879
 15.969379109987 -2.987123665657 
 9.120169936906  -13.492695540113
 2.212173799382   16.136629503019
 14.277949258712  7.841922285744 
-2.819779617309  -16.062784470653
-11.178560858101  11.915876379344
-8.048183206538  -14.233881443486
 11.183065036409 -12.038769323017
 0.569503393976   16.427390413192
-15.571842366666  5.473427086400 
 15.892783838981 -4.526930142691 
-9.874863626524   13.315801926766
-4.083679096917   16.092552212647
-1.135504326878   16.565031483166
 1.369760366476  -16.613051825910
 12.734573206237  10.807071402012
 16.714664362783  0.744826250280 
 10.903306710699  12.705263449541
 14.105269302784 -9.101812845519 
-8.599514109174   14.428269799029
-16.812090916454 -1.163063182589 
-15.498464621744 -6.654711998172 
-15.369599977933  6.978607351438 
