 0.047548613318  -0.112624943469 
 1.787348824800   0.442821603636 
 0.782096679923   1.739519919981 
-0.296542619248  -1.902343618146 
-0.764344119827   2.072830655444 
-2.086506799636   0.911045032077 
-1.984698573455  -2.075410090398 
 1.840213025967  -2.322887551220 
-3.095880761594  -0.486861375458 
 3.345593179887   0.524613371026 
 1.752354459631   2.938021711717 
 3.435847633675  -1.256381493493 
-0.072735087673  -3.663779478605 
-0.184254383946   4.018978095828 
-3.661511052809   2.067348811440 
 3.726244080108   2.020823981523 
 2.159627468805  -3.955125252184 
-2.412475621021   3.832163124469 
-4.600393321715  -0.071546415314 
-4.191703440572  -2.342221383815 
 1.383324272596   4.611930169527 
 3.711779611827  -3.146316877033 
-2.168004669979  -4.692485620047 
-1.430610180053   5.004770103994 
 4.168862206487   3.462232157058 
 2.974801318161   4.579547189538 
 5.468902581138   0.415188022354 
 5.031528894419  -2.374166007763 
-5.402903529850   1.490606400061 
 1.666029206581  -5.416814922640 
-0.015625317244  -5.698205518698 
-3.881481915309  -4.186294892502 
-4.715134324727   3.256457760146 
-5.823236846491  -1.130271350965 
 3.388158584318  -4.995656699399 
-3.845920987281   4.658797882650 
 2.120135018628   5.932333435291 
 6.012702571388   1.978415245518 
 0.496585462501   6.429557417487 
-2.801753597604   5.869730793198 
-1.102091840232   6.562694983787 
 5.381184169922  -4.366117014826 
 5.503937340756   4.301256570092 
-5.618069942942  -4.152732457604 
 6.855023877800  -1.923123052052 
 1.708534355662  -6.919498123330 
-6.763836832408   2.358832541706 
 4.251423721895   5.768407972392 
-5.628256939940   4.459461914829 
-6.821576932586  -2.292519751955 
-7.207254099950  -0.338721926119 
-3.172149904002  -6.499843693959 
 6.834843806245   3.305166845637 
 7.780084135866  -0.504186365459 
-1.698714556493  -7.626619432145 
 2.287779733719   7.567546256871 
-5.477870869108   5.991129506531 
-0.603815440575   8.114978519374 
 4.107281348723  -7.086568987148 
-2.473758483837   7.869145719789 
-5.395066726660  -6.325914499765 
 8.261679654504   1.101287966142 
-8.373307718232   0.765688366266 
 1.065567239057  -8.425980850550 
 3.876717140606   7.592574062139 
 5.624434296330   6.513858282392 
-8.515582318046  -1.266353294367 
 7.062874548220  -4.923691657003 
-7.590968428760   4.302028864432 
 6.178709170587  -6.196816489239 
 8.270973540761  -2.898183382227 
 8.275908951117   2.884464350463 
-8.310540424096   2.788642498155 
-0.534856740456  -8.785100170520 
-6.933592166819  -5.655608991403 
 7.756538492007   4.559150594824 
-4.015078471362   8.123271615791 
 2.881686773724  -8.616952870024 
-4.799675031168  -7.782537228016 
-8.037985467854  -4.423653053819 
-2.771429311195  -8.840378466294 
-5.460876508773   7.681757866178 
-7.426067138196   5.905630523692 
 5.560091706243  -7.745544770818 
 7.188850166271   6.296886148017 
 0.483551865339   9.549582453174 
-9.351116301857  -2.613519818288 
 9.548327793754  -1.788319294735 
-9.735650384919   1.953709457769 
-9.989228537696  -0.958313286381 
-6.755106467932  -7.437438419162 
 10.134300081378  0.055110435790 
-6.979712345716   7.443085081322 
-9.601977747426   3.605043699365 
 6.610307551319   7.908685448054 
 2.614897040743   10.058866130790
-1.450200553615   10.314748504440
 9.556601181859   4.158621831949 
 8.801843355359  -5.587212988867 
-0.434496785788  -10.424448673242
-8.242216297065  -6.402076343537 
 2.762100756476  -10.187096111009
 4.187654404086  -9.692116695250 
 9.657020355502  -4.348446238693 
-3.282415729353   10.148504953252
 7.897925338163  -7.310277300962 
-10.017562060690 -4.023590291446 
-10.841126860192  0.854612046554 
 10.633243344466  2.413740490951 
 10.569384271983 -2.974944898017 
 5.709358059498   9.460929524340 
 8.379679175344   7.237656846049 
-5.278526350256  -9.760657588671 
 6.794469386579  -8.878040771288 
-9.629368345815  -5.825226624433 
-9.647320391381   5.889178257539 
 4.073314384464   10.579837185932
-8.712547275775   7.403643123640 
 0.219691130546   11.517263287769
 1.389826443581  -11.486455072729
 11.535667563037 -1.341740967469 
-1.625653803504  -11.518247464769
 10.148672407358  5.701991206288 
-3.098454507215  -11.233243341891
-6.916766176593  -9.410626625903 
-2.535962961068   11.476684133847
-5.595650427127   10.438512939933
-7.753622947568   9.018679749858 
 8.128432111631   8.726048815458 
 11.926185861873  0.997254703835 
-11.757657374670  2.617863100132 
-11.907815784584 -2.138060971677 
-11.239002795540  4.484151213471 
 11.568374758770  3.662516084175 
 3.842510860285  -11.577558255471
 7.165435093601   9.879105914132 
 11.072366940073 -5.262862746037 
-11.501736144551 -4.310930820384 
 10.001558639538 -7.314584653952 
 6.606373252943  -10.485357558425
-4.243836359405   11.647409161772
-0.268605735939  -12.449052761430
-4.760861265348  -11.509932897151
 8.806564425789  -9.066216820621 
-6.197963332445  -11.049948922284
-8.765002490326  -9.192359845779 
 2.501967263278   12.554278741337
-12.852847829057 -0.247562549268 
-10.687011817956  7.288343730736 
 5.177761443726   11.914257959768
 10.809810923960  7.231493645124 
 13.006766307825 -0.202732324595 
-7.980074189242  -10.488956493610
-10.179045683015 -8.375579270905 
 12.071193966727  5.433878783407 
 5.379468607042  -12.115343621235
 1.921290345681  -13.127275611385
-9.624955361235   9.227234261944 
-2.555938821615  -13.178055538655
-0.367935326525   13.441246031969
 8.281885771969  -10.715936716189
-12.849968529650  4.394580738898 
-7.784902489826   11.137501860459
 13.415999535497 -2.292090705323 
 9.815576879221   9.434982527829 
-11.845272909918 -6.740135526947 
 1.182477965480   13.623890959136
 13.105153391221  4.052887386029 
-12.947338619720 -4.785149831316 
 11.668341440616 -7.410208886993 
 13.240523807860 -4.153720306708 
 10.533664231021 -9.063571628448 
-2.100346215289   13.768006253470
 12.658999572086 -5.883421660691 
-4.033482157890   13.426600436223
-13.949026973221  1.922491896263 
 13.903952653242  2.275566354781 
-5.381986864594  -13.040290419084
 6.958661852375   12.313978892464
 8.376919919210   11.459983258878
-14.029026944877 -2.268629982596 
-11.318037578575  8.748798317256 
-7.831962176043  -12.016370889530
-12.546182535320  7.097151769705 
 14.523768719403  0.311082936878 
-6.485625129911   13.091202261221
-0.415769302507  -14.638754950752
-14.675763126745  0.219809623876 
 8.350929383785  -12.224823472443
-11.043445467505 -9.896184776440 
 5.772082822078   13.666290807137
-13.395090079692 -6.384283172088 
 13.529572669656  6.111907406311 
 3.779867421171  -14.414128162073
-2.741995455912  -14.747508948470
 5.777497285602  -13.874430134759
 0.049788514374   15.034906443911
-8.336954337087   12.546007910779
 3.974687596500   14.535079813504
 14.666891005743  3.605989767184 
 2.335192585684   14.923987377576
-9.874413216527  -11.519654448859
 15.115765133907 -1.534996721433 
-14.718896891614 -3.866237533909 
-13.935110286725  6.121458333216 
 9.810091369215  -11.653713473808
-4.344342452909  -14.659745012638
-12.678475723957 -8.554732838828 
-6.767613552550  -13.718965944866
 12.792335230946  8.424970264579 
-15.308955799441 -1.367821807571 
-14.725330387441  4.563903126061 
 11.765755660912  9.973805597499 
-10.591845920010  11.247964746748
 7.557972657067  -13.527300844239
-2.636619508917   15.313978277199
 10.055322613639  11.895462614515
-13.067123308002  8.513084711465 
 11.450447071847 -10.659914115331
 1.090221100798  -15.619319702474
-4.835738518524   14.923946835591
 15.517607530759  2.304984169685 
 13.636390818927 -7.777236422462 
 7.766887474488   13.673001549796
 15.428381333934 -3.259922881098 
 2.664852087090  -15.548484430061
-15.590113728173  2.829889158425 
 12.620249318854 -9.667725582332 
 15.117778140427  5.118383694752 
 15.182930804412 -4.990053445855 
-8.941280868135  -13.400378072432
-14.228888178897 -7.745707096901 
 5.130103310089  -15.382351184294
-15.279133098649 -5.444823115021 
 14.769061455289 -6.765645861860 
 16.222319365612  0.858857865393 
-12.532479695288 -10.399902259171
-6.702760640269   14.879285789780
 1.504885839330   16.275723066537
 9.283699246412  -13.536064774915
-16.485745069800  1.010523137082 
-16.284921611124 -3.007731017203 
 11.605682385298  11.828098023944
 4.787276703688   15.968054670524
-11.418000255994 -12.166334028598
-10.703315924342  12.877587153533
 10.686658476280 -12.931285004976
-12.046929112198  11.678655793363
-6.518650074788  -15.476007819355
-13.195808173316  10.424901455863
 16.418543936747  3.709227211447 
-9.274972509886   14.167959382287
 3.169205530735   16.635776319363
-2.509863904491  -16.755244441553
-1.854334297747   16.848189700925
 6.792710001902  -15.543923833791
