 0.461064876193   0.059527626686 
-0.429451045668  -1.183779576128 
-1.129438180656   0.924542116614 
 1.071955239556  -1.438826663579 
 1.162348337939   1.461610511695 
 2.490577624094   0.021699466600 
 0.036130822402   2.506636071504 
-1.513886350944   2.463642333585 
-2.943248825722  -1.017282308455 
-2.086899647469  -2.414450105828 
-3.083527794080   1.393839864664 
 0.690624175053  -3.457444251664 
 2.039897142687   2.933358744606 
 3.396999903202  -2.146749851732 
 3.771227326663   1.570535476056 
-4.350555548814   0.541798138240 
 1.287098337480   4.281687469396 
 2.743466346407  -3.824050788169 
 4.744339802116  -0.405865417520 
-1.788985655140  -4.435615913150 
-2.018916421993   4.491514961518 
-0.265106897750   4.974240341076 
-4.520994041151   2.293181925262 
 4.097563017763   3.373411713102 
-5.418561782836  -0.585365365319 
-3.645405434854   4.216261203865 
 5.509675868887   1.020153322109 
-3.828342569784  -4.139531199941 
 5.282059042924  -1.981351301512 
-4.845712858948  -2.989647153037 
 0.510962284074  -5.893945658328 
 4.156144928016  -4.590972392826 
 1.285576398518   6.094555936303 
 5.621169639760   2.778443754085 
-0.984507102071  -6.298218419302 
 3.729060794362   5.230351234808 
-6.332463716389   1.174917897328 
-0.955021296325   6.379624190266 
 2.512166313364  -5.946754866871 
-2.956051084655   5.749811377553 
-6.120789405128  -2.150736663363 
 5.719396190161  -3.632470241660 
 6.993997061209   0.179130112409 
-4.506702821836   5.463645676743 
-2.697883032981  -6.596551620514 
-5.363868140794  -4.714310709743 
 7.024578797543  -1.770648792430 
 5.863485125735   4.280429688579 
-7.294375678089  -0.531401267194 
 3.078971501324   6.668112512585 
-6.829884129482   3.212194759657 
-0.363052327397  -7.731990997590 
-6.762061404068  -3.826553732695 
-6.096527067520   4.982812580986 
 7.180937800957   3.244789749549 
-7.926587554617   1.031058075204 
 4.001159445533  -6.934819055254 
-1.484895788899   7.911238045894 
 6.184124642081  -5.298320485366 
 1.731852288916  -7.999037010417 
-4.183563555038  -7.073791483655 
 0.029502894908   8.247205611551 
 5.726248137312   5.966808793908 
 8.315085920516   1.714220597413 
 2.477335630505   8.225195521478 
-2.650073997916  -8.199906564944 
 4.740872052705   7.301867321147 
-5.640608838765   6.655626897228 
-8.823589547246  -0.460515207752 
 8.811504361495  -1.578627208511 
 8.218330254869  -3.684201844955 
-4.371739064115   7.893873750769 
 5.723158934589  -6.989370857486 
 7.681174182410  -5.089931613876 
 3.867160772284  -8.458858481067 
-2.568968611854   8.979547053880 
-9.073560474408  -2.533178373846 
-9.152474767869   2.339995638988 
 8.825203001331   3.407568781036 
-7.330774608204   5.983070865749 
-6.728275817654  -6.696513148167 
 1.454195148484   9.457876780610 
-8.798290703819   3.921488319842 
-7.816165893518  -5.644969830981 
 9.805918372606  -0.248638865802 
 3.879132861912   9.050189697957 
-1.265907783639  -9.825787594759 
 9.834397168823   1.512234459595 
 6.705216741809   7.356177696120 
 1.542529255192  -9.906470815734 
 8.565561559960   5.317512302428 
-5.194941827580  -8.718739755090 
 9.785861282921  -2.906321970759 
-9.063365294310  -4.720453457522 
 7.895043622620  -6.744870442090 
-1.144700148540   10.409127130044
 6.417566837258  -8.340783160796 
-4.288451772307   9.650810600862 
-7.446445386197   7.554789777049 
 0.446246842679   10.612809240529
-3.339978721383  -10.105948925587
-10.661748506771 -0.573028239057 
 3.087316811203  -10.222943252107
 9.693144462617  -4.485829476909 
 10.668691154960 -1.685650565329 
-8.846180961533   6.247483643410 
 2.643315012146   10.517490264995
-10.866142964942  1.584172377839 
-10.440022202412  3.666384834837 
 6.227054451356   9.147696489583 
-3.089630993681   10.676050454776
-5.926503645057   9.483646207819 
 10.870653231714  3.125053373737 
 8.762169626907   7.199509783383 
 5.566304075689  -9.952103288456 
-9.524934389164  -6.338600534371 
-7.757615943754  -8.423523105323 
-10.231637173783  5.244526524524 
 10.128951288043  5.494615448474 
 1.055744961061  -11.600379368942
-10.520234199736 -5.136004494516 
 11.109040134257 -3.797252862237 
 11.803254110427  0.370044718707 
 4.297531321529   11.016078103051
-4.809421345834  -10.848483584053
-11.477399001925 -3.212684611853 
 9.796054416923  -6.839201822160 
 7.564606983333  -9.327531356532 
-0.393748579079  -12.009870599127
-2.161363792604   11.913030530109
-9.255142994807  -7.823798204919 
 7.944078180895   9.163321685009 
-9.271464033805   7.978456014986 
-4.951679047980   11.275123137920
-7.955639660330   9.428225849446 
-12.443399795487 -0.473554009127 
-1.850950038017  -12.480744794563
 10.265074159590  7.353910372990 
 11.519080873850 -5.248986187757 
 9.301539715591  -8.611230351366 
 11.964595617602  4.190084413255 
-12.240637764231  3.478990393003 
 5.121223862590  -11.687122479690
-6.344175468694  -11.133999338158
 3.483924485311  -12.377875853836
 1.003014600644   12.821341682550
-10.883622131122  6.927076850029 
 6.774410453518  -11.056841615945
 6.110817977796   11.477703841554
 3.792041430029   12.458745021732
-12.886164650894  2.093193993376 
 12.869480466308  2.214745683249 
-4.396187059462  -12.327085279872
-1.036572978927   13.089404429616
 1.412461114723  -13.067014603378
-11.997093779610  5.420345243177 
-8.227594157565  -10.459464459701
 13.274252435202 -1.029258886543 
 9.852314156656   9.158537230733 
 13.192384165029 -2.820550315892 
 12.232798891705  5.692090369227 
 8.339247069600  -10.670046041060
-12.640099905850 -5.001562134254 
-11.348621124062 -7.520966283011 
-2.927343269743   13.395498081407
-8.275408978962   11.029705126362
-13.572470077277 -2.487224913087 
-10.479019446207 -9.026700747064 
 9.099868727451   10.486087946617
-3.372514334957  -13.470548766487
 2.366632151947   13.711743423974
 11.418016326069 -8.009041450324 
-6.001517738515   12.599555500199
 13.945044807605  0.887421993334 
 12.367432177898 -6.743403238423 
-5.937152334345  -12.775710408703
-13.331266999760  4.592338985424 
 13.280566024766 -4.804946704438 
 2.884725926611  -13.912152349159
-14.216898659458 -0.201885142150 
 0.368817820876   14.221851133674
 13.545871987758  4.368731708330 
-4.725996748926   13.481415441644
 7.603107537945   12.166863572251
-11.860374191055  8.169987848097 
-14.407160754079  2.115886887685 
 10.566152228985 -10.036565838370
 7.958406800355  -12.209106526269
 1.161000063504  -14.566120265095
-7.531606584474  -12.550150135728
 4.059991507435   14.092533715589
-10.591684306263  10.159139949688
-13.123243864218 -6.630594151417 
-10.061304272980 -10.735003642036
-0.582992414777  -14.702442861164
 14.798874824303 -0.442377809106 
 11.464746791932  9.452511401361 
-2.404247555190   14.816758353604
-7.540578404719   13.025427080848
-12.137666194400 -8.935623949809 
-2.254364394170  -14.922238018999
 6.696592836468  -13.627499891891
 5.931183570325   14.057890031569
 14.902621506629  3.298519267031 
 4.803061750061  -14.561334301721
 2.226721213986   15.221711847430
-3.823326477342  -14.938165163508
-15.355429924706 -1.431908111990 
-4.145276631104   14.873558592809
 12.958355219939  8.413346296839 
 13.734625748661  7.083345980352 
 9.984183349732  -11.823938599921
 15.132235029427 -3.272216215086 
-6.357480639631   14.162579636291
-15.105558421106 -3.627347380763 
 13.429172321131 -7.813884134526 
-0.293072277335   15.593360146682
-13.638594314164  7.574818254729 
-14.851825205589  5.151338674421 
 14.884399412555  5.134728332418 
-6.816106772511  -14.198909667777
 10.768940088425  11.520576773461
-15.746593537343  1.103018878065 
-9.909516102230  -12.392351063832
 15.806041456735  1.398981568440 
-14.996891826107 -5.680609153805 
-5.411283533714  -15.110831429222
-13.022585514855  9.423493741761 
-15.696866138364  3.622476225336 
 8.404392741109  -13.783501674280
 12.994021296340 -9.665495711682 
 9.944882556688   12.795008303712
-11.931223116901  11.000581316668
 15.069095679073 -6.201771814107 
-8.927151444286  -13.647880720491
-1.914897518350   16.301597232177
-0.956521304999  -16.413349060929
-9.276442409359   13.620650962031
 2.560525843349  -16.291309226984
-15.026428934209  6.823718470147 
 0.935167382291  -16.481414486345
 16.515056788595 -0.429849688728 
-10.577355484047  12.704509218827
-14.245467020930 -8.402008987094 
-16.546997467626 -0.467253358390 
-13.066372267847 -10.169209340860
 11.697571106955 -11.793320395904
 12.324082834572  11.249351837286
 6.573071659391  -15.341291132121
 0.895054899932   16.671121188508
-12.187535441537 -11.450414717841
 9.987825718727  -13.430860412286
 8.771831486938   14.258242298052
 16.314573294090  3.858002300573 
 7.281256005368   15.166001457044
-7.649285510912   15.121097738498
