 0.597695752145  -0.319953652704 
-1.676586483614  -0.215796899353 
-1.322468940819   1.583559308923 
-1.162646318319  -1.907286440590 
 2.224183278975   0.807471030436 
-0.080639158021   2.533199587314 
 0.299174239063  -2.628353033748 
 2.424248176435  -1.282729795219 
 2.212678776933   2.868521035845 
-3.524938835032   0.893300149958 
 1.996932804194  -3.042704540087 
-1.091436611247  -3.622333106888 
-2.700703147981   2.673322387283 
-4.121030418152  -0.560353392614 
-3.188645175635  -2.724439622604 
 0.471859614615  -4.226006284078 
 3.638567619966   2.366799543675 
 4.362987684765   0.301527223670 
-1.353940760698   4.359202121027 
 0.344763852901   4.949215154015 
 1.983676971479  -4.753623032633 
 4.869600593229  -1.696597802934 
-0.816853578389  -5.250829740796 
 3.685971828144  -3.854587234923 
-2.621914049006  -5.021706862016 
 1.974790163088   5.347621488829 
-4.076251447036  -4.070136896870 
 0.630580638221  -5.737940432243 
-5.895377858674  -0.265856859625 
 4.338571584255   4.160978556046 
-3.865872789873   4.753635911340 
-6.003472547801   1.791884990631 
-0.512175935719   6.277595183514 
-5.220974620008   3.693813273795 
-6.079498451495  -2.092957587584 
 5.592595021806  -3.183168666384 
 6.342924522948   1.517416959575 
 3.441889714407  -5.731666865819 
 3.657778658400   5.726083003784 
 6.893954412566  -0.605118219127 
-2.022086840486   6.638253467173 
-0.374708049803  -6.934616742890 
-5.836919924048  -3.792143636601 
 1.176993582912   6.889233199282 
 5.102037951273  -4.822758569744 
 6.368506576144   3.051030469202 
-2.781299871519  -6.774429874682 
-7.327587045392  -0.725134588545 
 7.057474380387  -2.117230102326 
 1.837911728864  -7.202719728104 
 2.745592737470   7.018571497230 
-6.900915823973   3.307852118091 
-7.726222682352   0.960767815818 
-5.229984535855  -5.848809577131 
-5.115123589047   6.078823513148 
-3.773651782999   7.007102104238 
 4.798100376433  -6.481160098834 
 7.048323989836  -3.965708142840 
 8.441369509423  -0.852482348533 
 0.758788963047  -8.514177303928 
-1.819534080325   8.462697638130 
-8.148586192192  -2.921815836521 
 0.564152976883   8.701318425780 
 6.509979420001   5.960100384938 
 8.132584847234   3.497787359203 
 5.386473276242   7.055090628518 
 4.000882891153  -7.959532104949 
-8.849009938779  -1.271907904185 
 8.882247185308   1.163091255572 
-7.752680878507  -4.546769266920 
 2.473899860901   8.706899656906 
-6.779652590960   6.041079880964 
 4.026683542914   8.246783021990 
-9.342056974397   0.815555164507 
 6.665928475499  -6.673500713518 
 7.793732982301  -5.373607191046 
-2.987021892518  -8.984240383100 
-0.796883332839  -9.440651615447 
-3.318071950178   8.880799073516 
-8.545564433519   4.247537263309 
 8.018999022407   5.279854209346 
-9.325801873064   2.399895432931 
-6.911926422017  -6.752407919697 
 5.608217685375  -7.881913457102 
-5.628848506825  -7.925176682555 
 9.925759946189  -0.534811078393 
 3.392356173600  -9.413225970742 
 9.402862514293  -3.561857484501 
 9.655472641336   2.878170879800 
-9.784361767602  -2.565995245752 
-10.140115988034 -0.463476960709 
 1.417936556790   10.054155920643
-1.294824455734   10.261648751940
 5.983059720413   8.478921172420 
 9.435622227873   4.445648573903 
-8.761716316974   5.858908056422 
-9.152690090568  -5.232496898617 
-7.120702490470   7.911033042785 
 7.380218906333   7.732162537957 
-5.470684095758   9.235681165677 
 8.328421376728  -6.778243342832 
 0.515081926205  -10.765360337237
 4.369707380478   9.886294461505 
-5.307440022017  -9.457738668583 
 10.552528394219 -2.565275354247 
 9.328179821627  -5.628622158019 
-3.500835289751   10.376632838852
 0.054668889106   11.013415541998
-3.995187339424  -10.295147314940
 7.029042775638  -8.610107616502 
-10.166102633311  4.507407453269 
 4.805189106371  -10.053380697607
 3.000869072691   10.747641544516
 9.056051858848   6.573765219607 
-11.358315553674  0.815875984510 
 11.515731162189  0.583066359923 
-11.281768967383 -2.786107295123 
-2.214725174806   11.470169463509
 10.794542142533 -4.692259228295 
 5.940228499427   10.238826175344
 2.121847153089  -11.659404356041
-0.953089693211  -11.825198550600
-2.601520779923  -11.601360129421
-8.003126630503  -8.939384500039 
-11.155068914200 -4.474003896079 
 11.063668730992  4.744101807195 
 11.780940060494  2.659077641059 
 8.637625138386  -8.446096223118 
-11.718933645550  2.939905709346 
 4.046720745541  -11.468773812109
-9.589223638253   7.548178597481 
 12.071777833386 -2.008861989136 
-10.525517270864 -6.426530489360 
-7.571619657326   9.761987338324 
 10.646259940029 -6.411388488908 
-9.751678861870  -7.795273962883 
 4.462152231389   11.692919454069
 9.305480829668   8.375623141263 
-4.463897818922   11.715224048178
 5.739100619910  -11.238730070561
-4.747002410058  -11.765427325692
 12.693207237817 -0.561165745911 
-11.419823432807  5.570741904304 
-1.196450222792   12.674617776487
-12.708945726355 -0.788998591561 
 10.594552653856  7.170487156484 
 8.032065997365  -9.973794035238 
 10.138673486960 -7.857634535379 
 7.872438310759   10.394142357194
 12.968760831870  1.527535202343 
 1.352424421097  -13.002728103223
 3.199238795339   12.688341433990
 1.706255340063   12.983352321747
 12.598632276479 -3.842785991639 
 6.016781421409   11.799481748090
-1.883247302238  -13.167540247980
-8.007637291066  -10.636775628369
-11.975081315711 -5.859158236415 
-13.169524384248  2.084436993230 
-7.137693863756   11.293918441785
-9.771337036630   9.242569312973 
-6.433090484080  -11.827944785625
-2.878887764036   13.167515414598
 12.730539997032  4.435503939299 
 3.153105791922  -13.180414487131
-13.205776564997 -3.061975087341 
 12.186779937067  6.002536202024 
 7.437546874732  -11.380805936659
-0.364015579024  -13.610935267414
 4.773754293461  -12.807596713766
-13.734138176097  0.341673222150 
 12.123522188785 -7.090225490824 
-6.242908679063   12.588074547903
-11.541387381164 -8.033660776171 
-8.824446428129   10.963802384550
-12.075280426798  7.280847099670 
-4.412862355032   13.408659435423
 13.766822655373  3.271332200784 
-5.560658888826  -13.057810939540
-13.363620377680  4.989772587301 
-3.427025173490  -13.874812078046
-14.251478573754 -1.533560641027 
 10.088761999559 -10.194092043223
 9.917886203900   10.388095165131
 13.338943123602 -5.352788448429 
 5.105151502167   13.441092267497
-13.551701658295 -4.891605316270 
 14.286501834190 -2.426562522330 
 14.503872457112 -0.097549419646 
 11.428929678141 -9.057937983646 
-1.799242116792   14.518288384686
 11.953901548680  8.460895408469 
 1.608780657607   14.584773803975
-10.714219072162 -10.030552865482
-0.135891950977   14.686895832202
-1.455060245451  -14.644636635936
-11.633064589529  9.029600287241 
-14.366228612189  3.342923429672 
 2.331291929058  -14.602343813214
 9.249112600071  -11.574639049117
-8.204279820344   12.417968258530
 13.785388880160  6.103651547863 
-3.507797836229   14.715987966323
 15.040047624563  2.036229956940 
-10.926110046522  10.537135171601
-15.184350911154 -0.189980359749 
 4.972630966902  -14.354049105374
-15.119605964384  1.550016127090 
-7.282340607999  -13.344184815905
 8.109965507408  -12.896231029987
 14.530754510642  4.610713856567 
-15.031883705794 -3.180304158712 
-13.912604472224  6.576699228962 
 6.456579900707  -13.974075789991
 7.967919539896   13.205046693390
-5.318917635325  -14.563195407021
 0.245407319544  -15.540241290029
 13.929173005073 -6.924970254987 
-13.442932433857 -7.903008305299 
 9.890191236230   12.091892634695
 6.753487319892   14.086847345059
 2.984227937574   15.343789786670
 13.756463765363  7.629673768113 
 15.335255682010 -3.504721298639 
-13.283984230753  8.540159445677 
 15.796762281679 -1.254164962036 
 15.003701762464 -5.317924728270 
 13.085563076528 -9.128517128348 
-10.299265238123 -12.193747079164
-15.013809235100  5.498447221328 
 5.246916622862   15.113447675442
-8.808949994160  -13.435143558146
-3.370521458224  -15.844190204860
-14.647351683331 -6.956722343788 
-6.479062760087   14.870753776333
-9.533817895946   13.144050480058
 12.647245477337  10.196966027642
-12.767662008209 -10.082789772388
-8.201377897146   14.092017269467
-1.254649831535   16.313112947162
 9.838849511239  -13.101314448719
 3.487855741544  -16.046715692962
 11.723275359698 -11.500540078824
-16.382302140986 -1.184418516972 
 1.412776033202   16.419038286184
 15.296173947738  6.341125964619 
-12.048186904320 -11.429832340349
-5.135020804121   15.817511425879
-16.290669709947  3.407263827172 
 8.124265502198  -14.560968724627
 5.017405578664  -15.927767579350
-15.993135113553 -4.865504029300 
 16.130765486135  4.641997502306 
-7.094089862532  -15.216338262462
 16.585777904582  2.820215086043 
-16.658663516102 -2.666937794151 
