 0.117039265976   0.140353008263 
 1.661457482102  -0.090968762585 
-1.120098154295  -1.342791785856 
 1.121254274333   1.587220329872 
 0.359905495477  -1.993673871321 
-2.330113531444   0.281174094454 
-1.972288653987   1.820791023608 
 0.085651908520   2.716403626986 
 2.163538895992  -1.678996011521 
-1.166123378236  -2.895850644005 
 2.700305602127   1.891460577436 
 3.443961982873  -0.445781202771 
-2.620999518525  -2.484642183128 
 1.774185629566  -3.200641352911 
 0.298436508179  -3.828659388693 
-3.802036556618  -1.290507828263 
 2.416798283367   3.514598039473 
-2.220476909225   3.857523410920 
-3.734444867418   2.661925773998 
 1.066878357055   4.487706004967 
 4.458292245668   1.670510249999 
-4.821312398793  -0.030822840239 
-0.901884130671  -4.761588645552 
-2.628022800326  -4.075765769644 
 3.815164197702  -3.210401146471 
 5.001884314253   0.170572890477 
 2.348942713998  -4.741438087678 
 4.993723382417  -1.780171675849 
-0.523731480454   5.473708866606 
 3.971126129809   3.857923825095 
-5.604111028074   1.902287732290 
-2.609251594901   5.514213029850 
-5.370441556228  -2.898695536466 
 1.587440905064   5.912562136176 
-4.304722304727  -4.354612020094 
 3.884497286042  -4.753448307038 
-2.601313801973  -5.612358934173 
 6.191118238556   1.163991864688 
-6.306161803248   0.209396946913 
 3.413430768132   5.389452163045 
-5.626884611960   3.564426594465 
-4.501972537193   5.059767776676 
-6.684828195844  -1.318494111704 
 6.729170748641  -1.091485643436 
 0.093615307186  -6.936763612589 
 6.121498812338   3.414053008801 
-1.653231007649   6.947921232289 
 2.627159317856  -6.712151815652 
 6.653999205553  -2.840110762735 
-3.998439129273  -6.343422520568 
 0.386696683877   7.579435549079 
-3.851146008703   6.567104693731 
 5.477003589992  -5.308153520716 
 2.513649914790   7.260094263081 
 4.311730402514  -6.365933016234 
-7.134477534178   2.917597628054 
-7.645334430193   1.458864219534 
-5.777617036135  -5.399882991874 
-7.998945072245  -0.563227369139 
-1.832927790434  -7.809503464541 
 1.609044772508  -7.900869034458 
-6.172337020728   5.208919557747 
 8.014232223641   1.142906185055 
 6.549959180517   4.954119526321 
-7.338609658193  -3.979524597562 
 5.633878485471   6.464165683265 
 0.197285456185  -8.619272346106 
 8.608887087929  -0.789806651869 
 8.016286641157   3.425468668754 
-3.301950565058   8.117965687587 
 4.497916713575   7.578148271536 
 7.210131606254  -5.205628471919 
 8.629608743161  -2.350742974152 
 1.500036835900   8.822868721195 
-7.756925175739   4.527161514547 
-1.629116189379   8.865229945997 
-8.792976686322  -2.664119145599 
-3.493242351243  -8.525586151545 
-5.863489834174   7.177732584194 
 6.205231672823  -6.987014306246 
-7.151754203784  -6.067783048651 
-9.337189021921   1.099708890330 
 0.120162105062   9.454536614882 
-5.531565417161  -7.986418216202 
 7.850134545883   5.726133439467 
-9.279762018484   3.015761481755 
-1.966225747830  -9.562809746649 
 8.833477742403  -4.196398809012 
 3.344372629079  -9.190250245414 
 3.870605623430   8.998805449157 
 5.265638644908  -8.300909968751 
-5.021265611413   8.710544581255 
 10.072311919729 -0.006627717987 
-10.035113655010 -1.475245024561 
 10.055382666985  1.690405843349 
 1.624075990684  -10.233990386106
-8.859422864237  -5.698401881520 
-8.180524503890   6.640430325092 
 10.106096685749 -3.099233039198 
-0.922541717499   10.551664868032
-9.819512163119  -4.032734351286 
 2.076068034098   10.416339163740
-4.638635439668  -9.622765118330 
-3.067492822330   10.270817432991
-9.781317832848   4.487837043305 
 8.599232599598  -6.538766027989 
 7.947247877075   7.336579097799 
 5.401864647757   9.390473050798 
-10.957927357959  0.012609306353 
-3.165495171324  -10.549544405235
 10.167538547101  4.251967353268 
-0.032952163723  -11.046280266575
 10.982587819179 -1.610384216294 
 4.935682347653  -9.959086447517 
 7.661627313632  -8.066763453210 
-6.800994806077   8.821759491560 
-11.046368375628  1.776306859085 
-10.810053085220 -2.902220841350 
-7.511932461759  -8.398134908146 
 10.249600804409 -4.871378486478 
 3.530924474941  -10.800240196316
-6.408925762470  -9.523217199173 
-1.656393968141  -11.385110281312
 7.323747112701   8.877877075558 
-5.562782034111   10.202539771146
 11.614112133634  1.734716473848 
 10.113627241989  6.237873258090 
 6.553589929171  -9.916360959191 
-10.215515963738  6.126130045388 
-9.409379386054  -7.359496747217 
-11.882153062430 -1.291063453758 
-10.780734924845 -5.212218229725 
 0.318868178537   12.069268620627
 12.150367271452 -0.246294246582 
 3.595431230928   11.684124797900
 5.461569757164   11.010996372605
-1.524245588416   12.298194215288
 2.779243836463  -12.123420454107
 1.288577005802  -12.458689895478
-0.660705702455  -12.511309204816
-3.957474220526   11.989752543522
 8.883748331804   8.974931384200 
 5.423132725308  -11.440160725674
 12.066006039921 -4.000249490714 
-12.714659198498  0.689430854166 
 1.968645916252   12.615419775954
-8.607742018254   9.431333354088 
 7.121592722219   10.611416444725
-10.850940561884 -6.942909255909 
 11.947529313556  4.927608532892 
 12.618478537024  2.995652791889 
-5.523101882007   11.810615773642
 10.561630419139 -7.660156205470 
 12.971998093391 -1.563136565621 
 10.248947757195  8.111339041868 
-9.979605351295   8.495947138560 
-12.939046621900  2.257758412028 
 8.052243932040  -10.400951844084
-12.603545876391  3.873616025635 
-4.953007943237  -12.237557648164
-7.535156300341   11.041086324290
-13.207764781134 -2.087442295020 
-7.401460970600  -11.191352452503
-10.435441361643 -8.484139598222 
 11.680940207093  6.697791629573 
-2.909516565929  -13.225200389606
-12.202057873070  5.902669236658 
-12.625024214089 -4.959709731824 
 12.286263395115 -5.983946955874 
 10.173457244618 -9.159476660967 
-0.527943562597   13.715200129065
 6.530155090907   12.081382051960
-9.479276612493  -10.046031493249
-2.087879032872   13.976662887351
 9.789246646936   10.210958060120
-13.700786237404 -3.646422046810 
-10.106160229562  10.082547150411
-0.507587250970  -14.278206472618
 14.248790515845  1.096320321641 
 8.292851250563   11.639544303092
 13.556341550817 -4.843647442147 
-13.621067495937  5.022406167920 
 3.643276888749   14.086669549873
 8.073927669131  -12.117098600868
 14.272231057049 -2.896771787927 
 5.576533321862  -13.524083957088
-5.008836020294  -13.744845024268
-6.914402271693  -12.903299949718
-4.564544072798   13.958983464476
-12.172718844048  8.227335270810 
 13.727743939272  5.323066630343 
 14.797166498781 -0.342225389721 
 10.254103345744 -10.690937506107
 1.615848770558  -14.747932985578
-14.520801006367  3.277676911305 
 12.353066209862  8.326772094012 
 13.159136570253  7.018678442173 
 14.718172518902  2.570875376450 
-11.509481563233 -9.568225231547 
 3.854631360245  -14.478969601022
 5.700672323967   13.903943364989
-13.900809147576 -5.778072866262 
-6.408643340965   13.668179472142
 13.027356706605 -7.712133965238 
-15.143483627831  0.598448449916 
-1.059891971318   15.144586448387
-8.515794250758   12.571220481274
 1.098548138695   15.164859034653
 7.684101872735   13.123380452477
-1.765732867926  -15.106043938234
-15.214732473554 -1.202992768016 
-13.536063057162  7.112005802086 
-12.969282745681 -8.109361744577 
 11.262755277098  10.675140441540
-3.534642408795   15.115277493619
 12.111385977885 -9.829475601780 
-15.267835120673 -3.254457012167 
-10.107321170087  11.908073843723
-10.492649974563 -11.581394184410
-11.690627633442  10.380880916742
-4.176011205698  -15.220209655635
 9.648937624020   12.514848376384
-9.443561703131  -12.754169057513
 15.933997988363  1.116902282871 
 15.497716465639 -3.955113786580 
 4.703174327146   15.306663249280
 0.211217479503  -16.025759500718
 10.239623934965 -12.465176355644
-15.344799570997  5.040380944545 
-5.953278649318  -15.083772176165
-11.999217773047 -10.992893107313
-13.180153180080  9.553088853654 
 14.972674419818 -6.527295235822 
 15.136176323749  6.216247072532 
-16.262591817380  1.964781871309 
-0.277950331937   16.490720907266
 16.338654046521 -2.368705500856 
-16.395727611821 -2.149070649370 
 6.007494190851  -15.517384453358
-4.842131771251   15.964936825663
 3.352940530529   16.375655535355
-15.413749996240 -6.485336078902 
-11.748241017795  11.904784793211
-7.623273716879   14.894121589671
 8.392875201837  -14.488025408252
 4.588373086943  -16.108679001793
-9.645914572541   13.703141200546
 1.430151078194   16.732070127083
-7.614366695423  -14.987497456815
 16.146002598876  4.927784622111 
 13.209418509003  10.531290801556
-16.490455485929  3.784497303479 
 6.773168150288   15.545555846725
-2.752314880372   16.738118679654
-15.615299691789  6.693128544943 
 15.153786313162  7.767136533191 
