-1.018521161343  -0.321735053251 
 1.383802484352  -0.406118158880 
 0.183891496234  -1.778079316780 
 0.060294647841   2.071351225033 
-1.170417572819  -2.523448379230 
-2.536228335698  -1.320305861825 
 2.841283950325   0.437428505268 
-2.812152613676   1.008113321041 
 2.120890025374  -2.477156547917 
 0.373078858521  -3.373252618873 
 2.346099799499   2.507455875774 
-2.771396439550   2.528533602843 
 1.078067441467   3.842670256682 
-4.083887807074   0.029164923606 
-1.823844712320   3.720194687985 
-2.083378770587  -3.731813830201 
 3.612889238671  -2.294716757386 
 3.846605599433   2.250896996939 
 4.494183560874   0.423989584166 
-4.206588173629   2.049199874371 
-0.153286142811   4.716101683522 
 4.647238044532  -1.175253432896 
 0.538661605269  -5.053925762882 
-5.112838632342  -1.151411007834 
-1.440044104769  -5.154086821384 
 2.806701266017  -4.711581631322 
-4.215247305740   3.561189361038 
-1.858314888847   5.255021397458 
-3.966895174527  -4.062902868479 
-4.979256397217  -2.798893566277 
 2.746394129883   5.026907173489 
 4.257237052315   4.028942789145 
 5.543333913261   1.911634946375 
 0.871998005212   5.863980934667 
-5.928676749710   0.514642534948 
 4.573590152154  -3.938665687144 
-5.742587057894   2.444567862806 
 6.237822917657  -0.849576470583 
-0.365817826056   6.718533440622 
-3.611201160988   5.680625794538 
-3.204222014627  -6.121931700147 
-0.775586721409  -6.928665203920 
 4.061576963641  -5.669814844878 
 1.455865846786  -6.834541022628 
 6.426092693483  -2.851457595119 
-2.173836344891   6.779608787896 
 4.624640099375   5.821402710723 
-7.494055496652  -0.174329348196 
 7.369187729527   1.374683421596 
 5.805715381179   4.824942015010 
 3.097428013722  -6.981806733405 
 0.943040103283   7.581564323483 
-6.902941763235  -3.287829148336 
-6.101894278551  -4.625139740357 
-5.871203614133   5.075529427382 
 6.092089641572  -4.814397103378 
-7.651485724496  -1.731502821499 
-6.911481114368   3.721972543487 
-7.647410058483   2.113794352018 
 7.972633454402  -0.677579636716 
 2.991887757314   7.472679667405 
-5.383659946215  -6.005923483163 
 7.479158111979   3.393683465989 
-4.797954876771   6.683342906804 
 0.341919966603  -8.269280764927 
 2.135721951898  -8.217876623801 
 4.610623476994  -7.198657436652 
-1.946326166619  -8.355439366097 
 5.962498860018  -6.321318799419 
-2.290942075919   8.509345045644 
-3.546803587594  -8.093282643346 
-8.828269417005   1.121977213862 
 8.937294925191   0.786275068881 
 1.936297782449   8.770126479080 
-0.697643949599   8.996292251046 
 7.584591675873   4.922667434248 
-9.045065142546  -0.503316978772 
 8.859916428957  -1.929097224564 
-5.055996466080  -7.845455140470 
-7.085167855005   6.118979242757 
 9.144344767499   2.361911666561 
-8.306038517062   4.568264544174 
-7.718895034010  -5.586711239264 
 6.501327978049   6.978426976338 
 3.779299635560  -8.785587222690 
-4.577949607267   8.399196272942 
-9.274472042522   2.673460735828 
-9.104673018487  -3.269974860173 
 8.452780813665  -4.846173773983 
 4.593258090051   8.653588867566 
 2.369243096228  -9.902987581529 
 9.529854847850  -3.616942551618 
 10.304179886503 -0.533517906175 
 3.069884519912   9.858121664952 
 6.175145337411  -8.293233711971 
-10.355258557569  0.279881557129 
-10.235966878892 -1.881541131361 
-1.677491105593  -10.306390501047
 7.397134592746  -7.395051133370 
-4.369460213634  -9.563515295755 
-7.663423060680  -7.205184260176 
 10.423976180375  1.427863616588 
 9.929159708159   3.709664899648 
-0.459155791386   10.643217542922
-2.852465849067   10.283746668335
 1.747936459011   10.760121350986
-9.842562650950  -4.710230154722 
-8.469964380108   6.930725944335 
 9.436678447767   5.555394156676 
-0.136195474911  -10.967062495783
-9.473151506298   5.618606184149 
-9.161306279510  -6.289892242650 
-6.441342333748  -9.080693699376 
-5.069702067435   9.932033613686 
 8.717593284331   6.976998274639 
-10.735703392499  3.085905719742 
-7.627066832766   8.202565153492 
 4.629069144041  -10.242132151110
 8.958942258515  -6.850544123917 
 7.297470020477   8.974342401646 
-2.894182763198  -11.201185612259
-11.659110261025  1.210484588998 
 11.415259979218  2.747198544193 
 11.798597202589  0.786411442927 
-11.771053703924 -1.143901831352 
 3.126221453050  -11.409187035886
 7.621122617873  -9.116460206899 
 11.593650900289 -2.717016755515 
 11.876048260275 -1.098415712396 
 6.261127020355  -10.200101890127
-11.525329849752 -3.526834014534 
 4.729913496313   11.088393894032
-4.697816296413  -11.108165791511
-4.101373999152   11.369463691439
 10.413440499163 -6.163408868574 
 0.473499213430   12.098804067892
-1.368799839167   12.126399954560
-9.989708118996   7.031906821215 
 1.669220994674  -12.119301491180
-6.602469599080   10.348952888433
-11.362894899858  4.652111404570 
 6.504997023878   10.505955628417
-8.762118813947  -8.764089407563 
 10.970893481751  6.039369499515 
 2.416132179219   12.325886236819
 11.751342136153  4.550479556734 
-6.437194814553  -10.854625975186
 10.185849753521  7.477004254134 
-0.893556773550  -12.605850181138
-9.956518947055  -7.797687166674 
 12.134090381000 -4.217371465400 
-12.575518051943  2.778270411927 
-8.330814121069   9.888197331320 
-9.456530137821   8.856263294197 
 9.983633674142  -8.516182333594 
-12.969693468235 -2.679168108398 
-5.582585190004   12.027764748086
 8.493791913942   10.243735167106
 13.325769465873 -0.224583742131 
 12.943387674921  3.206681027286 
 4.383378664739   12.621934034148
 9.771341707115   9.168100739735 
 7.850371614623  -10.871647166705
 0.771770189537  -13.402347079268
-11.559950427455 -6.848531420417 
 5.806224826515   12.133361606812
-12.723945959717 -4.431792439819 
-13.484292718713 -0.986842342203 
 5.456680168243  -12.511824442851
-3.253868245343   13.333615867911
-11.704023992542  7.286874589698 
 9.338583855361  -10.262610846740
-12.680313235446  5.642558056054 
 12.101616091904 -6.909705987951 
-10.032175373106 -9.739126711157 
 12.173681067619  7.032726978800 
-8.919561414755  -10.870779068624
 3.205891253689   13.741997182692
-0.772001788590   14.108950416898
 2.231162127095  -13.980790064845
 7.389420583842   12.143636982680
-4.901389830734  -13.357907778859
-14.261231735811  0.311801550388 
-7.514558850140  -12.146645011553
 13.204691597568  5.472461716794 
 6.966133566033  -12.505550633643
-2.366483665044  -14.143504252727
 4.193140061153  -13.739802158611
 11.535396205547 -8.606246378275 
-7.631156762246   12.380818652894
 14.465794099910 -1.753068072421 
-0.571789995399  -14.570202179942
 14.486729687538  1.709149168889 
-11.210884212240  9.486957862376 
-5.071376901951   13.818909368162
-9.279150063303   11.433398719153
 13.411878194051 -6.175511869056 
 12.104878532733  8.547973970300 
-14.634131990142 -2.369341940224 
 9.203614340652   11.652001533746
-13.298261535291 -6.676374454701 
 10.955395901399  10.131557107464
 1.388225973112   14.866971219407
-12.533302486699 -8.148391449071 
-11.655949380248 -9.418623655584 
 14.626169602826  3.274538603423 
 8.605518597670  -12.315037118574
 5.870487755343   13.829904491976
-13.203904261268  7.253356172606 
-14.638159429179  3.599912987358 
 13.297645948685 -7.832431950172 
-14.456353336886 -5.415712992478 
 15.004865083327 -4.074586604935 
-15.435310582759  2.099945097624 
-3.825419929916  -15.153901579583
-12.819999879685  8.969285159428 
 2.219333092960  -15.488550561885
 4.175032256475   15.104504246299
 8.689183774852   13.068243605107
-14.827567437709  5.200184985339 
 14.114810219803  6.960546381864 
-7.311528871901   13.983074210502
 15.805616848274 -0.160760419793 
-15.283458863803 -4.150219800877 
-15.783222142529 -1.339034383711 
-9.721172331981  -12.520465468295
 10.724930505949 -11.809653364199
 7.618921040707  -14.094095748459
-11.076626508596 -11.597672429938
-16.039640603519  0.338495312968 
 0.483724040137  -16.074517079384
 7.460366753758   14.248936007834
-2.224103138351   15.946749714357
 0.026435440847   16.108504412877
-8.292322032731  -13.833190331242
-14.705068333307  6.820378236645 
 15.591172777968  4.529251938023 
 13.596383735042  8.912294953717 
 3.746003438189  -15.969389571736
-4.128904628117   15.879492024553
 2.846536480033   16.162969972263
-2.368914189272  -16.247799237634
-5.398375665680  -15.529725552776
 12.788937193754 -10.379071508392
 14.926612803907 -7.041083426451 
-5.826407215570   15.519430018318
-8.916976530286   14.043552526086
 12.128893749374  11.392988607815
-10.618962042407  12.824031464789
 6.367096685723  -15.390992727504
 16.426985898858  2.777090925180 
 16.464939857797 -2.679600344407 
 9.344955112603  -13.819165647980
 15.563765679282  6.136371257871 
-7.076455181051  -15.186047048983
-15.449836371321 -6.698394180957 
