-0.574170118910   1.074605085632 
 0.245336298165  -1.199767640324 
 1.260500825696   0.018435277857 
-2.267913342548  -0.093268493018 
 1.481996174815   1.722485084551 
-0.115507275186   2.767089666433 
 2.759010712378   0.824560627704 
 0.277660550145  -3.133987862319 
-1.648217198143  -2.758037137234 
-2.384866379319   2.239997579544 
 3.399484330284  -0.585792304737 
 3.027742874353  -2.093884763671 
 1.189815468504   3.515938821220 
-1.478883902221   3.561967440071 
-4.078895700580  -0.375466744368 
-3.563938691914  -2.183757565459 
 2.732284174472   3.239929895137 
 2.574024768109  -3.611922870653 
-4.286378608797   1.194328250593 
-0.778502503178  -4.493941498469 
 4.102550592525   2.281997231224 
-3.008445908576   3.744346625822 
-2.538839388217  -4.207403134671 
 4.895366323968  -1.628559641964 
-4.554209759014   2.698556398372 
 4.072659916785  -3.541590575576 
 5.335245982057   1.122895763467 
-5.342709840742  -1.381430641213 
-2.107828496445   5.117336944854 
 0.171861502637  -5.657229511934 
-5.666249675020   0.168470046495 
-0.327679370688   5.719958117809 
 2.414328245215  -5.234024159151 
 1.179865286106   5.668407195826 
 3.604580909455   4.608944761000 
 4.943952398886   3.827935072109 
-4.162108253090   4.767018677088 
 2.677921118614   5.895333137256 
-3.907691451233  -5.258914507082 
 6.515433868781  -1.847000165551 
-6.450073567987   2.073122499700 
-5.275595404681  -4.364521097254 
-1.526953107294   6.718860374634 
-5.879898781639   3.660417166611 
 5.218724557827  -4.557128887543 
 6.931538675776  -0.039243846138 
 6.398950938423   2.767274404183 
 0.804156411663  -7.023604596372 
-6.852303468031  -2.292170711741 
-1.040392038448  -7.224714474694 
-3.079572536293  -6.621523500933 
 4.344876834695   5.925869882468 
-7.427739849370  -0.668639857463 
 0.487830194167   7.493350197980 
 2.835147700827  -6.999374982299 
 7.538040656191   1.672692778156 
-3.094637365550   7.113861764938 
 6.585045707227   4.316024395714 
-7.951708933325   0.956022644192 
-7.476076618817   3.227117193808 
 2.274173150291   7.920656513492 
-5.742432787033  -5.944753963955 
 4.936035677220  -6.680354527719 
-6.502991142307   5.424602316944 
 7.781231541817  -3.397414665851 
-4.765908706612   7.215258245173 
 8.545386549452  -2.102133701584 
-3.433553949765  -8.110715460549 
 5.687784672255   6.726278145498 
 6.517242204294  -5.929926798249 
 8.821736737590   0.479541387682 
-1.494844864028  -8.728874939982 
 3.870701590906   7.978232435919 
-7.488421415245  -4.798339951919 
-0.999536600496   8.920849188379 
 3.992215616884  -8.104859643008 
-9.023175342332  -0.753946483265 
 1.703290556263  -8.901233670951 
-2.913469063230   8.813099311478 
-9.041514484596   2.315403806651 
 8.963074065489   2.641340397607 
-9.198560240756  -2.630171573882 
-6.056319553632  -7.416543309506 
-0.108206015590  -9.708158309505 
 8.615074846023  -4.674739426497 
 5.893802940383  -7.881061449851 
 1.513191274601   9.757846943904 
 3.127376237607   9.404678746723 
 7.525017652901   6.535037890381 
-4.787622422383   8.774578326023 
-9.175895775621   4.115382809941 
 10.011554517726 -1.706321801956 
-7.321222119528   7.103863358298 
 8.748508322870   5.296746458560 
-2.575112975245  -9.993985977583 
 7.852272896323  -6.783786542901 
 10.382767295962 -0.165382806933 
-4.467953622364  -9.417628263625 
 6.596012362358   8.081857738637 
-7.979848309653  -6.724086253211 
-8.992959854874  -5.367683859175 
-10.578539274006 -0.049798548075 
-10.601998718723  1.480119841715 
-3.601200024343   10.264060843702
 5.353347721343   9.521240093799 
 10.337134719985  3.705256681641 
 0.073048118285   11.055508803406
-8.961935506091   6.500336000998 
 3.974835501949  -10.355450313870
-10.630090603600 -3.292054903267 
 9.375434497724  -6.048385796486 
 10.664287098621 -3.336914087776 
-7.570260548311  -8.289338174350 
 11.108830210744  1.936615958822 
-10.140137798481  5.381763398029 
-11.177184186568  2.952628095617 
-5.878381508011  -9.967434067252 
-2.115770027909   11.384486948599
 8.595485373688   7.814484094496 
-7.735975591682   8.673173093177 
-5.239748623105   10.399337554098
-10.551341399903 -4.994011415036 
-11.548036074305 -1.852695965092 
-1.638704637326  -11.587148438433
 9.895406155769   6.480031070434 
 5.593785055313  -10.434422474184
 8.288519229413  -8.472545615465 
 2.160232860607  -11.727766049993
-9.705664753919  -7.038352570004 
 3.146482151155   11.595573771270
 4.752716257272   11.083069939158
 12.068844127202 -1.571371145250 
 1.250025292702   12.173466503428
 9.694915117773  -7.555885253254 
 12.295692118033 -0.033437244326 
-4.000054330553  -11.773143119853
-4.336548009275   11.675531707004
 12.025776585573  3.260685404795 
 11.599642900174 -4.583858439380 
 7.113279560583  -10.250609278725
-7.136317589811   10.292600646041
 6.481925644546   10.756822320422
 4.184748339487  -11.924902260323
-12.527248595100  1.687204512515 
 11.559552467415  5.176759539818 
-12.008827608806 -4.116780967906 
-8.960779057966  -8.993208570485 
-12.752240063778 -0.721133778264 
-9.277907602845   8.804912638984 
 12.674501225262  1.786128675687 
 11.177277848021 -6.281030086947 
 0.592074425028  -12.852799935910
-1.340054296177   12.820887925624
-12.195935114291  4.369940135959 
-11.163140793489  6.580511870126 
-7.975149135742  -10.299389768029
 7.941657748996   10.375921199969
-11.768567540286 -5.950610971275 
-13.285988937005 -2.186721845910 
 5.829245750300  -12.231174402230
-3.246266426821   13.158220266039
-6.456752528401  -11.995682618405
 10.198034589697  9.137990141567 
 11.125961355093 -8.067427894025 
-10.766929090992  8.592272343494 
 13.367253468909 -3.434718819028 
 9.001479298305  -10.467421079075
 1.954272245327  -13.694100969818
 13.915321190597  0.139335065978 
-1.948622758004  -13.787834144229
 3.625758728485  -13.445682094708
 5.368637152479   12.877644760775
 1.985912831101   13.810967667486
-5.306292545340   12.963580549653
 13.399326081612  4.108152116231 
 3.881694441191   13.469565293110
 13.901087307077 -1.864421828573 
-13.733427944997  3.035114257007 
-10.760919031321 -9.105158761129 
-14.130316057275  0.077282397352 
-11.927392319089 -7.594915165859 
 0.100456131496   14.157104620966
 6.844078899209   12.460530552314
-0.035007853298  -14.287048683575
-7.379106383351   12.256378954566
-5.044217811483  -13.492969330955
-13.536176386689  5.093476425622 
-9.448924750119  -11.052696979435
-8.784969270155   11.642688947064
-8.114634906797  -12.148412777954
-10.601771654982  10.118191440049
 10.948494212803 -9.778860068949 
 10.126014686905  10.637163559476
 8.446550730802   12.032992736424
 14.467386814754  2.756207881941 
 11.696518467110  8.979079177524 
 12.897082934281  7.158670761436 
-14.048603198235 -4.664251757830 
 5.602567844588  -13.800513411853
 14.069730194166 -4.898842224909 
-12.865772642868  7.673219381450 
-14.973626494706  1.341140236875 
-3.574281334290  -14.649967169738
 7.324708723717  -13.221225980198
 13.797557552167 -6.400694097341 
-4.440909755446   14.570538214243
-1.259886298068   15.191518479029
-15.173600057616 -1.471068563812 
 1.240356908875   15.204490644023
 14.141535837679  5.870073553902 
-1.217385882350  -15.292192359228
 2.309796818293  -15.275953978608
 4.937621205311   14.646361473501
-14.922021194310  4.050677880316 
-14.064673100496 -6.487374141723 
-6.651338161203   13.997834339202
-2.975426574177   15.210116643185
 6.784687648027   13.980648077776
 0.802470780641  -15.611456462463
 8.844742741867  -12.995616725158
 13.514126970710 -8.030395523922 
 11.779391510321  10.498611902405
-7.817624579826  -13.707580481452
-15.536755490894 -3.023873083770 
-13.198040089594 -8.751821620865 
-8.148668329571   13.597126994070
 4.488737179583  -15.303914553440
 15.964005392219 -1.159272870070 
-15.792938426949  2.763824396665 
 9.941978924175   12.583887406119
-12.972343569394  9.431868202322 
-16.054057798501  0.217093877745 
-5.036298961578  -15.265080684659
 16.032820701366  1.275921428335 
-11.345245651273  11.436264587951
-9.810757972875  -12.804170942975
-12.413891415570 -10.341586824117
 12.513364894109 -10.377407705953
 14.303486116721  7.956754733661 
 6.528425140945  -15.032257057498
-5.768950323764   15.407979797964
 13.247726419163  9.843523589475 
 15.643509497955  5.311438119460 
 8.864671147247   13.977251967532
-11.232291725044 -12.170262510952
-15.968807092475 -4.466620154886 
 4.047079139138   16.132759823624
 10.605621354873 -12.845591287585
 15.827321531596 -5.224524010649 
 16.223644469218  3.873382174644 
-2.244142921314   16.590228612270
-7.167390563426  -15.169754685157
-2.585580490735  -16.595353331349
-15.553359789105  6.393469923358 
-14.514152391262  8.659740936819 
 16.496502023643 -3.702538315119 
