-0.682052683034  -0.585240040413 
-0.525857881743   1.069433851641 
 1.347008861140  -0.406968119698 
 0.592195268102  -2.445428158987 
 2.156641882786   1.546328625939 
-2.553500941734   0.881759648397 
 0.244663580393   2.767054071503 
-1.441575813380  -2.523389929191 
 3.103329090459  -0.526778096991 
-3.198559717396  -1.000388056936 
 2.070177727075  -2.772259074792 
-2.578240407788   2.768336097817 
 2.065128607547   3.469491958268 
 1.071374334935  -3.913498701717 
 3.552441857157  -2.235650743096 
-1.917721710101  -3.968295009141 
 4.462730608842   0.441150213275 
-0.440632619652   4.642712484099 
-3.759471944355  -2.913784366695 
-4.731503542505   1.077398131057 
-4.835898279857  -0.761361318910 
 4.792719863309  -1.158462307805 
 4.718206197320   2.038395185702 
-0.379417973535  -5.257870771009 
 1.377802494605   5.229577672472 
-4.893276119616   2.794406003562 
 2.313426670569  -5.356714653842 
-2.757453728021  -5.299161773748 
 4.244884811318  -4.232105072356 
-3.385314107405   4.995342814157 
-1.554923436691   5.995328721541 
-5.504679969446  -2.959572801217 
 4.496029714650   4.386341093466 
-6.305076970847   0.162716596170 
 6.336393355112  -0.680920167035 
 5.837413380131  -2.574758735416 
-6.231631501028  -1.393397930287 
 2.929434740060   5.714229298182 
 6.300210377392   1.361530622305 
 5.793708722600   3.157889272158 
 0.199935646716  -6.753528412265 
-5.074873976095   4.651708150844 
-5.033770620421  -4.772512119654 
 3.719842859861  -6.218611195842 
-7.142225337297   1.455718609032 
 0.975712671633   7.294248348951 
 6.210201768187  -4.045273593651 
-6.688325530285   3.268047015223 
-1.928773361761  -7.212957584334 
-4.501625431434   6.110859370416 
 7.351519403838  -2.043507640602 
 1.739655200405  -7.723618075858 
 2.992189379019   7.337869513597 
 5.655438992290   5.554989314520 
-3.963376957779  -6.865668392572 
-2.899070089801   7.613310603321 
 5.322917999594  -6.279532871664 
-6.751384159479  -4.837455476089 
 7.824496955506   2.811814005643 
 7.025700194968   4.534311247066 
 8.352963593875  -0.820353862653 
-8.311423504340  -1.434552032905 
 4.691200893852   7.037511535358 
-8.004356326006  -3.234185212427 
 3.148627705357  -8.249193611567 
-6.774063822479   5.678109163439 
-1.041291435778   8.809499885364 
-0.016331288774  -8.966651625455 
-1.978085539209  -8.845903712237 
 9.013126773531   1.025541892914 
-9.146537942763   0.506558618061 
-6.644859825831  -6.463383015344 
 1.619896286801   9.148104575281 
-4.443693030522   8.185498403201 
-3.821344403524  -8.556299218708 
 7.998238181493  -4.998555676208 
 3.165770236992   8.979704427376 
 9.432485960166  -1.869248855998 
-5.867154162612   7.641873880207 
-9.175294450889   3.286628764499 
 9.109756490837  -3.624203450005 
-8.473248754660   5.055943325929 
-9.618854704702  -2.447188797383 
 0.240647417537   9.941969500066 
-8.199532608968  -5.629874850321 
 5.940383993595  -8.049948580230 
 10.076482344478 -0.171066450427 
 6.133671273836   8.020819399071 
-10.090275566837 -1.018612056048 
-6.004253854259  -8.201776814351 
 7.891206694244   6.432184469353 
 9.259993943817   4.322541036661 
 7.337242800770  -7.256327456554 
 1.314326096147  -10.258543727708
-10.143423579030  2.081829293261 
-9.582386555201  -4.049790650235 
 5.067561514246   9.162634248897 
 4.305288672625  -9.579422512503 
 10.405982046299  1.867399694575 
-2.617995361253  -10.283246931709
-7.568045534839   7.501896827018 
-0.622488658766  -10.673452429778
-3.300248521044   10.346409559590
-4.725840437815   9.843156364719 
 9.622390634232  -5.254565390654 
 1.496999066662   10.879339492944
-10.987875963811  0.306678273569 
 3.025325972303  -10.607814709261
 10.939233654638 -1.504275751504 
-1.315326368402   11.130674907454
 3.511709685118   10.677743336315
 10.735606206224 -3.561754734950 
 8.929597805209  -6.974825092699 
 9.820344178802   5.806612863801 
-10.077660225366  5.726935306841 
 7.116194590046   9.243980525776 
-9.656810428931  -6.672977504669 
-9.374678140778   7.063940091553 
-10.523996020907 -5.220562326023 
-8.211674781491  -8.461154044546 
-11.790715746576 -1.433353163540 
 0.271771331986  -11.948768688660
-4.422139755854  -11.142502573185
-6.077399261482  -10.348512305469
 4.429917569094  -11.193249365146
-6.642779814389   10.097967468878
 6.806921956953  -9.995089409407 
-11.895188924180  2.483920033324 
 1.776782272914  -12.065540629758
-11.705352942218 -3.507439061072 
 12.086118514544 -2.491398762040 
 12.431827553567 -0.399969794666 
 11.385394559672 -5.066715092414 
-12.464665525153 -0.048791315933 
 8.494811589918  -9.198015021810 
 8.951560607828   8.767762896138 
-3.640395127138   12.011689575755
-11.921302621589  4.527487513193 
-2.536421808897  -12.561207916509
 4.849139834559   11.883609096986
 6.733613076720   10.952514210422
 12.680164435359  2.165665596700 
 12.200765015166  4.101588457018 
 11.386149756177  6.191718086691 
 2.462730718235   12.739061968708
 10.080232519913 -8.176560263235 
 0.232512996747   13.025854462898
-9.461321937136   8.968465178664 
 11.114878658935 -6.971604015107 
-8.404248073352   10.077615542634
-1.569345653742   13.139317101435
 6.345084243433  -11.650088908219
-11.243915251086  7.054435720739 
-11.164408842726 -7.214899470284 
-12.203651653390 -5.294601568642 
-0.982912685943  -13.322615156971
-8.339659810128  -10.546848052121
-4.086317345210  -12.812960386770
-6.047085864526  -12.018352802187
-9.922161508857  -9.107465884398 
 3.386119745391  -13.055742635955
 12.789593786677 -4.428965074058 
-5.699204123080   12.377986495173
-13.616838836968  0.975592009525 
 8.854205203216   10.409026525690
-13.733648643525 -0.953855229741 
-12.718904845275  5.823171981071 
 8.696152575316  -10.961621506782
 10.625245841875  9.162975638925 
 11.549096227130  7.974888008633 
 1.945481877016  -13.903142247357
-3.743457106573   13.601587443315
 3.989605866859   13.595157632761
-7.217025270289   12.197853992936
 14.141955270586 -1.067417730516 
 14.162624469773  0.980938400326 
 5.291908886747  -13.207722520303
 0.417900903579  -14.244430778225
-14.005109367028 -2.754001535326 
-13.615387839594 -4.526799156857 
-11.357601096882  8.793459260151 
-14.020081117156  3.517222567311 
 12.805730560126  6.704862139350 
 14.181101610052  2.843176982190 
 13.791222781619  4.399107552293 
 2.019854476256   14.359177659516
 11.311034219238 -9.209758925766 
-11.758288184933 -8.728557568613 
-2.469288892209  -14.522308603342
-9.255576004590   11.495735971982
 14.422739280361 -3.474664591314 
 5.762134451049   13.677055812619
-10.472258316024  10.559378858725
 10.361180353107  10.684520366634
-7.571097163540  -12.839248222588
-0.848184765541   14.888592520038
 8.689121263246   12.195784068328
 13.249264265828 -7.031926967743 
 7.428428132297   13.041016556028
-2.374870542731   14.876960377243
-13.477889991235 -6.754627330035 
-13.277840543098  7.229670413410 
-4.154235409056  -14.573488567388
-15.186859969111  0.908944796202 
-9.211755814006  -12.122149138158
-6.166760506658  -13.925353518660
-10.497448369712 -11.046748301115
 14.291982999245 -5.503515390873 
 3.028552535435  -15.036810418601
 10.926613304294 -10.792756030255
 1.500721151396  -15.447120295687
-14.357323140170  5.917580389178 
-15.374622322423  2.573102741668 
 15.600625055498 -0.318679531757 
 4.543196508473  -15.002109754149
-0.851126262430  -15.689983863333
-4.707233579185   15.000032930576
-15.711815234424 -0.630935279773 
 15.567123352957 -2.232630631252 
 14.616173408001  5.929237057996 
 6.139502123342  -14.552700567891
-6.382367067952   14.469082033265
 3.712650250411   15.421671661620
-14.998047254603 -5.203181777308 
 13.127298486076 -8.929610810686 
 9.047229917460  -13.051988352619
 0.701601307945   15.965423029768
 15.566443329866  3.715190619558 
 11.941744063346  10.677398065415
 7.831688532518  -13.992448424308
 14.130204200311  7.679968709566 
 16.051067884025  1.473890843964 
 13.169577257813  9.397141686198 
-12.354329405709  10.506540104837
-8.073444702862   14.134882594397
 10.930956228587  12.092824543486
-15.909260767004 -3.576468131595 
-13.955031061642 -8.640651214313 
 10.620425348074 -12.525195282864
-12.170071723437 -11.080488397127
-15.860387534091  4.613379531769 
-8.658854821736  -14.076015487176
-11.463633996485  11.941227354030
-14.004692773396  8.905011080781 
 14.966797632422 -7.224360108859 
 6.828681310503   15.155130107246
-2.823327722238   16.433354179482
-7.107990782579  -15.127533498744
 9.863480105927   13.513961767207
-15.163391068500 -7.131465831442 
-11.304014978365 -12.419830650736
-4.299755960192  -16.271201949858
 12.192199519900 -11.607835154955
 8.628767816750   14.474144665114
-0.739710555237   16.835365157501
 5.420652075437   16.118302378965
