-1.147848467008  -0.537227178311 
 1.281181532779  -0.552083368222 
-0.754529270810   1.231333921770 
 1.634925174098   0.996011933636 
-0.537770986317  -2.393760349376 
-2.684675132858  -0.678819161201 
-2.647717289876   1.079613204474 
-2.014216634040  -2.122242250550 
 1.143664566679  -2.826038978064 
-1.849393672279   2.513711677951 
 3.132465767974  -0.164336656145 
 2.437969140795  -2.042942374665 
 3.106022397173   1.624344642128 
 0.564471943169   3.699644568781 
-3.518750530675  -2.008864805250 
-3.379886658001   2.630179548664 
-4.234987902482   0.683699455634 
 2.683820220309   3.400849092191 
-1.862591642720   4.027574116885 
-3.025894820467  -3.426440315891 
-1.746239219091  -4.244607000058 
 4.589696144097  -0.562702257901 
 0.728490205869  -4.611209165642 
-4.819707092645  -1.134917877962 
 3.265692021054  -3.939169345924 
 1.451255198941   5.084027951088 
-5.015765936806   2.295228859160 
 5.208130147799  -2.065171278618 
-1.363317551039   5.473880797628 
-3.316281685126   4.699649943137 
 2.446441373371  -5.237288807682 
 5.205088208757   2.743679474822 
-0.847784495106  -5.853481689956 
 4.065919654536   4.371672882296 
 6.027899629130   0.633124218296 
-4.398899068159  -4.185484960710 
 0.755245168973  -6.263716363706 
 6.373919232695  -0.982040419630 
-3.125381263985  -5.678840232514 
-5.990342204574  -2.537191865209 
-4.862747423273   4.375036946827 
-6.418928739595   1.272077970664 
-2.719036266776   6.158982752976 
 0.278295002796   6.865622522094 
 5.785450195204  -3.781734267025 
 3.923863384903  -5.813982154448 
 5.636644522234   4.236184485707 
 3.094316114899   6.439695506761 
-2.012849557969  -6.882619349996 
-7.268467922850  -0.112066475653 
 7.174478272834   1.762801839749 
 2.697937365035  -6.914245651733 
-4.392124278626   6.012316165194 
-1.344680908354   7.356029095878 
-5.178210579185  -5.611748354933 
 1.769554439097   7.475807852196 
 5.546777316313  -5.442606262689 
-7.478772012021  -2.158522105633 
-6.385330710817  -4.466075266074 
-6.875265995803   3.879385718569 
 7.730348687131  -1.663249462417 
-0.641971895236  -7.907351155141 
 7.176562661933   3.434827419377 
-2.955883288242   7.678839190610 
-8.062801730254   2.017902913749 
-3.981854464231  -7.577266932407 
 5.487397451991   6.697832628713 
-5.028760949432   7.372257157323 
 8.920254119048   0.737015794145 
-5.688853885538  -7.065505167935 
-6.890398158881  -5.941952709496 
 2.521593882523  -8.786397533602 
 0.160446307761   9.226509108654 
 8.110581999638  -4.463527094254 
 1.024424829612  -9.251383420928 
-8.996190811176  -2.491123842492 
-6.547041718401   6.693853447211 
 8.255053007283   4.487029329906 
 4.072338352965  -8.492044739184 
 3.774182827493   8.666712520849 
-9.443327364156   0.587935154877 
 7.047997436479   6.375064127519 
 9.069455021051   2.995035274055 
-9.507132149412  -0.996901206160 
-2.913434607201  -9.223908679964 
-9.260827927049   3.000619788631 
-4.496023173311   8.775187370270 
 9.777538928641  -1.910929774010 
-8.153616787293   5.853524351783 
 7.362199799712  -6.827752544213 
-1.489300829582   9.956775743812 
 5.877493701636   8.212762505027 
 5.892623820974  -8.304507641689 
-9.308272674009  -4.163853725867 
-1.528843990400  -10.093740371471
-8.507472234805  -5.714448501237 
-5.736027846189  -8.639987782543 
-9.345476747630   4.607400187928 
 2.781520343095   10.056444703545
 1.338621183189   10.520688744884
-3.525761307683   10.121937528541
 10.798982628324  0.894168798291 
 9.266365381893  -5.706262535995 
 4.730491850806   9.877219753369 
-10.901305627385 -1.866654297794 
-6.408736592358   9.032362699737 
 2.716610276157  -10.843929188985
-7.304919712187  -8.506001527276 
 11.213428967394 -0.998953033760 
-4.298111254964  -10.439885132160
-11.196453655453  1.582499074597 
 10.474754151022 -4.274230734886 
 4.694724668375  -10.297767110450
 9.555463282075   6.145891149103 
 10.869122378609  3.354707830832 
 10.438138550255  4.813641518377 
-7.936969592562   8.415563522699 
 6.309994640049   9.713391201512 
-0.097986975760  -11.632549488391
 8.333716846381   8.154421847201 
 6.444219910952  -9.720700514339 
-5.486139727481   10.441935601703
 8.969301903428  -7.681983379404 
-11.381630952403  3.273130353732 
-11.902704192576  0.069077047011 
 0.592224047521   11.927724938775
-11.183977143156 -4.251630479475 
-9.768562452010   6.933534570583 
-6.535672663247  -10.044473732736
 7.922927493270  -9.205774179838 
-10.184688382248 -6.643038936838 
 11.957439186615  2.285742126747 
-9.170958388728  -8.068965820089 
-3.310242515688  -11.800845078597
-11.046508208522  5.333657621078 
 4.420959155827   11.456860923882
-1.857195110027   12.285345059265
-3.444828892406   12.133164871949
 3.961568977201  -12.064128972450
 12.540157389003 -2.038847869118 
 8.076144490576   9.817554892621 
 2.673871190510   12.447406861608
 11.307854412075 -6.149140752199 
-8.373981190170   10.162566463888
-10.014974379924  8.599893145691 
 1.496496198401  -13.160031106181
 10.293775695748 -8.433719028663 
-13.174963307979 -2.133544481209 
 10.728917660687  7.979666862445 
 13.378101021965  0.212237175636 
 12.701058658217  4.208078221886 
-2.104125985125  -13.227143377575
 11.964435490426  6.098115727623 
-13.075127761416  3.146022013106 
 12.749089986093 -4.334352891217 
-11.984829714511 -6.205843578749 
 6.210656782124   12.024289555854
-7.431256383730   11.335506012676
 9.411570739007  -9.796418418766 
 13.454604473536  2.013205948634 
-6.028191246893  -12.197114498361
-0.500456755438  -13.600283043193
-5.272708310705   12.581622006194
-13.674904334987 -0.565408238962 
-13.149474215805 -3.956078605047 
-13.712383415678  1.770223825434 
 6.295734773686  -12.319369005892
-9.781705757952  -9.838659310847 
-11.481442416275 -7.820203865197 
-0.397604559721   13.893738724400
-11.671317389988  7.685655061596 
 9.537809901196   10.216503209592
-2.061715289192   13.873097002435
-8.479553313685  -11.248825934822
 4.949347359728   13.227884776745
 8.563516836509  -11.287040176716
 2.859909038090   13.977590635045
 4.801223690709  -13.516722959738
 3.147942444254  -14.031393900245
-10.130696165503  10.213904400002
 12.383079858673 -7.435382582314 
-3.905790389139   13.942480103947
 14.403937431021 -1.583875576547 
-11.200403286652 -9.294200331016 
 12.432529014654  7.586305209253 
-13.576653124346  5.393390036467 
 1.374811626531   14.562065867840
-3.159601651774  -14.384420187791
 14.499654512348  3.107050647637 
 13.461472320353  6.253298078156 
 8.893849033807   11.909270820102
-7.113319796474   13.089714650924
-11.742715497230  9.197102381130 
 11.772496608530 -9.183675996082 
-14.439073690035  3.958328485990 
 10.797815103908 -10.391552906274
-4.740288945053  -14.217769890541
 14.932158475396  1.371490154929 
 11.582720887012  9.560356133207 
 14.312598613224  4.666337643744 
 8.029764786932  -12.748379723210
-8.619312305595   12.439764577890
-15.004042267793 -2.677363010092 
 2.055163762270  -15.125160713198
-5.708578310143   14.161073814841
 6.977691678257   13.616197538479
 13.973663967511 -6.312686654701 
-15.316599779656  1.078256826900 
-7.725864634930  -13.320384406622
-1.385328438119  -15.355640277000
-13.424263696110  7.598911836553 
 0.498054956215  -15.514945964593
 9.892272063883  -11.994593727282
-10.770914952438 -11.215826929695
-14.017434151649 -6.790562006369 
-2.435207557800   15.393164516494
-6.346487651647  -14.279826531687
-10.103331932094  11.936667488775
-15.637049341874 -0.406125277682 
 4.352007677521  -15.067742367983
-13.360915811265 -8.292099462070 
-11.536908317559  10.740118294628
 15.256326986185 -4.068955305521 
 15.825683709496 -0.039221591662 
-14.857436546744 -5.453764289258 
 5.935032345398   14.785155446784
-0.704073655657   15.953894476222
 11.399558601939  11.265579882730
 3.266086029336   15.745856959066
-15.816461412676  3.095033385617 
 0.857881779531   16.122292351395
 10.318834295424  12.445876311577
-13.282948391136  9.282988621886 
-14.758460696764  6.894358153239 
 14.111176003463  8.238038788970 
-15.576926054863  5.014058005001 
-12.988412861073 -9.963942750054 
 6.011147381800  -15.256041090713
 13.169437774198  9.793958914838 
 15.866853624450  4.418217659592 
 16.352839132043 -2.058163837138 
 16.423165766711  1.626841435876 
 3.316370001774  -16.220648736871
 13.298541746259 -9.938999806226 
-10.098013950451 -13.205801354377
-5.115835460939   15.819911337137
-7.191698728130   14.990869626592
-3.884722123524  -16.196367474356
-8.927457840847   14.081943684222
 14.261850527434 -8.703140703554 
 7.927823494948  -14.755262144273
 15.453921072396  6.518666278150 
 12.268188600448 -11.442720590878
 8.518076795836   14.572666921066
-9.008557891594  -14.314629684278
-16.359781029926 -4.447368837270 
