-0.083290772522   0.650816158673 
 1.064420093984  -0.400687248929 
 1.040839494889   1.681876290207 
 0.554351798087  -1.898844147311 
-2.110200183458   0.069831769226 
-1.773448637575  -1.416271851251 
-0.457547915405   2.429744321171 
-0.770318041257  -2.638167282581 
 2.338144626779  -1.807831484313 
-2.735040692090   1.809174557394 
 3.386989151608   0.730066742942 
 3.445971159956  -0.788802405881 
 0.631162918009  -3.584296781161 
 0.824762046365   3.640656259972 
-1.978224297562   3.175585612314 
-2.898856262098  -2.699113501772 
-0.668634144774   4.024099970456 
 2.518843051226   3.434043246107 
 3.608780753467   2.294113462561 
 3.585941640997  -2.710304115779 
-4.352434280994  -1.561614825693 
-4.346928003802   1.921474431637 
-4.844019955973   0.058501356100 
-1.224756577843  -4.719349183079 
 2.976903751676  -4.091022131912 
 5.103547035285   0.119759799153 
-3.331236051750   3.912218382777 
-1.731660114132   5.144399529557 
 1.867411891339  -5.154077415678 
 2.452408679720   4.987847324412 
 0.179034861243   5.562552760553 
-4.072512780627  -3.832386366719 
 5.401509549697  -1.675324197267 
 0.389460717244  -5.696398402830 
 5.277269182451   2.498165207258 
-5.907047462799   1.372977400954 
-3.039767111949  -5.254537591024 
-6.306372440090  -0.275518836177 
 4.367585626161   4.601554072339 
-6.060333621838  -2.123352625881 
 5.411096420480  -3.480494669418 
-5.656140048246   3.248118824478 
-3.442042346892   5.602076489475 
 4.313649488949  -5.121863124500 
-5.587375234714  -3.698860011367 
 6.789320634964   0.319986787925 
-0.748003587565  -6.987157168469 
-4.759485870537  -5.252091578733 
-2.550831065736  -6.676764025406 
 2.160841061985   6.847010119438 
 7.054120358212   2.029412026237 
-1.793216961793   7.157519086561 
 0.336023055904   7.375541016576 
 6.901407589675  -2.729758086506 
 3.892984773350   6.514347997397 
-4.935218134195   5.857075175965 
 1.053420590946  -7.627631234207 
-6.221599215525   4.639785057343 
 6.865711366092   3.736336890378 
-7.754287659642  -1.370341356375 
-7.154494391542   3.379808489397 
 3.278248460197  -7.239214542244 
-7.820865142665   1.688873984337 
-3.991578967055  -7.128995251544 
-4.044674907926   7.104608669139 
-8.178766967643   0.205233126068 
 8.197927252613  -0.740578183777 
-1.776909921803  -8.078680773916 
-7.980211607427  -2.967632138920 
 6.769716814093  -5.233332583812 
-7.344775691893  -4.511493569123 
 6.721435466094   5.425015679911 
-6.152951588301  -6.143605087346 
 0.848878265998   8.808477481984 
 7.901926131112  -4.198499000759 
 4.768851959850  -7.713714778923 
 5.843613800276   6.949631184498 
 4.485950243699   7.899829686186 
 0.524013735605  -9.108463744070 
-6.418738250159   6.508555392325 
 8.940940984834   1.952820746727 
-0.864588140077   9.188113848868 
 9.259228555209   0.400666821991 
-7.632706779914   5.257450757772 
 6.166173212846  -7.111302777711 
 8.890342862967   3.762035658245 
-2.974736878531  -9.204288796383 
-4.891770053671   8.368218841605 
-2.586611371701   9.341917302976 
-1.492710514965  -9.590633467050 
 2.705205359139  -9.323318276456 
 2.256726602479   9.457415990676 
 9.193487812984  -3.314169432207 
 9.624181239822  -1.876652300374 
-9.848753477764   0.324313265569 
-7.992487834990  -5.895575571989 
 7.689951828026   6.571622197001 
-6.378214659649  -7.884402216848 
 7.639127477087  -6.687119048980 
-9.910556151807  -2.396148971741 
-9.254788698272  -4.295647827910 
-9.947902389233   2.857642660951 
 4.199524800862  -9.523453494834 
-5.217700033618  -9.057451258991 
 0.931301300602   10.484775653025
 8.909414914315  -5.694338956559 
-6.482343416764   8.396292172709 
-0.103614043673  -10.665971093600
 10.696171736316 -0.425211508045 
-10.670223250922 -0.968169192776 
-9.746710122709   4.745378691012 
-0.890807771629   10.900826198727
 5.192572640514   9.697473399202 
 7.301944076621  -8.317875945365 
 5.760484800946  -9.477294803223 
 9.969522400285   4.890248009175 
 11.122112117363  1.318114202842 
-11.168893487922  1.066112530553 
 2.812420095262  -10.882215370872
-3.544979097149   10.689516684201
-2.263603261212  -11.109351346609
 6.857126101528   9.099523218840 
 11.040293032090  2.842846030127 
 9.336975409043   6.562747231386 
-8.668283302177   7.609620008583 
 11.174143240638 -2.909373203363 
 1.251545747015  -11.524241683433
-10.645377789890 -5.103096847846 
-8.112898635623  -8.591524216224 
 4.150278437403   11.113169706924
-6.716409578618  -9.807282547916 
-9.358245552749  -7.515973911382 
 10.789682267724 -5.324935571012 
-0.725705883009  -12.031287899093
-6.133238309312   10.382892351871
-11.762507069946 -3.166064806501 
-12.114320764328 -1.404537071931 
-1.994832134488   12.050483107524
 2.422774619095   12.002389391961
-12.037415949660  2.456426509582 
 10.084377548871 -7.086367531504 
-10.518417129687  6.521762396874 
-11.682301386304  4.143133473321 
 12.537173572552 -0.174409209793 
-0.329435056971   12.579792499862
-4.831469553398  -11.723924134203
 12.532221178604 -1.988206198002 
 8.343400750435  -9.615242897681 
-8.063680547406   9.892953734046 
-11.026890600766 -6.753822571674 
 6.538024096206  -11.216629202341
 3.254110810384  -12.602204659022
 10.624953115953  7.547649003783 
 9.236840878791   9.199510341448 
 7.679793916483   10.553886466243
-2.846731432528  -12.813290612009
 13.029844446606  1.843683232928 
-13.165255171631  0.349305668623 
 5.225181697983  -12.136124041032
 12.818847522522  3.345296241163 
 1.617733597175  -13.205862013983
 12.322970376804 -5.027422551188 
 5.870479751983   11.972133586843
-4.544672829990   12.670817820725
-6.263374378343   12.040966524469
-10.636463769341  8.440120818083 
 9.943242064836  -9.249610249804 
 12.616279491700  5.033365378636 
-8.827899973426  -10.325449109606
 12.036039343179  6.421772058877 
-9.682880063651   9.723188962448 
-10.719235813540 -8.607194440538 
-2.569297844825   13.511108826596
-13.488086522879 -3.033763499782 
-12.842351570293 -5.231397723439 
 13.557459863455 -3.206469153373 
-7.107267848294  -11.985382151502
-8.009169457583   11.502945273080
 0.156407685147   14.083501622047
-0.457596454543  -14.096003916227
-14.059809223698 -1.130993256021 
-12.232435838834  7.055981478099 
 11.586414576596 -8.225647442453 
 1.816302341176   14.092842552612
 7.901743261124  -11.856144882759
-14.032617868062  2.657778620788 
 14.221341959748 -1.338490438014 
 3.825513272967   13.866797297810
-4.107349680425  -13.788091506872
 3.026948697876  -14.231866830363
 5.482972759309   13.488727355002
 10.317476736736  10.325495870194
 7.093795514696   12.867304576718
 9.640707694591  -11.130054805070
 14.418253035685  3.050924011984 
-13.840084515063  5.097102549595 
-6.337612710793  -13.350731319868
 5.329000603977  -13.791908661746
-14.201467442362 -4.452578017976 
 13.782396717759 -5.667010830730 
 8.820060779039   12.020383072413
-11.268366614953  9.813809195916 
-14.912553404036  0.961360400696 
 7.067942263424  -13.184916092308
 14.972658543510  1.135159071793 
-2.694061171385  -14.790499909095
-11.041062804762 -10.210180822225
-6.130852716540   13.752318648290
-12.285695698499  8.705116867849 
-3.773394148612   14.621211148314
-9.922205236759   11.386810411279
-1.467320001799   15.040840242599
-12.997465539987 -7.798738258049 
 14.415728452899  4.797191357422 
 13.370098124429 -7.425291899207 
-9.466320107509  -12.181154012511
 0.999534296078   15.441040620107
-7.939863044239   13.284228023017
 12.720071473048  8.880742295109 
 11.737956699479 -10.234511124430
-15.429106586576 -2.167807953091 
-8.205525615162  -13.318083353317
 14.175387745099  6.652803372487 
 0.335594692605  -15.677783103191
-15.800179869202 -0.329866442568 
-5.290225488063   15.003751664301
-4.248212396708  -15.332571998406
 8.612356237934  -13.434835766486
 10.829129602179  11.749858438246
-5.742532748000  -14.925816588291
 4.011064490966  -15.561906165314
-15.631110995706 -3.782066027625 
-14.356554260930  7.254639742590 
 15.248886645041 -5.196644196406 
 4.849074051984   15.395468788509
-14.812166002173 -6.450550053740 
-1.535294962088  -16.088892933300
 10.077677760728 -12.652370365955
-13.029628138273 -9.603797134142 
 2.479304994930   16.135412769029
 16.122217654134  2.653378043359 
-3.016781076301   16.081393641851
 12.684060910300  10.474209821358
-13.812761328043  8.976370101101 
 16.484094038838  0.784203805234 
-7.321711797215  -14.789751421270
 11.501282337240 -11.857068685721
 16.189214094144 -3.341436441533 
 1.802595312135  -16.470616675717
-11.889238200383  11.619534120701
-16.411706611714  2.684232677298 
-12.347788055790 -11.160822077143
 14.992852223616 -7.274256619549 
 6.376559116760   15.474448502889
-0.342450771363   16.741420043172
 7.786448506582   14.866908473011
