 0.839184290158  -0.294600933867 
-1.390577017641   0.069524179114 
 1.672071300158   1.024470799544 
 0.432427483235   1.940052532725 
-1.409787163577  -1.520043126011 
 1.202481529710  -2.039149486307 
-2.017008744888   2.045450944691 
-3.018201591964   0.071919247302 
 2.919780784712  -1.425364285090 
-0.000110446253  -3.330859403959 
-3.102432456490  -1.724878098084 
 2.674226580501   2.448188638356 
 3.478532498715   1.096393036415 
 1.368607388589   3.437644623103 
-0.449985364633   3.791005841703 
 2.011774360498  -3.348194136203 
-4.090187291049   1.268506252927 
-3.512268019696   2.703213113623 
-2.054229521909   4.008568450403 
-2.984054676132  -3.402495177883 
 4.737497858937  -0.052074199550 
-0.753709038208  -4.776895570067 
-4.863421668566  -0.171674156776 
 1.227389864017   4.939369998993 
 1.917394237315  -4.849940060886 
 3.443187344514  -3.944867164296 
-1.167328102440   5.293831671047 
 4.724674885921   2.797429953632 
-5.180195071629  -1.850056337678 
 3.436445975820   4.414921727865 
 5.455747294025   1.296024008051 
 0.420504065500  -5.719191305055 
-5.633450971543   1.408334570842 
 5.065188957099  -2.900169019020 
-3.694189153185   4.519401409939 
 5.750205135531  -1.268120020268 
-2.317676398745  -5.555073596679 
-5.115655226661  -3.737035665866 
-5.767294666242   2.994250838273 
 0.404402680888   6.504684660561 
 3.547297754033  -5.469594364743 
-2.871982570591   6.016882833307 
 3.199853152109   5.938061626778 
 5.478077795274   4.265729514953 
 6.406349567388   2.746021177344 
 7.086674373428   0.283879101317 
-6.515316839059  -2.863709394884 
-4.358206818861  -5.801957906692 
-0.878516881824  -7.229350919301 
 5.075484206943  -5.382244647537 
 0.929099461961  -7.395711739183 
-7.487584550512   0.955693781960 
 7.362421116879  -1.692471038807 
-7.519786444190  -1.011774833231 
-5.723341981230  -5.121625521848 
-5.251752311959   5.631427892132 
 3.563123631873  -7.103623147565 
-2.682699583053  -7.492632037766 
 1.993126402815   7.812468266228 
 0.436952786974   8.061974317309 
-1.529325611471   7.948901284845 
-3.200962030501   7.525921130901 
-6.894382867427   4.468682621628 
 5.934162681166   5.775250674257 
 3.520089231809   7.832809133225 
 8.325480159248   2.145375294632 
 7.302025620495  -4.689691670839 
 8.017201757321  -3.354985009103 
-8.412204395749  -2.375216819363 
-8.508052278680   2.276791387276 
-8.911556715077   0.426652650961 
 2.095988619948  -8.715579740564 
 8.962445992132  -0.190616020480 
 5.029433119145  -7.429112050131 
-7.402410751741  -5.099866510829 
 6.290341851144  -6.570679525029 
 5.188381356860   7.643475383661 
-5.393682502656  -7.505890325263 
-0.583147615006   9.347490015016 
-8.496954496383  -4.010137038920 
-6.298038203154   7.038297978610 
 8.312948375770   4.563236698496 
-2.431886914690  -9.197185766527 
 2.841335553055   9.202281516820 
-3.774184200118   8.972921017249 
-7.136613803974  -6.822487339920 
-4.116767961870  -9.081052938856 
 9.514237502487   3.180187263916 
-5.343164985275   8.536791962329 
-10.053332082119 -0.794888715370 
-0.943248191403  -10.057084025656
-9.381835889039   3.862025903809 
 1.081713990617  -10.096959771384
 10.059043678423 -1.652074123619 
 9.489086784308  -3.726394641758 
 3.587549376065  -9.585143591236 
-8.060167011818   6.419368751378 
-2.650707631734   9.995669502454 
 1.246174319830   10.283000270046
 10.283105429846  1.807939013180 
 5.091260683942  -9.124357467079 
 7.546280523218   7.276990177423 
-10.246969494788  2.329256817359 
-9.985282937571  -3.565630953317 
-8.693117727519  -6.259966087751 
 10.931176110884  0.321210236925 
-6.872198209259  -8.521737098859 
-6.984569373693   8.497106607068 
 7.665538314772  -7.944430358382 
-3.437665253790  -10.569036486653
 9.026554489573  -6.520378499885 
-9.986254743346  -5.101264659545 
-9.709591705261   5.623042033877 
 4.228968956585   10.397720646896
 6.673130666694  -9.129971137016 
 9.363911764903   6.372940160437 
-0.112523973863  -11.369631245453
-8.245942139036  -7.859767167836 
-11.412308234194  1.204668182201 
-4.447429768404   10.591754540980
 10.834225369973  4.033924961839 
-1.540751334450   11.630782019855
-10.979200608692  4.452684056820 
 11.691373465598 -1.959300093101 
 10.983387960590 -4.510100023476 
 0.039406511543   11.874377917519
 3.325454565018  -11.426180887567
 8.989840905458   7.853740783254 
 7.761007982932   9.078731746169 
-11.665429097282 -2.653959064423 
-5.577496685862  -10.648214622262
-8.559738702068   8.460982365995 
 6.505432041843   10.228453458968
 10.535838585357 -6.087993465213 
-1.606009375944  -12.185797188696
-12.250180650274 -1.193226617832 
-8.062009745508  -9.441132744168 
-6.978901518156   10.374859501861
 2.382340703160   12.277774931883
-9.770519820422  -7.812780882680 
-10.096676451425  7.439348207114 
-12.202757316493  3.253921588067 
-2.888833411582   12.298257729761
 5.062344424061  -11.613935075001
 4.541119057486   11.935673822654
-11.170338698921 -6.267354874886 
 1.793544603299  -12.704065952534
 10.399367361166 -7.740883868725 
-4.586938353833   12.137229598447
-12.168718854303 -4.668549163471 
 6.675216178297  -11.223210577883
 12.637791078457 -3.320813415809 
 12.437036519370  4.215619166772 
 0.049677572962  -13.161742878632
 12.996105037301  2.168516128148 
 11.188894887490  7.076028337424 
-11.486595268207  6.594960908862 
 8.543593466119  -10.121408929106
 8.121024790904   10.581192226394
-7.545325681348  -11.068868370664
-13.460260766483 -0.229359345637 
 1.051497725602   13.457121318304
-13.165702492493 -2.994351180806 
 13.505179349141  0.377602714855 
-1.921645964324   13.488243511544
 13.554218689430 -1.430120545702 
-4.050078031564  -13.039160693809
 12.345700618637  5.860351277560 
-9.985192881949  -9.367268119025 
-6.258680400312   12.206444785403
-10.103862329617  9.323137886489 
 10.396532046859  9.045051227767 
 10.244892177009 -9.253809388846 
-0.450591164975   13.850787486913
 3.289369459183  -13.578317899855
-9.085053859125  -10.633227098481
 12.561727903181 -6.253613438597 
-8.818918082425   11.002806082514
-6.231272236563  -12.711837227279
-11.389644280987 -8.542937167094 
-12.723317536347 -6.608471049855 
 3.403097852539   13.991295125159
 6.070987799863   13.085742471517
 14.198847304226 -2.795380899374 
-7.853022529955   12.155676592336
-13.246973855297  5.829402249330 
 8.080129951510   12.136407025143
-14.452852886177  1.982637074124 
 6.220133524286  -13.239323406766
-2.248900418174  -14.455082809921
 14.329466975557  2.983529397922 
 7.654612770938  -12.526884370574
-5.162392459542   13.785382599023
 1.341533228637  -14.704866750236
-14.030964801148 -4.779794582281 
-14.264265522130  4.032565889100 
 13.956746384809 -5.079294254062 
 11.798077874336 -9.183009335390 
-7.951725188631  -12.664784744769
 12.685452023569  7.925330011193 
 14.947489703697  1.073802282565 
-3.702575100062   14.525009673535
-5.156363537070  -14.142857701650
 13.882612650085  5.862006445318 
-15.065743463472 -0.727862323628 
 9.947565287300  -11.359688566480
-10.570638834929 -10.858573950752
 4.864244356224   14.418082154080
 15.195833399633 -0.985571353113 
-0.351472042371  -15.230787614585
 1.459966641052   15.266993835475
-12.811804159864  8.685072762820 
-0.091407117757   15.481834932654
 14.778942831128  4.637362272914 
 10.984434442380  10.953218173310
-15.245306527146 -3.142120584120 
-13.692844833319  7.447170660364 
-12.026152004384  10.072874122899
 4.190532793627  -15.122078591143
-6.889273008874   14.129249393376
-14.236208808267 -6.676100348011 
-2.406407675984   15.573820053267
 9.219364930104  -12.862040226630
-12.587405133984 -9.629039702894 
 7.793797212818   13.809026302780
-11.030975655564  11.402912911560
-10.068612869146 -12.396016763580
-6.917950705080  -14.439515729413
-8.605776679388   13.526989882231
-10.027989541053  12.597877686453
 9.742056531866   12.981633593741
-13.932344702480 -8.358532361547 
-15.838092456612  3.822311757636 
 14.801003944489 -6.828794825748 
-5.642721571616   15.302928846003
 3.014301328849  -16.070414712145
 5.969682729910  -15.248320865290
-16.300229021048  1.750471937877 
-15.490528399030  5.498955677591 
 16.298989824457 -2.456432653505 
 12.004404289592 -11.306012858119
 1.164056471248  -16.501323279936
 3.788368160916   16.107116332235
-5.291885952062  -15.712563328627
 14.348763107485 -8.339393431676 
-3.557615522217  -16.222944647600
-15.627712566862 -5.626867882049 
 12.621828537927  10.851206924219
-4.266201242155   16.098168006818
 16.144040015468 -4.143319280776 
-1.206063709423  -16.628271859183
 16.707408904666  0.000690227914 
 6.432709716415   15.485150854417
-1.573506424256   16.851350434465
-16.892886327593 -1.486334056373 
 15.078064516091  7.773426372352 
