-0.317516656393   0.654976828161 
 0.422064311678  -0.710063632779 
 1.843914822328   0.366360387712 
-1.853429829511  -0.480228217290 
-0.956127504046  -2.014940367552 
-1.515588027771   1.745797844777 
 0.543009544681   2.369811482786 
 2.017202121884   1.869167165199 
 2.107974497864  -1.937913219219 
 0.288418371930  -3.098586198339 
-3.102847124364   0.697904432233 
 3.333817137383   0.558450621170 
-0.627893794919   3.332088252913 
-3.023746942068  -1.858481886271 
-3.065567159289   2.387121274257 
-1.865802555424  -3.596494769800 
 4.039697706189  -0.828869749113 
 2.846057782352   3.153223704800 
 4.148664945862   2.062455388547 
-4.558544956359   1.122624111047 
 0.915699266949   4.617279274841 
 4.088920727588  -2.690912802205 
-1.140036765375  -4.940243440498 
 2.084463908568  -4.683292227718 
-4.817103046519  -1.771872733749 
-2.563695953390   4.555432884310 
-5.336529034469  -0.336278445538 
 0.407166607597  -5.342649591610 
 5.595514270737   0.024534186741 
 4.285747794382   3.686156165973 
 3.750368701378  -4.277939394017 
-4.904191158513   2.950371883452 
-3.594760515377  -4.601490909311 
 5.472125412136  -2.047782158389 
 2.784568393542   5.388055177627 
 0.026116013514   6.160143615166 
-5.315531833017  -3.552304918995 
 1.744634675992  -6.200191613663 
 6.195410667317   2.267711985374 
-6.484663065614   1.993506016330 
-2.737928410030   6.267477835028 
 4.453193354048   5.214176623162 
-6.825774234200  -1.214309096516 
 3.545209252911  -5.958072518316 
-4.573314808822   5.342260948657 
 1.554002435530   6.872834732739 
 5.946110669822  -3.814518786154 
 5.902775494871   4.115838667201 
-6.146707904766   3.805436247448 
-2.505871817369  -6.784430651824 
-4.921646492632  -5.422383721169 
 5.191397773068  -5.327138237841 
-1.249525904228   7.338648997964 
-0.993557166309  -7.436856373269 
 7.306941064539  -2.414906062299 
 1.477985697323  -7.745678175185 
 7.784816972720   1.434597439624 
 7.918275129548  -0.182682739629 
-8.114832154198  -0.245527930023 
-4.115062050494  -7.027693687325 
 7.578945093712   3.306644130479 
-7.699991406273   3.276741477444 
 0.916792227857   8.319456504014 
 4.981309128255  -6.818521347291 
 3.660041357242  -7.614458867865 
 3.939176681358   7.579026960795 
 7.037385170281  -4.857146221475 
-7.993523700742  -3.291861496094 
-5.999124849256   6.292096226039 
-5.953843087762  -6.517619020501 
-7.399266063107  -4.870514392359 
-0.485856585110   8.908435263605 
-4.379251025313   7.892720199654 
 6.547556314793   6.260467215262 
-8.848705217586   2.245906096311 
-3.138125713589  -8.588594203239 
 2.496436123335   8.995008095314 
 6.594980179563  -6.614091799158 
-2.212173594535   9.155145693866 
 8.144911110020   4.745756152871 
-7.565979702239   5.676567817024 
 9.406657715872   1.212657980374 
 8.780089807806  -3.657196399560 
-9.322544180465  -2.175957085768 
 9.516340068012  -1.480490621091 
-1.055837927272  -9.622557985525 
 4.120001960616   9.123261006625 
-6.005238241058  -8.063822888825 
-9.394030674031   3.668239747681 
-7.421231283600  -6.900812327764 
-5.799658536490   8.412325788890 
-4.564758231737  -9.169858621934 
 0.466782462919  -10.236762986469
 9.713534959659   3.384289578089 
 3.366132588057  -9.854512329398 
 0.015338874087   10.461802854935
-10.436094363765  0.909562463827 
 10.126495106266 -2.961350093988 
 6.333773296992   8.445627304513 
 9.283265531650  -5.224649353069 
 8.035425591403   7.023455641653 
-10.600192262176 -1.389805084488 
-3.242132889616  -10.213403952546
 7.720164479751  -7.624252445895 
 1.487902397535   10.777348859913
 1.942580029992  -10.708839640840
 9.626628023744   5.095928803909 
-4.330594888623   10.023317863046
-9.354825119334  -5.653973275034 
-10.594780364121  2.706268727018 
 6.042024958143  -9.273713381875 
-2.929558394234   10.860758689206
-7.295208031772   8.618328627329 
-8.609679434344   7.328081243290 
 5.391597872561   9.967534330255 
-0.495689764458  -11.439938281080
 3.310824395351   10.993375334472
 9.240432337399  -6.846695974726 
 11.560667210222  0.357890799835 
-7.239933086773  -9.097304777044 
-10.591785525289  4.843294352273 
-10.718006024561 -4.635438739722 
-8.921244541576  -7.549157103909 
-9.886811141771   6.313701001009 
-6.004404614453   10.116960147895
 11.706228292214 -1.229467672413 
-6.037477387097  -10.111694611408
-2.251076077013  -11.613752892477
 9.854029700756   6.588304710423 
-0.929728836902   11.894435169948
 3.916750272952  -11.281059372661
 10.885638717585 -4.935906840777 
 7.922901489793   9.064751197640 
-12.027035561246  0.683248428422 
 11.213268857969  4.522992269386 
-11.860221473806 -2.404884321451 
 11.768470248307 -2.845787742462 
 11.952584270382  2.090365123761 
-4.889777109899  -11.181537282295
 7.570359845163  -9.635525635911 
 1.014055979633  -12.303654431186
-10.345331409962 -6.862673829545 
-7.523058341975   10.124780892202
-12.478161030683  2.261811345254 
-4.721255634987   11.808694289708
 9.626734707558   8.413748036620 
 7.056354474112   10.709122953609
 1.095633842262   12.804486275542
-9.904349547874   8.271705819545 
 6.724706328895  -11.061104539869
-12.981088921388 -0.682687072852 
 10.746229265426 -7.456460124858 
 9.115618736876  -9.440613121174 
 5.440929739570   11.978840788317
-9.758330720945  -8.948856946483 
-6.270311343133   11.689026744709
 2.335609378591  -13.067929011402
-4.027182719907  -12.658850293636
-3.070155755136   12.962704288256
-6.586701733714  -11.636197829383
-12.810751525615  3.985755521268 
 12.998199102419  3.615940278424 
-13.490000988075 -2.159932061671 
 8.848975313834   10.424494477266
-9.030301422437   10.302356494058
 11.167272609012  7.989056975445 
 4.950601138611  -12.808084223954
 3.840209846828   13.224313668885
-2.224066822464  -13.629773161064
 12.115237110204  6.677646748416 
 2.336286746877   13.658455601177
 13.855300091451 -0.283647969792 
-13.324981201283 -4.076229281055 
 13.735235327314 -2.386429123660 
 10.586169749363 -9.074279417344 
-11.561886303766  7.799331051497 
-0.106761658870  -13.955930593643
 13.885344646141  1.477868272358 
 12.995141518046  5.152321131027 
-12.764103257865 -5.795990178276 
 13.014666489660 -5.214753102731 
-8.451849803340  -11.243338161807
-1.315503488004   14.068874036170
-7.783456312196   11.843631546575
 12.369868061842 -7.014754661127 
-11.397899640014 -8.586760357528 
-12.728207424640  6.521144073808 
-14.442692153671  0.351319300619 
-10.592072628155  9.880634969080 
 9.529349906157  -10.935502113112
-5.420890019630   13.613117166194
 10.914403294314  9.839544546443 
-6.185086147544  -13.338542048691
-14.658300120930  1.920619722665 
 7.786887504833   12.667415649111
-14.415566783347  3.737350109811 
 2.394252502208  -14.724511718832
 0.198222835553   14.920121228265
 14.554231770497  3.523034270936 
 4.046834606929  -14.489489356480
 5.180766906784   14.136606165158
 7.311352149529  -13.240618447445
-3.774680941177   14.681268953037
-4.688305272912  -14.429248732544
 13.635400908831  6.706847315995 
 14.541775332473 -4.477210726612 
-15.074829047556 -2.087576992862 
-13.331266735721 -7.389848798426 
-3.176140431903  -14.948136967542
-14.259280188579 -5.528436553882 
 10.226086567421  11.408189698154
 3.807098236254   14.857336930347
 15.398955404714  0.378799589791 
-14.918315992891 -4.144432192836 
 1.782141558408   15.385163872341
 12.100711767033 -9.681293997361 
 0.305313520474  -15.500297641580
-9.935780775759  -11.916613530024
-14.461816226209  5.733043540258 
 15.432512656554  2.018118224598 
 12.888734116207  8.755743966769 
-12.740259427746  9.088365182409 
 6.958759378967   14.071718815070
 15.617090603748 -1.600350024926 
-1.188795893434  -15.666812209731
 9.015553544334  -12.885081330317
 14.302549052273 -6.640970996143 
-11.694505399795 -10.606042595803
-9.781408366251   12.406229066709
 14.928038392724  5.244673439579 
-8.738027101634  -13.225972911882
 9.338790790909   12.863852318823
-6.906459539452   14.319151313638
 15.566394677469 -3.252821395270 
-16.019620209455 -0.761694660009 
-11.656279702499  11.057891789905
 11.421680596578 -11.309345919236
-1.614585130062   16.117457763824
-5.609003860112   15.233349801441
 5.474511775012  -15.389338264403
-13.302416156864 -9.514743755714 
-15.926355629093  3.947548875005 
 0.508362304652   16.428303199168
 3.102402277906  -16.149450825794
-14.704006212549  7.369709462793 
 7.289674877825  -14.767491504839
-7.586303395034  -14.657869647944
 10.734438157373 -12.642783728719
-15.001304970842 -7.200076606368 
-8.840849935776   14.102275263374
 13.906467075823 -9.155766876735 
-5.918938798416  -15.628845255497
-3.852676197220   16.277017112490
 6.007479330247   15.612190007977
 12.983532265083  10.696951343802
 3.109690481538   16.672556486213
