-1.088775151446   0.542307087657 
 1.108748408622  -0.904982815210 
 1.106036969435   1.074117665705 
-0.377821511280  -1.624444070092 
-1.731768958062  -0.951348981320 
 0.418985376642   2.570921852354 
 0.750874422054  -2.900353821418 
-2.778526904759   1.145006657200 
 2.979410304861  -0.872172945686 
-1.784806405120   2.640799186773 
-0.948245695054  -3.161599494420 
-3.263789514726  -0.811111853703 
-2.603828540755  -2.268799703025 
 3.607803852631   0.823854041725 
 3.095463101159   2.352621675460 
 1.892331841942   3.585580232998 
-3.681400226310   2.411559686247 
 0.044119963458   4.422573593047 
 1.124372192850  -4.360028402631 
 2.940507671875  -3.479774608300 
-1.849349394222  -4.437108319479 
-4.929048061172  -0.268073842074 
 4.373118111626  -2.755867717400 
 5.143289996310  -1.421650855588 
 5.328911764035   1.116988558725 
 4.701188479362   3.295913604385 
-0.681430583897  -5.713194778677 
 3.031206192261   4.908360252624 
-5.445175050345  -2.023821458086 
-3.829043192320   4.374344492333 
-4.673263151888  -3.742967716165 
-2.672439905902   5.430218936532 
 1.832133348441  -5.810442034703 
-5.833174929476   1.799754815407 
 0.440654510945   6.108434283192 
-5.614292934860   3.306547244547 
 6.543041853403  -0.071829644775 
 6.053739586468  -2.876603686335 
-1.680703687590   6.563251772868 
 4.372610553914  -5.240315467631 
 4.760380484116   4.960706576360 
 6.684620878714   1.967107168812 
-6.916855624787  -1.138969987179 
-2.630200502927  -6.605380296085 
-4.206088762185  -5.776186560545 
-7.127427039242   0.723254253656 
 5.650033178652  -4.413836694210 
-4.672464147077   5.644982077841 
 1.339515457121   7.328491225473 
-6.922737001208  -2.854576570207 
-1.142875827647  -7.460866959490 
-5.624290428878  -5.211778116747 
 7.409669187564  -2.168554249694 
 2.950792187905   7.169033085795 
 0.570178903287  -7.890591988650 
 2.212767623418  -7.624430246369 
 4.440322817491   6.899841817065 
 7.228305219676  -4.000747931987 
-8.000660746464   2.080798421179 
 4.072689949600  -7.198676202340 
 8.229164365952   1.185084417768 
 7.253561203338   4.100799176582 
-4.070092812682  -7.285747706105 
-7.083180472057  -4.555906876026 
-4.529466040341   7.185805740580 
-8.466924259956  -0.692755119969 
 8.564476743437  -0.410004019229 
-7.237324268558   4.782147258723 
 6.804277305937  -5.710760806441 
-0.627965876632   8.950268756248 
-6.517868375735   6.285293963255 
 8.495515362371   3.144260952137 
 8.634312728145  -3.127434842357 
 5.848354066855  -7.088059840386 
 3.932795072597   8.344881522813 
 1.729113739335  -9.102391359068 
-3.272939158167   8.702010712182 
-6.296723468980  -6.901071620561 
-1.422320411998  -9.342870502921 
-3.193772722052  -9.036483057815 
 0.288192436492  -9.583184173053 
 7.174400192138   6.385202705005 
 3.520796185106  -8.952653069895 
-9.208849288528   2.991542591457 
-9.382315955490  -2.793551399036 
 8.584615084891  -4.913270286785 
 9.836887841990  -1.615919102146 
 2.992036776139   9.554971388907 
-8.795719718433   4.808594708599 
-9.988389044288  -0.880321060616 
 5.764544683378   8.237928965566 
-9.020867119636  -4.487491334355 
-5.292817642422   8.644128058240 
-10.153622553811  1.068544923325 
 8.500572525263   5.676641589731 
-8.416912773099  -5.896267552669 
 1.313172104995   10.196001593685
 10.305451534478  0.037272477687 
-6.721931018475   7.870055366274 
-8.105084665467   6.478612844423 
 10.251408158859  1.778646714584 
-4.728725869085  -9.306373048341 
-0.606863327330   10.495104522172
 10.041510634766  3.410802499402 
 4.779371726346   9.615332508066 
 3.005467248485  -10.372213396809
-0.530186624772  -10.903033209300
-4.160797021964   10.118620053958
-2.709198508133   10.677386908053
 5.054813613987  -9.832879590052 
 7.064627773348  -8.509019348759 
 7.390277601727   8.261088225407 
-10.792930698730  2.644884261681 
 8.379497234787  -7.422269226405 
 10.017290910364  5.029864450553 
-7.410163071104  -8.452204305727 
-3.216055168081  -10.874800256654
-11.014762881326 -2.875771709066 
 8.952427902658   7.176284783829 
-11.581107591188 -0.574932369245 
-6.859120042610   9.368798332167 
-10.415012103648  5.168616177842 
-8.211044150417   8.242574807922 
 11.480965479025 -1.893001128223 
-10.803337315127 -4.368671621762 
 0.842043961421  -11.679022469062
-9.297410960545  -7.139938209301 
 11.169129265469 -3.670376791107 
 11.782449549554  0.712889761012 
 1.950382402708   11.643769029645
-9.772365737633   6.651471405564 
-0.020749772577   11.965570825700
 6.599130299659  -9.984373225013 
-1.963954436872  -11.823564519198
-11.948747509940  1.402280933369 
 2.448662175868  -11.791971362486
 11.831646886964  2.867874920918 
 10.858945406960 -5.546836013945 
-5.782302163065  -10.805783975664
-5.976008837939   10.730391505332
 5.764481082158   11.060770253778
 3.598946868505   11.969073067569
 7.925489402518   9.769152042592 
-4.792761651577   11.737197154474
 11.195308347940  5.987352461440 
-0.449636071017  -12.711395150300
 8.799879466774  -9.298996983654 
 4.214469257178  -12.139941458113
 9.625000487858   8.544069085715 
-12.554835057984 -2.938756585808 
-9.374430260933  -8.898852948404 
-11.058503182437 -6.790771904741 
-12.181816019754  4.545875841675 
-9.847222654834   8.519098758748 
 12.800826914552 -2.663793723915 
-13.101799699881  0.005490974664 
 10.351279638796 -8.098534132165 
 1.330683646447   13.128811053195
 5.912088270802  -11.872935421931
 12.550718632188  4.455815443705 
-1.347101204743   13.265727647839
-7.706879630288   10.922031145273
 7.931847106222  -10.794005505979
-2.913014901477  -13.168364795368
 11.126979855058  7.694332226069 
-7.634657195481  -11.202709969422
-13.452633703812  1.827359561314 
 13.554466887077  1.131860350622 
-9.159560824595   10.073264682163
-12.381097834176 -5.711364744888 
 12.543611868718 -5.377320023586 
-11.922318929570  6.794120528229 
-3.807423639855   13.203986759640
-10.818486676584 -8.490942839154 
 0.616341696987  -13.781159031481
-13.798784198018 -1.553656477771 
 13.860425466444 -1.487010676315 
-13.410453880788 -4.289074849006 
-4.489616917526  -13.348511467460
 3.314156108947  -13.754042312482
-5.770481678576   12.969739388809
-11.434897627783  8.432708965861 
 12.479394314462 -6.972347733996 
 7.706280716449   12.056348139454
-6.661334980975  -12.725582131557
 12.756370422017  6.613024922050 
 14.053498512312  3.112276201205 
-9.868673455138  -10.506710654334
 10.938666482157  9.400614522333 
 7.307582920972  -12.467427629420
 2.582083659681   14.243198928381
 9.271579977149   11.132425654456
 5.631077927555   13.378600608601
 13.924755506659 -4.278486830741 
-7.296326695456   12.631927534913
-12.805693290063 -7.156641645190 
 10.319021784533 -10.475536995978
-14.452554764060 -3.058660967509 
-14.787863273452  0.459635785927 
-13.645801967797  5.735106589778 
-0.795505456100   14.856650855824
-11.100113942179  9.988696561162 
-2.160770067608  -14.802305766788
-0.411424633331  -15.090467623367
 4.220268608913   14.512514048208
 15.009136598673  1.806593243055 
-14.659473297358  3.700751550065 
-8.728140308659  -12.347622098067
 15.070351088352 -2.374596153863 
-2.624851331343   15.032059299458
 15.292170593198 -0.351101857688 
 5.395112374847  -14.328316250899
 0.722464798297   15.316939627882
 14.317956873715  5.508554631499 
 2.019940694017  -15.219631752580
-15.329141630383 -1.513710940231 
 14.392101862205 -5.744486469623 
-12.530500960620 -9.136627846555 
-15.366225189157  2.168831730914 
 12.617192099268  9.132113322448 
 9.180683822465  -12.680967692549
-6.063964538752  -14.557436614349
 15.207546433089  4.289743643693 
-13.311398160934  8.601751856090 
 12.614387726492 -9.603044263397 
-5.386568925203   14.925503918780
-9.658929589450   12.594185020217
 8.247648170013   13.595806997018
-15.269348221605 -4.443183975145 
 14.187296135620 -7.356106492403 
 4.089696542011  -15.457999623146
 9.639159579980   12.763009316411
-14.757955814418 -6.195112473538 
 15.442623482032 -4.350159490956 
 11.522349752657  11.204429702913
-3.760962201463  -15.677078142189
-10.250052405369 -12.469957757701
-11.994450565825 -10.855473861666
-14.157791346770 -8.072211066653 
-0.425477059994   16.320459709372
-7.487284854682   14.583218139398
 14.059498171911  8.512490602638 
 16.176352810047  2.962783314470 
-14.821498361414  7.215709351671 
-4.180374070223   15.947025523113
-1.751424606513  -16.419591264638
 6.767946369008   15.077166228412
-16.522201721221 -0.594760710525 
 2.179222240332   16.446777421719
-11.312564910491  12.180307294338
-8.022851559843  -14.603306956789
 16.609101611807  1.363815113375 
-16.429475211421 -2.825351964282 
 5.053056097980   15.887301790386
-16.121019324363  4.251494890658 
-16.780457425428  0.896405836899 
