-0.155388311578  -0.039880252282 
-0.176656055417  -1.623077607112 
-1.588446602840   0.501512358088 
 2.028178008133  -1.345471797505 
 2.111619252874   1.614672993284 
-0.025643527396   2.913685110612 
-2.550289502730  -1.652228040637 
-2.831489411518   1.907464825359 
 3.439500364751   0.255998551656 
-3.435597541387   0.367058999274 
-1.558192486940   3.220601850501 
 0.469412131614  -3.576064987585 
 1.497419001807   3.311260487580 
-1.247826025131  -3.655120541861 
 3.906730225859  -1.227143293092 
 3.339872751500  -2.881129691269 
 3.806902028671   2.461475769680 
-3.050424333683   3.423995660685 
-3.503127112735  -3.056291180924 
-0.469220594781   4.662946475834 
-4.481647434117   1.858948049330 
 3.156084928873   3.891134725755 
-5.182302377712  -0.318109210640 
 1.127588836269   5.117433006569 
 5.313485148375  -0.551205061855 
-4.918469350180  -2.189139940596 
 2.401417006232  -5.045329788241 
-2.071264036568   5.198074034261 
 0.808583142398  -5.611246491642 
-1.721231460734  -5.557614461081 
-4.657729928108   3.506159345615 
 5.876108970805   1.008548224666 
-3.886338892074  -4.743002830644 
 6.106320949015  -1.861087072158 
 4.888375671208  -4.321568349041 
-0.412807109938   6.568655471903 
-0.616761143894  -6.628903331385 
 3.357832845389   5.802642615035 
 5.836650866876   3.365526003312 
-6.781867152458   0.192641442275 
-6.660767323159   2.117799491646 
-6.637559034171  -2.562607129703 
 4.930905562531   5.194013817999 
 2.873543701323  -6.578072107308 
-3.089404109983   6.499798299123 
-5.374989555991   4.849109912843 
-5.625425391918  -4.604311704284 
 1.145749163381   7.237096015979 
 6.679516784095  -3.395025009725 
 1.065380134543  -7.486174252424 
 7.693240558473   1.038082618512 
-1.422701271675   7.687453298754 
-7.009737930599   3.650310362391 
 7.862122864608  -1.005815102755 
 4.886993469263  -6.334657969243 
-4.739629576956   6.697861982937 
-0.799443211221  -8.176841284110 
-3.161529064079  -7.617354989708 
 4.225064159713   7.316966137051 
-5.354896786002  -6.680636222002 
 7.157716881470  -4.820322767109 
-8.580135207036   0.940313511930 
 7.744603895502   4.019695593279 
-3.030156860413   8.215405511718 
-8.548812152864  -1.897553939763 
 3.152927625073  -8.171315609923 
 0.115505306277   8.794474092558 
-7.902367527565  -3.946540769205 
 1.641740468338   8.749507822025 
 5.776887854761   6.778505990697 
 6.462176980785  -6.202637734192 
 9.119343856452   0.218580554659 
-6.716789901731   6.186361301031 
-7.013994079514  -5.854719354802 
 7.325127470765   5.562216852064 
 9.228155045888   1.923093227472 
-8.206845341415   4.665967241637 
 8.826830906693  -3.410639869775 
 9.350088467607  -1.686225286590 
-9.227338542674   2.562834007675 
-9.721875363052  -0.094027347581 
-5.683541615104   7.972325554950 
-1.690255184145  -9.766558532458 
 6.047430436348  -7.968776520575 
 0.847514552889  -10.077395274768
-4.291588656718  -9.205306364055 
 8.718171961772  -5.269671967668 
 3.291879443665  -9.702887591625 
 2.740441181775   9.898877045352 
 9.636993246644   3.691043473214 
-5.733051989379  -8.583157665270 
 4.214437057746   9.432818904931 
-4.321203766573   9.459384569511 
-2.746343785922   10.040747831255
-8.276146052974   6.423398887606 
-0.396140268545   10.510272016482
 5.064574517087  -9.318927822405 
 6.356126689104   8.511025772871 
-7.294194094164  -7.749022367125 
 7.905216855539  -7.141132467581 
-9.597600581368  -4.718972403454 
 9.224783405711   5.496195286613 
 10.473250346405 -2.756196057033 
-10.458232439119 -3.022582122777 
-10.887296275675 -1.283402172967 
 10.851986528497  1.717891626010 
-9.653696229619   5.345419613301 
 11.102602817029 -0.761104112769 
 7.822155466239   7.926933532262 
-8.990679896394  -6.754678662140 
-6.052454333660   9.521488491096 
-7.404593985590   8.614034159479 
 10.457241733937 -4.474181183171 
-11.219327133572  2.215766025638 
-5.498887909812  -10.111623531010
 7.004939477706  -9.216878475811 
-11.607393035171  0.232848203905 
-1.363157977838  -11.563231759074
 3.350473089755  -11.225620890843
-4.132437120471  -10.970057605881
 10.105361744685 -6.014870500230 
 3.283570760585   11.314994364854
-1.367948960547   11.775405731930
 11.184307194736  4.165638750709 
 4.919046023176   10.878294719357
 1.789326715181   11.854465304160
 1.847759586598  -11.881445658045
-9.905144974305   6.923821946977 
-8.698334231474  -8.412632216363 
 12.108059489859  0.674944929464 
 6.339384228446   10.349070974776
-3.698402810933   11.560191323141
-11.498122049999  3.917549286689 
 4.949104507198  -11.135898617627
-5.396547216841   10.926873113997
 10.194567310188  6.695632269691 
 0.237704007788   12.310196009669
 7.717072967844   9.612502496623 
 0.241877416019  -12.368943866632
-2.979534737175  -12.071456675943
 9.059195282464  -8.519334936798 
 12.073243512799 -3.065146161525 
-10.713371968685 -6.375582438176 
 9.617960860755   8.165691797877 
 12.675717639751 -0.755040645189 
 6.649363443405  -10.836815609104
-12.617285311749 -1.809141483185 
-9.004867802273   9.077965542004 
 11.548527186089  5.659533755245 
-7.001944766810  -10.789742555502
-7.688623854137   10.386977772688
 12.734679283115  2.253537666560 
-5.731830193257  -11.715045313541
 8.273547684362  -10.103287553075
-12.966885586509  1.566110692206 
 4.463686255639   12.402996484539
-12.472306854445 -4.653730707103 
 11.024716001784 -7.742907630450 
-10.192707805545 -8.831393683413 
 9.260215808503   9.868472856571 
-2.589042049475   13.304096686715
 12.818816777414 -4.626999093363 
-6.941261626275   11.786981411079
-12.335545049716  5.932786107103 
 7.783272071719   11.260047410015
-13.345935181408  3.054265770897 
-0.886868252261  -13.664115858882
 4.141347351934  -13.060583158101
 13.837029464387  0.807145297679 
 12.438638610053 -6.201317004386 
-5.028709468099   12.982918967457
 0.660947572264   13.909983613213
 13.512603583113  3.556559177434 
 13.078318365515  5.028309836745 
-9.329888051419  -10.472281483961
-13.578434732030 -3.521549703209 
-3.502100808519  -13.583989360449
 10.304026762400 -9.541769359288 
 1.961593868189  -13.916046673725
-11.988965797070  7.481113971730 
 2.513490304005   13.944569270875
-13.439815171150  4.837509112487 
 14.266356142516 -0.719363606808 
 12.340777449517  7.300852308726 
 5.864948955752  -13.180779941538
-9.034882391158   11.281511248271
-11.786248185199 -8.427916393323 
-10.492516369660  10.041908880240
-14.482029548629  1.295451398547 
 9.389703042070  -11.105814178639
-14.541344727641 -0.829169813711 
-5.171596813363  -13.799240161751
 5.925106943689   13.520458533949
 10.822345892121  10.101973599734
 12.483402888588 -8.099378196967 
 14.723284628423 -2.440690915231 
 8.362169946232  -12.372012374658
-14.732077001395 -2.517319723636 
 9.344705665292   11.666161041970
-8.940458926165  -12.000295008293
 3.605519521595  -14.527802574665
-0.837135267419   14.962112323163
 4.051508391060   14.434128696848
-11.979958102192  9.019385813567 
-0.039412642735  -15.003959425893
-13.185637101364 -7.240844330819 
 12.014806405095  9.179375488795 
-2.726464055136  -14.925745578492
-11.252636740576 -10.185033051731
-14.745224433246  3.816774068313 
 7.946739271832   12.999317037992
 14.991336840292  3.148346269885 
 15.325510201770  1.037937397574 
 14.557840990757 -5.126800272056 
-7.637989356767  -13.522248163799
-6.019915329428   14.327255084534
-13.909288125421  7.045955450499 
 14.359702804881  6.184104386186 
-4.626464870419   14.954670984863
-2.615436205720   15.478629138159
 1.916205191905   15.607999175532
-15.732459746960  0.415735020003 
 14.097051233808 -7.235621494839 
 15.869791008727 -0.797458904119 
 15.159074496670  4.797793710117 
-15.055031666693 -5.331770262415 
 5.481537936523  -15.013504599722
 6.965128493598  -14.423293286808
 13.502258858174  8.649523673438 
 0.232300274071   16.033773356977
-15.869819325739  2.303053320570 
-7.644969476049   14.135495362632
 12.280512376074 -10.509931689525
-11.638902755335  11.284744351543
 8.431907344157  -13.906958218504
-9.055992600553   13.622063013634
-14.745796215341 -7.125338106872 
 13.518206454655 -9.342851500118 
 1.920559609961  -16.407738513622
 16.267609957038 -3.057467718031 
 11.429434802645  11.993259086309
-6.933018449194  -15.065574886106
-15.753917795126  5.202768302027 
-0.519347327794  -16.590185989425
-11.050625848797 -12.435529697050
 9.964591508027  -13.385149302637
 10.176027081035  13.236016469625
-5.216803290827  -15.895535665467
 5.707749860990   15.763665174807
 3.857118940585   16.348297632590
-1.219204100626   16.759143579734
-2.530815016745  -16.623978069967
-16.842570885305 -1.332546724839 
-13.803101662645 -9.791951168545 
 11.912733470933 -12.126106671634
 7.433018592211   15.290560076664
