-0.033462756027   0.612908206934 
-0.529232538711  -1.041831931492 
 1.611845753429   0.332031226211 
-1.737157907425   0.097233638804 
 1.061828020790  -1.582612887882 
-0.707037762192   2.015768235524 
-2.260438021708  -1.382159211021 
-0.603774388014  -2.684257590652 
 2.233741462687   1.749821046976 
-2.681957643545   1.404300266921 
 0.835533344775   3.209867799309 
 3.193863190671  -0.934346139781 
-3.507823856396  -0.383290702779 
 1.652895107308  -3.368205747942 
-2.212820254726  -3.384583519837 
 4.121853014116   0.984409000362 
 3.291609920721  -2.787459605460 
 3.304240856489   2.969940768881 
-4.029399214986  -2.011807659077 
-2.178260235738   4.026429839868 
-0.119733111383  -4.667270418976 
-3.928660745812   3.023842467120 
-0.384956158937   4.965611625628 
 4.620152212306  -2.019604990372 
 1.166063822428   4.910839674067 
-5.087649656291   1.499901529273 
 5.437041547845  -0.145640979638 
-5.517953516025   0.061765386387 
-1.903351070000  -5.302464772428 
 2.886929945315   4.873664282909 
 5.115918226230   2.751583675700 
 2.978056146138  -5.391550567189 
 0.402628470593  -6.156989609022 
-6.099069077483  -1.727220852736 
-3.406372691707   5.374442468168 
-0.034613697503   6.467608960274 
 5.196951983472  -3.957072460243 
-5.026599114789  -4.216332187456 
-4.728669476557   4.647003541380 
-6.026205934197   2.905900724072 
 6.641706244857   0.896029794567 
 1.905381386216  -6.470187696271 
 6.585658471464  -1.712261817022 
 1.681147737262   6.644667989393 
-1.723748976162   6.782057690467 
-6.833772565884   1.591628499510 
-4.310893665967  -5.581454173730 
-1.045529275539  -6.993223060401 
 3.991220152478   6.018687092413 
 5.472440011665   4.796621343284 
-7.449349533223  -0.433013878165 
-3.148909451780  -6.769404788574 
 4.954409459992  -5.793204843770 
 0.312434828288  -7.744059333650 
-6.640597991073  -3.997848339357 
-6.456501671967   4.460167750113 
 6.872122955511   3.851457032290 
 7.211996460087  -3.200001633239 
 7.893814111363  -0.184899342227 
-3.946184275545   6.932245044127 
-0.416954901957   8.038764482786 
 2.821351823453  -7.668750791034 
-6.038803001525  -5.606219955816 
 8.187659960204  -1.964885356193 
 1.451240408228   8.301920927249 
 5.483217826579   6.477595804627 
 8.436209663697   1.465983578965 
-4.849454512187  -7.068185914074 
-7.944638874564   3.537688749311 
-8.255277401682  -2.801212377143 
 7.139051320778  -5.034847790119 
-8.711140910147   1.492368582830 
 4.290010738395   7.729898816563 
-3.164575218753  -8.281204437178 
-2.576843215270   8.484966542609 
-1.301361093342  -9.016797800574 
-9.183338917092  -0.833280504449 
-6.042670955163   6.996928217697 
 4.342321980987  -8.192574735137 
 7.453162109076   5.560642536852 
 9.407114649681  -0.618789744973 
 1.292657520644  -9.398848907355 
-7.495258101487   6.035157766632 
-4.674533679993   8.606622085197 
 3.581285272836   9.127383484750 
-6.999742862495  -6.865831579159 
 6.636877985609  -7.228195144641 
 2.109402872865   9.733217619265 
 9.902280339930   1.803355765987 
 8.762692733090  -4.972518078356 
-5.271840198963  -8.608173339698 
-8.641138330497  -5.275089977606 
-9.492865339808  -3.775385576354 
 3.409630370911  -9.788637192544 
 9.027673088846   5.207217427473 
-9.349686669733   4.697851455465 
 6.088902410172   8.528876347592 
 10.304760208823 -2.005464762925 
 9.950249217603   3.406484876324 
 7.888821282102   7.017422651128 
 9.898601138563  -3.851156985367 
-1.369704540483   10.535322915063
-10.093672404634  3.382782229217 
-6.286098022661   8.596422772036 
-7.499714277328   7.561704783095 
-10.480084316727 -2.163732425865 
-0.224905490995  -10.755625967131
-2.836422644143  -10.436305866262
 10.894956645876  0.471213155288 
-10.931754325712  0.183288200281 
-10.936232909184  1.814523252873 
 8.213830158645  -7.484341887984 
 1.093221848993   11.105197942040
 5.036876341773  -10.098589539124
-4.761322802541   10.296872189413
-4.800760814499  -10.280824674877
-2.830738964587   10.992451594109
 2.897868326494   11.094315926282
 2.059891737300  -11.497533170313
 11.598575311284  2.233965990425 
 5.730647791147   10.334118756708
-7.060644438501  -9.494302510359 
 7.061665239009  -9.565649862587 
 10.521474999678  5.815863181530 
 7.464826548119   9.441574388849 
 11.187322555170  4.444834014755 
 12.039113973522 -0.586473176722 
 10.696701342658 -5.569296085835 
-1.225754405113  -12.013792761466
-11.113456387870  4.842689021639 
-1.578729568268   12.023118471809
-10.052425815590  6.790321613398 
 11.951150068399 -2.093695998373 
 9.988571808421  -6.949639537384 
-8.486512712724  -8.750397555652 
-6.729985316480   10.206937141391
 9.783367554261   7.392043268770 
-11.233455874787 -5.088030859927 
-12.131935171240 -2.276675384829 
 3.801023390255  -11.761149617629
-10.041677791205 -7.308205538644 
 11.724426188722 -4.379001595061 
-12.610812993757  0.481073001031 
-12.170832621157  3.595778726159 
-9.197246972333   8.924479762018 
-3.615226340860  -12.329914738870
 12.827246246300  1.096853233608 
-5.051277241859  -11.865250664454
-6.536016408858  -11.185739706047
-5.315369051173   11.819727584421
 9.611168150459  -8.828843265799 
 12.563264288908  3.767187111908 
 1.214208534602  -13.072227046239
 1.501045049673   13.058635234750
-12.598280503900 -3.888486029868 
 4.812264887770   12.294812662427
 3.291697252331   12.813466588226
-0.731588975497   13.283582822739
-0.463692642798  -13.357096363454
-10.540412631537  8.242219955501 
-8.351685925118   10.496307182195
 9.763159743301   9.232878726454 
 6.637294841448   11.769407969931
 11.619708617004  6.923514042252 
-13.510992077926 -1.118043207763 
 6.499269671164  -11.931886155070
 13.553518280384 -1.258710970126 
-3.271374446253   13.269014529497
-1.962509990888  -13.590602940339
 2.688976466712  -13.521042269959
-12.840308349891  5.237215384373 
 5.092908247391  -12.921181978928
-8.505326919677  -11.018781371875
-13.640547600422  2.849716660315 
-11.999183127991  7.092738801473 
 12.661071949212 -5.840077148614 
-12.002289286958 -7.126232068299 
 8.968215680191   10.702684042253
 11.127987509718 -8.522880643086 
-10.951036238670 -8.754167110864 
 9.551321619290  -10.357966709562
 0.455149136524   14.244286966027
 11.460689354457  8.534471230123 
 14.340517933792  0.866071020532 
 14.080113794844  2.980369153687 
-5.659379000463  -13.248339815214
 14.120154978263 -2.986132375033 
-6.393505273525   13.042771927187
-4.694984643174   13.755947880085
-4.232053790105  -13.967798086432
-10.107196389864 -10.542071201696
 13.801745088504 -4.790851589919 
-8.056254272931   12.244074185906
 5.602507723289   13.588268526528
-10.550048009376  10.275548719843
 13.298693134562  6.365828259788 
 12.824837151590 -7.451718564173 
-14.857700102802 -0.404840881830 
-14.157148154495 -4.676391106414 
 3.963007499847   14.375076013371
-12.167364540179  8.700586297741 
 2.239054113430   14.809720933787
-13.483964655773 -6.592419707031 
 8.639823141795  -12.276177779162
-1.471271354814   14.955727645356
 6.592405232696  -13.609027103522
 7.346427422197   13.312119346766
-14.923057336621 -3.006579293255 
-9.706499931802   11.804965276470
 2.236362478168  -15.206431086234
-1.923089662979  -15.289674427702
-15.090279889017  3.334983260831 
-0.033330778796  -15.470747679109
 3.955274636337  -14.989394211447
 11.042016521214  10.881800293937
 9.028232790753   12.636552559422
 15.414936514114 -2.052466595753 
-8.165274561539  -13.247119843425
 10.157801623669 -11.864304236158
 14.253294223856 -6.422136125395 
 15.649861642673 -0.279054528833 
-15.630968579400  0.989524413820 
-15.688378519573 -1.682295705964 
 11.866370570771 -10.410294266444
 1.026883543378   15.778669482609
 14.783134960666  5.658024721549 
-11.627039813950 -10.811101163169
-9.998490170049  -12.353020950582
 8.097187416689  -13.733018819039
 13.651146371627  8.294058870197 
 15.685011992141  3.266495117859 
-14.804631184758  6.135747553321 
 15.405162897718 -4.564928687462 
-6.884972767977   14.567250043523
-14.077130215823  7.978827425965 
-3.085290759058   15.907369767359
-5.343595177583   15.301798858934
-13.461086993399 -9.152339084450 
-9.438944875036   13.301276016946
-4.377003132801  -15.826963637508
 14.119374307337 -8.646277234822 
 10.700193247633  12.655842476612
 8.643373421949   14.199454348890
-1.365075413418   16.598116827273
 13.418860331864  9.873027658068 
-11.345035398217  12.252336190402
 6.023949011971  -15.600201049600
 6.338683925371   15.488652732357
-7.435981353944  -15.031750450008
 16.069541830205  4.807371228928 
 16.763865424171  1.436815821065 
-5.989025476032  -15.738225016084
-12.533316340103  11.295832426719
 15.063675232652  7.680323321181 
 11.816533131618 -12.115062138046
 15.807261826188 -6.147398287472 
