-0.907867486786   0.167455519854 
 1.002660712432  -0.061496653659 
 0.110676218628   1.326050993611 
 0.591737001880  -1.589346704862 
-2.087251584175  -0.917917428746 
-2.062527139304   1.243584409608 
 1.777718942475   1.797265202088 
 2.661703055434   0.317288619986 
-0.636469100684  -2.701194749690 
 0.025734232944   2.994486480490 
 1.385878946610  -3.216798425190 
 2.900087738782  -2.189854024597 
-3.921897222901  -0.038443119728 
-1.513628240594   3.741507520905 
-2.217761199365  -3.379912308382 
-3.682630249758  -1.758192228102 
-3.335445408168   2.546405651237 
 1.425226863497   3.957217506499 
 3.969964321686   1.701978929020 
 2.828599711160   3.290424362063 
 4.654950462890   0.030385669265 
-4.702682437483   1.553514805613 
 4.705017044544  -1.794161467134 
-0.672191293271   5.051214519368 
 0.939442713647  -5.066701823837 
-5.155932504208  -0.893204154961 
-2.004599296327  -4.979562010414 
 0.794800533470   5.579339776420 
-3.627351819041  -4.355701164424 
 3.911757283723  -4.330690729650 
 2.776282455449   5.213112234664 
 5.234543521699   2.831195561905 
 2.521193995371  -5.508273499555 
-3.543463415397   4.939254302240 
 5.090281157943  -3.387056043258 
 6.028621093789  -1.037405418350 
-0.289476812516  -6.281173519907 
-5.334116716116   3.354900918326 
 6.158294177067   1.444067756803 
-1.669803791410   6.242852353054 
-5.849866178938  -2.869772163577 
 4.599305416774   4.779896107410 
-6.618540089081  -0.443831364887 
-2.009553182215  -6.482277507819 
 2.083423016801   6.551008561681 
-5.153487620842  -4.840326863921 
 1.382991302660  -7.033578131926 
-3.350712907053   6.455132921145 
-7.230854252057   0.942665204175 
-0.598515232671   7.398427451351 
 6.978368250976  -2.860219473585 
-3.820670852600  -6.509720837788 
-6.983414875046   2.956239374994 
 5.632367322041  -5.167866180678 
 7.609873107292  -1.284538178656 
 6.499994052099   4.230534935724 
 3.577748501097   6.893062303153 
-1.130784715586  -7.794495833247 
 7.500818649873   2.432478242749 
-5.695420845282   5.545527568732 
 3.914557671565  -6.966238933306 
-7.105881503152  -3.938486284804 
-8.027411674484  -1.638405611759 
-2.175855654357   8.092167044639 
 0.299042544154  -8.417112211487 
-2.778933604431  -7.962404918261 
-4.824476692318   6.945350992358 
 8.459798407592   0.402670733294 
-7.243834491984   4.490317683606 
-6.598209247557  -5.498714481048 
 1.969490957651   8.389167001657 
 6.440049714853   5.965912387934 
-8.789640004609   0.774892513165 
 7.866483554704  -4.088980717747 
 5.672759026202  -7.020067879271 
-8.589079523937   2.786377437333 
-8.516776973853  -3.281438811643 
-5.693122896474  -7.220853700063 
 8.961917644788  -2.165921136748 
 8.429324447721   3.822053801663 
 3.645202974656  -8.627362209686 
 5.217018783533   7.780781041303 
-6.462460455219   7.117742405343 
-8.297581607393  -4.859150501821 
-4.436992139682  -8.629649332940 
 7.939838735555  -5.607946961785 
-1.480199353470   9.610348987582 
 0.193740704087   9.749622318622 
-9.728007807207  -1.054391845273 
-5.013572827401   8.589249447004 
 10.032391381676  0.359313848868 
-0.261716967046  -10.067632009432
 9.706799699616   2.761574092853 
 9.448124653409  -3.704124633651 
 8.235559791656   6.006312757697 
-8.630569916421   5.524694624909 
-9.971184067278  -2.844616275029 
 6.060320836605  -8.588554688833 
 2.518015800964  -10.215257570307
-10.073681550839  3.125313194563 
-10.489946987802  1.252412928562 
-1.739530775403  -10.434014287860
 4.472607209396   9.686198848034 
-3.669393494941  -10.035813223985
-8.101329819985   6.989312565539 
-6.080604555305  -8.868193969685 
-8.525906886325  -6.596736077980 
 3.116859075654   10.376765276306
 10.730385101604 -1.561955256871 
-7.641427314500  -7.838973213348 
 9.859608838611   4.879493213463 
-4.292426110763   10.183779988000
 5.018534808412  -9.875216326116 
 1.045387024249  -11.052002645091
-7.064721752123   8.635798695961 
 8.985311394751  -6.745716596349 
 7.181446961462   8.671378011143 
 1.133837587774   11.328267409679
 8.098344203115  -8.118554855048 
-10.010845737694 -5.847266365772 
-10.656782543744  4.649728227469 
 11.643652981423 -0.198079682683 
-2.795626130180   11.340030041789
 11.228894586370 -3.229117025590 
 10.526946593684 -5.277579411976 
-0.489043184424   11.782892552973
-0.628790425475  -11.821533933993
-10.978356631056 -4.473550142847 
 11.327642607442  3.521149491740 
-5.618796244080  -10.488327992984
 11.788383570366  1.680208686207 
-11.847666648225 -1.601020656111 
 3.419029227558  -11.464297929871
 9.244626512815   7.687740508164 
-3.079713713344  -11.662336139129
 6.019209645289   10.487117514067
-6.675520139027   10.314744294446
-12.329422841195  0.209872884008 
-12.052424557144  2.826131701957 
-9.940423015296  -7.429329910340 
 4.047675540416   11.783015728956
-10.700179939325  6.391703593521 
 6.768807730215  -10.539846353925
-5.339871277016   11.339973254532
-7.408282341551  -10.112524110519
-8.536443995178   9.181194066203 
 5.513170393740  -11.381169179165
 0.688638214906  -12.702937680914
 8.389702944284  -9.600988066247 
 10.821165645315  6.905627811548 
-10.200753612541  7.819697555220 
-12.479376655893 -3.358721795961 
 8.081303015381   10.206445247815
 11.190044661043 -6.661512977774 
-9.009766677073  -9.406474896750 
 13.013195732454 -1.052682995122 
-12.240224839618  4.554061023774 
 13.060656492630  0.487045142019 
 12.726361457153 -3.581298135431 
-13.133274761684  1.711227299553 
 2.934612513346   13.025920500013
 1.246693007632   13.305495893376
-4.260626202160  -12.827556627490
 9.565491654236   9.607584155328 
 6.941405837558   11.705903845343
 10.899970084188 -8.183265455785 
 4.860171870274  -12.761899379050
-3.970453711934   13.080064098125
-11.741785703976 -7.013915976798 
-0.876395013836  -13.676880568866
-2.399037364168  -13.546715829436
-13.729810905364 -1.491800613269 
-1.921117795961   13.680278264951
 3.493328299841  -13.407203438185
 10.945675609945  8.510601513636 
 12.655991078121 -5.845903699262 
-9.119708303626   10.643016314646
-5.577018541153   12.891565697969
-12.654611450059  6.104247122644 
 4.549225792045   13.384229323795
-13.176030563118 -5.217846495506 
-10.545466046640  9.468108500337 
 7.446761307888  -12.179743055254
 13.284295780372  5.300273605317 
-6.296794193867  -12.907808276274
-7.188468403369   12.594536682790
-14.004954199480  3.770941412462 
-14.529999266738 -0.212772267086 
-14.058113327592 -3.933822102610 
 14.342960057909 -3.021341357342 
-14.610477198707  1.305146492048 
 12.495105129219 -7.725468880765 
 14.550085245806  2.044058673850 
-9.003272007406  -11.619437079329
-0.701607178268   14.719562981720
 14.211202743708  4.001111532072 
 2.470824047724  -14.578999605822
 6.261786885387   13.461795543252
-3.245327775295   14.489923059935
 14.889149670242 -0.853707098369 
-8.651121036656   12.172567124377
 10.387267403156 -10.737632687963
 12.483325508739  8.228450302386 
-10.536475949723 -10.627717385744
-12.369217793199 -8.568556955266 
 10.025963275548  11.269486645587
 1.945785963811   14.975474602020
 6.734182371242  -13.564843399044
 11.783188420375 -9.560481678508 
-0.656250183453  -15.164279905191
-8.041054477038  -12.958008914397
 13.639054943054  6.861867578091 
 3.915952854026   14.768468772747
-2.309960438902  -15.136262159988
 9.249162322446  -12.203794565123
-12.665083289936  8.638671617420 
 1.174335228115  -15.407560278789
 4.424905181359  -14.821002955322
-15.187906797864 -2.943293637625 
 15.463203824760  0.546286379264 
-5.301339159312  -14.669704653713
 12.238329441005  9.718540509214 
-14.167802390093  6.937042313976 
-14.823801168334 -5.422585445616 
 14.734822500211 -5.748517791468 
-12.091035335123 -10.204528709805
-13.855127314934 -7.657932283165 
-11.907189016936  10.528896778733
-2.074311414071   15.805382434443
 14.138365596724 -7.370779514887 
-15.959609149387 -1.549508604320 
 8.743011797606   13.481098038586
-15.150788183091  5.583882482196 
-10.661980536869 -12.142586579087
-5.076369899939   15.341206836015
-10.126632961542  12.658341822742
 7.478255953680   14.394753670674
-16.033647981641  2.670105108633 
 0.949480035182   16.235948460733
-7.510137945733   14.502778448346
 2.491782625784  -16.154957996172
 16.007532751554 -3.394086240221 
-16.402502151153  1.064544050011 
 13.773597721734  8.997126275552 
 5.544392929218   15.585816968275
 13.447637402630 -9.643131672126 
 15.868929333743  4.734682027512 
 7.817428810767  -14.602604572891
 6.143222338612  -15.444799278876
-13.550839402120 -9.654245547820 
-4.306281388415  -16.080495266942
-3.750014506274   16.224771390216
 9.350807328971  -13.968761222054
 3.892574698710   16.354485968234
-2.326558035926  -16.680923581772
-8.035110970829  -14.836533773032
