 0.526908863839  -0.492525723239 
-0.054051203929   1.049683343879 
 1.651865439074   0.697040672894 
-0.833758848548  -1.640962397398 
-1.843037982046  -0.233486754854 
 1.756391469253  -1.445852410355 
 0.535917849156   2.656004114322 
-2.244265647885   1.746775897238 
 0.135577542823  -3.243536401025 
-3.292748050962   0.501686226098 
 3.868364234662  -0.274375901238 
-1.428662767776  -3.709272368602 
-2.900752934987  -2.951129845844 
 3.364042965000   2.440169169173 
-1.448090630592   4.169719128272 
-3.302202893106   3.079391750916 
-4.175036685058   1.786993627396 
 2.025048193446  -4.123266609384 
-4.151374563102  -2.029184023190 
 3.454729527163  -3.180318760994 
 2.639765035704   3.992415546928 
-0.465214241790  -4.932223657586 
-4.971696814763  -0.029261393127 
 1.148948470399   4.992221789958 
 5.040865132336  -1.946650357348 
 5.501693371499  -0.355144983014 
 5.301727662911   1.605709204341 
-4.254378113171  -3.623947026654 
-0.524685981146   5.611878873115 
-2.562469101396   5.241200619003 
 0.768922263376  -5.811412264975 
-4.986427243236   3.127656812203 
-3.364189102546  -4.889939725793 
 3.680961405870  -4.757750248822 
 4.820940236210   3.601043049618 
-4.082026063632   4.556757453749 
-5.759612780006  -2.273071455589 
-1.392587725523  -6.293008375428 
 5.419943860360  -3.529312263316 
-6.525835511757   0.393705420525 
-6.244522155335   2.078489236915 
 3.834829144596   5.375147475814 
 2.306098212891  -6.314607192395 
 7.014753547448  -1.176046975863 
-2.954313275120  -6.629608929154 
-2.556650586741   6.827707698555 
-0.004954252331   7.302835477579 
-6.107676983091  -4.015715851009 
 0.354593263583  -7.355450541402 
 1.782394821139   7.182379165902 
 7.147506547147   2.115281416598 
-7.402260826516  -1.417929281745 
 7.511407417651   0.657788531780 
-5.950334674926   4.690945032955 
 5.500069539543   5.272665026090 
-4.557306025274   6.296205503366 
-4.503454519729  -6.503499751435 
 7.030369081558   3.699703517975 
 4.898570104197  -6.286286770480 
 6.308678321411  -5.084770539320 
-8.244294052431   0.781595529434 
-1.248764712950   8.213180531990 
 4.685529583650   6.861377315320 
-7.348048103101   3.939840680583 
 7.468422508277  -3.804998656679 
 8.441961721845  -0.633377573101 
 1.660634722479  -8.354638429644 
 8.246245101645  -2.163838556793 
-8.229537875308   2.313154601166 
-0.945373145482  -8.717198648454 
-8.761052509958  -0.748878446656 
 7.010312583214   5.388239722476 
 3.169269590673   8.265033092452 
-3.744007369661   8.227021720953 
-6.783209459465  -5.985034657714 
 1.597496297601   8.936349262964 
 3.791282814701  -8.301285175694 
-6.184459937769   6.804490130912 
 9.134489684339   1.619198618628 
-8.724541025773  -3.383095120595 
 6.751408820712  -6.601063150726 
 5.303689705781  -8.022118554210 
-3.341934843280  -9.030690117300 
 8.004796976501  -5.376043797030 
 9.054364656266   3.418108556885 
-0.831045977449   9.661582805058 
 8.445273223346   4.834741934542 
 5.669572401319   8.002594699210 
-5.800313861357  -7.918056501744 
-9.710405682126   1.672713715636 
-9.711389421368  -1.969736360870 
-8.337607682447  -5.367088785510 
-8.859354351401   4.746245990779 
-9.508476205832   3.266412597943 
-3.131686547050   9.618105054644 
 4.606218486081   9.097752023130 
 0.703043404854   10.193631000918
-10.240371167870  0.036552587668 
 10.288532283126 -0.184436617943 
-0.422950932777  -10.323383295587
 9.704712528338  -3.890575808758 
-4.947446562026  -9.239331661572 
-8.469777672862   6.251935453124 
-1.931329532474  -10.369407054159
 8.191145848820   6.645960258731 
 4.386451791963  -9.711319396610 
 10.650942785245  1.581347485657 
 8.312948653276  -7.046923316077 
-6.812667317621   8.515867861559 
 10.676233296021 -2.341845751448 
-10.414445644013 -3.389368177053 
 9.969200701704   4.759691085341 
-9.863858891440  -5.084562366757 
 3.093712322219  -10.706058147341
-8.680700737963  -7.091903689031 
-5.305431606876   9.882245826455 
-2.324210389924   10.983142775984
 7.388077925654   8.458703902771 
-0.407431806351   11.246315691058
 1.519293217113  -11.171033763687
 7.422370332992  -8.504398099014 
-11.236627422517 -1.447047839523 
 3.350067089810   10.837540599136
-6.457627639760  -9.490847221756 
-8.477003694102   7.767247602525 
 9.661430546933   6.308209504404 
 5.861670218089  -10.058627609384
-11.662299029157  0.631966430208 
 11.286161778998  3.015856201420 
-11.088100753428  3.997934394371 
 11.742322419134 -1.174539292264 
 10.735389141482 -5.133029793557 
-10.041259308930  6.448373670429 
 8.918735199302   7.973464420238 
 4.974595780663   10.916596765106
 9.988970495847  -6.779486835826 
-8.074731684292  -9.088783873302 
-0.906422405877  -12.251569972243
 6.469000383289   10.460476411406
-4.643098958590  -11.395541140707
 11.935926743720 -3.158940663867 
 9.215883962111  -8.252651921306 
-12.208683406878  2.329088113797 
 11.547658565945  4.933711238450 
 0.629290198706   12.546371227559
-7.674968990712   10.010498474850
-4.021036665690   12.007145153054
 12.621879421521  1.661367102421 
 7.708148430505  -10.304419371344
 1.405956534718  -12.897636081195
 4.195762988217   12.294327171806
-12.485277724323 -3.701611308889 
-3.457431080057  -12.598883317959
-1.752722939134   12.951867041191
 11.339714878793  6.543385691762 
 2.706818105210   12.810105322273
-12.010787966572  5.253452239134 
-13.098862632084 -0.669409606575 
-5.581646597857   11.902339274499
 4.249040627916  -12.460624934091
 6.250192052154  -11.632763404885
 10.410946087172  8.136388604264 
-6.837524810615  -11.324949859448
-10.722957970051 -7.756549814399 
 13.235234102155 -0.654210885604 
-10.325156681587  8.437369270776 
 13.154947602235 -2.213655820907 
 12.001931209899 -5.975773559374 
-11.962308672708 -6.105679881294 
-8.907766415845  -10.367052512595
 11.326294416489 -7.743031221655 
 0.157955602603  -13.746055001168
-1.828588493785  -13.682490312220
 6.156555853954   12.419658632351
 13.593003252106  2.823549736549 
 7.737867787279   11.565198771715
-12.007985150813  7.032903708529 
-5.656458396937  -12.759127355315
-9.619521098263   10.162905107282
 9.448268748599   10.343933757214
-13.971497328511  1.173195690026 
 13.357128176714 -4.301204816547 
-13.796566772283 -2.639503997412 
-0.669467222159   14.120035347668
 9.463695601963  -10.541520067861
 2.789125300906  -13.918909329948
-10.688650207792 -9.353937281323 
-3.934951358362   13.677479181927
 1.271049266963   14.357249514946
-13.939192589174  3.821391728003 
-8.275816454358   11.894989505643
 5.859345069249  -13.352954655304
 5.097792135129   13.672059823013
-7.799710925618  -12.481101645621
 13.436020734394  6.225887838549 
-5.972181593628   13.639493038102
-14.110486961033 -4.754880787367 
 13.547408663512 -6.187960385001 
 2.827146721545   14.627005432434
 14.788165070956  1.897968707175 
 11.270725288125  9.924220238770 
 14.872544532749 -2.154165351102 
-13.410022758633 -6.831522879973 
 15.048432501145 -0.282427943330 
 9.086055763345  -12.021580751050
-15.075384962139 -0.556556425080 
-7.445612973449   13.180131104662
 11.132299426250 -10.299599478566
 9.200479933015   12.142470978227
 0.484854824949  -15.242609980406
-9.855470529972   11.645614330336
-15.075205381278  2.382824190685 
-5.084487042162  -14.391957617092
 14.627103109947  4.619335760409 
-9.304335055732  -12.204443651276
 4.595496286636  -14.660595574634
 13.110959654762 -8.035306209637 
-11.844091291485  9.988869764503 
 2.167686100409  -15.341980763866
 14.873883025102 -4.445839248014 
 10.570847382690  11.403786353053
-3.610815334969  -15.138308074581
-1.042656755997  -15.576707770544
 12.441413523068 -9.440424280025 
-2.285987693336   15.496536107699
-7.246207460907  -13.913755743926
-15.447361441492 -2.788875238143 
-12.641779587123 -9.310518406864 
-14.579052277150  5.877347290808 
-4.697762785570   15.009817085809
 13.400173883712  8.255140543743 
 6.715649587773   14.356509484856
 8.106522774631  -13.799740058686
-11.035844550872 -11.634563660662
 8.464939011101   13.650647815410
-14.179035925323  7.561525195381 
 0.133800871280   16.292675467450
 6.259716420652  -15.043046212946
-13.539378472042  9.107964166938 
 16.305140263442  1.509768855188 
-16.335269248088  1.564345727867 
 15.999398029848  3.991749563291 
-2.586348028159  -16.322268680653
 12.665339209553  10.658886054858
 4.048189125787   16.059078274958
-9.179220496715  -13.789107355340
 14.864439482917  7.311220581660 
-6.308817609175  -15.336141327151
 16.586904458487 -0.995809224008 
-7.368877497746   14.896922243420
 9.951045471264  -13.319275267795
-14.917875182369 -7.354562342614 
 3.754348637447  -16.216340688896
 15.331462011991 -6.773139393526 
-16.733288332077 -1.003267484737 
 16.574724618743 -2.647534864109 
