 0.933801124605   0.337643546342 
-1.159206426455  -0.452799525832 
 0.146617822558  -1.440284286800 
-0.234145993628   1.711116622417 
-1.687657861431   1.034245034709 
 1.870443243333  -1.947008655641 
-2.296315438860  -1.574768782342 
-0.551585771314  -2.973115177635 
 3.173434199698  -0.245461730843 
 2.564933746367   1.952516176207 
-2.343791979777   2.525081018887 
 1.037675928080  -3.321580604191 
 0.007053215923   3.488519589983 
 1.702149184950   3.518842034554 
-3.909268646770   0.470749540729 
-1.771622443546  -3.880925859598 
 3.501218137365  -2.646776599652 
-0.154788841364  -4.552411744193 
-3.901863666583  -2.420162176923 
-3.851030064289   2.574137590062 
-1.618939053287   4.341251935854 
 4.204899403252   2.438668247695 
 0.730328324744   4.815224963468 
 4.873726144630  -0.481995554117 
 1.808625435800  -4.987712079952 
-5.353439730432   0.032450923593 
 5.350087142125   1.010456537552 
 2.924925522440   4.654434682813 
 5.042442905245  -2.332759246497 
-1.370157009191  -5.614752240542 
-4.279273913398  -3.906569089181 
-5.627754080075  -1.902329467846 
 4.307737585641  -4.294318903436 
 4.520176418227   4.313479465589 
 0.286694295786   6.275056900572 
 5.618937735620   2.991850258076 
 6.273666538676  -1.313172365705 
-4.248105659211   4.962251292070 
-6.092770506875   2.539200748104 
-0.294404311854  -6.810263385062 
-3.434637639160  -5.947036990999 
 1.416787892656  -6.814595460264 
 6.962326788775   0.233337766936 
-2.380465912491   6.558512679445 
-5.702626858482   4.045927304242 
-5.817240655805  -3.896578818194 
 3.815438816654  -5.878200062852 
 6.986844065781   2.204968650126 
-7.221817704851  -1.503213400065 
-7.334629615144   0.994777207484 
 3.473731943074   6.666371246867 
 1.408123646522   7.406389753649 
-5.173448042929  -5.561003917050 
 6.279030516430  -4.441694194836 
 5.010772029958   5.962568849428 
 5.370268788893  -5.844573048431 
-0.214613058536   7.983260438223 
-7.393656578785  -3.181589661780 
 7.719022349967  -2.590614035718 
 8.164676093077  -0.798806740973 
-1.996099651298  -8.003837561166 
-7.661756665630   3.199860272711 
 8.373118384979   0.863171242256 
 7.553171772389   3.786263074732 
-4.526681863546  -7.166681336704 
 6.746194741510   5.201222187421 
-4.357959150940   7.340924835793 
 0.530802440851  -8.648818394141 
-8.675220423496  -0.465400609617 
 2.953688641274  -8.428475465709 
-8.766652737878   2.025359293839 
-1.941565006949   8.863038976038 
-5.884506470693   7.025656343474 
-7.629006091214   5.079459683632 
 6.498935292924   6.716474391487 
-7.471669693742  -5.743311216381 
 5.672976736263  -7.587666265424 
 2.721417642971   9.095110963721 
-3.648315166285   8.789304326861 
-6.364864124046  -7.081810732186 
 0.362400517226   9.538116245054 
-9.331511726263  -2.299826025406 
 8.307294095960  -4.961954226541 
 9.431307932625  -2.403557031049 
 1.886922756246  -9.589175353982 
-1.159890333662  -9.833734387423 
 9.556075878188   2.836675832869 
 10.061985198614  0.231615234082 
-2.991051310862  -9.642507267400 
 5.067489245554   8.785467768420 
 7.515915571176  -6.819547456796 
-5.418213408218   8.761837138198 
-4.677433371260  -9.235185784688 
-9.279956656623   4.965429028629 
 9.512328067240   4.762138063827 
 5.234119449322  -9.270389711013 
 10.528324058031  1.660802932522 
-9.094062845781  -5.680853883216 
-2.996658503039   10.296900237544
-8.418623409115   6.668358050526 
-9.828323545048  -4.361952852248 
-10.726150392311  1.555902678607 
-7.460231993542   7.891674297561 
 10.163359132860 -3.915630350935 
 7.384175443838   8.044849477191 
 10.842308853094 -1.699957326604 
-8.323377019395  -7.272260366488 
 4.087861908269  -10.283879929917
-11.089079936279 -0.845632430227 
 0.958038623825   11.246251826295
-6.788333103434  -9.047012008760 
 4.232277054736   10.495922230646
 9.025991500808   6.833841856321 
-11.064961103001 -2.434605889728 
-10.865053269878  3.215040799566 
 7.152980413049  -8.847905984548 
-1.790096656690   11.273927942895
-0.432983209224  -11.423084358618
 2.876316859515   11.167978077366
 6.638423620499   9.436825313369 
 1.186906901591  -11.518464333357
 9.357606766009  -6.852617037253 
-6.508679979269   9.908958471468 
-11.947123151773  0.571646682292 
-4.275436828241   11.179678210126
 11.746200948449  2.595918268437 
 12.049379028218  0.109016116031 
-10.107440894156  6.634368272293 
 11.114543456852  4.807725837786 
-5.313170561033  -11.026838579542
-3.684566056473  -11.748570032036
 11.726070478223 -3.797420905190 
-1.907658033480  -12.187703276098
 11.167094148183 -5.318191026202 
-10.283720001289 -7.116026951557 
 5.658208040826   11.182473188389
 8.754248953787   8.984558165395 
-0.121806979938   12.590566880850
-8.050283310388   9.720871947869 
 10.523001714224  7.052150651148 
 12.636915708992 -1.292357628142 
-11.677903261242  5.192349573492 
-12.365180411253  3.245170056113 
-11.833334181860 -4.961039652055 
-12.425197734701 -3.380591841855 
 3.364189058877  -12.448999151947
 8.090048647906  -10.057495824772
 2.170161519900   12.747202850302
-2.440958036319   12.741276075999
 5.135647466541  -11.943290112647
 6.839984113396  -11.070583231553
 7.816250839333   10.414365429102
-12.963359236568  1.819223781256 
 9.654969656601  -8.876255037474 
 11.005170086188 -7.138917822871 
 12.475920245085  4.169442342186 
-9.362830627496  -9.357116101003 
 3.731685431726   12.746067724882
-6.437869761672   11.680878959062
-10.692829787416  8.095248250492 
-0.678884526014  -13.405444398947
 10.394854716384  8.619587367205 
-13.502218083866 -0.555667046910 
 13.474199733832  1.689663086631 
-5.046582855288  -12.660322590494
-9.802359373584   9.473863293500 
-11.929714709406  6.910018662586 
-8.646575741114  -10.738261220129
-10.826458485302 -8.564970915997 
 0.893240652170  -13.787319374577
-7.436565633383  -11.743605891426
-1.086716036634   13.860698462566
 13.266192977050 -4.226284172767 
-4.057824806195   13.414335088027
-5.488241724106   12.914459183182
-13.860378791535 -2.261761216747 
 9.648016472928   10.268037968717
 11.208109282019 -8.631576077291 
 12.982229392785  5.629686631327 
 6.042251648764   12.819641585053
-2.101100097523  -14.065661832793
 12.328376874158  7.119862965068 
 4.580363811199  -13.484189355258
 12.806014815757 -6.235363444515 
 14.217693516601 -1.093898165801 
 13.960332452761  3.222056275700 
-13.461970749437  4.944638206220 
 3.007039267169  -14.059362903988
-14.253757949439  2.665591455397 
-13.072459018094 -6.551008606791 
-14.123405464803 -3.920376265841 
 6.370932210960  -13.312667679934
 2.832550551551   14.522731302894
-6.643485116783  -13.236126682343
-12.347825605827 -8.249284202628 
-7.752601702939   12.670205167604
-13.404054725766  6.561965332936 
 14.655802988456 -2.851088245901 
-11.273929003575  9.790370267849 
 10.609259393605 -10.510532041096
 14.961533465132  0.586480797687 
 9.437616162281  -11.662993819135
-3.905360934378  -14.507047338744
 14.260155434453  4.808489204970 
-11.074373149928 -10.303662674058
 7.666303369625   13.061129247753
-15.124013459082  0.882704550923 
 4.616013426483   14.440052006112
 0.511140460807   15.192873219465
 15.100837797776  2.227283360093 
 9.715780916479   11.832645254794
-3.658879256046   14.925690237968
-9.260990614010   12.267159842373
-15.400441433288 -1.221340417462 
 12.704141151207 -8.804281515817 
-14.916649987795  4.163065630610 
-10.625765107450  11.274560980572
-9.698122841985  -12.154319634871
-8.371740847030  -13.108593827075
 11.689435369289  10.305186022600
 8.227281361770  -13.236700919315
 1.830799330131  -15.665496351196
 5.150870852993  -14.930281224059
-0.939201493397  -15.804425803982
 13.856888949100 -7.717233768017 
 14.883245630084 -5.552704710353 
-14.607466025917 -6.335811472378 
 14.190065616107  7.268850874513 
-15.770172071368 -2.701061117516 
-13.917545086888 -7.973073762963 
 15.599381046141  3.908051866852 
-6.421696635395  -14.755977446795
-15.008977361322  5.853526011624 
-13.835286181401  8.277292695881 
 12.176897376998 -10.623488463876
 16.098491703601 -1.466097246410 
 13.137985899358  9.458246173950 
-1.044602547190   16.158321836314
 6.967381035683   14.628513645944
-6.010172912723   15.151154311815
 10.886499368958 -12.140373161964
-15.784622283081 -4.433180632801 
-11.515566042711 -11.906956473872
 16.216932186704 -3.442554033545 
 16.590813429971 -0.007121281102 
 0.337809673891  -16.592153346475
-16.537086754225  1.446914838588 
-8.010365608408   14.566761153913
 2.534148094704   16.469532110745
-2.601621189191  -16.459296643531
-16.353059339717  3.263621631337 
 4.819053768758   15.982969485568
 11.457492728199  12.217985427078
-13.487346086190 -10.018691047182
 3.130970879195  -16.530532307638
 16.753401336282  1.547823200994 
