 0.973448508160  -0.297925544100 
 0.613571428221   1.512119471720 
-0.655097991507  -1.503133342614 
-1.887613292057   0.237993568954 
-1.464561415968   1.878553090271 
 2.639542523711   0.069783362746 
-2.364251571575  -1.212867294580 
 2.012317185587  -1.884473240155 
 0.583100764327  -2.972095230417 
-0.635856848031   3.325880257930 
 2.573738601112   2.244795339092 
 1.202666353457   3.406823308267 
-3.639524955183  -0.357070003049 
-3.033603845106   2.044189614021 
-2.371817121563  -3.188250014154 
 4.227614198620  -1.022326193681 
-4.020295069150  -1.834403549921 
-2.644697551352   3.566744601254 
-1.030237219741  -4.361195823785 
 2.699830369430   3.795794244616 
 0.158561956968   4.656979781355 
-4.668830871755   0.907292073184 
-1.384465587111   4.651714074680 
 4.973353406962   0.835393824296 
 2.812021183506  -4.357883963729 
 0.486986308354  -5.312945712424 
 4.175655300870  -3.506907771525 
-3.761272446338  -4.102371321038 
 2.010148467737   5.361759176475 
 4.232099889378   3.858490935805 
 5.181346612989   2.527638689955 
-5.433283566642   2.390939443008 
-3.152487101776   5.088417502306 
-6.171983467112   0.857550977232 
 6.100289686057  -1.528493080983 
-6.187259795234  -1.199746056486 
-5.598521675909  -3.084133454755 
-2.041861584256  -6.085428411650 
-5.128162837945   3.995983321211 
 1.737868344678  -6.483641763883 
 6.112116478429  -3.060513508045 
-0.774073347195   6.889962885785 
-0.735059111370  -7.001223186045 
 7.033847569748   0.948977427165 
-5.148861646123  -4.885563325855 
 4.303575377901  -5.726325162220 
 3.240212659830   6.422766096254 
-4.570197759535   5.654523979390 
-6.979909727021   2.171124154223 
 5.713030358044   5.054756331468 
-7.630450254598  -0.016370390360 
 0.702205660834   7.657784933425 
-2.558156286040   7.302768805827 
 6.892314621393   3.544752034267 
-7.662622835797  -1.586025559221 
 6.095494829056  -5.152150247050 
 3.320908202049  -7.264742710319 
 7.599044754479  -2.551048703391 
-6.380418317108   4.896551868558 
-2.007112041874  -7.822824771514 
 1.342877614327  -8.009444068805 
-4.385759850925  -6.847042169034 
 2.445827939982   7.996721510245 
 7.324796426552  -4.069396977620 
-1.152225998027   8.422332297577 
-5.821418279495  -6.335354500077 
-4.770023418621   7.216164482799 
-7.292186409491  -4.735872178787 
 5.029013171126  -7.135570715766 
 8.687214603877  -1.345407856239 
 8.841242736603   0.443179438209 
-0.935395588563  -8.884745668009 
-8.328429005307  -3.256072605664 
 4.950608119163   7.525824629767 
 6.305030366518   6.524113936903 
-3.488118812912  -8.401302411130 
-9.146337919484  -0.940065095069 
-8.978118429708   2.129665381068 
-9.292263973259   0.623045665561 
-7.130629734257   6.278224972300 
-3.757677552901   8.726189966667 
-8.853000439792   3.667125300686 
 8.967779905825  -3.442178337939 
 0.430282806416  -9.685790428321 
 9.239397494919   2.998739432657 
 8.284026545286   5.351438433763 
-5.854656072335  -7.950535083581 
-0.549977328904   9.871895419574 
 8.182216335774  -5.713718845891 
 2.180673063352   9.755262314517 
-6.094121347606   7.953103006268 
 6.770970798663  -7.596056325852 
 4.511806726382   9.157880983678 
 4.492460335576  -9.217145566147 
-4.828340405846  -9.115384323946 
-7.282572814510  -7.327570961662 
 10.251423165000  1.505350889850 
-8.639497890071   5.898041861666 
 2.855535458123  -10.065282028154
-2.889956445571   10.106754062720
-9.990452453499  -3.291617677855 
 10.689069443088 -0.214239579808 
-9.592580906519  -4.794347632263 
-2.679503526481  -10.455606303780
 9.698188071629  -4.836579548089 
 1.466220934354  -10.802755194970
-10.877776617929 -1.210058747658 
-9.798506439935   4.879766917802 
 7.605844079856   8.052679163761 
 1.116982862926   11.081377377715
 6.219563433893   9.240373538682 
-11.155750364354  0.295213288427 
-0.477573224924  -11.157102329277
 6.041961108861  -9.433742788028 
-10.879165593320  2.679370491874 
 10.611354909889  3.701549378091 
-8.850657453468  -7.128120584530 
 11.258421221031 -1.637192537491 
-0.700125309018   11.383054979545
 10.901941739865 -3.457108875864 
-4.468653611372   10.536928510035
 10.216056709206  5.255129424584 
-7.244026254573  -8.935439559806 
-8.773161986118   7.603182741327 
 9.151453758618   7.462259835341 
 4.294678913072  -11.071247781387
-6.838290444092   9.714214968242 
 9.283259653944  -7.465651099259 
 4.364359298319   11.170829036490
-11.776885357159 -2.478668817312 
-5.031157201538  -10.940510102723
-11.202568007604 -4.495231447323 
 5.792374532690   10.695697995554
-10.545307305167 -6.189504218747 
 2.686795078877   12.000560633374
-1.652152194720  -12.188001452863
 2.123330902661  -12.187778040493
-3.236664120809   11.966924068613
 12.293426721219  2.016229911643 
 0.390157846805  -12.528596543560
 10.741636386554  6.748845921417 
 11.477542625388 -5.607499720601 
 12.780862219603 -0.130683142290 
-3.184375726442  -12.383734311467
-12.808125707936 -0.567613523129 
-8.672558231083  -9.527772285364 
-10.300124542389 -7.818763284794 
 8.703298300638  -9.582622872646 
 10.805006091451 -7.174689964926 
-4.879511892974   12.030001814155
-11.195285360484  6.674355375724 
 8.614829037340   9.854931215921 
-12.538720625176  4.172309082242 
-1.016669484834   13.205584626275
-6.642848654448   11.499841819946
 12.581600672244  4.356058806890 
-7.707765298676  -10.901844283662
-13.289156051777  1.424106994523 
 3.456026132092  -12.987024641657
 6.459360470686  -11.801718155190
 5.718520879619   12.204669349177
 10.180352329438  8.840463833305 
-9.373496866351   9.711753316369 
 12.882619478705 -4.149349444365 
 8.000936978131  -10.920491604208
 1.026792942976   13.547216777611
 7.900057640279   11.195086488851
 10.332345557667 -9.080353710322 
-13.676306832555 -1.908272861196 
-1.739963487931  -13.717643043436
 13.687521736247 -2.829295146636 
 2.012171733987  -13.857746333097
 13.925514391048  1.539863833573 
 2.577121914780   13.813971302864
-0.158760568666  -14.066436275419
-5.790223170379  -12.835219393352
-13.536944991305 -3.886124515651 
-8.656399935052   11.187600753846
-12.670059184282 -6.308716668927 
 4.211632051130   13.561961753197
-3.085717503639   13.888287907826
-11.632450321423  8.228890283968 
-11.168509366055 -9.062529845845 
-4.883108776215   13.573229696752
-10.887048760620  9.665730931036 
 12.296813392941 -7.934849667591 
-6.460152677423   13.222184848213
 11.832544062589  8.803188072949 
 9.799049614769  -11.022902906120
-0.397131454600   14.819296335244
-14.409516242755  3.521503247973 
 14.141532624990  4.524071167877 
-13.557776791586  6.094015899901 
-14.878867834545  0.049242058919 
 13.442171248740  6.391448773418 
 3.371924210539  -14.504450057473
 14.664339397020  2.934499788891 
-10.482131351371 -10.692070813112
 5.412565234821  -14.016351697319
 15.092201652561  0.545613179888 
-7.296283201409  -13.234029179259
-4.392014341225  -14.460856117817
 15.102369028190 -1.009080489895 
-15.074177537366  1.892684528296 
 8.158513291977  -12.883289648404
-13.154193410521 -7.756319727829 
 1.112950883124  -15.261642762473
 13.591126468275 -7.041127574586 
-10.379745707538  11.251005868455
-15.015940163698 -3.028221397210 
 14.715154964564 -4.365428726072 
 10.623523042071  11.120108564440
 11.328032417759 -10.420039673696
-2.793284568367  -15.201441471962
 2.312610210626   15.292132262486
 15.262229209700 -2.765422383948 
-8.185798506349   13.219810527022
 7.039573555584  -13.967319010274
 9.146580536515   12.694799000807
-13.138728373750  8.549789858638 
 13.314447539109  8.304579597691 
-1.076068331817  -15.685126691446
 12.601688743425 -9.504684900065 
-9.259773372674  -12.865218832762
-2.231509517500   15.698896488162
 7.883468268241   13.765038745201
-4.954707776396   15.079686853920
-15.085795305821  4.969181030359 
-15.186290336004 -5.129164040242 
-14.620558588557 -6.574483758648 
 5.607273482021   15.117866374774
 15.084646325412  5.716676112449 
 0.748728980408   16.209272711587
 4.193224541998   15.675637723691
-14.503408987041  7.277536044773 
-6.270638899439  -14.995868352252
 5.000048110397  -15.471380413940
-6.887944652408   14.780877357284
-0.857533427602   16.360455942603
 3.403158519395  -16.036630218749
 9.615987700287  -13.340474736718
-12.269642222507 -10.970087515859
-16.456820645094 -0.751614630795 
 15.371135764400 -5.955913687681 
 16.234858417872  3.054219240572 
-12.664508978577  10.669914607713
-16.388410058521  2.808218551398 
 16.672779747102 -1.927447290487 
-10.537864213351  13.076333217267
-16.783837758380  0.771167453170 
 12.957568582717  10.729174082818
 16.373498721653 -3.896243317507 
 0.055081668092  -16.838086349108
 11.780469087181 -12.098449583468
 12.009814913945  11.898678449011
 16.970208704109  0.930420273448 
