-0.082596221925   1.466869264751 
-1.496904734941   0.128169429836 
 1.133385364283  -1.074540033492 
-0.733969164872  -1.388376978949 
 1.492077213238   0.518046837456 
 0.392431760100  -2.742358567356 
-0.644968184803   2.977228777149 
 2.149054332132   2.232698291137 
 2.196026913904  -2.274511109271 
-3.348431136509   1.274429516896 
-3.655695811489  -0.215726330587 
 3.757241966291  -0.961396011434 
 3.858256794018   0.955110795859 
-2.851480744899   2.821818601518 
-2.327658067796  -3.355751927454 
-3.614009160093  -2.103460333327 
 1.110509047579  -4.104519316007 
-0.904986069215  -4.533439963851 
-1.733463718959   4.367500130238 
 0.867595021030   4.743959009545 
 2.966154653432  -3.831019675030 
 3.702755699983   3.229925016047 
 2.367168216982   4.447253511461 
-4.993269039886  -1.155010533638 
 5.329858705904  -0.073220101462 
 4.865864643674   2.200786135836 
 4.907244648976  -2.218381408650 
-4.596074434014   2.906775747303 
-5.639133021665   0.239610132855 
-3.634716027227  -4.345505194665 
 4.466697222953  -3.773781430039 
 2.451066164574  -5.430483767829 
-2.909715868158   5.392231297986 
-1.539223808515  -5.933585515848 
-0.761823407366   6.291439390675 
-4.507380033884   4.555945777953 
 5.045130034790   4.020181558997 
 6.364535193427   1.309873181610 
-5.206026806888  -4.056652779591 
-6.458263335592   1.811444876666 
-3.366242206432  -5.847170889943 
 6.249750445747   2.900411857496 
 0.896680378225  -6.852071895032 
 2.236524284588   6.600340925449 
 3.900824300403  -5.824740068441 
 6.826941217826  -1.821805521127 
 6.295675985945  -3.290231717333 
 0.759322498571   7.074582970092 
-6.512282645013  -3.220107811412 
 4.357858358581   5.919174821088 
 2.491686111206  -6.962133184411 
-7.368805811369  -1.277467144392 
 5.749718979930  -4.880933780791 
-4.144598932324   6.431599260964 
 7.656015004982   0.499185504963 
-2.654473278570   7.232789453042 
-1.620478705697  -7.620538720460 
-5.695394588231   5.566087641213 
 6.363091818208   4.904301598623 
-7.936271489243   1.344330055100 
-6.555411293434  -5.025107783332 
-7.087184398594   4.426167627696 
 8.081212308868   2.221592003151 
-4.672877121888  -7.055613605858 
-3.252336295092  -7.826053762886 
 0.086447349725   8.490741181809 
 8.116298584290  -2.681773732186 
 8.516777959340  -1.158826760825 
 1.608025685906   8.567217455789 
-1.929986391535   8.582151835432 
 0.650596690205  -8.921722731050 
-8.456649733156   3.171184621926 
 5.698644513870  -7.025121093365 
 3.937086145111   8.158209719345 
 8.020379811374  -4.215871594307 
 2.317527357515  -8.780153289764 
-5.539708400951   7.330935232381 
-9.022793115381  -1.858882514302 
 7.935885298146   4.726776956411 
 9.280405970600   1.097423768914 
-3.648749312159   8.750468522723 
 4.573069934741  -8.342880458235 
-1.413200037215  -9.421445635913 
-8.208304627106  -4.887094505812 
-9.630151642506  -0.388268253752 
 7.315103967654   6.280007982032 
-9.670052529325   1.135443647065 
 9.140810179537   3.485526624031 
-9.161668109860  -3.521020474640 
 6.266938880464   7.659623491927 
-2.925988258552  -9.454531810325 
-8.841470509623   4.722844456222 
 9.910389504342  -2.198184835406 
 8.420249833755  -5.730434670996 
 1.611490015463   10.124155845609
-7.313373016054  -7.282322102287 
-0.493386880031   10.321422971534
 3.489853547304  -9.782178343213 
-8.238019180637   6.370780315974 
-7.134514069406   7.621084038025 
-10.169784233453  2.627225462899 
-5.381704790494  -9.102611159711 
 1.242266571180  -10.502720530918
-10.573324790891 -1.837722376855 
 10.810473934679  0.483115676507 
 5.958257006778   9.202068287074 
-8.716402946042  -6.703558018052 
-5.943461001715   9.298611053424 
-4.439226212459   10.122308275528
-2.279021748988  -10.846032450439
-0.550127389485  -11.069409055849
-4.296434544640  -10.318606884883
 5.322982617341  -9.829745780066 
 10.103992458035  4.784257194971 
 7.261715273710  -8.521064108148 
 4.755664488798   10.236813294209
-2.710944220365   11.032761065852
 2.986967571494   11.017369532259
 8.695004096400  -7.456665548513 
-10.848373309477 -3.703328229155 
-10.544602692486  4.527729108546 
-11.457719062721  1.227041411349 
 11.004663917380  3.441286456045 
 7.721202285862   8.606778751254 
-10.378497473118 -5.197891311183 
 10.544053967373 -4.933316126663 
 2.557108103402  -11.401266110696
-11.700678696839 -0.402355954704 
 11.646072972507  1.799992432037 
-7.573102668947  -9.139331327532 
 11.879676392445 -0.586581543672 
 10.069354748334  6.562847660159 
 10.150418167511 -6.459027672752 
-11.821720795723  2.755751005164 
-0.494625634186   12.165884518919
-9.963347003193   7.002208608000 
 11.956941755059 -2.388702324228 
 4.525214156500  -11.407885759545
 1.338811044350   12.213039702391
 9.342018287718   8.010618778992 
-9.144113778663   8.271867632485 
 6.730192501184  -10.351113293400
 1.111671268161  -12.327222914483
-10.207856488712 -7.037190742904 
-12.126751217080 -2.604210907724 
-9.238594175270  -8.286136044642 
 7.257562584789   10.199602546757
-11.091377291544  5.949365877482 
-0.388577330348  -12.641763379562
-8.285010817123   9.631645118100 
-3.831473960728  -12.116975817315
-2.242615979663  -12.544278076038
-6.946418380139   10.710195026891
-5.502214755126  -11.556523305041
-5.444193021620   11.587560248939
 12.859025647222  0.794851510383 
 12.694951946327  2.969797756259 
 12.043290680790  5.141382627303 
-13.142719081640  0.700563091853 
-3.778697830081   12.644700871186
-12.037375696263 -5.410890259840 
 4.286399539786   12.515642157776
 12.527552049052 -4.268398328458 
-13.180648393878 -1.316614983121 
 11.708922970134 -6.212410512826 
 8.640899527896  -10.158142248734
 9.956231398192  -8.913142999727 
-7.877668732915  -11.016292302091
-1.735897217179   13.475708622553
 4.104262181782  -12.985282370994
 11.201543097909 -7.768237795447 
-11.069115862628  8.060068148761 
-12.926776910311  4.559845358815 
 2.377556380982  -13.524219639136
 9.226819264728   10.208044743794
-13.512975462270  2.634443654249 
-10.737200479015 -8.674529819401 
 13.780563246773 -1.274395212256 
 11.425087386664  7.962214470877 
 7.122929604731  -12.017451321462
-12.638120896150  6.033315470845 
-9.904821165461  -10.021070972838
-8.267565550494   11.542687793631
 6.255148427939   12.792782669077
 8.013345752639   11.856721592290
-3.051118871658  -13.990542264256
 14.073861614574 -2.776739696294 
-13.936093069690 -3.549857702903 
 13.837051554162  4.009316687945 
 5.980290622202  -13.115753206742
 14.277098514854  2.175209011300 
-6.089090275255   13.164137951116
-4.950117148507  -13.641557177167
-0.344951497032  -14.526335178194
 1.000560460001   14.503528132314
-6.623820778916  -12.963059447395
 2.603532358885   14.342525364100
 1.181879575845  -14.561976209189
 13.547303025073  5.564920555676 
-13.767731999136 -5.100549104452 
-14.693512375246  1.583733755596 
 14.052950505347 -4.582699104714 
-14.804201277713 -0.483506797451 
-14.708797392104 -2.025091292213 
 14.844964818422  0.584238667473 
 12.876073530756  7.543380429840 
-10.280275537675  10.852444541281
 11.550931661960  9.515166277853 
 10.576549982715 -10.591009153502
-12.610730639570  8.065742337078 
-12.998870546686 -7.428625515495 
 13.160754365466 -7.140290274177 
-2.635189762476   14.906497667036
-8.164960593230  -12.756191631879
 11.975522918932 -9.284064147310 
 5.578706732728   14.160074964550
-1.907505690392  -15.147123489764
 9.537411247486   11.937869086281
-15.158059966023  3.076010543667 
-4.215250198946   14.991126631231
-12.039039413436 -9.961763535328 
-10.993828984323 -11.189721907860
-8.462729304624   13.290337179687
 5.625268189125  -14.759881658625
 8.954404511450  -13.027775034910
 3.842800504144   15.353373464955
-9.860430735353  -12.407009125492
-14.458520636878  6.661917836232 
-0.634926447648   15.912664009348
 11.475842527454  11.149352457730
 14.467637936184  6.935471967286 
 15.244900150031  5.007587264868 
 13.453852351529 -8.772103602332 
-15.812299679682 -3.160269616738 
 2.428569892473   15.954502056216
-12.326701816272  10.417478539871
 16.140904915540 -0.184297762131 
 2.816894899945  -15.896576732293
 14.934724602201 -6.223825456965 
-16.180625635126  0.202332467456 
-15.118904184637 -5.820534503394 
-5.995405272841   15.054771428216
 4.324877915232  -15.733478520242
 1.190947748743  -16.300721233033
 0.922703180321   16.320031491985
-14.141607876261  8.224265892738 
-3.719968133877  -15.945272057760
 16.002621249171 -3.568390698105 
 7.729287242084  -14.465766508681
 8.233425701525   14.217026386738
-7.777029006688  -14.478741729681
 16.347048117052 -1.906347522670 
 11.642045156594 -11.648682947001
 16.255136267191  2.729337206622 
-15.822029486081  5.051850738438 
-9.253874348401  -13.812175694405
