 0.462714217239   0.142303655428 
-1.107022755464  -0.105230058269 
-0.536796275943  -1.499482019559 
 0.247677166415   1.755942278409 
-1.792266757232   1.302176171067 
 1.234388521517  -2.303283101020 
 2.944872158933  -0.393638866150 
-2.790896092950  -1.048205385246 
 2.297605579476   2.504774895459 
-0.690375008024  -3.393283161813 
-1.387274969744   3.403981460707 
 3.398210071133   1.480088952285 
 1.157827164276   3.625024023242 
-2.230838462159  -3.206197506064 
-2.845458290107   2.846187686234 
-3.494930888350  -2.384654318378 
-4.257260359010   1.012878000420 
 2.042158446381  -3.894923985412 
-4.340454114006  -1.060531703981 
 4.486913093612   0.034852955060 
 3.752719029884  -3.143675046887 
-0.536388431986  -5.019445265960 
-0.666976666377   5.010817591172 
 5.055568802206  -1.562157885149 
-2.539725190105  -4.736838707430 
 4.212010472690   3.366298692827 
 5.130272955350   2.011094356899 
-3.971014830102  -4.016107363217 
-2.852490731883   5.166275395152 
 2.184958842902  -5.525512032028 
 2.328743296641   5.480685356027 
-4.959041871268   3.407706240993 
-6.093298825961  -0.608145288432 
-5.890344465859   1.845802040654 
 5.268758530961  -3.227717017872 
-5.832449074069  -2.253337408360 
 6.283712330835   0.873257479612 
 0.716193057948   6.305792199035 
 0.605236618936  -6.363065260853 
 3.922033142340   5.081530002057 
 4.483439786589  -4.597514194532 
-0.933410204807   6.510296396397 
-3.586351205700  -5.959579363625 
-1.160162884379  -6.901462737817 
-4.399761106824   5.914799563106 
-5.344169142133  -5.166669830023 
-5.839721023063   4.860846695948 
 2.843910046749  -7.058837730388 
 7.196616726179   2.666441716820 
-6.579056262817  -3.969386633075 
-7.730109328282  -0.401489700108 
 7.745459203310  -0.583498363850 
 1.701308109325   7.712096475300 
-1.933840914501   7.727521070299 
 6.821643380672   4.191848116429 
-7.346103462668   3.213729016147 
 7.751332260887  -2.202440732315 
-7.850044795566  -2.137444388064 
 4.707992848711   6.686072241722 
 7.283379760051  -3.765979653513 
 5.941189974049   5.673268829655 
 6.236149310807  -5.412233471075 
-4.995105878927  -6.631707880069 
 3.381279246891   7.597567220975 
-8.195949564129   1.491056239131 
-3.608856971837   7.580449318852 
 8.493875253826   1.717603852051 
 1.893008353557  -8.484189800869 
 5.066892379467  -7.133722920384 
 0.109504025153  -8.787379513707 
-5.950974693435   6.487771433875 
-1.448093579868  -8.792758592381 
-7.557750111496   4.931159192521 
-6.499830240357  -6.364828847551 
-3.060449601185  -8.602327825992 
-0.216011486484   9.209410350501 
 8.598212952798   3.359914543836 
-4.652154741196  -8.255803436604 
-8.935198884234  -3.218039748709 
 3.938212208251  -8.652708972307 
 9.502923881575  -0.762011450557 
 8.048232027298  -5.124331497981 
-2.633035378283   9.253975102703 
 8.939468216695  -3.629066629866 
 7.440813625024   6.153577936436 
 6.188320171143   7.476899782737 
-9.678095036191   1.199565377113 
-9.677922394165  -1.876503713169 
 4.223946640011   8.938917839781 
 8.670579274273   4.913557173279 
 1.029660528647   10.130800688901
 7.800626255460  -6.611901232623 
-10.327347054666 -0.327570888728 
-7.610621839473   7.084147203680 
-9.799544681518   3.486670989865 
-1.565037647782  -10.313525537170
-8.495117459598  -6.056757465072 
 10.186644594890  2.352462922404 
-1.444346880546   10.364063898388
-6.583583866261   8.239976193874 
 6.174618429904  -8.560292244542 
 10.560650811287  0.316045871463 
-8.940073630072   5.738073571900 
-4.674897969228   9.567166464359 
 2.643465592667   10.472683071595
-6.612545250512  -8.587766367903 
 0.440251203708  -10.936464740556
 10.891588617264 -1.565668257046 
 2.204801980234  -10.859005146194
-10.891584232981  2.180146836405 
-10.900426949601 -2.766506126486 
 4.847624283192  -10.162704732013
 9.357061748357  -6.342202448460 
-10.490004443321 -4.274008527761 
-0.225779176345   11.343357683606
 7.302237704830   8.713205830350 
-8.164188983177  -7.964913930598 
-2.890989232015  -11.080790010678
 5.970627922379   9.889517700768 
 10.885208851358 -4.026003061438 
-10.022452844525 -5.979603414524 
 10.393805611874  5.327436777141 
-10.423010944637  5.360532277895 
-3.614783672218   11.163882222370
-5.220544295926  -10.593191797142
-0.764271926988  -11.911208846613
-5.978932651976   10.365561766768
-12.012249338152  0.712482340681 
 8.911870188916   8.200187821673 
 4.544567094057   11.228387717494
 9.990414672102   6.899970252202 
 7.030861396129  -9.954127012951 
-2.056200818528   12.013661208191
 8.508880980034  -8.735687481870 
-7.846514940933   9.386928517609 
 12.331791835950 -0.719261911199 
 1.029009917777   12.361781659820
 12.180906658160  2.397473628412 
 12.121893901786 -2.737195600561 
-9.232248680550   8.389116537925 
-12.382194795846 -1.941914298181 
 3.311382701967   12.173234488680
-12.249196180576  3.021887122864 
 2.482199210081  -12.390301529196
 11.016966243423 -6.230021954310 
-11.684607398070 -5.218358103821 
 10.349155013440 -7.610098031565 
 6.101387874740  -11.314697764218
 12.273514269097  3.953275424394 
 0.493834153295  -12.914847575428
 6.033111330936   11.437338317322
-10.640054276101 -7.428270532445 
 4.750715178565  -12.135956279863
 13.045316486508  0.653510303229 
 8.095116015093   10.251248811653
-1.904062635127  -12.924411589551
-7.038796816582  -11.007052263180
-0.729155441090   13.158208432470
-12.206107315751  4.992669437916 
-9.805947300012  -8.846925287441 
-3.394595957359   12.870612000382
 12.111625037567  5.651409675187 
-5.819347082847  -12.049288224685
-4.354780023612  -12.724454240466
-13.483057427913 -0.746500795045 
 12.399978744451 -5.367089816088 
-11.376973883468  7.353325459826 
-8.664822395505  -10.443983765218
-5.436502363520   12.458550034831
 10.113521507551  9.184822976405 
-9.354519268938   9.990793263687 
-13.699648491287  0.828097826113 
-8.097881009799   11.144606219614
 7.866244387493  -11.357638797714
 2.078720831696   13.663473795390
 13.664093625498  2.131355696671 
 4.864924226776   13.073711403493
 11.690440649095  7.701502838064 
-0.635592023412  -13.999681471907
 1.582085588554  -13.998048587328
-13.434077713982 -4.240865391437 
 14.052660505944 -1.030312535215 
-10.656667062809  9.238863345803 
 10.111130967697 -9.911458848361 
-12.586158910093 -6.563458315525 
 13.773210895720  3.662611135646 
-14.047596542497  2.439061516316 
 13.868393503855 -3.312147076443 
-7.052346984263   12.613775479998
 6.388085302232   13.014401800977
-14.287442383791 -2.507274824198 
-2.065053564660   14.469927795559
 7.934767034869   12.312310197496
-7.774860541795  -12.452419487637
 3.296595835637  -14.310332549079
-3.080091533261  -14.402138125615
-10.565599389684 -10.391430766276
 7.366176141424  -12.945171551379
 10.044960668042  11.072006557391
-5.345978074341   13.961738745919
 11.773024990955  9.223163290771 
 9.601974123524  -11.499545447288
-3.648198849581   14.542018130350
-12.863087261380  7.770969525033 
 12.639023088141 -8.139747001469 
-4.878830031988  -14.222796596990
 14.190920908792  5.196580638045 
 4.325834852036   14.507121366797
-14.174501402269  5.424859818721 
 5.875453063422  -14.025656373706
-15.198516290844  0.516881563325 
-0.389161069935   15.209836964399
-8.601039408385   12.594570845001
 11.857580713690 -9.642792431812 
 13.589702357762  7.107820821871 
 1.729757494605   15.294150397798
-15.347757793801 -1.253733804304 
 15.324926303354  2.410303671117 
-15.017172544934  4.063240639683 
 2.183335166504  -15.406667699576
 14.188386352769 -6.483802317015 
-14.696420715874 -5.357821825092 
 15.674926642014  0.266258646083 
-10.878587424553  11.296168793398
-12.553902588735 -9.476106218464 
-11.949055459188  10.243728868027
-9.296993838343  -12.733254001823
-6.653421761809  -14.324091269481
 15.407693066102 -3.572487217909 
-15.533789363995 -3.578307121897 
 7.770793453344   13.934033804913
-15.851661946417  2.118642404363 
-14.240527720813 -7.289810577141 
-0.362647716588  -15.997430148314
 15.207876052872 -5.160135510713 
 4.557503630000  -15.492037606741
 16.161497332565 -1.316705872874 
-14.447420689799  7.455500174328 
-5.023526877941   15.473442831562
-3.219665832210   16.001740864484
 3.628424397458   15.925058233491
-12.181172616520 -10.937500681286
-1.646335134653   16.294885042445
 9.683844490020   13.216184562973
 5.505636467278   15.464583424270
-4.099394734581  -15.897463189882
-11.021866566756 -12.269829083325
 0.767792874188   16.475547318581
-5.715005966132  -15.514306781058
-10.533710954227  12.764069756867
 12.209743014109  11.248275962443
 13.666026190203 -9.529832619354 
 13.979842534358  9.101461887858 
 8.556232721859  -14.333228650265
 9.990780996065  -13.503818737856
 16.380680786965  3.941311535421 
