-0.143101565483   0.190916200559 
 0.667759292435  -1.168165343893 
 1.061731759434   1.331189648117 
-1.967933307620   0.046736066584 
 2.043194587128  -0.021124577728 
-1.799753571770  -1.646352730727 
-1.023541990992   2.260166833654 
-0.483696104376  -2.620828113660 
-2.632603126386   1.776132971306 
 2.376730859170   2.271465211815 
 0.341312760490   3.497121984523 
 3.521917309247   0.696163073393 
-3.617103941729  -0.678918525902 
 2.265805451876  -3.068820977120 
-2.301527861554   3.470250593596 
 3.962060958331  -1.516340520001 
-2.811154440518  -3.189358556209 
-0.631653245547  -4.292278050926 
 1.184032103923  -4.203515653690 
-4.366113976375   0.796475949359 
 2.064086895857   4.047559136436 
-0.376350043079   4.843180569883 
 3.719871949072   3.179451083040 
 3.906592530968  -3.064486755926 
 5.189793663912   0.921574913429 
-5.309350383196  -0.538815499369 
-4.967802128077  -2.006122838435 
 5.458973700253  -0.753417075192 
 1.210451958754   5.463029864631 
 2.914229536410  -4.933718484957 
-4.083521085218   4.087378553907 
 5.237175559635   2.619529971046 
-5.785951575192   2.233265152603 
 5.824318698986  -2.261299746962 
-0.379248886469  -6.287746741542 
 1.748575461983  -6.140783318765 
-0.966816194573   6.404513667738 
-2.522196858317  -5.996629382466 
-2.677123419948   6.049929277175 
 4.325461084039   5.185224105971 
 4.752333095586  -4.812092881771 
-6.768175181450   0.601287127556 
-5.648824247416  -3.865202224872 
-6.899280624885  -1.023339116671 
-4.177540226871  -5.634418467866 
 2.521846081119   6.568829844398 
 6.994128367532  -0.779126736780 
 0.815298411059   7.008630780855 
 6.943253303054   2.073719365323 
-6.771445211007  -2.597917854225 
 6.403394777574  -3.678938625849 
-6.005497614645   4.404677203500 
 1.439544027334  -7.623041747016 
-5.684813345097  -5.392412505290 
-7.309958495913   2.847721535334 
 6.019611255612   5.046674686239 
 3.461275282205  -7.150741414592 
-3.506273542833  -7.183948448930 
-0.542243723544   8.061809276017 
-2.083601001985  -7.981910268022 
 4.910446285403   6.655565803035 
-0.188980421203  -8.270072645450 
 1.938378383954   8.083666915831 
-2.313395971764   8.010619820514 
 7.913324920773  -2.675835209020 
 5.923725226542  -5.989247230860 
-8.538455520036  -0.132762101730 
-5.607272731837   6.604111687771 
-8.569145860786   1.476670859045 
-8.480819152153  -2.145093086888 
 8.795376022370   0.096459022521 
 7.758765866368  -4.368507037886 
-8.021212017181  -4.097715073831 
 8.254540857134   3.739107534064 
 5.029951717154  -7.611979041073 
 9.167671344917  -1.392063207865 
-7.216420923306  -5.901224821542 
 0.789217835468   9.372161443945 
 3.324648750335   8.864715717974 
-3.618334951750   8.787661142209 
-8.781756105684   3.720114722335 
-5.114327294008   8.063990784667 
 4.787473644385   8.316651103317 
-5.262778069209  -8.050448686836 
 9.462256569673   1.862867831660 
 6.831658618662   6.849681011731 
 3.110239974401  -9.170720230856 
-7.323540145820   6.421288465321 
 0.372505355292  -9.764905617972 
-8.422750333537   5.298891129045 
-9.362291923324  -3.375956575691 
 7.593468370551  -6.663490771374 
 1.910805194453  -10.101775304602
-1.131230915768  -10.220296972981
-10.135364296788 -1.871708969557 
 8.299308511399   6.236913150864 
 9.478936109624  -4.339273666780 
-4.097525886464  -9.599624038275 
 5.111878349290  -9.255821746871 
 10.598078441384  0.567585791356 
-1.168806886733   10.589181678888
-2.666781581145  -10.328949719590
-3.046794597355   10.253891373212
-8.988874919673  -5.956166712415 
-10.737841768339  1.138414088717 
 6.526701271984  -8.631769761142 
 9.018586967009  -6.040072846396 
-10.392865627704  3.160032776674 
-7.465208493249   7.936970777207 
 10.916905699028 -1.178441048949 
 10.031175691459  4.537250992192 
 2.917077746426   10.629269885286
 10.775921167122 -2.862270914308 
-11.178171696540 -0.354064870814 
-8.817523542924   6.992021871704 
-4.741346232158   10.222338116449
-6.240289066431  -9.440886239766 
-9.915289583776   5.571573417943 
 6.972541501145   9.003292751329 
 1.315745423994   11.351119682567
-10.453897159479 -5.026066300421 
-7.780573586745  -8.602915006070 
-0.109547733033  -11.722039738680
-11.216186501493 -3.484170833599 
 10.068040896498  6.163621417042 
 9.159771802271   7.513518281940 
-6.794019177452   9.714946173413 
 10.535110561493 -5.449012703676 
 9.213064267498  -7.605167981093 
 2.264050601387  -11.772408263503
 4.006548259353  -11.385352755959
 5.954454471740  -10.522147775414
 5.401448700150   10.926650855870
-2.727560250105   12.034261510132
 12.066530898611  2.659678035697 
-10.077379287494 -7.153494888709 
-9.054345375806   8.550427742937 
-11.870763180541  3.826141647665 
 7.670794636815  -9.851040537796 
 12.464600852741 -0.877337631430 
-12.272869148996 -2.401922615094 
 3.946003176980   11.900841664359
 0.183865149136   12.685467592586
 8.648530579475   9.334993743809 
-4.209582425541  -12.061025785841
-4.437395563397   12.057262656433
-12.728529875778  1.803478133793 
-6.226830579394   11.284897991557
-11.809962141147  5.436736961140 
-13.005736931559  0.192674191546 
-7.601271704117  -10.579338111707
-2.781818433489  -12.757404655901
-6.202545675598  -11.501182135087
 5.654946894109  -11.999401929976
 12.166748707976  5.304539650446 
 13.269113397930  0.750617898886 
-9.984854571510  -8.780559174227 
-1.278897946068  -13.242663235342
-1.760485202718   13.195673713846
 11.640622371800 -6.577969091486 
-9.002273882606  -9.917006185638 
 1.854411570008   13.333994765166
 12.522800393044 -5.158312568904 
-11.525625401838  7.204489149332 
 2.731650697559  -13.343835824248
 7.221842841087   11.714411491315
 9.677506565114  -9.825091216616 
-3.443951796433   13.357825500692
-12.247474834477 -6.492273611991 
 11.640219512175  7.555700333432 
 1.064161777934  -13.873218312412
 13.535861073401 -3.253951332813 
-13.782584185102 -1.966912107973 
-13.276160316540 -4.252868969944 
-9.560840800074   10.237343246242
 13.654849228362  3.341731689530 
-5.808617866338   12.861581098702
-13.369198072835  4.582256553240 
 11.050105652050 -9.114599340513 
-11.664109779296 -8.409112548505 
-5.536144410821  -13.374602406203
 10.555942153923  9.930489187208 
 4.099967682894   13.912941491821
-11.009390111964  9.493256651425 
-3.694568906131  -14.080639188380
 14.439932641087 -1.942768798104 
-13.245096712556  6.211198262400 
-8.889456234185  -11.628541851776
-2.248909208385  -14.506012639457
 8.475796910918  -11.998126700809
 6.311649115082   13.265857972187
-7.622550452839   12.568494377040
 4.208939435417  -14.096656352342
-0.024471590828   14.715803690509
-0.447755376264  -14.736732173952
 9.085025491924   11.660509351819
-13.636286666681 -5.745330088323 
-9.049704587221   11.732244896975
 13.283328397212  6.573070087619 
 2.769314819128   14.672249629355
 13.379678575725 -6.628066938594 
-7.049960648845  -13.228627754535
-1.685111123209   14.925680461720
 7.414833637799  -13.075886435783
 14.937830363476  1.686717273211 
-15.026034981714  0.703435946896 
 14.182766404899 -5.232693758244 
-11.355888979694 -9.997239276451 
 2.830644330923  -14.869230506095
-14.853405380436 -3.514660525521 
-10.396891211644 -11.195016621956
-14.937611787736  3.335449714959 
 15.298895227971 -0.590695454752 
-13.278596570451  7.822963264875 
 10.160584036212 -11.657352272406
 14.686721009094  4.943057422560 
 11.338552479665 -10.647458650198
 12.326184779696  9.507728803785 
 6.012638093501  -14.376741386145
-13.214261372277 -8.284401057628 
-15.573391064323 -0.940714674340 
-5.256086420261  -14.885851474640
 12.556506502103 -9.587336285429 
 13.572770240818 -8.242663328727 
 5.390200336303   14.967179640414
-5.624877126295   14.891937327926
-3.206222313306   15.665005596720
-14.833006687088  6.069491121845 
 0.540945459267  -16.133963773245
 8.087006710437   14.020822781146
-7.968490744757   14.188492400398
-11.053356182324  12.041775430906
-16.175811461034 -2.474978556980 
-8.395059827432  -14.046653618032
 15.770252021318 -4.388871654043 
-15.618224858781 -4.927898536018 
 16.398038337138  0.525595513207 
 16.265789780761  2.525833025932 
 15.962367004209  4.046993551313 
-1.834926438962  -16.411926331340
-16.425085332320  1.745129348282 
 14.375850853053  8.178000244190 
 15.332046528980 -6.215065829511 
-15.841897658343  4.783228926592 
-13.406601335462 -9.784802199735 
 3.680667839760   16.206146274775
-0.084929501195   16.652881044827
 2.132230232234   16.519275532114
-15.060330582365 -7.140192779217 
 5.102493294406  -15.936462838896
 15.528316321864  6.279469156808 
 8.665975746336  -14.420706282019
 10.556358655406 -13.145949593937
-13.474369147009  10.164993935552
 11.759891987524 -12.146096320540
-11.906920771811 -12.056887472219
