 0.189671212767  -0.166239954355 
-0.134649505658   1.502780165717 
 1.151746767163  -1.508395564510 
-2.365697468151   0.305682084871 
-1.780379023309   1.719049409518 
 2.030494085725   1.463425307467 
-0.070177103018  -2.806810532425 
-1.822027343493  -2.155957551295 
 2.950426704708  -0.710873540615 
-0.454703548269   3.225012090586 
 1.526508341574  -3.215392473759 
 1.004116940333   3.847162882999 
-2.773600700394   2.974484587395 
 3.738621428949   1.973413862925 
-4.232182917913  -0.573257981862 
 3.041586676361  -3.036116777288 
-1.164027071717  -4.158479779922 
 2.978529754280   3.300158860848 
-3.611696566397  -2.849433976085 
-4.591025054326   1.354609316036 
 5.007637365457  -0.308425896621 
-0.910539109399   5.126261082275 
 2.193856615266   4.895998251413 
 4.673532627070  -2.701666496473 
 0.131900165710  -5.499724488596 
-3.336603552109   4.380131461824 
-2.432654980692  -5.052044591738 
 3.544909265912  -4.518121920442 
 4.464332399051   3.656416346885 
-4.052966959631  -4.612202954740 
 2.457408742534  -5.635519650668 
-6.195669496641   0.612859474985 
-5.618481373967   2.836781224745 
 1.394913547084   6.226729387534 
 5.735166401001   2.806054490051 
 6.275534924612   1.206902704701 
 3.876347141518   5.128009466435 
-6.143868149226  -1.924816746898 
 6.291974278288  -1.863012763670 
-5.563998840020  -3.541343954346 
-0.166198637075   6.724633527127 
-1.117284133498  -6.689577061985 
 5.774367081898  -3.748997216078 
-2.487129342265   6.426753157518 
 0.477469018114  -6.988237204507 
-4.877117030854   5.114809845853 
 4.380960635079  -5.894413628676 
-7.381330736363  -0.370350845793 
-4.101446776355  -6.206830416502 
 3.579454539737   6.618019723994 
-5.640310634652  -5.066412698582 
-7.198787880335   2.751505651447 
-4.003221743465   6.707403019689 
 2.983028926674  -7.296700689364 
 7.972457893817  -0.005839585299 
 5.812831324757   5.533167513091 
 7.490472402422  -2.913467027527 
-7.843809242664  -1.886626199465 
 7.457102651821   3.100518951676 
-8.083109513808   0.965420877528 
 2.219252580228   7.931077460580 
 8.127128940917   1.585571709261 
-1.822529778169  -8.102016612622 
 5.919540113278  -5.833232130720 
-0.774220587542   8.343355167297 
-2.533736506800   8.005057789698 
 7.076421561597  -4.666675281709 
-7.422473596238  -4.138200337795 
-7.318039372188   4.497791950031 
-5.833748864983  -6.640920615954 
-4.440907790466  -7.684128302053 
 2.092319273861  -8.889093109702 
 4.954301633079  -7.726401175571 
-6.080511494395   6.913974835489 
 5.050519324067   7.767842544456 
-9.094723463217   2.136211639006 
-4.468618786153   8.277180982485 
-9.400396784076  -0.509034944996 
 3.549482308210   8.762860065540 
 9.399788500016  -1.275647390673 
-7.484656419483  -5.947398707333 
 9.567151447258   0.763117759414 
 6.954159288462   6.655232926082 
 0.073494404367  -9.649914548567 
 8.108271337372   5.271950014315 
 1.396220730100   9.595239892897 
 9.255910426548  -2.953782476105 
-0.099693538346   9.810393212773 
-9.426732310298  -2.877747498662 
 6.463182051772  -7.580883257518 
-9.117788867066   4.025314930263 
-7.719311593431   6.330884374225 
 9.648619928650   3.037187631022 
-4.044305187703  -9.298678128122 
 3.776604739283  -9.421034179977 
-6.002680595551  -8.294064659528 
 7.804327231012  -6.735636551019 
 9.298102023768  -5.054390621177 
 5.956108095549  -9.070583263301 
 6.884756379846   8.399159396619 
-10.711387879229  1.798753236417 
 1.260433067998  -10.792451966143
-2.483973729436  -10.595139744138
-3.657702645296   10.324078665230
-9.200843510675   6.085059122047 
-8.263282456642  -7.339749485302 
 11.061207156699 -0.337612790471 
-1.657662718318   11.012120341390
-9.428310781021  -5.960916230353 
 11.037093236826  2.002004497222 
-10.254516402043 -4.610204990049 
-8.058796548993   7.846016728741 
-5.802770279456   9.658730907424 
 5.111599825137   10.164067409838
 1.225447677088   11.369310459492
 10.743627780098  4.159676592631 
-11.501139153621 -1.755858373523 
-11.645939003140  0.249774008312 
 11.229232063229 -3.298829817297 
-10.828395922991  4.575174291516 
-7.274476885035   9.289557839407 
-0.344227569814   11.804153032278
 3.179150289684   11.423954193383
 9.709746595892   6.848879461856 
 8.164827320081  -8.649336524946 
-11.646158387850  3.008621923895 
 4.862564488899  -11.109734018693
-5.051178027023  -11.033686119343
-0.726580619778  -12.121351900798
 2.510692719324  -11.891668795291
 8.261994314236   9.006199472862 
-7.454769089724  -9.700873342824 
-11.798626338386 -3.656142207597 
-3.229313243629  -11.990127577505
 0.776020159776  -12.455521573227
-3.367479275388   12.084101658997
-5.576577681558   11.237103169856
 11.462957224231 -5.269784007007 
 10.364861349129 -7.350369154774 
 12.732414244241 -0.821851481099 
 7.473478350341   10.372439879671
 12.789643623798  1.668760695369 
 5.732526229217   11.626859399276
-10.855281004361 -7.095515971133 
-1.310461597092   12.987076039370
-9.676235323041  -8.802634317867 
-8.986072078578   9.535016885180 
-10.761398485075  7.610879872025 
 12.094518919562  5.252380197457 
-13.210105421893 -0.208563107651 
 0.541605017125   13.224923478487
 10.882742448433  7.970393213916 
-4.550517588780  -12.721474843907
 13.142989652982  3.169612558065 
 12.983176531359 -3.798844045089 
-13.440397883776  1.576019632782 
-12.275535059894 -5.883333975101 
 7.698339793352  -11.299465619855
-12.122664756172  6.323982913233 
 10.488367270797 -8.875523801251 
-8.514635640523  -10.784941071665
 4.133615541662  -13.108297362430
-2.942949267178  -13.506907001677
-8.460606991587   10.944939162072
 3.325708901702   13.449635827263
 12.081295705609  6.834352218472 
 10.099976074535  9.537695881621 
-6.166064088200  -12.519909706439
-7.151623844641   12.020169489010
 4.846366884147   13.167277729331
 5.874687776142  -12.758316265758
-5.854797939560   12.780169027884
 0.498291518268  -14.058275961937
-13.607240731771 -3.791499951329 
-13.217913610178  4.989924602590 
-3.421425499721   13.751429153424
-11.316014154240 -8.588893524315 
-7.604820634314  -12.008467856789
-13.872623889505  3.484717270260 
-14.137269106792 -2.210317989296 
 14.155704997453 -2.296700695261 
 8.828025970157   11.463196267920
 9.366347822779  -11.158205123833
-10.579946348975  10.046431290347
 12.138600480296 -8.237635166004 
-1.705272900945  -14.606699752561
 14.684791572659  0.891402766989 
-1.764065731986   14.627623295736
-14.779374029163  0.384457885965 
-12.784531434005 -7.441990106659 
 13.733346050854 -5.566781158415 
 14.256911737404  4.222772475060 
 2.744279922067  -14.636332427685
 1.597903074300   14.810058787555
 14.967272543191 -0.603096644180 
 6.878720350832   13.323588263230
 13.210797022052 -7.137569889184 
 10.793028351710 -10.448036223481
 14.480882057849 -4.082424213059 
 12.542320733715  8.338339392744 
-10.991321155211 -10.336956891999
-14.972315461399  1.938269268347 
-13.365823235762  7.328681657337 
 8.312354863339  -12.886369752440
-5.665389360107  -14.304306179940
-12.643045681701  8.784106288073 
-9.416566303119  -12.245287708297
 0.151253029004   15.452741492951
 4.263044241735   14.859420653791
 5.664113279362  -14.424251801889
-9.100315580961   12.543953820913
 13.869693176405  6.944049248359 
-14.964976157107  4.604709561721 
 8.671056837520   13.072255903315
-15.663397382885 -1.547817457353 
-0.511349502109  -15.734707935664
-7.025829622356   14.151743868288
-5.242375847937   14.941486080873
-10.691124489616  11.708960249881
 15.618500279472 -2.740255913721 
-14.558369758947  6.316244117394 
 10.494930910145  11.910569719846
-14.703516309754 -6.170857477388 
 15.822527634015  2.485572355314 
 5.782772835726   14.959847157601
 7.229584724075  -14.362600142988
-13.509347767870 -8.772919125679 
 4.322076245350  -15.561192361995
 10.033712726326 -12.718898115811
-12.477808256322  10.399486791159
-4.010967674262  -15.742268416526
-15.933886585022  3.363608494119 
-8.475530463027  -13.930852517586
 12.478333869669  10.575755939197
 2.210901054109  -16.246347567485
 1.540830143780   16.353888620619
 15.726759525198  4.758791102421 
 12.441197423905 -10.754853966567
 3.173341848272   16.136668250327
-12.597451643924 -10.644988427878
 15.597740196651 -5.394324634328 
-2.248059290411   16.373244778368
-16.272797826344 -3.409737769564 
-3.826219648432   16.181722159921
-14.285046400469  8.529409107048 
-14.720616498710 -7.782530048941 
 14.390471832168  8.483680412861 
-2.668428114892  -16.506008587228
-16.002578523489 -4.915716223031 
 14.234740682344 -9.100229713274 
 16.510957761892 -4.024592085276 
-11.428787503082 -12.581502370059
 11.570584776030 -12.462100887494
-0.870477905183   16.990954484453
 16.997542973070 -1.473319553608 
 8.785315538544  -14.673373838366
