 0.123531820310  -0.537485115753 
-0.718689355500   0.956507983470 
 1.048335889804   1.326072317961 
 2.162389637601   0.144426999898 
-2.179577334463  -0.460850450392 
 1.490551230408  -1.785435003300 
-0.338557868302  -2.355120720942 
-2.239263018721   1.869961413843 
 1.511970445515   2.832634114610 
-3.352292827770   0.633263684344 
-0.566954272851   3.461737330481 
 0.741376698672  -3.852553807729 
 2.528458807168  -3.078262763034 
-2.690596195986  -2.984337944999 
 4.019441918380   0.337531481764 
-3.847972028812  -1.652213985495 
 4.036548954631  -1.384459865273 
-2.125622732505   3.713410930866 
 3.736502108607   2.180035614133 
-4.232265417305   1.967810559590 
-4.768177030079   0.081487809740 
 2.060364761981   4.393242526144 
 0.537976163706   5.031116989877 
-1.731797757500  -4.795533194251 
 4.402962924679  -3.139879017141 
-1.756278277531   5.301557916700 
 0.268683103726  -5.600619039358 
 3.571013122173   4.372974682504 
-4.922368698443  -2.866200525984 
 5.629291792145  -1.444213292477 
 5.034678081926   3.125111509564 
-3.838696919569  -4.584142415110 
-4.053617188734   4.487259779830 
 6.104367224663   0.725235947402 
 1.787200806640   6.028337613262 
 2.129368379205  -5.946876171081 
 4.303075522398  -4.786409388301 
-2.736649275687  -5.972644070120 
-0.675595150618   6.563090068027 
-6.568283526051  -1.229549383834 
-6.701217489809   0.352491976358 
 3.349819372152   5.892617293191 
-0.749383843854  -6.744889492181 
-3.450633768433   6.067882077556 
 6.640231754119   2.580132771761 
 5.023514612389   5.078067043674 
-5.660097920974   4.422672922955 
 0.997943193386  -7.235703285316 
 7.285995665802  -1.525487096258 
-7.150641323264   2.109266164858 
 3.558864653789  -6.586646170908 
-5.458408996837  -5.307736585213 
 6.338105723381  -4.290931553601 
-7.022317054446  -3.371625942713 
 1.098160705317   7.887095074936 
 2.726051893343   7.490237122003 
-2.630106502393  -7.572535201183 
-1.791619788135   7.837452393788 
 8.126492665712  -0.088580196275 
-8.135187347385  -0.942177000639 
-3.496449413621   7.766451526298 
 2.466707972076  -8.187530828905 
-4.486015929739  -7.287932908853 
 8.443482510207   1.454078415378 
 5.512824126304   6.563960651381 
-6.135919531998   6.061106424262 
-7.178716843635   4.812000873332 
 6.114468382436  -6.223445460497 
-8.117733519754   3.342123918911 
-1.098119265859  -8.723569633490 
-5.061831172034   7.236918511739 
 7.996650786208  -3.864705901920 
 7.681493731072   4.516620004334 
 4.477852815871  -7.791988474117 
 8.855337291443  -1.966774558251 
 8.491701138870   3.242038020445 
-0.241790666605   9.125018803076 
-6.542869174729  -6.404154870645 
-9.191220601388   0.530985706623 
 4.917930474980   8.001015623056 
 7.701278718055  -5.377847026436 
 3.627547104556   8.766272404254 
 1.251484121435  -9.458571215650 
 1.998005507769   9.358777522891 
-1.960570930562   9.620917985810 
 7.452009172835   6.396781990682 
-9.516749265971   2.550272371503 
-9.595818348608  -2.324548932177 
-5.872342752060  -7.966145360523 
 6.118406871074  -7.866306407897 
-8.073054464601  -5.947927332279 
 10.037807960365 -0.393341287976 
-4.570006394164  -8.973317005840 
-2.270352168086  -9.843163075978 
 6.558371353378   7.741584065980 
-0.089627646741  -10.255296497450
 3.943531539109  -9.490777121042 
 9.214377948599  -4.763312442554 
 10.343156826925  1.273329155324 
-7.840567494742   6.994442324869 
-9.302979413053  -4.948535540195 
 7.869175158389  -7.039369135428 
 0.825537266601   10.542493258335
-9.549668193409   4.643530265261 
 10.328945225056 -2.491303092002 
 9.076142687548   5.531572295363 
 10.030910270192  3.809350487273 
-6.915554266886   8.223415103749 
-10.720307763129 -0.856828277945 
-3.379590304346   10.238107430315
-5.000105925878   9.827281674677 
-10.928993587534  1.746402359869 
 2.484085355050  -10.830566774297
-1.486385844943   11.096663623771
-3.591364689197  -10.739859078182
 3.991070194523   10.606798372697
 1.031557020482  -11.396216343294
-6.150452163269  -9.726887871670 
 6.828808742219  -9.341257882110 
 11.306895731324  2.480726769764 
 6.700780579032   9.461277831231 
 11.558620750834 -1.024231210169 
-10.786832932760 -4.588777348922 
 2.405315066470   11.484766585569
 10.981825309428 -4.303965441827 
 8.207058623681  -8.533808845776 
-8.176864912084  -8.571195077176 
 10.468381260189 -5.759833097051 
 5.649747241981   10.532487830666
 0.216970666675   11.962506985138
 10.841841506751  5.091946017383 
-10.086968439695  6.490977531031 
-11.751018622051 -2.540128309951 
 4.127066422748  -11.368108590180
 9.689974849098   7.285862107097 
 5.784338192669  -10.729353049485
-11.392958295351  4.336136956193 
-7.707846114056   9.549727347618 
 9.771684185402  -7.559588595949 
 8.339765225889   9.133819285213 
 12.414557053098  0.347803012562 
-1.045172926037  -12.484239822528
-3.829513521258   11.934730833246
 12.252451508049 -2.665944581606 
-9.837012811489  -7.791559391278 
-7.636331870093  -9.990961331511 
-12.600820991288  1.357162200124 
 2.098174840770  -12.588939968132
 4.031788008430   12.114470157424
-5.977537950711  -11.287896161567
-2.745868465693  -12.501639672437
-12.207975742274 -4.082305325455 
 1.435918332269   12.898684836783
-5.453551640518   11.801674228523
-13.024240175642 -0.196464303984 
-11.462869529002 -6.193207056979 
-6.982736567920   11.063634123645
-12.986723879907  2.839569003908 
-2.647631295095   13.034533628494
 11.335434694506  7.149318228100 
-0.504820923554   13.406403017428
 8.476545699097  -10.405798822668
 0.265000879164  -13.438159364927
-11.632129509172  6.803379008534 
 12.413246492946 -5.291640322617 
 3.553194831238  -13.038010988234
-5.041852851548  -12.582858398307
 12.503385011313  5.300388283446 
-10.242151854787  8.998535766598 
-12.626496971873  5.319130716353 
 13.324374042734  3.247629782782 
 10.473237776436  8.891919273300 
-10.064959313722 -9.378338096333 
-11.360810776569 -7.838130750803 
 13.809453511820  1.263493582541 
 11.113941693645 -8.362577029541 
 8.221665752323   11.236399268118
-8.516713052449   11.198683619499
 5.122267032872  -13.152455510927
 14.041631084569 -1.636212937718 
-14.102412703473 -1.705016225010 
 6.661383607131   12.580967372909
 13.694240129913 -3.922567284759 
 7.666027903616  -12.006820380623
-7.094351564216  -12.360429159720
-14.278998110769  0.727860273161 
 5.190839279666   13.381062107359
 10.111426853218 -10.327649639380
-14.061393111405 -3.682138189848 
-8.604355916732  -11.719881450244
 12.433651217569 -7.566988438875 
-4.368758833374   13.889541795063
 3.794700045085   14.144277084972
 2.694439841339  -14.395833099203
 9.981081295425   10.796591856001
 1.775234205715   14.597140194420
 6.654096212408  -13.119311607763
-2.865354122254  -14.612678218230
 12.458528255313  8.254648862208 
 9.355791813607  -11.717498136524
 0.086068144657  -15.014015195968
 13.636361558132 -6.356795663355 
 15.053159699507  0.342155228804 
-11.810039241951 -9.358085715680 
-13.978332234171 -5.633438128975 
-14.913255111980  3.092496303721 
-1.202890656889   15.264249441125
 14.940689315184  3.606697225152 
 14.217855583198  5.846718102441 
-11.386047334162  10.340569422620
-5.238847801564  -14.489369121173
-13.002379178729 -8.283435628459 
 11.829580498342 -9.904619366576 
 0.489465681533   15.443408306288
-12.636182896650  8.981680913467 
 15.209452601557 -3.095596564285 
-15.291070379448 -2.809037524626 
-7.966882622000   13.377093414530
-6.129919983708   14.389782488072
-2.967800022731   15.370158615053
 5.811539301784  -14.544670389909
 9.001648545403   12.820753400839
-9.998963096159   12.063700774604
-15.712377282302 -0.113822586484 
 13.816653650362  7.490078180517 
 4.393390496505  -15.090905691627
-10.112050365872 -12.038660377003
-1.582052592885  -15.705782825401
-14.968513973466  5.030562758003 
-15.752923117259  1.515228850123 
 2.915596415465   15.610894346707
 14.981419237324 -5.592326319654 
 13.927204052603 -7.866785631261 
 11.173949363129 -11.468145432553
-15.415948639899 -4.359858219324 
-7.918251378867  -13.944836215273
 1.402848345368  -16.057760922846
-13.909297496142  8.149454289552 
-11.547379817210 -11.251661312514
-14.634554927883  6.799846096890 
 7.688524359330  -14.288328390246
-14.553695935037 -7.398102595932 
 13.385724093762 -9.367126437979 
 7.700076071315   14.464543993343
 6.020024543843   15.247587270114
-4.536307857460   15.765157129793
 9.591209740474  -13.342257131520
 12.256422700893  11.013148882959
 16.583931910236 -0.792820328186 
 16.510572926574  1.832686870553 
-13.252581041494 -10.075294011513
-13.193501277525  10.389872640522
 4.633216288496   16.142067885374
-16.311954659150  4.096995515346 
-2.811432499397  -16.585752702368
-0.661914808160   16.844986929101
