-0.230752406134  -0.409181789149 
 1.359916820721   0.338470347068 
 0.134133638644   1.436651368145 
-1.358228791273   1.711242661658 
-0.396845801129  -2.205288584429 
-2.187613281598  -1.040305444624 
 2.231294152225  -1.423927011594 
 2.347818349703   1.660041674394 
-2.993220842973   0.644237871240 
 0.448211280428   3.269991927276 
 1.638466853029  -3.000344338431 
-1.947437795868   3.262984584074 
-1.587255954464  -3.454393152093 
-2.970584474188  -2.744151475458 
 4.216974040887   0.493080479521 
-0.306840560164  -4.358024330962 
 3.764639933031   2.684263913619 
 2.089110736148   4.175061976526 
 4.761894744197  -1.010782960282 
 3.800364973428  -3.088516913645 
-4.920233475775   0.643958479136 
-4.297316318941   2.632656699357 
-4.491016081021  -2.391761312287 
 2.247597438916  -4.648423888506 
-5.133021707922  -0.881560208455 
 0.286045544561   5.536905171483 
-2.126412556789  -5.160331407483 
-3.092068669818   4.833848476690 
 1.109267738072  -5.681976944975 
-1.243928712534   5.745135438065 
-4.280691523225  -4.059552908600 
-4.613627329785   4.170537436542 
 6.076180505993  -1.878718141739 
-0.699911273737  -6.386005085810 
 6.442340455270  -0.139917183872 
 3.717604658530  -5.284613822949 
-6.436053386144   0.749929520470 
 6.313825151805   1.768577528636 
 4.369932407031   4.946540781250 
-3.649205405002  -5.611239964452 
-6.698441602971  -1.025640250017 
 5.513241959201  -4.045866625326 
-5.815806028840  -3.686834179233 
-6.371523503651   3.149689970619 
 0.382973940111   7.121674706450 
 6.035062722375   3.901230835456 
 2.668110868981   6.866355010980 
-3.997898964133   6.264805365274 
-6.980935428675  -2.703521206187 
-5.994720030513   4.860486924318 
-7.574842570060   1.870464602884 
 7.616921269845  -1.953952744700 
 4.313911711661   6.585110854538 
 1.455534995554  -7.743173390318 
 3.753875062188  -6.928203547091 
-2.511556072209  -7.570497416225 
 5.800482260557  -5.569140939798 
-0.424352564322  -8.072917858252 
 7.144194424127  -3.831399719202 
-8.212220603809   0.285005682722 
-2.377471977035   7.915107869579 
 7.864814776354   2.831821321637 
 1.355047241174   8.285844318460 
-6.649876313615  -5.164357553165 
-5.373292017624  -6.482298875242 
-4.042934914894  -7.415403083114 
-8.468275061848  -1.236974927111 
 7.021213458305   5.181630209934 
-5.596069438159   6.697021710192 
 8.755110670896  -0.802311312810 
 8.891096905511   1.175754100360 
 6.092822456394   6.685043563618 
-8.559619759361  -2.926510322773 
-8.233678264878   3.767159928678 
 8.500340553780  -3.167066315648 
-3.897650600510   8.253408655660 
 5.638030438052  -7.200549165547 
 0.088112721813   9.197302638442 
 4.980376116625   7.957686952792 
 2.327771195856  -9.110824007275 
-1.574023561435   9.431983862163 
-6.955909038277  -6.662105399075 
 2.737092330660   9.247614715857 
-8.478936598551  -4.741757256874 
 0.153685834872  -9.765933788641 
 4.162690515995  -8.853894863082 
 7.170946827445  -6.980249862762 
 8.166187926420  -5.844027642373 
 9.907073832693  -1.884428479922 
-1.619377853197  -9.958931945124 
-4.530244281928  -9.081759155016 
 9.468863161589   3.804217113231 
-10.118028701856 -1.444682133056 
 10.238345722804 -0.184052613858 
-10.125975529333  1.952298208835 
-6.334552794176   8.310498234147 
-8.430655495439   6.302360492092 
 7.854305484474   7.015011971932 
 6.617372647837   8.307823128347 
-2.961640857819   10.269755805686
 10.098335214504 -3.806587765719 
 10.511972595810  2.500735565362 
-3.453527373172  -10.268368914445
 0.358423481489   10.896876585859
-5.300318936627   9.528582982436 
 9.357935629965   5.733738917488 
-1.277756892612   10.910151405861
 5.505529982788   9.516756116412 
-10.078744339019 -4.421385951741 
 3.612260577983   10.532142438616
-10.213919654909  4.468854621004 
-11.162698331169  0.139296029800 
 6.420046777290  -9.310165494102 
-6.985244059011  -8.935926596621 
 10.051370927387 -5.369015954865 
 2.311610345165  -11.245519868895
 11.274432296381 -2.504534873345 
 1.771982886906   11.445578672975
-7.931830298444   8.524222442072 
-4.362949649870   10.809338982584
-8.621757813590  -7.928728928597 
-11.272896503449 -3.456288234402 
-0.671811931109  -11.828268325836
-11.600100807438  2.463593238747 
-9.895107303748  -6.595431836250 
 8.820845204166  -8.032667463937 
 8.555743107400   8.346126471437 
 5.065694867502   10.969029442399
-9.878892634348   6.967385023064 
 12.093166107840  0.608216603842 
-4.893938629480  -11.082541149442
 0.798613270454  -12.166420229825
 4.882519759893  -11.205595988412
 7.119780482510   9.995879477995 
 11.365829765714  4.820287616989 
-1.654330588847   12.411302861302
-3.330655492477  -12.082579284007
 12.353553131106  2.477149096209 
 0.321177661574   12.608688968694
 12.598984627336 -0.970755265270 
 11.550681939768 -5.213815206609 
 3.533165721169  -12.189704264050
-8.462322109953  -9.592240816483 
-11.712550380294 -5.178408953736 
 8.469635117647  -9.702315559545 
-12.291548020409  3.884307029949 
 11.144309508501  6.533411518406 
-6.933905764712  -10.926711697144
-12.909687414654 -1.646564840797 
-7.371114451696   10.819585276467
 10.432510452808  7.915451371441 
 2.682877250614   12.857879374191
-10.052638958177  8.484493660095 
 10.874915681541 -7.500163497273 
-11.373039279002  6.791211119955 
 12.984449605716 -2.669430377897 
 2.167374747011  -13.078191766523
-12.833225574905 -3.476669545829 
-11.465000335333 -6.795238754925 
-5.101421396624   12.404060131897
-10.722857806855 -8.159686227817 
-13.414397815090  1.865604777304 
 12.884029012898 -4.194653403236 
-1.871830519921  -13.430264027676
 7.700282261720  -11.253791394898
 5.156439941644   12.628685552271
 6.230166292504  -12.148863390250
-5.838916486677  -12.365439455722
-13.700285909140  0.358065789111 
-3.737020561552   13.191137026667
 13.107445547013  4.101542097729 
 12.652420236084  5.691381131510 
-0.313456483184  -13.918978144762
 4.866415511121  -13.074325221727
 9.629055150519   10.223724790663
 14.119239891601 -1.122151311317 
-2.138897230296   14.054575713607
-4.772491432491  -13.459418100974
 8.652076330736   11.427778450285
-0.505340661339   14.384186258873
 14.397489997484  0.571410250039 
-13.330887326749  5.539676271836 
-7.357727433367   12.431865003212
 12.102650620535  7.890506480030 
-13.539211602797 -5.266415108106 
-9.811626277375  -10.720073748293
-14.353625893044 -2.426355189452 
-14.001605761932  4.061399614765 
 13.408337313799 -5.766522810491 
-7.530787690358  -12.514810742450
 7.503716614931   12.611619841557
-11.609204932210  9.031949284233 
-9.971760256875   10.830529499299
 11.048477439860 -9.801803661694 
-12.546479098266  7.805884029959 
-12.967335326471 -7.165574452750 
 12.809344483444 -7.550851450195 
 1.180953908538   14.836880839956
 11.517310089053  9.476672198340 
 3.806878508002  -14.490584411883
 14.854168698307  2.178384924826 
-6.381270306131   13.618259983117
 9.035863735937  -12.082813570221
 14.957427841310 -2.460405241339 
 6.117637457643   13.871476696879
-12.014132056135 -9.257423259883 
 4.698825180403   14.473718907184
-14.634586829463 -4.219293125914 
 3.194397743245   14.937429146972
 12.415864102101 -9.009930458369 
 13.660075307796  6.986130172787 
-2.300966657657  -15.191860396497
 14.692717885056 -4.683876962469 
 15.554466647565 -0.441091943301 
-8.836902021186   12.833609489618
 2.021105872718  -15.475075819519
-13.918079961490  7.062986872321 
 7.074167327932  -13.946260068098
-0.103232163047  -15.655542370495
 14.740662914181  5.315835167906 
-4.141747004307   15.220205192910
-5.695230045981  -14.753871033692
-9.867050089954  -12.419038689798
 10.245650332701  12.111651576649
-11.443444643427 -10.988397840790
-4.289322599442  -15.295706164550
-15.748570270831  2.579842303555 
-7.558531760025  -14.157819822917
 14.466205798887 -7.017889621517 
-16.118669553508 -1.088552373023 
-0.926010035493   16.145259328326
-13.378579202267  9.138293350513 
-16.209253603123  0.547361055247 
-15.063739185783 -6.021968389077 
 8.928205256952   13.667068616520
 11.742495093434  11.341872689245
 15.849961487535  3.914119816198 
-14.299641477253 -7.942507157925 
 0.629359090435   16.351201891228
 13.736860388959  8.964425627934 
 5.096150874253  -15.638399101459
 10.735205616838 -12.467049138250
 9.011236903698  -13.885790393794
-9.085732460794  -13.859899075401
-16.204389284975 -3.648878593925 
-1.333688975248  -16.576095120439
 7.699173080333   14.756204528907
-2.575014074819   16.449367923914
-12.153229886628  11.385503958822
-10.883627815190  12.644598661324
 5.624082732365   15.726610588411
 15.211791185973  6.988197388867 
-15.840819071932  5.462295261975 
-12.921109679431 -10.704332232601
 3.971588537192   16.460703888999
 16.802388886416  2.352173707337 
