-0.274134030960   0.687222212613 
 0.196318335413  -0.761638269524 
 1.300888505401   0.637441428517 
-1.444456998703  -0.438063889611 
 2.531276845069  -0.332614405056 
-0.170455340651  -2.571746903944 
 1.537919998249  -2.085477436321 
-1.705287187738  -2.052470144480 
 1.414107404509   2.317607312533 
-2.989742782092   0.221894944591 
-1.454634168308   2.630230636890 
 0.301389085708   3.343277670732 
-3.174944520597   1.917286688762 
-3.561396131019  -1.182920107788 
 3.457343440990   1.600520083227 
 3.946450247597  -0.935861046334 
 1.529855768324  -3.976044223110 
-0.333514553392  -4.252506332342 
-2.665029987791  -3.647499867213 
 3.242237006208  -3.298255544642 
-2.431717955343   4.070924862273 
-4.662858258860   1.336538734758 
-4.987788920186  -0.383841962453 
-4.560597548243  -2.566721597379 
 4.356533828902   2.930206327239 
-4.122910828839   3.276114382639 
-1.320747945547   5.155897258101 
 2.314495453040   4.904109189105 
 5.588466926961  -1.186552529596 
 3.731945078961   4.331451882773 
 5.167878326135  -2.635909578246 
 0.361532000820  -5.840239986428 
-2.125747500149  -5.483254146300 
 2.105812298861  -5.540518334836 
 1.142110834646   5.946653308423 
 6.114526695014   0.718301741518 
 5.847452999384   2.262131295651 
-5.737288798559   2.528959980756 
-0.430182127879   6.567913343207 
 3.866883628253  -5.495938385376 
-4.245133263891  -5.292244859951 
-3.955422209165   5.678898175598 
-6.958656439904   0.996545112074 
-1.972656816759   6.831012653915 
-5.563584840093   4.816044157527 
 2.961150354424   6.772967327648 
 7.431454573435  -1.070181460574 
-7.403748444333  -1.449308648288 
 6.175927094758   4.381270780525 
-5.944874704724  -4.756367475393 
 0.909112163597   7.649660291587 
-1.665877755009  -7.545314616471 
 0.031362430748  -7.734862245575 
 2.937387697960  -7.222776688064 
 4.552881151058   6.356655747503 
 6.048084921734  -5.017306903772 
 7.138475789427  -3.288709310581 
-3.251930122219  -7.177036597857 
-7.495090465431   2.556838645365 
-7.253372379418  -3.333324231549 
 7.772540206834   1.894745909733 
-7.054923832280   4.074825020343 
-8.202556770012  -0.025255452404 
 1.580230375227  -8.119400132992 
 2.298939050442   8.218210739963 
 6.104506699597   6.016186937308 
-4.380185077891   7.672775618462 
-1.645010276714   8.682691374468 
-6.192840700278   6.382455283647 
 7.971040214273   4.166161678725 
 4.433162317635   7.882778899093 
 9.147898341755   0.170777723082 
-9.052657265989   2.224859351156 
 9.220008988960  -1.410774250899 
-7.932280607005  -4.949868521866 
 6.116724650779  -7.077666732704 
 0.093634558783  -9.383083129384 
-4.407219569367  -8.358122752720 
 4.668758017594  -8.219345129101 
 7.593523391756   5.656003247015 
 0.498777228884   9.488495607684 
 8.019826860029  -5.199885524772 
-9.066003544097  -3.156672764464 
 9.412039218149   1.924933715938 
-7.181499871623  -6.384781043978 
-6.088512264924  -7.525238771195 
-8.626095505448   4.414273377659 
-9.693756356569   0.465927175560 
 2.318483217681  -9.485282285598 
-3.452946425452   9.172161520555 
 9.418006321135  -2.911463706932 
 3.672332480963   9.244306565060 
 6.331481527139   7.674003638468 
-1.518109361659  -9.971850494884 
-10.023844889361 -1.232273249603 
-3.520312648704  -9.696526257221 
-1.142714396802   10.417201958101
 9.872622310247   3.616550436046 
 5.433756569100   9.006340489911 
 8.173088638530  -6.749911092573 
-8.232424372914   6.740290038603 
-6.250231549745   8.672812377905 
 7.988683293465   7.153099788366 
 2.336894253044   10.537447884929
 10.675336240385 -1.886303722977 
 9.158612627101   5.820543214135 
-10.278573281868  3.640447018051 
 0.796420709020  -10.997965402007
-9.514829346747  -5.606986766645 
-4.762403569898   9.969644051950 
-10.797524717299 -3.311829636080 
 6.060603874745  -9.546801129100 
-9.951338843391   5.500223838577 
-5.492147372018  -9.985300565533 
 11.465075829934  0.036731842317 
-2.759300486168   11.130345826440
-7.538182282142  -8.714839073138 
 2.678514972995  -11.271288635524
 0.009910843987   11.590817055123
 10.480673866577 -4.956041337292 
-11.409737794690  2.202299288007 
 4.228099260543  -10.835410578351
-0.735949985286  -11.621239616905
-8.074585492509   8.406249523166 
 7.056425575591   9.362523431268 
 4.356881617906   10.911339058621
 7.985862703473  -8.623458341334 
 11.658002592990  1.680256665048 
-3.313671394476  -11.361470545690
 11.386073576973 -3.569686217983 
-11.927091811507  0.686298157820 
 5.942484094921   10.436641750992
-9.183089522242  -7.881258573061 
 9.410518999127  -7.687052679008 
 11.799144922671  3.176225439441 
-12.030253544344 -2.273562120300 
-11.251181308917 -4.859334875359 
 10.231520377091  6.879850885021 
-4.846029076269  -11.426432357540
 9.324536957618   8.203489887091 
-7.410590637319  -10.241479062522
-10.432545706636  7.143461926190 
 1.629497922379  -12.624101258636
-11.913648814843  4.930347604503 
 11.982112327042  4.907985947903 
-12.623401895235  3.290044542433 
 2.296060891042   12.852151617886
-8.299407479066   10.095570992883
 13.055683722831  1.097409324887 
 10.985041714942 -7.206256974705 
-1.869300460444  -13.033397640303
 8.793052434558   9.800566328682 
 7.334667307142   11.033435335570
 11.679469099037  6.402187127968 
 4.491580232213   12.541968420729
 13.291618219331 -0.904118851311 
-11.387624377408 -6.915280831134 
-9.328785494155  -9.554587590663 
 0.434130570461   13.364243361671
-6.730574731830   11.570880151479
 3.218689161746  -13.058694317027
-13.446085099779 -1.166414867685 
-10.205458365820  8.943257232844 
-4.287825737697  -12.893161096210
-0.472431176048  -13.587842687686
 5.371907652590  -12.490005786133
 8.325460785486  -10.770794462660
-1.053433864639   13.593969063722
 12.449638790680 -5.567154801873 
 7.022363115643  -11.733053620944
-5.205850786154   12.873458880925
-3.716854321985   13.489062911518
-13.966413477706  1.223002393614 
 13.411943519694 -4.097857664360 
-6.140722715361  -12.638524675328
 13.872676955251 -2.512758303987 
-7.564313790102  -11.897498514059
 10.707995091201 -9.224624851170 
-13.955753489573 -2.626071941493 
-8.858645010580  -11.117831383353
 11.015595604472  9.054896795434 
 13.639634747178  4.304378619620 
 14.129357611201  2.364857650666 
-3.208639813158  -13.971691569397
 1.193277447802  -14.302736661492
-13.506878924035 -4.931600232295 
-11.462813361023 -8.853847181127 
 14.696359845416  0.590716127657 
 5.923411659822   13.530825480460
 2.703272916926  -14.533652138994
 9.885684095845   10.996092818004
-14.589651596537  2.934091548091 
 8.357722568747   12.334680096915
-14.129049409914  4.736088105553 
-12.700615683431  7.817293639468 
 0.720200367714   14.921265765563
 12.614573373202 -8.104918449463 
 13.078675626991  7.349569693101 
-10.835795831421  10.385147285355
-13.572147798264  6.409594187039 
-9.681262120762   11.543774734733
 15.038088446227 -1.008970556919 
-5.002100790960  -14.235902543069
 4.569732395160   14.400889463361
-15.157269093397 -0.577690932240 
-8.532665027909   12.656748836785
 8.411338695055  -12.818444605732
-0.800105457324  -15.319139049528
 14.183936884944 -5.859984468279 
 14.242937185247  5.745435929260 
-5.036240765026   14.517240830470
-15.008581586153 -3.852452894364 
 15.107317991009 -3.455145581084 
 4.593922888649  -14.823951074484
-6.520320076939   14.095463293806
 7.433539524480   13.668441940635
-10.304816402080 -11.662160703412
 10.630811026185 -11.379167196506
-8.015819806755  -13.441803171096
 15.174880138888  3.833588108036 
-15.492177607052 -2.237894653505 
-0.564822451431   15.721936156306
-13.970559200574 -7.237754267937 
 15.619941957431  2.096026846958 
-11.772171642996 -10.516527721698
-13.024841778536 -8.938509353613 
 2.693564195558   15.595251025985
 11.757056858373  10.782300746733
-14.915349384133 -5.724068459231 
 12.803606146991 -9.605083336763 
 7.132181873562  -14.385037459354
-2.212841388302   15.934914725208
-13.254623677113  9.281730866121 
-15.674516399787  4.023109647233 
-16.109553325504  2.227443695833 
 13.156955096037  9.564511195407 
-4.074131237104   15.750241039584
 2.865024091224  -16.058192813423
 1.109762983059   16.445700224994
 6.495700744833   15.170663785748
-3.184692482571  -16.227306893560
-16.560572280079  0.016094591405 
-7.352270995103  -14.843392334424
 16.560788190145 -0.754294634585 
 16.566477459336  0.825868148487 
-10.893727010269  12.511308195130
 12.370285185469 -11.087069202119
-4.723960594293  -15.951392685004
 10.034632692536 -13.283379980606
-8.292723691145   14.512855852311
-15.255196782989  6.920384330244 
 4.241370029191   16.267075060462
 14.494831147354 -8.568066297789 
 0.333147824924  -16.913950593317
-14.663508309585  8.541474992247 
 6.345268444979  -15.756508703198
