 0.347786299308   0.924775926972 
-1.147321893218  -0.675963031664 
 1.641444394963  -0.338189495645 
 0.532412067646  -1.948439788792 
-1.508290895136   1.850908287330 
 0.312836732467   2.682926379805 
 2.463812272868   1.395852376278 
-1.718433951585  -2.571820979688 
-3.148668063325   0.485884511072 
 2.959776188950  -1.265567679999 
-2.939941514432  -1.456426338482 
-0.129801782892  -3.436824158382 
-1.103051850733   3.325881320453 
 3.854560512943   0.715609259207 
 2.168967336483  -3.268356352584 
-3.269098669372   2.508720273954 
-4.268468987107  -0.526626304092 
 0.084721382019   4.483558870799 
-2.561858836649   3.831805046252 
 2.546257139301   3.885619672707 
-2.495186554500  -4.070623807672 
-4.102339897765  -2.697680033359 
 4.169384272643   2.633145944105 
-5.067239224860   0.766232430594 
 1.821564058954  -5.027764621470 
-4.979867445949   2.437242989136 
 5.588767696004  -0.384434875687 
 1.693665635234   5.376972455740 
-1.293892538006   5.606499391526 
 4.525084796842  -3.614403076487 
-0.391830475166  -5.798203726771 
-5.566249729307  -2.012496641695 
 5.707715968738  -2.126516886948 
-4.453815363276   4.288461973453 
 5.827114197990   2.162140257188 
-5.327669183239  -3.584221042693 
-2.609859265929  -6.052477738332 
 3.437417224342  -5.633614498037 
-2.857784249769   6.012272066261 
-6.715326001624   0.643387408655 
-4.060266349572  -5.580505601201 
 4.476425066337   5.347692676023 
 5.914666521423   3.912538209462 
 1.047765760593   7.106841198100 
 0.826805835292  -7.230479020639 
 6.459951278535  -3.664941871011 
 7.336366978467  -1.324226114540 
 5.618812845954  -4.920518692271 
-6.335572147222   3.962352972723 
-7.268724320138   2.084751294931 
 2.767528585312   7.097530417902 
-4.469679834670   6.292073721756 
 7.822937273710   1.181194499175 
-5.739860360729   5.461665030185 
-6.849979461087  -4.085244700002 
-7.768198319790  -2.066853393655 
-2.238088688921   7.759836815708 
 3.589258664049  -7.248821349858 
-1.664281402687  -8.023597197858 
-0.763545445151   8.327121490682 
 7.849249045426   2.891034010141 
 5.386439281452  -6.520893746016 
-3.592056368474  -7.830061851483 
-6.099962637224  -6.223405519588 
 1.456041596731  -8.609247116959 
 8.736009788854  -0.530940229035 
 4.444931242337   7.590675908706 
 7.028034291060  -5.495388130533 
 8.043029448679  -3.881776813702 
-8.937927970790   0.208756870804 
-8.039516687474   4.020868680103 
 5.799320793603   6.868323548758 
 2.472805648446   8.676497227081 
-0.269049912803  -9.192753398967 
 0.516412715349   9.227857331519 
 8.040990833009   4.587878292987 
 9.192481877067   2.050375013384 
-9.267049666942  -1.777075443264 
-7.569990948103   5.670059302873 
-9.227918583735   2.768812905314 
-2.732013195126  -9.258830669910 
-5.198229013788   8.176204817839 
 7.459228430337   6.184730850871 
 4.966416405641  -8.477341114605 
 9.827281194195   0.688028746503 
 3.926451861163   9.068230973016 
 9.408501124501  -3.118695540713 
-1.277510244217   9.842402868704 
-9.187378077523  -3.766597532705 
-6.975214763668   7.078408093055 
 2.433514476005  -9.765506020155 
-6.084741211574  -8.040212188548 
-4.194753712644   9.323246059657 
 10.221608476049 -0.771702337237 
-8.751571004572  -5.424182694740 
 9.802788321869   3.487429069900 
-7.967643020104  -6.724221652585 
 1.731584592208   10.418531868657
 4.128645215764  -9.791853982660 
-10.639599906372 -0.530366641329 
 7.662388723116  -7.428814853325 
 9.158341361298   5.643258691504 
 0.234810505691   10.791368840127
 9.580461583928  -5.045924527831 
-1.379609852603  -10.739879822748
-10.808253578348  1.204877143801 
-2.858682711233   10.571060135472
 7.432863762727   8.049855165344 
-9.385021670813   5.795082290665 
-4.068522409720  -10.261298820839
 3.388973157475   10.664837025756
-10.274078049455  4.473114287975 
-11.035686451407 -2.185990734341 
 6.350958415124   9.293485004479 
 1.612070871014  -11.186706542941
-5.675854360546   9.777679363802 
 11.043376149672 -2.432924921410 
-6.114559815000  -9.558857146653 
-8.391519886355   7.698285583446 
 7.072278525057  -8.933870222823 
 9.369448010164  -6.769654817726 
-9.462855853592  -6.951686596532 
 10.770494538076  4.751714027942 
-8.449874781250  -8.197761076916 
-2.877297049177  -11.420099739444
 9.408555804560   7.154258444382 
 11.129075357535 -4.081049281671 
 11.561224107039  2.804701108880 
 11.911401024507  0.474265683849 
 0.258573064662  -11.962492132261
-11.406853106320 -3.726298332467 
 5.070220085920   10.922582657617
 3.407493231425  -11.596131792953
-7.400962541313   9.563347838082 
 5.014078922405  -11.030817217353
-1.859317287889   12.043670557559
 8.577294328980  -8.761454503354 
 6.555638377691  -10.505574726728
 2.584708098178   12.130102416553
-12.401557525294  0.870107930206 
-10.962359902308  5.910185655492 
-11.049158824605 -5.834902156198 
 8.590083760918   9.080923791160 
-12.445142220992 -1.555418129825 
 12.512946547738 -1.599110965932 
-12.341842237560  2.684371426871 
 10.897953664174  6.494969424731 
 0.064682915286   12.687721987616
-6.460742447488  -11.126630684029
 2.175959386233  -12.687022944494
-12.130316482622  4.408515413990 
-8.006832498449  -10.136906253568
-4.964688695566   11.957523392532
-10.421472519641  7.697183556506 
 12.275730644265  4.212647832066 
-3.505182837456   12.526103015102
 7.755157860211   10.481235030356
 10.504666834140 -7.828753830288 
 11.870657059646 -5.593701979992 
-5.114875288714  -12.214724844097
-2.021882139156  -13.102619387015
 13.283528138902 -0.212349259461 
 10.159979496315  8.645808071863 
 12.696417533197 -4.217365557139 
 4.669558117882  -12.564892872457
-6.842518943864   11.614037220679
-13.540725555529 -0.390033687613 
 4.589878028761   12.834549405075
-8.722102159772   10.481204191535
-12.726847124551 -4.913231286533 
 6.653133501315  -12.057257287263
 6.508933496400   12.154035727638
-10.287084086523  9.215443059880 
 8.517101699936  -10.932184622071
 13.835074342175  1.331549300751 
 10.053967727124 -9.728055690293 
-0.092564446374  -13.998277679092
-11.195065084993 -8.503687213376 
 9.386442658706   10.597124917404
-14.051069817875  1.768544489227 
 0.617550037560   14.217321222959
 12.266395504902  7.256803613077 
-13.834107866544 -3.663108252811 
 13.163982518093  5.670747911770 
 2.537245647840   14.152390708276
-12.391297767183 -7.293570084769 
-1.037115476588   14.347806944219
-12.811454734751  6.546992641457 
 12.232417046220 -7.586623842353 
-7.522112663273  -12.316646325555
-4.154618723309   13.929695322772
 14.240816639511 -2.975089070421 
-10.627604171173 -9.970841818323 
-2.557903149003   14.366902461320
 14.242474609762  3.254615427561 
-14.509812832553 -1.961469540193 
-6.336565247739   13.218206829587
-5.037800309807  -13.769166037926
 14.679520690031 -1.117948851683 
-9.403540724689  -11.390331274032
 11.870952155995  8.802765113351 
-14.240760863099  3.983994751631 
 3.325908203604  -14.534639605585
-6.520259460303  -13.448400434245
 13.984364185849 -5.372934176539 
-12.579404639809  8.215109713479 
 5.772209152474   13.997756310355
-13.738827166976 -6.439620595627 
-10.919175277979  10.647816691096
-15.261470396955 -0.356165069168 
 5.639757810774  -14.202287946559
 13.669651773476 -6.883708541787 
 8.583304347187   12.718351270155
 11.219022372940  10.491375242548
 1.046987237924  -15.357484235701
-3.868235652127  -14.935985179712
 15.422368652165  0.465477451086 
 11.479743361861 -10.333792970978
 9.714002506860  -12.161617316707
-2.292110265895  -15.419794051684
-12.529935942175 -9.292368332694 
 7.395353560996   13.756256436955
-12.310248628107  9.700641376741 
 7.585287850061  -13.734378401272
 15.573118876451  2.191516963572 
-8.423633192949   13.285113029481
-0.278383822669   15.738460755825
 3.899904810514   15.323613529894
 12.840712674506 -9.346354242195 
-13.966855184787  7.598123806361 
 10.128622437164  12.278181419278
 15.246645928992  4.589508658627 
 14.525731618453  6.586673904139 
-14.768233100780  6.255030320569 
-15.813871142155 -3.088055652664 
 13.693007738793  8.553703845803 
-7.865285600355  -14.140703705205
-9.214805281959  -13.305480286779
-5.756649171564  -15.146896932105
-2.801735580841   15.968081309913
-10.251399098155  12.603485637820
 2.492528818642  -16.094705491214
-15.623376334217  4.788932570485 
 16.034295545039 -3.280617479639 
 1.189833759864   16.324519963624
 11.269623168268 -11.941243873595
-4.541829175675   15.829218777654
 5.486560812277   15.609977116180
 9.173584517567  -13.775724465360
 15.755580903936 -5.129170976140 
-11.835997577513 -11.606237250159
 16.558371677881 -1.209059965242 
 14.541966991803 -8.193820084129 
-6.645707417255   15.321914011571
-15.903892830780 -5.210334672207 
-10.715197373282 -12.919741799701
