-0.678180041496   0.012415064098 
 1.150611772904  -0.162241067616 
-0.233182675638  -1.936685681933 
-0.077132318876   2.190949928543 
 1.739910182745  -1.573260658805 
-2.201634556177  -0.998365878676 
 2.021397876371   1.554032298298 
-2.118862146344   1.894912808302 
-0.324799707060  -3.525842569430 
-1.514973105910   3.317259704049 
 3.289848941413  -1.609220335435 
 1.953237100691  -3.138953424736 
 2.342570348259   3.110819121053 
 3.798123137798   0.890967502852 
-3.846557277409   0.946707989113 
 0.310264959013   4.012781474797 
-2.273221174307  -3.648652974629 
 1.154283002180  -4.749197544162 
 4.187323233037   2.744126549681 
-4.393730480150  -2.717024039013 
-5.052320964322  -1.209891994402 
-3.906556603030   3.497266735330 
-1.462155335393  -5.039830222787 
 2.652144167287  -4.610028789476 
-2.518114961539   4.690030810864 
 4.694984541830  -2.521781075083 
-5.147870116194   2.004171586048 
 5.706018971425   0.118609491032 
-0.157245270576   5.792328173906 
-0.052563850209  -5.853269155339 
 5.628745685206   1.814485638858 
 2.317109445293   5.463510132524 
 4.187020308614  -4.253895097691 
-6.672368709689   0.110980690745 
 4.589954048360   4.851422270884 
-6.365645535260  -2.308781306318 
-2.348266543421  -6.426895420703 
 5.669366350828  -3.917647701198 
-4.985532757511  -4.822330640014 
-3.888701166889  -5.862096349483 
-1.333528039163   6.968132730115 
 7.035028507324  -0.961070738446 
 3.040545573825  -6.429525910760 
 1.173773073275   7.028503740435 
-4.615151919786   5.460525365262 
 6.713859144688  -2.594284211310 
-6.124676301813  -3.820271271812 
 7.161393863872   1.279507466917 
 0.883808879482  -7.315139443798 
 4.807500755091  -5.637576383821 
-6.871858126913   2.948749332247 
 2.784220838829   6.942703594870 
 6.227734600024   4.196841992616 
-7.579480444388  -1.290795826310 
-6.382786383500   4.402910724021 
-3.222963844388   7.298703361372 
-1.030652034868  -7.945664346358 
-0.209767258949   8.035527752408 
 8.113133222093   0.087859495618 
-3.461092228600  -7.471732835485 
 4.928788083564   6.659593379895 
 7.905467555828   2.614487429658 
 2.307612758985  -8.198775827753 
 7.347920361840  -4.323395658059 
-4.993264300192   6.993554728034 
-5.578039526705  -6.547707651272 
-8.572408768094   0.766750667456 
-6.855370263396  -5.313720183237 
 2.008270610815   8.459792703008 
 6.325062554008  -6.174373128733 
 0.293682765221  -8.930870055971 
 3.925796188278  -8.075378444828 
 8.700191028070  -2.347814936558 
-8.538967494647  -3.125339035792 
 4.258121957630   8.066753830532 
-8.219177183879   4.151629377138 
 5.349007850871  -7.578537857826 
 0.495248296328   9.369378300880 
-3.163794407166   8.906673733063 
 7.268628384001   6.051343309697 
 8.582035921477   4.389741993241 
-1.248586221643  -9.636991661298 
 9.587991790575   1.683866656343 
-5.575880758137  -8.076093693658 
-6.526816276087   7.379925046639 
-9.609114472957   2.278457948816 
-9.791106760490  -1.717971805033 
-8.070810336089   6.010936867973 
-0.949928657302   10.039314756689
-8.979088246909  -4.698122765064 
-10.137360610079  0.772359092099 
 2.441877456803  -9.880166334866 
-7.636320341605  -6.757095066899 
 2.077930329860   10.163919437396
 9.829379298906  -3.378725599689 
 9.197398565267  -4.896722384257 
 0.749762277778  -10.393411857839
 10.421271175662 -1.015424494907 
 4.103348340547   9.664932105364 
-3.199224582845  -10.088018948773
-5.180327177280   9.241002546187 
-10.131727554863 -3.369883938830 
 6.098564602124   8.766391033174 
 5.984428449741  -8.956900358054 
 8.016533657562  -7.201221030165 
-9.938658584345   4.710232594692 
 0.325533818127   11.036611665416
 7.498951863480   8.152699290540 
 11.047264964094  1.064020703012 
-5.060005924765  -10.022841026709
 10.820435987732  3.002560040891 
-3.150660974679   10.779053114539
-7.008438278218   8.925672943214 
-11.449408341959 -0.122399335350 
 9.736446230884   6.084798777357 
 4.701393137791  -10.497477948127
-11.092847081197  3.594072695894 
-7.842418393476  -8.660146132961 
-9.389534383732  -6.966052823372 
 10.749801148561  4.644860917066 
-11.511907809784 -2.454166597545 
-4.699825499456   10.792207873183
-0.204418886502  -11.780513198552
-11.605547677988  2.037929154675 
-9.267028806855   7.299462566387 
 2.619993886012  -11.581206532730
 3.817265502671   11.256480240352
 9.107291446130   7.666758383822 
-2.945941428636  -11.617892699419
 2.354295950833   11.793014847353
-11.266001752610 -4.398882863116 
 11.261342882332 -4.555526595452 
-10.679811125214 -5.851258275106 
 10.573898215689 -6.054521655779 
 7.262520983412  -9.915019524428 
-6.401562326452   10.542730323163
-10.816451923837  6.170726000760 
 9.458148590796  -8.136093125974 
 12.487426877532  0.440121540826 
-0.738709973140   12.533426742575
-8.932837695581   8.979408785641 
-9.478943999105  -8.473071938499 
 8.792435784330   9.224273265868 
 12.250488174075  3.865347745698 
-7.307129793909  -10.608227678377
 0.887018844420   12.862753470674
-12.850092619715 -1.243177816959 
 12.492640348445 -3.285136667362 
-12.918568739573  0.492369397414 
 12.866942675496 -1.265130268903 
 6.344961541699  -11.368728087641
 11.153833513645  6.803361571573 
 12.895718628592  2.271937540012 
-12.616226201674  3.635533002344 
-12.207817265410  5.248828693899 
 7.362132849438   11.072936775193
-4.102805183723   12.649479272799
 1.051598399282  -13.280522655982
-0.929849684265  -13.350864229043
-2.740266786335  -13.104331054598
 5.845306379841   12.047878258136
 5.103703711568  -12.607111787274
 9.287686374429  -9.950890438027 
-6.225711546871   12.116215910352
 10.529473723180  8.649082193232 
-12.775444094439 -4.747418957259 
 11.227692163943 -7.750342869239 
-2.791294948440   13.379646126496
-5.894709893790  -12.340895687644
-12.306659399469 -6.221903741586 
-4.507486333647  -13.039704659102
 12.603161298349  5.651114296742 
-9.149029302832  -10.378906476803
-11.035462071857  8.358501406286 
 3.804927078174   13.322460122499
-0.213847988564   13.994754672616
-11.703822824492 -7.688442283770 
 14.002591512401  0.555034582671 
-8.209453954342   11.400049200923
 12.617731449270 -6.477612747835 
 13.994104348675 -2.418794330622 
 8.284247918521  -11.542729193853
 3.304976262320  -13.859145188208
-14.004909113241  2.635071383359 
-13.931650556380 -3.077646197120 
-14.284601627560 -0.139757633966 
-10.699674363420 -9.514782222287 
-10.572473875667  9.893590058172 
 10.394311386670  10.177629817262
 9.209911745052   11.317397958551
-12.704238147551  7.221804019624 
 2.021113124874   14.496993239115
 13.734370150693 -5.095235474499 
 14.160398569133  3.909302605410 
 10.885631204922 -9.992751133237 
-5.602733533033   13.866845581015
-1.775364360176   14.889065635756
 12.142959364704  8.809014829410 
-2.377257880303  -14.849661884089
-3.871793776423   14.593032041603
-8.239693122851  -12.676668267837
 13.366330087284  7.097364191040 
-3.970898957177  -14.610039172599
-15.045580033407 -1.701143342738 
 14.129756904706  5.522527829486 
-6.591114934080  -13.692128813297
 7.872126088225  -13.004289230059
-14.443177618404  4.876465187433 
 4.901240059796  -14.469219289471
 6.404500051899  -13.873371044291
 10.149398861021 -11.510112586309
 15.301224204171  1.414186161097 
 15.378848548113 -1.025059157439 
-13.624220016803 -7.297529469293 
-7.955281865947   13.272849950191
-0.023222209186  -15.511105270096
-12.807146101869  8.756081770716 
 13.299076118290 -7.994176723283 
 5.537710105361   14.514698497876
 0.016491609239   15.577382294221
-15.511681702105  2.156707258527 
-9.350070258924   12.563798814741
 7.889793629298   13.588886062740
 12.608501526674 -9.532487731650 
-15.835289947868  0.498884129372 
-15.178550844465 -4.638525586250 
 2.338403810179  -15.706019320084
-15.448410742775  3.740381150781 
-10.842507114587 -11.634978999747
 11.978657420956  10.474657398616
 9.272733267076   12.962611987907
-14.701681352177 -6.181732739794 
 9.407410228835  -12.949958520946
 1.661828933230   15.966435340623
 3.898474750692   15.598009430735
 15.508561668743 -4.258712784319 
-1.429276320781  -16.207944172017
-13.566031437103 -8.985381458685 
-16.029362210162 -2.877449093029 
 15.820176937524  4.227802995899 
-10.937401796681  12.217874413151
 14.265284823834  8.323135195496 
-12.468438457482  10.884122774498
-6.342680959858  -15.303297053472
 7.054292860753   14.992769588628
-12.466956786584 -11.005553021037
 8.161856871490  -14.494373937036
 15.539168955141 -5.978633417259 
 16.512809570675 -2.690865407561 
-15.074871778838  7.264931557136 
-5.590979919786   15.779465722040
 5.605323523856  -15.806090198289
-3.745644299045   16.382963629700
 15.494575144458  6.511116390542 
 16.569394247594  2.816732860945 
 11.715387175705  12.064829718565
