-1.130509259855  -0.233721114237 
 0.410376763334  -1.119806563675 
 0.533372260211   1.437930077436 
 1.757301873142  -0.140941722249 
-2.299373987396   1.003317358549 
-1.254533491345   2.206874247872 
 0.550896930928  -2.650811351965 
-1.109476500354  -2.771048952887 
 2.747001267376  -1.464665360703 
 2.979601388607   1.181397916098 
-2.674038455859  -1.817638004053 
-3.390297683896  -0.306432341647 
 0.043486315757   3.471152843315 
 2.108498212704  -2.898820582299 
 1.577844154290   3.408512339102 
-3.514538706230   2.158576952452 
-2.427701651266   3.634084153885 
 4.391442922313  -0.843244753678 
-2.657834758838  -3.649207739900 
-1.293344445696  -4.365742932922 
-4.362294801552  -1.454440293439 
 4.204875463979  -2.531456223716 
-4.980706733410   0.082535635183 
-1.071883851499   4.880992660558 
 4.192489873987   2.872041982760 
 2.955383445008  -4.181483726830 
 0.563202548603  -5.139038099623 
 5.155934177988   0.880323345463 
 1.223789696763   5.192961329444 
-3.964413880359   3.924217532255 
-5.195217283541   2.496782369753 
-4.946447340400  -2.997039173267 
-2.776822934517   5.110181690472 
 4.023769102557   4.403727251570 
 6.102137472888  -0.338105725183 
-1.509627926536  -5.922965220480 
-5.994314630711  -1.234612303073 
 4.550898631513  -4.121739411487 
-0.014500850132   6.211344059418 
 1.938155356242  -6.073442873048 
-6.235217232697   1.393436616726 
 5.904605904529  -2.532525304874 
-4.065134729009  -5.194078566303 
 6.147995476326   2.722607101192 
 2.040529894539   6.451372965713 
-4.383170303376   5.557575426876 
-2.158241399189   6.875112143131 
 0.877467171125  -7.169938018181 
-2.984588037111  -6.761174511461 
 7.209701691912  -1.710610850505 
 7.233795777202   1.648085362933 
 4.206947264273   6.120119798455 
-7.534062224644   0.502294111645 
-6.264212848251   4.265836028100 
-6.554777605319  -3.861103649444 
 7.634293186712  -0.017946366251 
-1.700309249199  -7.553736820905 
 6.172492630305   4.682481566569 
-7.338493140175  -2.523594176264 
-7.350692207344   2.579550944957 
 3.820475502112  -6.845631835644 
 6.181021516623  -4.832903400862 
-0.103617083857   7.951728928124 
 7.455192606428   3.529035374082 
-5.742638151137  -6.116518534843 
 2.738164376951  -8.023875289633 
 3.646071996890   7.782277217609 
-1.890620010667   8.446949139701 
-5.065565091142   7.025007391165 
-4.533923431232  -7.404302281817 
-3.775942967727   7.831520167551 
 8.723977236576   1.321447727078 
 5.461569735687  -7.007774113560 
 8.303404584234  -3.417715840507 
 5.583528955425   7.097370609342 
-9.019937570876  -0.812906469167 
 1.415294624524   9.030777270227 
-2.902996514473  -8.669237825451 
-7.105222139062   5.821714004056 
-8.232544259285  -4.230500469920 
 7.274763207342   5.779315364019 
-9.147606112361   2.083202379429 
-9.025757199580  -2.691840121006 
 7.228578778747  -6.184511718375 
 9.405751486917  -1.436594824109 
-8.332994333780   4.934155395079 
-0.112019167902  -9.777150968767 
 1.845259860192  -9.606954488563 
 9.393123759660   3.066743353316 
 8.617120701673  -5.372396246554 
 5.374719788814   8.656393073035 
-7.050209053451  -7.363991953992 
 3.890680631032  -9.540056382783 
-2.282792193133  -10.059113393434
-8.470760018358  -5.916334036356 
-10.392835253692  0.106949682329 
 2.560338406978   10.083999671510
 9.061438631253   5.217116663706 
-4.412520589097   9.671388465043 
 10.627021379334  0.712235748286 
-9.827787837131   4.229710656963 
 4.255882098054   9.881778339016 
-10.623823184362  1.740949026592 
 10.441297745639 -2.724957607740 
-6.765896728413   8.463111276138 
-0.780680794369   10.811165721505
-4.915821975833  -9.701999057073 
-10.559334967828 -2.797035683065 
 5.743291114530  -9.370361043472 
 7.122751156942  -8.398755266904 
 10.768994987341  2.366410943547 
 8.590950463673   7.077748156188 
 10.269178040703 -4.349712426683 
-2.514209087521   10.931712322851
-8.806338933302   6.983131226959 
-6.805527095853  -9.168688222214 
 6.833068194750   9.219582163070 
 10.774652829013  4.076062006512 
-9.963636836102   5.821751923761 
 1.825905522168  -11.439707639695
-3.844206644987  -10.943234024265
 1.135150496209   11.770083521986
-6.235644048559   10.080631054846
 8.220196624942   8.590145567956 
-0.345913588536  -11.918187831973
 9.875958891814  -6.785512126868 
-11.408126143638  3.688169961712 
 10.014689200884  6.593413537945 
 2.985392518896   11.612860771611
 11.897619184976 -1.722510174320 
-2.460115233043  -11.858240477963
-10.982913044868 -5.118750090529 
-12.135317616655 -0.510424719654 
 12.179946316406  0.499211352963 
 5.911174768362   10.662155290066
-6.329604712069  -10.627912822999
-9.260638308828  -8.204466055233 
-5.240365495799   11.219402439841
-10.282677357596 -6.900462873345 
-12.314101115798  1.705940301955 
 12.294687330904  1.996033530614 
 3.675512410166  -11.906017509080
-12.189453676489 -2.930503070349 
-3.923098674841   11.960234201700
 12.182929581344 -3.427852037720 
-8.421048367717   9.499557953543 
 8.592028122236  -9.445268121230 
 11.704255773129 -5.161567100452 
-9.677088437575   8.373435969963 
 5.965823260727  -11.428914183697
-8.512858788775  -9.754042848624 
-11.817062734964  5.359313116432 
 9.860881026170  -8.551087486429 
 9.766358216148   8.773164202170 
-5.157763510534  -12.100145213716
-7.607326475174   10.768563287858
 12.686967042360  3.617092292766 
 8.424923093943   10.237151652946
-2.167322395810   13.117305330034
 0.739348507916   13.308596789765
 7.938609034352  -10.911075389410
 11.678381876401  6.873329504415 
-13.598412489835  0.924917772886 
-13.541438250192 -1.608134581587 
-12.920869772074 -4.397620955205 
-11.326752704786  7.636963197844 
 6.670951093202   11.987331909747
 2.161073913197  -13.582060283877
-13.110572346558  4.391503196393 
 13.829597719409  0.360766571068 
-0.727709388905   13.935918331967
 13.752938516065  2.446903677779 
 3.341958488733   13.672556751392
 14.037666820213 -1.157040856026 
 13.150890229165  5.153018738703 
 3.864804152575  -13.596982456512
-6.142295655556   12.732178996571
-12.274002669044 -7.077474072166 
-8.450617710382  -11.426380327527
 5.323188586793  -13.184243807748
-4.464182847796  -13.514116807226
-12.579218108952  6.753086795530 
-4.790640810567   13.466364370115
-2.232315455779  -14.223211331861
 8.179483649671   11.853029379468
 9.665825150829  -10.685959888434
 12.941665708957 -6.372010948769 
-11.102171430144  9.210533477141 
-11.214882084041 -9.086702148609 
-6.755122002649  -12.783939408067
-10.096369671088 -10.359887501753
 5.538733222750   13.383228058170
 0.533089449378  -14.498474300556
-9.828685406803   10.683455138705
-14.171632648667  3.328953055662 
 14.066633051560 -3.766290100254 
-3.474267859162   14.234462895382
 12.275538219252 -8.276781602038 
-8.515296680189   12.119483659530
 7.616121486421  -12.944164698131
 14.527779331481  4.010440101637 
 10.566373929783  10.767729949419
 15.027548264709  1.347907652163 
-13.918039754354 -5.866067077849 
-15.180453308266 -0.374738534995 
 12.496019459825  8.647433893012 
 1.532765660607   15.174911276271
 11.159714539626 -10.400393695962
 2.393535390428  -15.077101949018
-14.008387663750  6.105864746102 
-12.985440122732  8.214562482919 
-15.312311215994  1.831838150130 
 7.506790887846   13.487568929386
-3.735555789417  -14.982594811607
-15.351312702958 -2.197918676050 
-12.976856936732 -8.633580913575 
 14.286126671847  6.237026720784 
-8.642640026584  -12.983916248086
 14.633793158809 -5.449609355933 
 15.529490033328 -1.931349018123 
-7.667680045942   13.656216469362
 9.273328833953  -12.683805155874
-6.600879504014  -14.288140998222
-5.581547009447   14.823802876296
 3.886845032335  -15.360879067399
-10.122515520558 -12.191574291724
-1.667995307519  -15.779557964362
-15.458357734428 -3.882285013430 
-12.382715136644 -10.051296591271
 5.642039016763   14.930974387036
-11.391770484189 -11.356909385605
 16.119702820107  0.182748577046 
-0.164639485982  -16.176341369599
-12.368571982396  10.443918451321
 0.183834054260   16.222610923672
 16.025582578319  2.533333265321 
 5.858570178936  -15.217219659589
-9.760841281881   13.073985073211
-1.514857354922   16.270097795479
-14.437347933773  7.654175968816 
-11.385462675839  11.733336919165
 12.273367851669  10.811862473219
 14.868259218178 -6.943327590274 
 16.097307694836 -3.554897049635 
-5.701501710623  -15.510565829316
-15.623832508379  5.408520386876 
 9.993533787899   13.178935641870
 1.455770075667  -16.555582913231
 8.713960032933  -14.155646689092
-14.794792384444 -7.694547590731 
 13.654220572366 -9.616680731699 
-16.662284643480 -1.192773610463 
 14.712502105071  7.927360583672 
 4.128805122098   16.210694502348
-13.722790445439  9.602077997180 
-3.675113927300   16.370710072960
