 0.251219451362   0.713128343791 
-1.377803170291   0.440898052430 
-0.820819266569  -1.886301870314 
 1.140763924454  -1.851182503991 
-2.422624029829  -0.846950678792 
-2.186880775125   1.713257550798 
-0.735960350107   2.795528651136 
 1.495427128918   2.687226726246 
 3.093713759396  -0.753168643937 
 3.114915768858   0.975264004277 
-0.911711963082  -3.453358537412 
 2.147667999257  -3.158715655019 
-2.394628773259  -3.027841366893 
-4.157487365054   0.022979061467 
 0.070356486698   4.520814726929 
 0.543229133349  -4.511345893684 
 4.655343264720  -0.812371116944 
 2.513585468612   4.152558870909 
 3.783697045584  -3.069436737307 
 4.487186411743   2.210233065960 
-1.458051863852   4.884062583353 
-4.463137396504  -2.478507745562 
 5.131663740464   0.779359992521 
-2.061966672737  -4.908615644015 
 2.558957667328  -4.708454810169 
-4.760701421035   2.477397025509 
-3.128833936211   4.418139547502 
-3.778812322958  -4.134208289992 
-5.622134185332  -0.327416225709 
-0.588890482110  -5.615213686789 
 1.859704997990   5.833290846343 
-6.093022690949   1.381847027833 
 0.815386841999  -6.294187673064 
 6.334227184013  -0.422204250781 
 6.080682676322   1.985968896882 
 4.489341923521   4.575857102798 
-4.712034135314   4.416472981717 
 4.953469751500  -4.163847917380 
-6.278510414319  -2.012618914811 
 6.099307205627  -2.562224788696 
 5.617527759461   3.507787735393 
-2.638999628957   6.185411639321 
-5.440796999853  -4.167562820509 
-6.155785647484   3.256333389778 
 3.533547887599   6.056378309469 
 0.108989901833   7.054932425074 
 4.092309771543  -5.772121674089 
 2.242455916362  -6.790429045616 
-3.609839768025  -6.223621642801 
-7.570972782892  -0.748946156806 
-0.176059266482  -7.630137117235 
 7.530661880235   1.317760237491 
-7.638489163960   0.986586180948 
-4.946571985934   6.062522363443 
-1.432913666472   7.707352317100 
 2.758565172515   7.347112302322 
 5.164871460338   6.019407430175 
 7.770446917407  -1.705118396764 
-2.301214360646  -7.741238993673 
-7.811161674444  -2.471590472230 
 6.949713405176  -4.498956767235 
 7.096446772254   4.275766236387 
-6.088096732625  -5.907609551412 
 1.616909916490  -8.349788260527 
 0.532027681922   8.507073135485 
-7.129670253556  -4.724672936872 
-4.707112852366  -7.486017713987 
-7.035424342759   5.523865642661 
 8.976502953338  -0.281749753321 
-2.864394581723   8.517782779514 
 5.567355221533  -7.084995921008 
 3.587455312944  -8.346828437766 
 9.041659813612   1.226158450971 
-8.142154944881   4.213608823337 
-8.773128860487   2.700887166439 
-4.594355425156   8.019860077406 
-0.357236077508  -9.251965879781 
 8.709142197233   3.192155428070 
-1.896495118227  -9.221038961564 
 6.550723148680   6.898032521268 
-9.300444450933  -2.003725766631 
-1.389164675572   9.421069204134 
-9.537519860652   1.217888946765 
 7.097294968164  -6.548517987603 
 5.002730060729   8.267740220742 
-6.213517674863  -7.426778188632 
 8.422331638614  -4.822741286347 
 7.927306677403   5.681508801567 
-9.821447966104  -0.273651900630 
 1.400746881311  -9.914664955848 
 9.562912791610  -3.006302989464 
-7.562596680382  -6.585225923000 
 3.203021626929   9.521651641595 
-3.568008932313  -9.430521421501 
 1.784563216026   10.038582759608
-6.250376269553   8.102325927854 
-8.861283160569  -5.431671874532 
-9.904479291586  -3.376958311851 
 10.251254583844  2.204561106158 
-5.656126100230  -8.832992364897 
-3.602193959716   9.917347250632 
 3.800946730179  -9.962855115508 
-0.787366919055  -10.762810798511
 4.718084970623   9.791607763451 
-10.803304446453 -1.622166346272 
-2.600661674540  -10.628705826840
-9.667183827645   5.127881921305 
 6.850390013062  -8.589764915723 
-7.988153172961   7.664391997037 
-5.332964061325   9.751386692975 
-10.527602087091  3.596261355640 
 11.136021714680  0.086265306582 
 7.629990468337   8.143285219311 
 11.106596965328 -1.495393402779 
 9.703531072282   5.667740583748 
-11.284126144087  0.258357180368 
 0.667556678649   11.274018420773
 8.918783890694   7.235442836573 
 5.548369545297  -10.115022583989
-2.415398768861   11.288401305739
-11.414309637813  1.797180534702 
 10.385342294923 -5.126403757980 
-4.053497375076  -11.005597256663
 2.053825979762  -11.580975425240
 8.989289949653  -7.592861224377 
-9.603412987011  -6.917258023468 
-9.760988886800   6.756750871502 
-7.894572905895  -8.885718710035 
-5.820894286746  -10.421558330467
 2.331462841549   11.721989459542
 4.201963319085   11.218208171087
 11.657061136011 -2.929195278632 
-10.758033285323 -5.450120283741 
 11.178133219665  4.747401070658 
-1.580518309049  -12.043793910006
-11.834228546954 -3.265152788154 
-4.260893608404   11.514637506407
 12.145835534877  2.180533808181 
 7.437548113594   9.897618144956 
-12.341718546109 -1.530413189444 
 7.226020980913  -10.123269904929
-6.838721642782   10.415303783046
-1.133851014663   12.417169005324
 5.755486607380   11.143432138359
 12.562159683316  0.652485623942 
-8.393185347902   9.390930857888 
 1.109828148771   12.712201734417
 0.446328604925  -12.810553585812
-12.822197103132  0.209775900263 
 12.796894194384 -0.943001648016 
 4.392246358113  -12.215261359539
-9.860891029042   8.453791696758 
 11.405290423885  6.334221202843 
 12.115853283930 -4.944787506079 
 11.400868699524 -6.446915229511 
 9.199050936051  -9.340161386272 
-13.051155887686  2.109434540874 
-12.396249861540  4.662907541753 
 10.746654924848  7.763857386687 
-10.478086966031 -8.385046875145 
-3.285370602328   13.015623471234
 3.566821338941   13.003086422575
 13.184870331374 -2.975941085071 
 3.097300507687  -13.201278123602
-11.528013655876  7.169742424201 
-8.509106332291  -10.593632334384
 7.023426568318  -11.652212675280
-2.411699441512  -13.407517368651
-6.058773642990   12.212211594559
 7.221013304951   11.581988427107
 9.296312239642   10.070353587338
 12.808529556439  4.912208172974 
 10.609885465296 -8.709942043284 
-0.150344377135   13.785729028121
-4.124622896686  -13.169745337263
-12.004984492276 -6.853824520296 
-5.718782535076  -12.644724001757
-1.778810939905   13.778139517723
-13.839938118786 -1.706333977843 
-7.587827249419   11.725543791306
 5.707925220865   12.749922462746
 8.620385670915  -11.053039394831
-8.977286475970   10.789175558238
-13.350641460709 -4.662238032879 
 14.143179391201  0.496844463368 
-7.525018266248  -12.143138013223
 10.992714946007  9.259773586758 
-13.962711045413  3.411738040134 
 14.412572913455 -1.155565919764 
-0.084770719852  -14.487665658493
 2.004467311145  -14.464537572206
-12.097777872749 -8.357941638232 
 2.670553827249   14.462113009455
 14.329033693583  3.504278757335 
-11.925200283583  8.689183250976 
 12.559043701929  7.764386715805 
-13.768421127167  5.489711997113 
 12.427742034364 -8.114344487240 
 14.728027897525  1.898983169698 
 8.787641892518   12.044307137391
 13.896134272718 -5.542725286548 
 6.944502652683  -13.312750847130
-11.152575927823  10.057499162157
-1.676409242398  -14.940694273172
-10.749809113762 -10.543964819715
 4.939915249335  -14.228364232646
-15.058088015082  0.614919920345 
 0.463128538660   15.211846376892
-5.249875658843   14.329807830595
 14.354810911853  5.271158330599 
-7.786386085646   13.238532732543
-13.394838826541 -7.566188342119 
-3.308061090049   15.028567033843
-15.209586777864  2.577849521146 
-9.147608207965   12.431920322035
-6.992149178305  -13.778714910785
-4.111939765540  -14.949433718353
 9.085396737799  -12.617526071739
 14.971731209880 -4.460992275562 
 11.340319599027  10.767646317956
 14.003165700552 -7.086313080120 
 15.714420481147  0.280947108090 
 5.112262833959   14.870393062359
-5.744032354686  -14.643744610503
-14.856126758363 -5.243115382868 
 15.460359678154 -3.040181212760 
 6.848709818660   14.323565455329
-15.431673933577 -3.766505791134 
-15.833743111574 -1.896863098874 
 8.274006889251   13.671515748095
 10.881650698038 -11.812286454596
 0.666379133580  -16.054318219595
-13.434614400149  8.880516615128 
 14.570396023123  6.970628116537 
 12.713660234538  10.055983316388
-13.353686658020 -9.235448246954 
 2.058897113457   16.154389037971
-1.719950736925   16.234315748000
-9.965033308104  -12.967916444254
-15.840620748853  4.188126190087 
 16.311424867675  1.688957567716 
 12.373890957360 -10.766352440393
 10.028264762308  12.983413430738
 7.015960328689  -14.835426632151
-12.451676010139 -10.694918553802
 3.773316870348   16.012086505680
-16.461824850682 -0.095512181290 
-1.347734342034  -16.471585707519
-14.786273361493  7.383836174654 
 4.074624597342  -16.027116165469
-7.444477831315   14.787374410952
-11.845124457217  11.626886052240
 16.016436058987  4.401277166262 
 8.741483929988  -14.124676192110
-8.849233318787  -14.129932864555
-15.668940526716  5.715137178552 
