 0.414631934063  -0.512235551087 
-0.635844603099   0.647620607168 
-1.019162626057  -1.081231684041 
 1.289063557158   1.384871169010 
 2.268424499584  -0.547252085229 
-1.386769470115   1.994890855809 
-2.436556548807  -0.480774655951 
 1.588681117596  -2.288748239541 
-1.146152183099  -2.907796791837 
-3.156204737278   1.042550570665 
-0.537716902905   3.639749521030 
 2.374524757825   2.909062979875 
 3.800618477465   0.615083447677 
-3.333770176776  -2.030417998420 
 3.868391118305  -0.910918375580 
-3.264928846226   2.888002489695 
 1.331839882081  -4.221873077749 
-4.427470086694   1.900018479391 
 3.854493923248  -2.953101949726 
 4.049914132830   2.712549457981 
 0.129382410908   4.988985658390 
-2.380233789541   4.485679774439 
-4.909472225181  -1.631135544480 
-1.287868657500  -5.082745056699 
 1.848500199069   4.923201441086 
-5.311171933940  -0.120730879375 
-4.217373115277  -3.427144660758 
-2.769023596221  -4.802904918148 
 5.591434952777   0.043235516565 
 3.718143732596  -4.722464124695 
 4.385760248216   4.209789189758 
 5.926794613559   1.963008516015 
-4.708430161303   4.110451449998 
-5.899209521350   2.308323454553 
-5.777703531520  -3.000472406833 
 1.389432330042  -6.413803883948 
-2.422482840183   6.272633393046 
-6.679952934309  -0.845026187060 
-0.455876279707   6.733982265619 
 5.661627823900  -3.676123830369 
-6.701170092582   1.021140659746 
 6.590519284473  -1.794691493194 
 3.488757036396   5.943989502122 
 1.741219684051   6.786927645295 
-5.367651577308  -4.564416645374 
-4.333663956285   5.638262705917 
 6.057375260227   3.752041439157 
-1.712408546626  -6.950383294428 
-4.427264293053  -5.812307616471 
 7.516643963851   0.501729343293 
 5.589582899350   5.260256370732 
 4.996077290101  -5.869397955277 
-6.639256126555   4.007535643683 
 3.855387652817  -6.947060218497 
-0.468757210949  -8.097910810254 
 7.811793274493   2.397555561961 
-7.796281271471   2.468236589131 
-7.614981766359  -3.218307182391 
 4.824849076599   6.719985396238 
 2.607506264507  -7.937546069765 
-3.889344078260   7.421344125362 
 8.265712437068  -1.897328295497 
-1.044427747669   8.428855556065 
-8.418931333527  -1.497430270866 
 7.150339318657  -4.789054277632 
 1.025292113332  -8.567415578010 
-5.721330779926   6.460698974359 
-2.747077962497  -8.372754111086 
 8.984436862838  -0.227266259402 
-5.732546493735  -6.999520613712 
 8.262209332455  -3.726832147601 
 0.997996647959   9.053479597084 
 9.015106471851   1.306239461262 
 6.346291816929  -6.552256281100 
-7.040542385740  -6.015880919476 
 2.965084420793   8.795091334868 
-9.303787198263  -0.118346044593 
-8.029714814227  -4.740978114392 
 8.284531575947   4.344217506530 
-1.558991279638  -9.348287321226 
 7.597045301837   5.682632213238 
-2.299901103424   9.266593278811 
-9.431610869281   1.548912838771 
-4.880094149302  -8.260620988972 
 4.484479242627  -8.499962973844 
 6.128477375324   7.462995487948 
-7.254966857278   6.388728201156 
 9.219659946335   3.049315718479 
 4.551913035918   8.581346371030 
-9.303994770782   3.090317397966 
-8.488434941256   5.058091517260 
 2.697466463275  -9.563767417560 
 0.246492902470  -10.081460461001
-5.822636855248   8.244953099165 
-0.288500678864   10.094784384741
 8.652309953751  -5.237003663901 
-3.900470819170   9.367855018541 
-10.245850188602 -1.406469087693 
 10.347274461860  0.513255192658 
 6.525425032089  -8.078635965643 
 10.090586759714 -2.615861692132 
-10.065703704287 -2.959653319472 
-9.539715813794  -4.655547691662 
 1.665659231639   10.587049172362
-6.399363362616  -8.634859014953 
 8.341819909325  -6.864323434161 
-2.645696182729  -10.507123004851
-4.107289066424  -10.137930136910
-7.908298610117  -7.606928763953 
-9.996281049934   4.552915833859 
 8.623044972386   6.805081619570 
 4.343978520155  -10.096766124646
 10.003099974323  4.930920042769 
 6.361387689626   9.230076015364 
 5.868548727809  -9.569802862776 
 3.775656289174   10.613215294583
-2.915611630721   10.913595457869
 7.649553521876   8.321462990758 
-9.396177789496   6.346431942558 
 11.310369667380  1.678136778947 
-9.263852894653  -6.791838443834 
 10.982696136998  3.423735102541 
 10.879934755227 -4.076029212033 
-5.629658053104  -10.188843168677
-11.168447345440  3.397204312301 
-11.689310731358 -0.389914676298 
-8.650486468026   7.900523562410 
-11.622664709507  1.601802339829 
 0.556095221322  -11.757786100773
-1.219512153117   11.726735237876
 10.288258169896 -5.801446928452 
 11.804888599968 -0.477081425951 
 3.090701494397  -11.497434788974
 5.457602530531   10.612267635310
-11.670000615627 -2.552976523185 
-5.755326718402   10.622828506340
 11.819658419751 -2.651066606465 
 1.341540461586   12.069132998288
-1.917232188235  -12.074838813026
 9.416132588135   8.083300849123 
 10.678097194132  6.349986005903 
-11.283358840595 -5.246499430348 
-11.479307313354  5.026105429438 
-8.287490651653   9.465854617976 
 8.945173584656  -8.896484603577 
 7.676721631146  -10.018556699109
-7.791029684625  -10.026215813695
-4.377586109606   12.034791592002
-9.236886241965  -8.873388177412 
-4.544430232228  -11.989353120380
-10.989649007211 -6.815725326826 
 11.950668316589  5.076608962107 
-12.895706971419 -1.560441068700 
 6.221390599256  -11.408159081678
 3.548158466877   12.501626298546
 2.263802363673  -12.827427121579
-6.708672839137  -11.315750782410
 10.700332983105 -7.672796068863 
-0.676783683884  -13.210505269432
 13.155226817657 -1.671078172847 
-12.711638066877 -3.939648392943 
 12.172004517149 -5.396912205620 
 13.244797886625  1.557781941216 
 3.906887281857  -12.813946028154
 0.497796786415   13.416275716896
-7.829859538148   10.972932702470
-1.540835100413   13.413455501541
-10.566505979897  8.447237368609 
 6.359196237736   12.023660709977
 8.734142023679   10.429764134453
-11.592929982626  7.152429941774 
 11.044583808046  8.007476182405 
 13.664818580450 -0.058196601218 
 13.237009035155  3.417313597508 
 0.826564992420  -13.696678702980
 2.332011590142   13.612721888397
-2.154289700429  -13.711448789919
-3.862898340053   13.450699699638
-6.597510703832   12.360463880980
-14.034050126761  0.160555760685 
 12.130244159592 -7.081664830938 
-13.936978844829  1.989711198330 
 12.477234824248  6.578573935402 
-13.661807119479  3.582623768850 
-9.375976414747   10.588009182130
 10.294482817789  9.773607124129 
-6.123245689644  -12.893787650981
-10.083700900631 -10.185508923018
-8.514826375561  -11.627173716523
 4.897084253694   13.556813747620
-14.141202134995 -3.024213497698 
-11.980332254297 -8.190024057325 
 5.254775002165  -13.530064294562
 13.994769983820 -4.260176763685 
-5.484076315710   13.660508655139
-13.191546353029  6.574520326027 
 2.312705175642  -14.571310540753
 14.541211242668 -2.632490055514 
 7.898036760566  -12.504738409025
 1.259118755400   14.771369990772
-0.976751733046  -14.807051605179
 3.674465942521   14.441319851372
-3.429859043531  -14.503029218619
 3.883514511746  -14.431697921092
 7.709977360156   12.950298557987
-11.767706312789  9.464514432144 
 13.887886213068  5.941130449268 
 14.484027853243  4.384860485841 
-2.910428634822   14.908378539284
 15.246298206090  0.136019842590 
-15.220134858613 -1.005204709074 
 13.036810735437  8.014206645577 
-14.275419941388  5.528743740708 
 11.190489522848 -10.474581420986
-13.999857404462 -6.444336800969 
 9.975831520141  -11.773392692421
-5.296436913004  -14.550779022016
-4.472505405822   14.859346241405
 15.355910877612  2.338776204056 
 10.716943206392  11.360863572271
-7.582643774944   13.691548542186
 12.451585867630  9.561749753139 
-10.676652792814 -11.607736576731
-15.756287933155  0.894988750149 
-11.014492659611  11.333398639512
-15.333476776519 -4.026744173833 
 6.785536346840  -14.398132638146
-0.782560667955   15.905812675198
 12.988705494547 -9.216520021599 
 15.486900585092 -3.894262494366 
-9.391077656543   12.920376713112
-13.906327731810  7.897477960354 
-15.434541899745  4.523822435803 
 9.496315472614   13.025154188279
 5.720718750376   15.090573311390
 14.543536622049 -7.000803574574 
-8.652297456396  -13.668217466561
 5.510627675354  -15.310723571531
 2.871816876066  -16.022323517333
 9.432973910262  -13.302089441746
 0.828936535883  -16.286522027820
-13.950611748648 -8.494505035368 
-12.920950122399 -10.038248288315
-2.587362899834  -16.167722824192
 16.225609925844 -2.465534566893 
-16.313313127882 -2.573009832707 
 7.795811500769   14.604384804508
 3.662011550415   16.187129977670
 15.143842642613  6.933951925988 
-2.825935860749   16.419932880557
-13.643385006045  9.649397424695 
 12.384673149720  11.221647073272
 15.931765966301  5.063468290464 
 1.672575245433   16.650858012161
 14.057677529481  9.126291732986 
 14.408769595866 -8.566601524538 
