-0.696497672938  -0.707862353345 
 1.158547227277  -0.053468400522 
-0.607274069434   1.345986789690 
 1.018401220973   1.495977473748 
 0.947575963445  -1.647128914486 
 2.557266102957   0.712913730877 
-1.720528517851  -2.193948076147 
-0.079574207942  -2.909147883408 
-1.165415030594   2.986218143947 
 3.122947495115  -0.827622876543 
 0.706898312001   3.160183378381 
-2.990684481291  -1.391087485381 
 2.387781908046  -2.302964919643 
-3.353150547060   0.434957325418 
-2.822484452954   2.912996086336 
-1.666742921760  -3.904364204265 
 3.470061924635   2.631818741432 
 1.523063155557  -4.207046339747 
 4.465924590491   0.344344445479 
-3.692392210172  -2.743841957298 
 0.021252615857  -4.686565034483 
-1.226359547421   4.550328488604 
-4.368898182741   1.928479466787 
 4.320475335390  -2.145077099794 
 2.381578477414   4.199805992485 
-4.998150876648  -1.567750374951 
 0.359533410107   5.271236825667 
 3.285534790815  -4.282536917367 
-3.042058694486   4.570465724727 
 5.347623681805   1.701347016113 
-5.611887078173   0.545795024178 
-3.035533388271  -4.822359572450 
-4.577054367198   3.856649973427 
-5.084768271483  -3.348033233840 
 3.764662786587   4.802770007064 
-0.282017983302  -6.158641499800 
 5.330288178637  -3.312516495578 
 6.282343428003   0.296718981099 
-6.079257295930   2.154993448436 
 6.142842367131  -2.034140220764 
 5.717335721607   3.192271554078 
-2.093529799447  -6.255494544431 
-1.942129309105   6.305819008541 
-4.626261756501  -4.807907226008 
 1.191984087585   6.671163178488 
 2.219465247764  -6.467166713375 
-0.215297505010   7.396057384974 
 0.695439474292  -7.439453116564 
-3.548245303518   6.591664967670 
 3.782047634396   6.481663625811 
 7.487443673598  -0.716548386804 
-7.296401692223  -1.858334713739 
 6.157890882795   4.747910425912 
-7.565739661904   1.828564221205 
-6.585242170190  -4.169096453672 
 4.295953526531  -6.593902369683 
-7.028278973633   3.585681924588 
-5.815295521350   5.346868743089 
 7.809998311268   1.206952244875 
 5.237566751163   5.989910428909 
 5.762993498460  -5.651466101442 
 7.812864079448  -2.286820918986 
 7.484710832965   3.343130796493 
 7.186656010697  -4.084946404575 
-3.978380425245  -7.265740428560 
 0.904997718399   8.415900845221 
-8.533915523297  -0.474314846159 
 3.006658556104   8.030709929302 
-2.723876867349   8.323248193390 
-1.835868254559  -8.645337155424 
 8.988704343361  -0.494513355353 
-6.562108162387  -6.267353338469 
 3.271846589204  -8.580137623070 
-0.756964106388   9.170409760162 
-4.265433627188   8.159492625424 
-9.184366051098   1.480456698294 
 7.711299772949   5.230558397901 
-6.132041889447   7.056465897220 
 5.703525203951  -7.465037922692 
-3.479706725918  -8.749219667431 
 6.748229957956   6.569691018371 
-7.568372570122   5.636459940009 
 0.419856449858  -9.534338099705 
 5.480726573161   7.870142040160 
 1.918053415684  -9.405906980079 
-8.894218038789  -3.664489197710 
 7.349053425686  -6.311583557315 
 9.117811352154  -3.359033985821 
-9.516602040092  -2.194796089281 
 2.110833536973   9.733030454152 
 3.809715353348   9.305795437865 
-9.491673338269   3.328034875786 
 10.084966080174  0.809317703227 
-8.713239724582  -5.181369738736 
 10.002906474149 -1.748597442451 
-10.185354197368 -0.505449123201 
 8.690044020776  -5.349230562336 
-6.677973264907  -7.771678249074 
 9.331521700307   4.282184220339 
-5.718601078832   8.590584706296 
 0.296398081792   10.378048993450
-2.356488473538  -10.138885206022
-8.060061593428  -6.831851906907 
 5.046312921572  -9.315598561209 
-9.071158536155   5.489240547863 
 10.345881383829  2.531540982375 
-5.208915320267  -9.479245078540 
 5.463730463106   9.539908775217 
-10.770999620704  2.543093643341 
-8.558461791527   7.049352079516 
-4.139662276644   10.342054371518
 3.258556026281  -10.692956371580
-11.047554577646 -1.870223912237 
 11.203103793398 -0.607720556886 
 9.151235682459   6.529723742240 
 10.618031105883 -3.724653613723 
-0.381203836787  -11.266698041072
 6.879130653273  -9.055440110279 
-11.372139189067  0.879162985233 
-2.497635323104   11.134956148320
-4.234785723399  -10.789883255828
 11.560796076433  1.337372769754 
-10.508744159672 -5.002225733909 
 4.153435109898   10.917346553483
 8.225848696927  -8.298026372862 
-9.569568607947  -6.727462086116 
 1.745892382299  -11.677993997910
-8.249109077049  -8.479081892843 
 10.208020432720 -6.178096437814 
 7.992847456942   8.882427609691 
 11.199800854289  4.208886418196 
-0.994559264877   11.959449852573
-8.413041316946   8.594738576707 
-11.612493327865 -3.560351668105 
 2.409769078674   11.914865668938
 4.761703224859  -11.329859505483
-6.970170010901   10.181936609161
-2.135916607213  -12.203359976002
 9.324166193072   8.189609917817 
 10.920592704293  5.920788206102 
-6.828617220605  -10.385146648457
 7.039476248735   10.288777239529
-12.464757369392 -0.250027158779 
-10.335876997179  7.037255377451 
-12.371223500563  2.353001841743 
-11.757680926090  4.540228117725 
 12.333202026064  2.702807892676 
 6.494607918079  -10.857180146136
 11.970128992571 -4.514519241508 
 12.627151738227 -2.625519333102 
 9.771581760037  -8.424040637552 
-9.782835929705  -8.425438773113 
-2.253401657257   12.839282917589
-4.249046808523   12.335499809240
-12.007709621108 -5.215661290176 
 0.428815078643   13.106144518194
 10.830027241990  7.440123323769 
 3.805140177588   12.578575606179
-0.818013681725  -13.127503460066
 3.305261148855  -12.741702805764
 13.175639844869  0.632316198415 
-6.288993808237   11.631306863644
 13.302892098751 -1.125396177318 
 6.185787906605   11.876917854000
-13.259550498904 -1.885896945348 
-6.441729780196  -11.853710100013
-11.554378342533 -6.978241056173 
-4.627544044528  -12.719427141365
-10.323850728068  8.822495965777 
 12.570823358009  5.355242448237 
-9.308840763807   10.006643053684
-3.219327466193  -13.378374326794
 0.924855901777  -13.752728602547
-0.923403299278   13.805740033699
 8.829518765147  -10.705729938794
 11.838180727249 -7.319847408905 
 2.417419689003   13.708445097904
 8.511551427224   11.019208549328
-13.453243145953  3.673535110551 
-13.867993191260  1.985411510887 
 6.262469826786  -12.651225585492
-12.413188278620  6.796934600302 
 4.872790537580  -13.303328854884
-13.495013114573 -4.445806467206 
 13.444464189562 -4.825425430312 
-11.228753162715 -8.855828098671 
-3.669048102924   13.881205766722
-8.954436962281  -11.270909858530
-11.759982300741  8.317929705161 
 14.240023834773  2.497894640326 
 11.134112763847  9.230330678697 
 10.064196570668  10.432269096093
 10.707657749207 -9.803085527765 
-13.115286539971 -6.257790551051 
 13.127501668855 -6.455344483946 
-0.674705405021  -14.637640217960
-5.273615755498   13.699168249843
-14.702706186270  0.484597531274 
 2.508427652760  -14.535925981212
 7.398347966536   12.798139149023
 14.122610479409  4.495256620957 
 12.476216278434  8.014723620346 
-8.102208024466   12.450212435982
 11.922703345822 -8.876365990445 
 13.349494353414  6.740139844925 
-5.620680266717  -13.879197325665
 4.839847995721   14.220759030845
-10.716906639086 -10.526788498054
 15.040930091826 -0.607334624907 
 7.832273049888  -12.857706447274
 14.755249292932 -3.383962773960 
 15.097458269334  1.231740061442 
-14.869796040659 -3.514549528702 
-12.923982210783 -8.162545513779 
-14.305412356874  5.495818073477 
 0.992966614457   15.332440423074
 9.543231341450  -12.069595825579
-11.182792438872  10.643654853305
 6.581624682391   14.087579362402
 4.056687324292  -15.025432936297
-7.278294709164  -13.766405851074
 6.572926458173  -14.127307093197
 0.517578415428  -15.615116070693
-6.992989454524   14.044382518678
-2.041742134788   15.572488812999
 12.637696949206  9.532510734773 
 13.728153035765 -7.906211398992 
-12.266932251797 -10.035566769151
-15.806971718795 -1.620517653517 
-15.702152104865  2.531368166857 
-15.063224560908 -5.312313789868 
-3.945100749708  -15.516245592474
-1.779938424341  -15.945756730089
 14.647408659141 -6.670205615421 
-10.167981723867  12.504210388450
 11.425088138565  11.501426538444
-5.301457159076   15.339821575158
-9.680808995094  -13.027528560428
 16.059349826218 -2.507324506588 
-0.550068506311   16.258692330910
 2.914931044500  -16.023036675046
 10.131363861453  12.840106217801
 15.623900814044 -4.873756811683 
 13.349369185546 -9.523205038006 
-9.131087428235   13.691421135025
-5.595260792922  -15.476757414300
-15.959187868205  4.055797021974 
-14.617569474207  7.638310608796 
 5.407585418942   15.615245458454
 5.825271920730  -15.528770015778
 14.895566994155  7.394618958019 
 3.214127757612   16.327972805363
-3.391076493630   16.338712887574
 12.242657078005 -11.349126798963
-15.080786075706 -7.250958660921 
 16.487403497413  2.911968928872 
