-0.519675688964   0.121828689592 
 0.654069821189   1.740272236123 
 1.761211460663  -0.724528152026 
-1.622309429776   1.262398504654 
-1.486334887804  -1.995685412074 
 1.265170279921  -2.177275381019 
-0.229128325983  -2.831745944130 
 2.456069233110   2.149763119889 
-3.224551575088  -1.068832655764 
-2.210630454813   2.758680719319 
 0.551091624513   3.682957775427 
-3.566646165100   1.106315206524 
 2.753996127469  -2.600122216593 
 3.698379515489   0.904721621704 
 1.482957059823  -3.822336498435 
 4.171867195232  -1.522629815912 
-4.616890837059  -0.220596066445 
-1.162700108183  -4.557333382827 
-3.519810559638  -3.256688059718 
 3.341157427003   3.580148783324 
-0.432333822649   5.244397119393 
-2.617876679254   4.889609183018 
 5.535048481279  -0.453654648261 
 5.056210106203   2.552353673535 
 4.455526585376  -3.655099441005 
 1.910539633319   5.452031002645 
-5.479692978206  -2.052158259073 
-4.342385034465   3.961888457529 
 0.971840953865  -5.841136428641 
-5.501384015737   2.297954864958 
 3.419635200439  -4.888648139775 
-6.095711044179   0.764959688893 
-5.060573303191  -3.501960736887 
-2.742594597705  -5.577220615713 
-1.763281492833   6.265738819837 
-0.414354509152  -6.543908557063 
-4.492063136994  -4.909709783020 
 2.546007246832  -6.194985048914 
 6.739951286327   1.117487807340 
-6.913763891159  -0.647056605824 
 5.557098430373   4.201035343393 
 6.755021062104  -2.163742326902 
 1.053789961774   7.090249743592 
 3.094430599531   6.576297057403 
 6.251711145632  -3.779015922966 
 5.062598302471  -5.390651613092 
-5.127572431708   5.393923851230 
-2.459419938845  -7.103643653784 
-3.501668993577   6.673615630413 
 4.853933052199   5.767637983709 
 1.176368941761  -7.460065429394 
-4.158941944516  -6.489502616037 
-7.250132641529   3.080682790968 
 7.067569007887   3.588256455217 
-7.554647284967  -2.731326790589 
-0.573809271838   8.018535248656 
 7.835680300335   2.169561791276 
-8.134999317650   0.895069901477 
-2.118227083824   7.969540858413 
 8.290751228642   0.587092394460 
 8.289072984573  -0.951610241253 
-6.872083627170   4.790163713289 
 3.692338687915  -7.534905648053 
-0.464331644150  -8.570603294528 
 6.816853231691   5.362622150879 
 1.143381985421   8.607818192763 
-4.911091292119   7.297272600185 
-6.505036990155  -6.165939966949 
-7.562052455366  -4.823074331297 
 6.594923833147  -6.142607631153 
 2.736412329950   8.638006826935 
-6.340647125995   6.673735721561 
 4.418224830023   8.122044544962 
-9.238228607413  -1.321360195216 
 8.111769837637  -4.639441658040 
 8.982898320012  -2.691591048184 
-5.531771358225  -7.715468034232 
 9.371410215379   1.675779619397 
 2.255843429156  -9.269165194098 
-9.054958089768  -3.100512805954 
 6.558882554050   6.976254156342 
-3.300773653991   9.007775033673 
-3.963499505491  -8.769716262936 
-1.677705803336   9.653290818273 
 9.836523696621  -0.916342472416 
-2.520075207880  -9.711788603699 
 5.966031034938  -8.147981657723 
-10.010796832965  1.753467590849 
-7.963689092307   6.343706996707 
-9.047875422892   4.718438614316 
-5.227733132628   8.817375395057 
 9.217545765361   4.486096013251 
 8.258067622381  -6.360710371210 
 1.203623937394  -10.365252107867
-9.403648848157  -4.626270752015 
 3.951657300696  -9.744375725085 
-10.039261654816  3.397510418610 
 9.729446943579  -4.247264100210 
-10.625043954885  0.117251701007 
-0.342401501647  -10.646890254068
 10.660987058961  0.724695955826 
 3.832992430078   10.013604597252
-8.234848578045  -6.904138688812 
 8.634425257101   6.520306816185 
 1.939242366865   10.690563494510
-0.322672221372   10.905336337371
 6.554338907734   8.799098517734 
-3.046521706995   10.559185853579
 7.676149929640  -7.886883035380 
-10.852770825493 -1.919685557682 
-5.754882938005  -9.440455291057 
-10.550526699863 -3.542798138305 
 10.886603087354  2.555508851103 
-4.523288949739   10.272915439414
-7.790256720075   8.164398860605 
-3.400556510937  -11.000583727309
 10.751277045613  4.344422030826 
-7.849611275634  -8.568482085347 
 11.580352976082 -1.113745851497 
 6.596411635835  -9.588711240462 
 9.980532210854  -6.135096949565 
-11.467137870496  2.423780124090 
-9.614503498729   6.785721758555 
 11.401593649524 -3.149609167980 
-6.057237566067   10.187903926070
-1.402648327205  -11.794050006162
-10.427832633799 -5.749365520268 
 8.563122825701   8.350482198318 
 0.863543818299   12.051128693213
 6.352538356035   10.301262964934
 12.061000865972  1.269518075388 
-12.325136243064 -0.584823914641 
 11.355651519498 -4.892082477695 
-5.520217877759  -11.081708834343
-1.334022994060   12.310952733332
 0.754229603802  -12.386248518439
-12.383568259737  1.231650339294 
 5.783130958967  -11.036120277651
 3.250489896042  -12.063686259303
 10.561528009080  6.759936587018 
-9.722928511323  -7.943367965711 
-7.457461972228  -10.129342238666
 3.072458387632   12.206364263665
-11.181635956926  5.823472855869 
 5.361102836037   11.456311664388
 10.039945034888 -7.735095136008 
-7.922672195802   9.994807912198 
-4.953228201989   11.794222109633
-2.898146011885  -12.495014874372
-11.926232641145 -4.850655617835 
 8.004315249801   10.179253841314
-9.121810185738  -9.414586219518 
 12.601812825689  3.746148153002 
-3.081323296999   12.844256650741
 12.223515673308  5.287898486085 
-12.999558331943  2.993488338802 
-11.412833328726 -6.923529051999 
 9.233431201390  -9.799614471285 
 11.923966065549 -6.362156411774 
 9.491538911376   9.669530158923 
 0.379974923377   13.569814038320
-13.177582308573 -3.397099086976 
-4.758572405801  -12.776389764256
-12.806941194154  4.744505818174 
-11.485338305445  7.427058035684 
 13.698655981324  0.125405394636 
-10.554909185176  8.752517127176 
-1.011677060841  -13.678484133136
 13.019744529721 -4.363249181423 
 4.358901516743   13.111660204299
-7.208219912266   11.911118105829
 4.129161867087  -13.327496784561
-13.877512251305  1.457561142859 
 2.203849045877  -13.797645164774
-1.271234978162   13.981561266807
-9.750879585744   10.108951734591
-6.671106983664  -12.368961165693
 7.930397629643  -11.605050379982
 6.818487982045   12.314345895313
 13.860590312342 -2.751049770059 
-14.258475823643 -0.061906496926 
-13.032112598819 -5.930558863227 
-8.763740988031  -11.336335221675
 12.670020212360  6.735759571300 
 2.520172575858   14.137456161868
 6.298769254018  -12.967342218263
-6.012553522088   13.105667801391
-2.932354336212  -14.130258547569
 11.814501193971 -8.345847991042 
 14.360278873184  2.011088669843 
-11.136962776287 -9.421176590445 
 11.770698003719  8.685828063687 
-13.246633899519  6.418648887880 
-14.505107244555 -2.568054484697 
-8.754627268177   11.860250792330
-12.300932243331 -8.140183518794 
 10.964044205079 -9.875549301054 
-10.224317526366 -10.642321858800
 9.492846337738  -11.370863874607
 14.449322741165  3.644091483228 
-14.554038546722  3.250348959538 
 10.906446793070  10.273789760952
 9.254183231573   11.818651156490
 0.312694745844  -15.213834790733
-1.553547927718  -15.144136495101
-0.016396311438   15.238623844696
 13.558449531199 -6.956453602873 
 14.445663708060 -5.092667144941 
 15.336380009008  0.326824829594 
-11.189247928013  10.594458902749
 8.146743400021  -13.092082882334
-12.881852062644  8.515104402659 
-14.752671983578 -4.686740128221 
 3.801826355188   15.062512334006
-8.402659943108  -13.127376291920
 3.511965058154  -15.187398517460
-2.962710830157   15.307377168345
-13.737597342447 -7.480273819958 
-8.192029121100   13.333300250325
 15.625248780860 -1.462771973056 
 6.876147555985   14.112054487166
-6.030583747009  -14.517130377775
-14.812327046442  5.402868726815 
-4.528566523298   15.114987331580
-15.790893014558 -1.308112468485 
 15.012861576550  5.076891808339 
 2.448530222151   15.715317786635
 8.333652236848   13.563663444513
 13.338963887048  8.809453957959 
 5.413197415669   15.042848830716
 13.059912156004 -9.245319855699 
 6.739486272412  -14.576036672006
-3.887208102083  -15.639792470583
 12.529626250462  10.212038770901
 1.521790719313  -16.121845756763
 15.923787578763 -3.025616150680 
-16.229354240781  0.273887282689 
-11.266542504949 -11.871372887641
 14.808221616346  7.062880605607 
-9.815553136550   13.190116070007
-12.830485058729  10.333292826353
-7.716567292818  -14.577002098455
 16.395235655951  2.055960544982 
 12.364124390277 -10.967185962637
 16.216413472206  3.768568226623 
 10.129724098864  13.241288164901
-7.520463191008   14.883784356890
-16.334062566679 -3.513659628210 
-16.354246628527  3.518863353252 
-11.179890794107  12.457088165131
 14.580138664588 -8.226996404967 
-1.160691835882   16.707891525772
-16.634854251518  2.045282722731 
 16.125641951384 -4.582095799309 
 5.229511909080  -15.929425910567
-14.473424603996  8.510245403569 
