 0.713594562031  -0.021251707572 
-0.823531541863   1.589765254270 
-1.777108600052  -0.779121596210 
-0.063197795200  -1.995938667374 
 1.546634435884  -1.520728561836 
 2.676720147342  -0.493527547408 
 1.453951675679   2.878225730818 
-3.276948868071   0.921123018261 
 2.768678010027   2.099039189173 
-2.876890759543  -2.180294449495 
-0.382180239289  -3.649059631144 
 3.788742979906   0.578502992612 
-0.187696066594   3.945463873553 
 2.960026166343  -2.680005401570 
-4.055279160906  -0.432466801838 
 4.070620828811  -1.480942825894 
-2.783451668065   3.588516705309 
 1.837414004526  -4.158438539744 
 1.297026379398   4.410483223293 
-4.098860596189   2.595088406755 
-1.782118238842  -4.646620335658 
-3.244351795438  -3.905429893270 
-5.013413495688   0.962306711638 
 0.593669757100  -5.244754753265 
 4.238484178508   3.213977380368 
-2.410193236189   5.056514243430 
 4.204362229697  -3.714179996622 
 2.967406249786   4.925718991267 
-5.744423910444  -0.595641815485 
 5.930217113889  -0.562713757801 
-5.519311469437  -2.317100159139 
-0.803029027601   5.933141583579 
 2.849702399966  -5.409113521419 
 6.006411095410   1.165851851536 
-5.802095952981   2.706712731047 
 4.541323920910   4.786409024318 
-1.374178005477  -6.481799780559 
 6.057075808406   2.719117908708 
 1.561731492706   6.462201727978 
-4.319054560620   5.064762212592 
-2.895061429656  -6.024473074834 
-5.512767583474  -3.862405176111 
 6.177643413523  -2.888287721975 
 1.598199983390  -6.776685631557 
-7.245980605939   0.488218947882 
 5.697764961657  -4.636976189874 
-7.031058548997  -2.482290054191 
-3.525213390233   6.723158420032 
 6.162283633557   4.498955410540 
 7.458557574002   1.759535017324 
-4.958841968185  -5.933954328291 
 7.598384474913  -1.892516471874 
-1.072429743192   7.762663322663 
 2.879962203602   7.306909325720 
 3.192217253645  -7.258824596061 
 4.378650717035   6.632769372761 
-6.005827974493   5.251503293625 
 8.067288374172   0.227765384620 
-7.016371657898  -4.007128406669 
-8.021218465502  -1.004293557474 
 5.133801268182  -6.357035207060 
 0.659751953955   8.197937587027 
-7.221297525626   4.316338729176 
-1.519294820701  -8.450998132371 
 0.232589769467  -8.592411422113 
-8.471734195303   1.777531171469 
 1.934032331850  -8.514499063128 
-5.529016559723   6.926490287388 
-3.280868798386  -8.265703381419 
 6.768028932860  -5.774524818425 
 7.825489787010   4.299565857122 
-8.438301692249  -3.142219148244 
 8.213384247344  -3.768181712058 
-2.230364430391   8.979765220295 
 9.184385196375   1.332121034498 
 8.812192391005   2.989387671403 
-8.714839583261   3.265683973921 
 3.992251433803   8.592099605087 
 6.435481115354   7.045128964610 
-9.618616879818  -0.094954169126 
-0.362674638366   9.624258821916 
 4.106603107134  -8.734523238673 
-7.441290582392   6.233445941556 
 7.846779716131   5.912367948980 
-5.643616373888  -8.053684996054 
-8.663163265723   4.765597726554 
 6.174360962343  -7.748427080660 
-3.940222092073   9.131408844250 
-8.523161261062  -5.209588569813 
-9.796695237342  -2.161809939880 
-1.331712072043  -9.959559437543 
-7.598850027488  -6.587087679977 
 0.623578525923  -10.079912918135
 2.196550799608   9.893397889507 
 9.946467390214  -2.188070275321 
-5.434793067320   8.624432161788 
 5.807727787207   8.452533013525 
 3.013962540709  -9.886205903293 
 10.569567834608 -0.209887562825 
 0.828594033233   10.562636130611
 10.193338952688  3.928410647670 
-1.686996236543   10.794997373020
-2.942015865062  -10.539500608839
 9.819284841040  -4.832907642650 
 8.578331814356  -6.824576649693 
-4.490287920899  -10.012360093249
-10.513973937186  3.203280978257 
 10.781760429217  2.290629318783 
-10.408720635831 -3.875663671558 
 9.685510298242   5.527193487886 
-8.028920820155   7.959002994618 
-11.249623804367 -1.445957326257 
 4.142131759118   10.570761134933
-10.044540187835 -5.340128244796 
-7.934726876276  -8.484121904203 
-11.517334501384  1.614651462404 
 1.764715622186  -11.499972504113
 7.611201721720  -8.826772255630 
-9.091618724386  -7.429660356127 
 11.474239948515 -2.617430946585 
-1.239081404674  -11.717045662522
 6.322487348087  -9.948642550837 
-6.016200772870  -10.173676706183
 6.533426135827   9.907467483654 
-3.895084714762   11.223618273359
-7.410345126021   9.350371000112 
-11.944395515244 -0.012477395807 
 0.209610530855   11.996775578310
 4.252010762264  -11.288329059626
 8.380319692200   8.703640312545 
-11.118759546277  4.769608479105 
-6.254667409125   10.466302483202
-9.564676945788   7.569620855418 
-10.472192269220  6.267678677262 
-4.196774581727  -11.572939703409
 0.134351130828  -12.320557323608
-2.761246092187  -12.046154562637
 9.142641495408  -8.431404184903 
 11.283036238571 -5.287406730454 
-1.254904834717   12.513660322025
 2.827928896720   12.311621482498
 11.767249905460  4.882325609986 
 12.670645551177  1.536335418002 
 12.837563878365  0.029952716745 
 10.194198803063  7.856996787452 
-8.984394254624   9.217492483918 
 10.468517047267 -7.495605507144 
 4.679917541044   11.997519062769
-11.261189533015 -6.624147944885 
-8.722715112374  -9.927503843323 
-12.993947516967 -2.675982258944 
 13.090477104880 -2.163706108912 
-9.965946498411  -8.789502645094 
 11.610488996591  6.503491145238 
-12.240636752079 -5.398366171654 
-5.579885158215   12.243449857474
 9.054097785736  -10.000655040533
-13.491972421665  0.274838655259 
 13.014741535489  3.630000065782 
-8.360844885496   10.661325418178
 12.749681871029 -4.631307723762 
 1.780867298552   13.461492589431
-13.232441574090  3.230214570927 
 9.358176864330   9.903511916380 
 6.124674555630  -12.195307756748
-1.322174633626  -13.600702741639
-13.643561799661 -1.272072871761 
 3.089832070588  -13.405370025612
-0.244652401179   13.760672968476
-4.926414212920  -12.884246166461
-10.727481701974  8.705240838575 
-12.547815017811  5.871811585279 
 1.543866189465  -13.811943501875
-7.539231082487  -11.738057349833
-3.797533006693   13.440384410241
 8.164892849443  -11.373171102246
 4.670067697556  -13.266140924157
-13.423010852586 -4.292444115027 
-2.052681661795   13.998714671744
-14.046436667832  1.893812657185 
 8.551264128116   11.316775367214
-7.203040174111   12.235487671904
 7.089588671867   12.308035660846
 11.208974379682 -8.846871564859 
 12.830392242120 -6.459705198038 
 14.004180815189 -3.383584228679 
-13.652569002585  4.709434010696 
 11.846061382555  8.299012257672 
 3.511484745832   14.035030404449
-12.341424951439  7.555777885598 
 14.261780383703  2.504061971465 
 13.309428253791  5.776348956251 
 14.528417430208  0.420894864315 
 14.546400683422 -1.450222437546 
 10.978067366829  9.666142188933 
-9.115567787057  -11.499040873515
-3.462434905550  -14.317539862868
-10.104780097564  10.829241724133
-11.614216418005 -9.221721908595 
-13.217092845323 -6.923883110558 
 0.470508236492  -14.959939919346
-10.738040422350 -10.463081113412
 0.751546065329   14.978651541851
-2.083730191561  -14.930757930999
 6.225661044720   13.751519419259
 9.781325460148  -11.540442291737
 6.032732648796  -13.928964017828
 14.488305271969  4.643685128297 
-15.103947004307 -1.994222825882 
 7.423184739709  -13.309235370624
-7.394871335856  -13.372437929346
-3.249597057613   14.960283059985
-13.705560366693  6.902184589564 
-6.578421016198   13.864777268117
-5.928038412385  -14.311801406379
 14.406131778546 -5.851632305647 
-9.336237974354   12.501058232438
 11.557183649979 -10.525957640174
 3.699573109677  -15.218629212288
 9.786202592201   12.284904360863
-15.722451947084 -0.297599193929 
-8.123000452761   13.496334434896
-14.947887699757 -5.039897910973 
-15.522379941928  2.957849778557 
 15.770411131029  1.456675443458 
 1.779468552054  -15.776884252563
 13.391678286431 -8.590875433235 
 12.590037289094  9.779086291111 
-15.125152040275  5.119653955152 
 13.662121422484  8.342485571592 
-13.509527749490 -8.678782500596 
 15.764860480397  3.216822756547 
-15.704747985342 -3.684126774839 
 14.909759350787  6.177188160472 
-12.843294272950  9.809034127153 
-11.810114149702  11.048385109103
-9.643669798932  -13.022552504302
-1.726797792806   16.113045372444
 2.032106392401   16.097432727795
-10.935031927908 -12.000274493838
-14.754004469904 -6.861661527206 
 7.912412528134   14.252804281257
 11.781278408109  11.277649950522
 3.644406178035   15.927323265992
-0.200196760826   16.361428432615
 5.728216951628   15.377927006537
 16.271904187067 -2.214410962467 
-5.890857245581   15.437947135448
-4.574169002350  -15.906652486690
-16.623583776941  1.159735947673 
 16.033073030274 -4.549022841880 
-14.460747633443  8.289052431692 
 10.487984331470 -12.972653462656
 16.692265491512 -0.250258232044 
 6.731493269828  -15.296293930887
 0.018056601172  -16.785824455683
