 0.551191669132   0.576234358862 
-0.250886278137  -1.099130916755 
-0.724498706870   1.476533717159 
 1.411006130263  -1.027475995380 
 0.957019507871   2.163641279449 
-2.457304072063   0.635777375793 
 2.606352150957  -0.058509867433 
-0.258347109272  -2.662196264291 
-2.500776220500  -1.036549768393 
 3.244729284735   1.406397490373 
 1.133847292886  -3.556234790737 
-2.106468369499  -3.134948164699 
-3.141470349797   2.155308051036 
 3.155092000919  -2.200694820965 
-0.936812349238   3.755979531566 
 1.903011689914   3.477217679899 
 4.397430394839   0.334185160379 
 2.698216209310  -3.659419717353 
 3.391325617289   3.203126518700 
-4.739568939806   0.898833329566 
-0.842528159617  -4.814412080478 
-4.112911435760  -2.689361760573 
 0.742297909716  -5.239403780765 
-0.588041306255   5.302631425479 
 4.344063096761  -3.153846081958 
 4.779495848134   2.526143209124 
-2.071837339303   5.004373452160 
 1.343387315580   5.338710941179 
-5.612773716090  -0.577250384011 
 5.681694336984   1.176271905554 
 5.553109118398  -1.683019547687 
-5.187506864211   2.614287126626 
-4.028557820412   4.417413165088 
 3.183681353924   5.169983799770 
-3.958281539416  -5.013457471018 
 5.010023184460   4.035144120523 
-5.400955298818  -3.568530279353 
-6.138832228514  -2.112457273049 
 0.388284607890   6.495923286554 
 2.592565585908  -6.098564420821 
-2.262598311105  -6.299448226142 
-6.567632187865   1.958690378767 
 6.837240004166  -0.537343135887 
-0.541491150050  -6.892775838563 
-1.481947205748   6.821794932813 
 5.508646290248  -4.417853163698 
 4.260834829007  -5.809348572731 
 2.006125406025   6.983829433678 
 1.430605567877  -7.234685437905 
-3.174538710568   6.719204162612 
-7.523481006126  -0.359205257465 
-5.596331539560   5.251568765439 
-5.778445300259  -5.145981560945 
 6.611975002288   4.027802881459 
 4.266737181022   6.684675905789 
 7.322753738893  -3.391560790048 
-0.834841050604   8.180192393328 
 5.905504257575  -5.939108155654 
 8.382529357273   1.077065932499 
 1.245557190501   8.372808426697 
-8.058602959084  -2.698853320295 
-7.555992429343   4.095226272509 
 8.202182608468   2.688141261370 
 6.393054625123   5.847905575483 
-8.622065367005   0.903525889965 
-4.646448638843  -7.395806142800 
 4.060756354678  -7.845337064475 
 0.518175250183  -9.031854411859 
-8.074856956478  -4.217409593144 
 8.888579023378  -2.178192179627 
 3.953772077297   8.365258778550 
-3.107226675155  -8.757942688030 
 5.582017606278   7.471516262484 
-6.712672261094  -6.687439418407 
-9.135217266669   2.619563231273 
-0.000745621108   9.526815663129 
-1.068744255638  -9.474279122301 
-5.451224279903   7.851263425260 
 7.619275881425  -5.801783118607 
 8.572988598889  -4.407211108106 
 9.671488170722   0.102984085549 
-2.184243282596   9.435651189914 
-3.641696635672   8.994311989211 
 7.968427296612   5.617666479782 
 3.202761627189  -9.254430170511 
 6.790739034940  -7.179349954884 
 1.938052454601   9.721710312356 
 5.296502881228  -8.745951030200 
 1.646276509641  -10.147606739020
-7.158800038441   7.455742825995 
-10.267783536016  1.240478082326 
-10.036850953648 -2.817582210093 
-8.622345714584   5.983149909126 
-10.469674580152 -1.125523207489 
-2.392166155298  -10.264085970193
 3.735073876285   9.971594741823 
-1.198688383851   10.612689421887
 7.696941066199   7.550318253525 
 10.324678881498  3.192855172816 
 10.424978163969 -2.876797790800 
 9.459827629508   5.297055854964 
-6.952322270114  -8.378937010122 
-8.622505971036  -6.661423324214 
-0.418099298762  -10.998122219804
-4.385193824842  -10.098259829330
 1.114605572380   10.976492432203
-9.635206304056  -5.535505395300 
-10.024925068644  4.938408603238 
 7.119856505490  -8.656935154255 
 8.880245777381  -6.848954928312 
-10.829883893100  3.150562820736 
 5.310029854586   10.001365098196
 11.472272625820 -0.393141716983 
 6.923031229297   9.251373360444 
-6.383769766078   9.666475047941 
-6.260077320860  -9.906139350481 
 5.811570604919  -10.228580505921
 10.280712540318 -5.720423386501 
 11.721195069264  1.205280704057 
 2.816559590208   11.449921534202
-3.304170523883   11.324717214312
-11.830650095296  1.636074349930 
 4.505000534433  -11.121371236502
 2.860891721130  -11.678323709864
-0.626559841376   12.051488500875
-2.895411496104  -11.787852476331
 11.107921635214  5.237664407452 
-11.521995105556 -4.273185979944 
 12.137587692119 -2.215330433984 
 9.930327448921   7.349020051026 
-12.284499034665 -2.286301753919 
-5.413867394701  -11.289305237001
-8.012202715071  -9.684113097784 
 1.084700420789  -12.558326866938
-11.538162712556  5.103375218901 
 8.917822559867  -8.981183424669 
 10.024940893469 -7.825272873231 
-4.741374005326   11.808694156516
-9.903930039382   7.991862515692 
 11.697110687570 -5.109096758344 
 12.481395316026  2.824692495626 
-10.264504206461 -7.677152019244 
 8.445600162656   9.714441241581 
 2.006453735450   12.761397504279
-12.919387567668 -0.788909891739 
-6.298702821296   11.348609511340
 7.016545856762   11.007243398279
-12.642757564930  3.302376434586 
-9.184745943766   9.465055315257 
-1.425342427456  -13.134711634967
 11.316836925235 -6.935332293367 
-6.991217426844  -11.285107936552
 4.144075151800  -12.648028754935
 13.284464751651 -1.020619880084 
 4.424000598793   12.575224791459
 9.955355888464   8.886797667811 
 0.492708306388   13.376276474955
-2.432168051652   13.183415768100
-7.836615123153   10.910016134878
 5.872591329564   12.086391321358
-11.569606232561 -6.871225176964 
 13.451684596583  0.519882778611 
-13.360741807456  1.767403485587 
 13.024613263309 -3.502530826547 
-13.005356585896 -3.656753431331 
-12.370805549638 -5.545230559064 
 8.557175959546  -10.813636903945
-11.701937121449  7.297538179494 
-1.044053615357   13.795686499751
 2.588596546859  -13.594072424517
-9.698193569350  -9.908208228005 
 7.185047352692  -11.957736540680
-4.868902986057  -13.096762266002
 13.274102309678  4.438473445055 
-4.349942443224   13.341867008264
 12.737124595226  5.981162663954 
-12.711295873511  6.141257837528 
-0.148859544316  -14.140644388804
-6.381203559360  -12.700757092832
 12.055093828980  7.579100545086 
-6.300384349152   12.849945615676
 10.066970830594 -10.193757404879
 11.210593827518 -8.944929198935 
-14.128811254922 -2.565412294484 
 13.206801056079 -5.828997194887 
 5.874405489918  -13.293328278586
-13.722763704265  4.842411741713 
-11.393778070732  9.111896148203 
 14.275714387812  3.087911460363 
-2.865734902529  -14.356413376427
 3.865806655435   14.269257328366
-7.985712155069  -12.454604815679
 14.760457621365  1.469198180818 
-13.965112061138 -5.026620081352 
 11.012428882552  10.098359915417
 7.105691485025   13.149983198963
 14.315558404963 -4.404515901496 
-9.396528265934  -11.775204550099
-7.830326897689   12.896238114748
-15.076873576845  0.702334822424 
 12.778075618643 -8.116470664237 
 8.945681947005   12.220948582844
 15.109991238924 -1.271361544492 
-15.109583827555 -1.318435636825 
-11.372662561810 -10.038729096896
-1.360346808126  -15.119203742188
-14.736711768278  3.708866275799 
-12.439657284717 -8.765061066212 
-2.884344710556   15.004587092031
 3.384015185846  -14.950813321627
 1.628668978026   15.282169534948
 1.632921010025  -15.367570664576
 12.434697365126  9.234333682623 
-13.507580775967 -7.629662237172 
 13.630180258867  7.527780079933 
 9.736222466842  -12.243870316147
-10.388695436334  11.801170652164
 15.464262589420 -2.899425569909 
 15.742036456562  0.256055387586 
-13.185085567900  8.604360443836 
-1.501017851338   15.685455683897
-4.202365015295  -15.272469129491
 0.067506556085  -15.915679716689
-10.893966188553 -11.608376278367
 6.000371499136   14.758888791963
-5.821889803350   14.900158416842
 8.068173502045  -13.814322017407
 11.432722448350 -11.221425953419
 3.065232458427   15.730138034116
-15.719062583147 -3.199694103576 
-14.764003264722  6.319555106752 
-6.772103031257  -14.592327697850
 15.879868322135  2.991012591756 
 14.435919898875 -7.279986712139 
 8.590572718452   13.696664514413
 12.601581748318 -10.154814662215
-9.327764172517   13.251222266611
-2.585733122049  -16.029027002272
-15.610275582404 -4.758733597894 
 5.222197085911  -15.581685346044
 15.802703098502  4.524418581467 
 11.772358982633  11.539358162670
-12.753267712353  10.496606830071
-16.381711083351  2.172596209564 
 0.551764569801   16.528046110243
 15.431590185404 -5.964251169571 
-16.579512263595 -0.257612915061 
-7.910400304462   14.648829500321
-9.264138817886  -13.858114679925
-5.745428841480  -15.737433412134
-13.008059198003 -10.568102971477
 13.909982297202 -9.379315642780 
 10.688138960242  12.942056145356
 7.175016128207  -15.306682941929
-14.304084519524 -9.058136555100 
 15.811951876364  6.104245262771 
