-0.156443939630   1.168740604308 
-0.057096059329  -1.442998214019 
 1.930753192400  -0.050910840586 
-2.141140278808   1.449109396990 
 0.754760627009   2.486378733446 
-2.522863225662  -0.631814896916 
 2.363696408352  -1.510968665151 
-0.560553211628  -2.909197432379 
 2.646243321490   1.646737605065 
-2.451872382881  -2.170813218300 
-1.217062488872   3.446045749902 
-2.703072628280   3.140539919858 
 1.166815397980  -4.084197331018 
 2.152256165997   3.841395469256 
 4.473666992154  -0.314377954572 
-4.521405650111   0.656690958495 
-1.471151690602  -4.468556646054 
 3.793275161785  -2.926560689458 
-4.212596585023   2.284061243421 
-4.040016738316  -2.690805255870 
 3.637901631278   3.315084702761 
-0.160628979197   5.208850068771 
-5.049294072213  -1.414463489214 
 2.796460411952  -4.519276321140 
 5.030149363172   1.777506654555 
-2.087449481379   5.058407034545 
 5.408730250578  -1.587371363082 
 1.295804530244   5.584112213564 
 1.037148129582  -5.669196570832 
-3.673702800191  -4.484517397073 
-3.601437411687   4.632652826959 
-0.412917741116  -6.260768333455 
 4.573536979178  -4.441897203160 
-5.914185792493  -2.876783547798 
-6.706183138752   0.592879093744 
-1.033853775599   6.659785194997 
-5.235419872338  -4.424120809006 
-5.139766742070   4.539526763374 
-6.092147370850   3.213556041559 
 6.517917145677   2.256782760553 
 3.937856039614   5.672178271764 
-3.223079766563   6.121964239043 
 5.805669972277   3.851694714303 
 7.027135707069   0.805460336789 
 2.990727156268  -6.425828350794 
 2.401108031424   6.810640825746 
-7.159095970950  -1.261213932053 
-2.935782319382  -6.688808881967 
 7.455683206202  -1.342087224615 
 6.793890178696  -3.826323422048 
-1.417624046231  -7.753964350393 
 0.072492555298   7.904762473971 
-4.965625495378   6.238498622968 
 1.056128669759  -7.921318059069 
 5.852582979592   5.445867087502 
-6.840958091176  -4.151620618789 
-4.837322232227  -6.491127040141 
-7.955371791248   1.554846873057 
-2.540398608221   7.809626646324 
 1.762987416592   8.236268863716 
-7.435375379043   4.178617005913 
 6.208198186988  -5.859976547429 
-8.164284731524  -2.841477108794 
-6.383124810180  -5.837574974985 
 7.955942710402   3.395090868088 
 3.518759751720  -7.991034087861 
 8.557685344712   2.010700378230 
 3.856251622549   7.965229601049 
 5.110837111879  -7.288044633589 
-2.736060170289  -8.515706903658 
 8.659686785865  -2.367118257902 
 8.995401750648   0.572966166216 
-8.966143248422  -1.446069342397 
-9.151304739898   0.126004106865 
-4.116570944758   8.259656711932 
 7.373434595036   5.830984197837 
-7.498913882553   5.681090637193 
-8.823189804024   3.515384840387 
-2.139954289123   9.423144585601 
 6.420179964278   7.332961536955 
-4.212961441045  -8.890082756144 
 1.457037534260   9.782454372768 
-9.030403011115  -4.201616029863 
-1.020503645412  -9.912136272473 
-0.426100984626   10.010622704122
-9.927230548058   1.797124811365 
-9.717387342597  -2.797585437941 
 8.744565494936  -5.090138764374 
-6.612421271304   7.778046865903 
 10.212649278242 -0.423683254520 
 4.777470070923  -9.080746043151 
 2.064930998972  -10.052231457784
-9.036660210527   5.271046476793 
 0.432715873452  -10.462512654801
 10.326645793879 -2.023084593138 
-3.049825230016  -10.132626200368
 7.601642337290  -7.472592387123 
-10.640190527175 -0.714711434583 
 8.862312881915   6.054885610734 
 10.408874220763  2.801942240749 
-8.743716001398  -6.340847687930 
-7.486738809620  -7.990800663616 
-6.191505839808  -9.058628044732 
 6.119445520490   9.132227986602 
 6.738571941630  -8.705833989279 
-10.364988298188  3.832049056110 
 3.722196545809   10.413335253464
-4.517339974212   10.146637572760
 10.286347032998  4.531885109353 
-11.358354687883  1.158924117484 
 9.246759425555  -6.817425482107 
 10.988978820461 -3.398044606128 
 1.689376350809   11.410645109556
-9.296570655090   6.948416916596 
-2.069431733345  -11.433101389479
-3.058673105389   11.246458352057
 11.610766401598  1.314856370714 
 1.542152855129  -11.587786625057
-0.921828099893   11.655495217935
-6.109965532975   10.002077275870
 3.135076653695  -11.297307659263
 8.248026484411   8.382111365612 
-0.603089551324  -11.843192153235
-11.416688643151 -3.312784664390 
-7.786482871849   9.066405750265 
 11.996542113061 -0.499408351074 
 5.603316211896   10.628908407393
 6.343928666462  -10.288622605038
-10.581794272844  5.984954568106 
 8.505744970161  -8.943379299360 
-5.131772733092  -11.241034467758
-12.483518277329 -0.469848825562 
-3.465776791930  -12.005832706019
-8.882175890652  -8.856559185811 
-11.496076850827 -5.169509962081 
 11.534997994203 -5.233249010968 
 12.292463284003  3.077086589906 
 4.210921849139   11.962924994383
-10.855726234280 -6.560595924566 
-12.063588591457  3.922855794981 
 12.648180422568 -1.880501812588 
 5.555537257244  -11.636315889787
-5.023712190750   11.876927794256
-2.201914669752   12.707019352830
 0.182267294092   12.909571804656
 2.627072758242   12.640885745612
-9.368076456410   8.925756019269 
 8.282245713601   10.022945051636
 10.925960253985 -7.082796870264 
 10.697190154455  7.477531175691 
-6.941868232338  -11.203888596102
-7.882646475220   10.657681138196
 7.072039636071   11.220994932396
 1.638864489318  -13.166599754494
-10.619737409121 -8.046088023634 
-10.855794824340  7.781208170132 
 12.183409320793  5.595732568511 
-12.304433939669  5.429200434912 
-13.294403191887 -2.309810466662 
-8.483385049914  -10.518094889411
-0.207008678075  -13.547541896398
-13.236714097918  2.969048020274 
 8.581855256824  -10.744306775157
 4.388282086397  -13.082797731878
-1.019356668395   13.821533690490
 10.187477323166 -9.401312403364 
 13.223098813468  4.264386748720 
-4.216289128487   13.295561780866
-4.509693501469  -13.239566559559
-2.674515115975  -13.768205714961
-14.023776674927  0.465233397955 
 13.963447922138  2.043419792024 
 1.354384478995   14.062166495080
 12.218820911140  7.143730771839 
 13.620203868521 -3.952717983080 
-12.438284970018 -6.871038851092 
 14.211586363180 -0.180096261800 
 10.840387336477  9.211082391655 
 6.322956475088   12.767935357465
 4.656453810707   13.465617302322
 7.609331683243  -12.070834437576
 14.171656440243 -2.357233408095 
-13.569145780292 -4.888467720786 
-10.238976399306  10.189514195602
 6.374273197900  -12.964126246053
 2.819122139726  -14.270008080870
-7.420271392447   12.540423504626
-5.721754536605   13.458529573451
 2.837804191866   14.476377629635
 11.672636605107 -9.045389681762 
-11.136797050296 -9.697965737349 
-12.096198746115 -8.474007684447 
-2.521300722807   14.600075609831
-7.944812002763  -12.587860736115
 13.340182416692 -6.638615463639 
-14.425864577062  3.975010560605 
 13.703900891989  6.095430355309 
-14.938586247506 -1.406323845015 
-13.260869007628  7.060499312767 
 10.309468950499 -10.934271972410
 8.694912461737   12.337191297567
-9.178476780388   12.082807601127
-6.565378361796  -13.714444906152
-1.317258743493  -15.163844993407
-0.009774066710   15.223968280200
 1.393234074203  -15.188793560462
-4.199221125677  -14.730576583428
 9.388007406869  -12.205216598853
 10.657173637539  11.120945828063
-4.172709311441   14.846383376408
-9.480529620286  -12.218760701950
 15.199045190418  3.127402172731 
 15.494745414483 -1.309322372697 
-12.501792792735  9.256188137853 
-10.847958868314 -11.198809570964
 13.625348634060  7.748881250686 
 4.367457410961   15.055870831542
 15.646780217901  1.415214246402 
 12.511756499179  9.524093555513 
 7.579298504242   13.789331685832
 4.709825256342  -15.098462891176
-15.730151789422  1.713512857972 
 1.521231392683   15.772151255946
-15.278713516602 -4.298234630477 
-14.820498273073  5.751893204871 
-14.808432430010 -5.876348522757 
-10.912533280056  11.705123458828
 15.381719932547 -4.559696286442 
-0.077768203742  -16.116125245690
 6.216408692373  -15.025690244669
 15.991097301719 -3.091312456008 
-2.416316284091   16.129865301142
-5.768912875279  -15.305908121523
 13.771866820355 -8.828750689600 
 7.648976228076  -14.470878259770
 15.170528176342 -6.191048794039 
-16.218691152362 -2.596174811377 
-15.954083043535  3.940426134688 
-14.275235211604 -8.272086626711 
-13.289649470241 -9.781011848126 
-16.479260847762 -0.889416341237 
 13.033106451431 -10.232055239147
 14.994169120924  7.085973846039 
-3.035905468050  -16.322713953806
 11.505468929852 -12.001928685602
-14.337773279084  8.428059827706 
-0.503993763983   16.680400520956
 15.885308295286  5.139911596869 
 6.841679577931   15.236725772546
 12.453907509020  11.143630186609
 1.864304731908  -16.678026328736
 16.784970458608  0.315258054228 
 10.457990134089  13.174953666322
-7.081529190122   15.267851622894
 3.392162973023   16.548841951327
-4.234314284336   16.386056612628
