 0.274393344072  -0.492837214282 
-1.041320793929   0.739683977869 
 0.864991706576   1.264551329409 
 1.864808900214  -0.127685113429 
-0.289181354857  -1.973942923248 
-2.354316138366  -0.540566077446 
 2.136638650604  -1.639425604663 
-2.092201682112  -2.030235385602 
 2.712995297625   1.645460924526 
 0.529724619063   3.149786641936 
 3.458700781306  -0.643071421998 
 1.270416380513  -3.353068691632 
-1.332852190429   3.452487120997 
-3.463693679758   1.482210430112 
-1.234247816980  -3.561895057674 
 3.006491000783  -2.990850012892 
-4.297937335485  -0.016696719123 
-3.979496288042  -1.640286415985 
 4.425767169819   1.366129171342 
-0.066130707564   4.637310351080 
 2.299625620829   4.098428052042 
-2.937521882047   4.107003469056 
-3.940990897406  -3.355115068959 
 0.595025636865  -5.196858530062 
 5.250474860104  -0.604949094705 
 5.018972904357  -2.154258870984 
-5.646178208969  -0.761346453844 
 3.931916953085   4.144074523109 
-5.647103341897   0.997020262448 
-5.310644880900  -2.479790806997 
-2.201394993230  -5.520772351423 
-4.669646762851   3.753235659706 
-1.349764245744   5.916075812439 
 4.001950420204  -4.715110143516 
 2.321496978922  -6.016442476132 
 1.669384337301   6.359573025351 
-5.995854056909   2.894258702002 
 6.664557450997  -1.241414440294 
 5.501177914227  -3.964864985352 
 0.946202430660  -6.802237270072 
-4.508718292601  -5.191418137449 
-0.122413370800   6.912527754275 
 3.284117848881   6.103758220517 
 5.672561279784   4.234408258332 
-0.918329854052  -7.046521519487 
-3.303335033737   6.309448907763 
 6.554302849800   2.908829128018 
-7.269019407047   0.265343911363 
-7.112512797071  -2.092467939233 
 7.371315255756   0.898320123127 
-4.733040968207   5.771905728357 
 3.977565264956  -6.408076143261 
-5.970696402429  -4.790095633885 
 7.199099162584  -2.865623227296 
-6.228546980939   4.649185692546 
-6.986607865099  -3.676429934749 
-4.313974118042  -6.695751006650 
-7.650842507462   2.347480715399 
-1.268578730365   7.934686142032 
 0.210102611616  -8.230467672997 
 2.601295403497  -7.827288124090 
 1.777301603853   8.221508191482 
 6.115697619306   5.895408196485 
-1.380564997401  -8.497690447858 
 0.083532454314   8.610789150013 
 7.385672852130   4.491952727351 
 8.393196147880   2.103934766893 
 7.200633315823  -4.813885343199 
-3.378843405031  -8.051298276421 
-8.749754118834  -0.299824823542 
-7.719600657795   4.171020749030 
 3.397496545242   8.093387213368 
 5.791717463305  -6.744275360573 
-3.092648824144   8.338458553062 
 8.801192174217  -1.568380829516 
-5.604339459686   7.068134301824 
 4.843878727757   7.654478062257 
-8.768186691627  -2.502148548113 
-6.686285348865  -6.208253807014 
 4.649211375368  -8.040615520117 
 8.596556187000   3.603327385161 
-7.917269757904  -4.969501721435 
-5.841101994757  -7.454067809093 
-9.241468776536   2.361365356902 
 1.212775778223  -9.483182541251 
 9.637005500261   0.024680220386 
-1.018384741343   9.732277711525 
-4.612706081216   8.702391067333 
-7.818916565455   6.086501807017 
-2.967120254601  -9.542932269187 
 7.787078957473  -6.263631051906 
 7.135962952294   7.063573499162 
 2.029089192105   9.876806914846 
-10.036092379689  1.037599504955 
 9.455528422531  -3.542771439112 
-1.286361757906  -10.074077875141
-7.140774947096   7.513943368043 
-9.485645096538   4.193945722085 
 6.927430798186  -7.858883055575 
 6.300702657395   8.384886397833 
 8.944378871569   5.546693253355 
-10.513677464270 -0.765527066978 
-10.306681811710 -2.421425580243 
-7.329070466715  -7.719072140104 
 10.567271724444 -1.859255166569 
 10.623242289260  1.508492683298 
 0.076895462115  -10.790781933601
 9.337445191262  -5.460271710639 
-9.915016149476  -4.374393739849 
 3.512013492017   10.282989057539
 10.295558954722  3.649024135862 
-6.136138473179   9.038175873908 
 0.483859616082   10.922066083138
-9.408524307507   5.695622234992 
 11.142587053601 -0.051662746885 
-10.704440111267  3.112366258675 
 1.880994162914  -11.078158887207
-8.892647703448  -6.900505088098 
 3.769126687066  -10.626528567315
-4.125535178216  -10.520744375955
-5.554039927796  -9.850958650209 
-3.840109471721   10.747435299833
-1.846473839108   11.397509891672
-1.833256755526  -11.572789999625
-8.623360868266   8.009502115359 
 5.350019848539   10.492896914238
 8.619388979935  -8.182257289388 
 8.711403168485   8.097929618976 
-11.406073440256 -3.823164606913 
 11.599608950115 -3.247223922263 
-11.891254106631 -2.021075070700 
 5.462598350646  -10.783038218816
-8.192483418658  -8.965681925395 
 7.054672349597  -9.927611286526 
 0.786907083433  -12.165901755376
 2.446274660097   11.987396549049
-11.292116315955  4.733526959690 
-0.306936998625   12.321269033463
 11.200959956581 -5.306817729695 
 10.018283953955 -7.370160535057 
 10.620941866475  6.484545223088 
 6.876737078755   10.392894498750
-12.409367324413  1.358776590840 
-10.256845217766  7.206396139130 
-11.174440288285 -5.827553907276 
-7.935573517904   9.861087488608 
-6.540489139096   10.842743788977
 12.666647263222 -0.416924435024 
 12.621374925346  2.151881930284 
-5.625426641001  -11.507067295301
-12.879879747741 -0.701402513481 
 12.396973294407  3.735543922271 
-12.468385815012  3.518055490972 
-4.309032458082   12.252913893884
-2.402837927288   12.841528541447
-4.230645222548  -12.363149020860
 4.293606535122   12.349241270437
 12.920732760057 -2.241347262357 
-1.115318815619  -13.120019050050
 2.204025034945  -13.034785337163
-9.433737300218   9.288168744672 
-10.820901769055 -7.677946045317 
-7.951271078940  -10.658598568647
 12.155157927846  5.503278107595 
 4.972649791004  -12.527155524817
 10.103010433235 -8.941856698906 
-12.745870426674 -4.521472376604 
 12.904677838769 -4.075484563591 
 0.886984005489   13.620943491017
 7.986622449774  -11.107268345041
-12.475425108761  5.720087287129 
 6.951323783357   11.978187006109
-13.491592289906 -3.170256485743 
 9.144006048563   10.570194686516
 3.637193431584  -13.545934319554
 10.346968207216  9.514922668223 
 14.094180987415  0.200602154189 
-10.618551226900 -9.308641886417 
-9.130185380608   10.774363817439
 12.346894329669 -6.902678948439 
 9.586535006327  -10.411070008163
-14.005943928081  2.146238689630 
 11.740185583278  8.032452976678 
-7.012643329498  -12.379146282041
-5.919678112890   13.032290825679
-14.269563512203 -1.276988141627 
 2.545846721252   14.115046219718
-11.487216465020  8.648830926438 
 0.941776613089  -14.359397332101
-1.653476633985   14.355958008591
 11.763870910012 -8.451326737557 
-2.640484363266  -14.302405233285
 4.490287265426   13.860265687992
-4.795464856939  -13.762157243944
-3.232231982050   14.228845681022
-14.062054105418  3.894754464297 
-14.643611648448  0.662617497906 
 6.022833469012   13.402894850602
-12.479816689682 -7.851313489441 
 14.530155380907 -2.644603010199 
 6.580156507800  -13.232324538853
-1.023565398247  -14.755930466993
 14.727299938810  1.765211845981 
-12.920296595403  7.349210644470 
-9.522523780591  -11.524291787164
-8.300994385989   12.458161666557
-13.972939667726  5.564843437469 
 2.633205593874  -14.885847320846
 13.668721161926  6.479674442182 
 14.773353252358  3.274327083987 
-13.917937450731 -5.988745177954 
 0.259893501876   15.149994273682
 8.412179630157   12.605857249414
 13.860558181989 -6.269131778203 
 5.467468236105  -14.292520560698
-15.079111511849 -2.772458899770 
-4.697728215496   14.703720878826
 11.814144874102 -10.092978960554
-10.913177131159  11.071837958640
 14.860899596536 -4.773642896483 
 11.221206924732  10.937131721940
 13.294690403386 -8.369856650911 
 14.862802830526  5.114303399734 
 9.446105185114  -12.590909387025
-15.726708606681 -0.696755515604 
 4.238522653352   15.339837302182
-2.131284092164  -15.807805778292
-12.625484720766  9.875851434431 
-11.858050637700 -10.802022829333
-6.399059891478   14.740010038991
-5.365073254409  -15.153069396086
-15.514019770363 -4.209997587753 
 16.077899017219 -0.202983365437 
-13.160723944378 -9.278569408641 
-7.895974196427   14.039196277877
 7.157232432363   14.440172940567
 16.021432657993 -1.866970619179 
-6.996927029757  -14.576578461093
-15.914876337917  3.343452967660 
 13.867679283258  8.636728888283 
-3.798911477189  -15.893538900856
-15.496157302712  5.254383864393 
 0.709401152759  -16.365754691430
-10.886566591674 -12.249491760993
 1.459238753766   16.381352227601
-14.387221107930 -8.003490493297 
-14.375683417925  8.046604178944 
 12.903546391171  10.357137371479
-15.476305421935 -5.905859286378 
 11.626900575713 -11.869637530943
-1.753274440375   16.538975934570
 7.836568565618  -14.690867158180
-16.709919814514  1.511505942378 
 3.926699656477  -16.321648523004
-9.425808521629  -13.892737923791
 9.097633550138   14.125418820004
