 0.087660140131  -0.957275306661 
-0.916802200544   1.132531280425 
 1.037788667543   1.047454025348 
-1.387417748623  -1.427284167609 
 1.134743354867  -2.204881329781 
 2.795682406947   0.048244372147 
-2.761519027841   0.994158765523 
 2.840915006439  -1.753427630599 
 2.875987937677   1.818142403387 
-2.615863624734  -2.329469412876 
 0.487922202714   3.555921095686 
 0.183943106656  -3.599117075535 
-1.251555374581   3.517938427453 
-4.085979587207  -0.855453209998 
-1.415198181007  -3.936068044410 
-3.194866759475   2.923019123901 
-4.331073353140   1.937593822382 
 2.241328994883  -4.250315322134 
 2.714863962257   4.008795591867 
 3.904479419233  -3.293073590480 
 5.077149344241  -0.660117123967 
 4.642296908995   2.355469553094 
 5.130412795290   0.932690965868 
-3.640043042082  -3.822948954282 
-4.721734509295  -2.444789908821 
-0.976894597931   5.237346925634 
 0.833728070238   5.526951331136 
-0.062790393155  -5.716626636500 
 4.303209872378   4.172628838357 
-4.199183523762   4.374516613673 
-5.228047665090   3.171931260016 
-3.012750412265   5.360040575368 
-6.480285410216  -0.098633215443 
-3.613464177410  -5.394867361959 
 2.733617731741   5.984775580388 
 6.244082796872   2.203446491581 
-6.222917722696  -2.513097194499 
-0.227885150658   6.709730107739 
 6.456294072489  -1.931563905489 
-6.586008702280   1.438383145476 
 6.767129688686  -0.270651310898 
-1.920551180146   6.508007527259 
 2.828034544548  -6.263591225454 
 4.148580933512  -5.500558050446 
-1.437789672385  -6.804774776438 
 1.341023850198  -6.832658742560 
 4.413955714890   5.677714731652 
-5.436312849850  -5.012217502660 
 5.980188713486  -4.587865870867 
 1.876911775953   7.610047116528 
-6.338704639303   4.686449998236 
-3.285128438299  -7.250916614512 
-7.941674329698   0.735526105842 
 7.219152565711  -3.440394341985 
-7.990074777371  -1.097472335296 
-4.713362119977  -6.634860970556 
 6.897410759191   4.354461604824 
-0.167033544905  -8.270831741930 
 8.261841518497  -0.862204617870 
-1.676217945759   8.141199556035 
 8.238135994117   1.341463507021 
-7.713110427445  -3.428894014826 
 5.038056433278  -6.863769812897 
 2.995367875993  -8.086564172624 
 3.471135561885   8.006385568881 
 8.330589380465   2.865669702371 
 1.309834018870  -8.770615590621 
-6.377503249701  -6.199514054315 
-8.322462729016   3.187912875191 
-5.395795671883   7.155190635674 
 5.940591627878   6.721825700491 
-3.695802921458   8.202928135030 
-2.659925245769  -8.643638245962 
 6.630015009492  -6.196899287641 
 7.872646878090  -4.795373722397 
 0.531286615925   9.239225896265 
 9.086023973699  -2.807894188570 
-9.489205308671   0.888878252838 
-1.200275659826  -9.468033701571 
-4.638227747406  -8.382177623145 
-8.235177395211   5.117830550517 
-9.429021550031  -2.519364061540 
 8.795766930813   4.370986723861 
 9.749465984447   1.790906135997 
-8.132309239594  -5.841684473670 
 3.215062368231   9.485789550145 
-1.421268708118   9.960045606186 
 3.838551219820  -9.353640154197 
-2.949227645206   9.684621772782 
 10.126947307510 -1.559846809131 
-6.720481849821  -7.887276486974 
 8.433627645398  -6.248765738451 
-5.400789757908   9.050476389768 
 5.031523623722   9.307063509844 
 5.654522310354  -8.953512825615 
 1.790547133041   10.437263729593
-2.666181815150  -10.266210847006
 9.724368726256  -4.248870439655 
-0.049075551230   10.630514800989
 10.688338187838  0.525029956836 
 7.352499940495  -7.821243128714 
-7.830605537700   7.345063989295 
-9.478463283986  -5.064472108935 
 10.182891329674  3.653775453753 
 0.491878214653  -10.830952296562
 8.768859551852   6.552525963163 
-10.939029062840 -0.961686577330 
-8.188766456765  -7.400508663676 
-10.574308571055  3.380418512058 
-11.134346826070  0.998188397104 
-10.550677752224 -3.881348584938 
 6.691856468010   9.057692202114 
-7.070662089777   8.801950745100 
 8.014656966603   8.026395113268 
 2.057345653555  -11.246441041480
-2.598467027161   11.217155407225
-10.226220115152  5.512506825089 
-1.207701169494  -11.566093033269
-4.221138768239   10.858164445765
 10.411389637824  5.232850415125 
 11.474094623698  2.319564177949 
 11.142752672428 -3.598631505187 
 10.083248646311 -6.045211572902 
 3.592609685211  -11.224229575013
-4.422594963357  -11.020484281396
 11.773007335021 -1.634069092741 
 2.709663355898   11.695236300473
 7.441172464904  -9.511146340625 
-7.793010710612  -9.351986175788 
 5.512037245257   10.917674367152
 8.824078039148  -8.497432529281 
-0.517814447212   12.254587163130
-9.690059240603  -7.695598761166 
-9.388337332862   8.079240695268 
 1.019316686892   12.358734919873
-12.268807523610 -2.210462862821 
 10.124411272303  7.399673889414 
-11.858927808361  4.265201308588 
-11.393853009040 -5.389306346973 
-6.377076760945  -10.888668617213
 5.648354067001  -11.304500453684
-3.418805071101  -12.209247647653
-12.633612831719  1.101715058695 
-12.098062122079 -3.857381812575 
-6.374252048699   11.093352544486
 9.230779639062   8.942174069018 
 4.469643878861   12.067211321627
 12.879346663730 -0.449199316067 
-8.373994868827   9.869954062179 
 11.973896718331 -4.968927630864 
 12.920010823251  1.852217618698 
-11.017809855716  7.046635472398 
 0.790320332455  -13.066109794708
-3.131855680092   12.763646548146
-13.126559919909 -0.977363738547 
 7.109055643437   11.164484012795
 8.335651823930   10.292870897335
 10.754346439409 -7.790782897833 
 12.343862147590  4.919535216349 
-13.075382992035  2.851029496294 
 4.311142591575  -12.708081155709
-1.831076690598  -13.326437927489
-11.426915209315 -7.230489120048 
 13.333557723459 -2.262718424098 
-4.718881972496   12.691976066155
 8.634152950714  -10.449190170067
 11.640930331936  7.154562516723 
-1.578005898122   13.580296342757
 3.351149635577   13.320417798973
-8.276535214167  -11.089701030998
 6.023798524950   12.609987092615
 2.265295642831  -13.806155727975
-9.715976404483  -10.125528511172
 13.643911811053  3.330676211254 
-5.592775599082  -12.886518306175
 14.064110940722  0.617174942860 
 10.801303821409  9.119413942167 
-7.246900013026  -12.194565062162
 1.439450800777   14.137931860536
-3.689721691951  -13.742067467914
-13.404043790927 -4.843586253740 
-0.664183654860  -14.272190871763
 8.010690799895  -11.857262106623
-13.503272306647  4.847740532705 
-6.233285049592   12.982931077986
-11.424518381593 -8.849024432392 
-11.464999185633  8.845890489081 
-12.494479173504  7.402480903137 
 9.920396014079   10.626064381757
 4.804217573979   13.763988786466
-3.240462065470   14.260302291205
 13.195763675445  6.314595212610 
-0.418712102965   14.627373219718
-14.659470359681 -0.926325580108 
 13.085356920983 -6.817027675542 
-14.498559868691 -2.974841476754 
-10.703278221744  10.311254236165
 14.762457225356 -1.806282622833 
-14.888089895928  0.669974483594 
 1.135801101746  -14.867983213584
-13.387966617298 -6.595545352614 
 14.423478664457 -3.994596519779 
 11.963755867831 -9.112013802015 
-14.744945855029  3.137210243436 
 14.968335504417  1.895724182652 
 8.084756364461   12.741100426014
 10.983132205348 -10.351847215998
-7.776440137509   13.027117437341
 5.964297254829  -13.955766272124
 14.418436051378  4.884332331039 
 7.484371357117  -13.278563440538
-5.046371073092  -14.429453211671
 14.288274205087 -5.513170501754 
 6.988669660314   13.793858128526
 15.554665998633 -0.485448403354 
-9.588154311804   12.355717220285
-14.013503963492  7.030433668194 
 13.076966082529  8.651196778396 
 3.231364285963  -15.371559881450
 11.895568002416  10.274072363085
 1.842563825116   15.622316852189
-14.910431936330 -5.112798296594 
 4.322531095295   15.227976260952
 10.112190256044 -12.208559299704
-9.875034912702  -12.553421094286
-2.780107670530  -15.741266764961
-12.452975951679 -10.047424907097
-13.616519497088 -8.410180996329 
-0.837647088803  -15.989827334512
-15.020281651715  5.633703060210 
-5.319886275310   15.158646524181
 15.691475713195  3.463095762137 
-1.559254516270   16.052613576286
 10.759359178872  12.188339156666
-16.172494693770  2.057802733705 
-3.180812192355   15.994956632667
 5.929019272348   15.253456212151
-7.687754890552  -14.447507813958
-13.913154447090  8.632836135822 
-7.238231813377   14.774161616046
-16.497272296680 -0.738039916042 
 4.751947887425  -15.869298447812
 13.772938021920 -9.216510639595 
 15.540148030102  5.883900109853 
 16.451933891661 -2.818399813126 
-12.063107904211 -11.571854144821
-16.473719507624 -3.202312021576 
 16.791451794775  0.416995445541 
-16.415703036816  3.688119960887 
 13.427639076388  10.154704388808
-15.178544534608 -7.286824221163 
 6.591453531279  -15.504716713744
 15.114428039379  7.555930541353 
-12.084571888004  11.815297699946
 0.992265375054   16.886814580111
-6.456968279238  -15.667314636686
