 0.667670717299   0.121731401577 
-0.446064057193   1.439167704046 
 0.856056408946  -1.383637957250 
-1.798436734997  -0.824978959179 
 2.177057143169   0.295562484637 
 0.961376457575   2.036683665265 
-0.270960001036  -3.017007931815 
-0.242959445379   3.156327195177 
-2.556960625114   1.903682304400 
 2.550514427163   2.275970841750 
-3.433050528521  -0.376552353515 
 2.648133713092  -2.721591383255 
 3.728996236015  -0.783800002705 
-2.890236874482  -2.670201825613 
 1.256225797056  -4.112800263273 
 4.254983197186   1.217087838351 
 0.738828298576   4.494409819879 
-2.856300420301   3.568340442300 
-0.281142107188  -4.654555597353 
-4.577457866299   0.921922785243 
 2.510537222222   4.010013064847 
-2.315795385050  -4.200787474586 
-4.883836554618  -1.585595390359 
 2.738652374509  -4.818565693884 
 4.803261819722   2.770300640219 
-4.088287074643  -3.752496207945 
 5.295979929662  -1.744185603184 
 4.619814657807  -3.273351202374 
-4.989371643463   2.760299724010 
-1.330064904499   5.688262702977 
 5.833106726754   1.233493210844 
-6.001972403493   0.235615811695 
-3.699409647308   4.814891209091 
 1.155421191002   6.025546248701 
-1.504314626732  -6.062516003029 
 4.239436965980  -4.737125925492 
 1.107334909115  -6.450718625782 
 6.619100478358  -0.410314828903 
-2.818692017372   6.039911631848 
-6.566806027389  -1.282658889217 
 5.308251331149   4.306268554786 
-3.572472946979  -5.859101286529 
-5.533304315092  -4.247023123602 
 3.287132887194   6.176380933128 
 5.954747739480  -4.042156299997 
-6.691823768556   2.854553511219 
 7.472598861686   0.897208355698 
-0.615791762587   7.515326945155 
-7.617570302177   0.488542307682 
 4.293026734010  -6.314558311395 
-4.653932935010   6.099982039364 
 2.379770322927  -7.326059077140 
-5.930688457842   4.996069994775 
 7.415636985342   2.411551169406 
 0.158412852322  -7.873885401604 
 1.659565828730   7.708314396669 
-7.453595282721  -3.045292611873 
 7.496328502425  -3.290685899000 
 8.150245601288  -1.147016196662 
-3.409909938395  -7.541095538539 
-1.864800411683  -8.122100712708 
-7.044193441681  -4.494088174286 
-8.368763207334  -1.287972787367 
-5.712021884358  -6.527933717853 
 1.501128296000  -8.548330280749 
-4.270557328394   7.652771362274 
-8.448449432163   2.378715576517 
 5.940328927784   6.470060255160 
-1.598258085612   8.678635963188 
 8.877724107730   0.249477973677 
 3.605353016944  -8.231591504032 
 7.540677607658   4.910429086208 
 6.415604031373  -6.334530788104 
-6.652094222769   6.367895166998 
-8.362175336583   3.965497161994 
-9.223047690726   1.006002257269 
-0.015962873545   9.289251566536 
 9.009409262450   2.271364059432 
 3.786466261799   8.498098933900 
-3.170960262602   8.771719666309 
 0.163874644918  -9.377451542061 
-4.792085190739  -8.132867333146 
 5.553067554457  -7.924996171050 
-5.893981494181   7.687712568566 
-9.304131067734  -2.846856944382 
 9.612142885504  -2.135242745573 
-3.437915303292  -9.268182132639 
-8.252318059174   5.470792898231 
 9.175375509869  -3.943360066862 
-8.816200279273  -4.817025710446 
 2.739501865293  -9.677266964959 
 9.314830689621   4.009707050117 
 8.167082957070  -6.105060057785 
 1.149745322785   10.299847542204
-6.469309858220  -8.211248713073 
 6.828153239022   7.935289334606 
 10.474722606490  0.575388407203 
-9.889781581650   3.660312366819 
 5.268443399744   9.215223080386 
 5.150652431203  -9.403532898663 
 3.463115727292   10.163942594248
-4.182190217988   9.930753836406 
 10.443352721876  2.721880739953 
-1.135517171999  -10.773976604129
-10.831034612507 -0.440346183699 
-7.502878058031   7.865612159622 
-10.739056867659  1.835999914155 
-8.670225238273  -6.616172246541 
 0.377464276488  -11.050665509134
-6.141726049380   9.217779187232 
-1.054785721505   11.184136526545
 8.525119427343   7.400215516884 
 11.244401857438 -1.355300898020 
-10.581814674369 -4.179079363050 
 10.142386198696 -5.156194111268 
 7.318965928071  -8.813473445701 
-10.248083997845  5.297866325328 
-10.095074771460 -5.668986444363 
-2.874360935980   11.237932797570
 11.232287678629 -2.913489366985 
-6.010331805429  -9.959437305050 
-3.875817044204  -10.990810949897
 10.124117618505  5.925975970032 
 2.352159817214  -11.494725505075
-9.464229031842   7.045114747843 
-11.458825289261 -2.845827156824 
-11.829942366854  0.754179191880 
 9.795568963590  -6.985063997163 
 5.550304994365   10.716153499499
-11.423948239360  4.019003975402 
 12.231902804588  0.525958271004 
-7.887669876101   9.394253080776 
 2.277400730556   12.058617864509
 0.745794387853   12.254313331557
-0.962837798780  -12.277870795742
 5.282735268256  -11.231708966301
-10.102868446648 -7.340375999223 
-2.588962243867  -12.267220799515
 0.539992408433  -12.546732545866
 8.452676134118   9.288649204582 
 12.091725241115  3.525737169018 
 7.316905264077   10.273943438275
-7.868929789065  -9.926241431690 
-12.483019849364  2.257415213710 
-6.868404465317   10.666895109892
 3.822196403001  -12.120032714384
 11.714259340638  5.005894730253 
-9.451138059350   8.562356600430 
-9.420532009326  -8.767155017795 
 9.610837685070  -8.654214294524 
-11.850272309474 -5.256194311896 
 12.868195432699 -1.595347990312 
 10.574001350600  7.530218438909 
-1.036685550682   12.979764780249
-5.500970814158  -11.803050139607
 11.812028399623 -5.530904260589 
-4.783320946294   12.135774429583
-10.977098153722  7.101515817991 
 2.463800243698  -13.009347428542
-13.102881109210 -2.056308700422 
-13.306301327823 -0.504444393126 
-11.515955478825 -6.833016460620 
-3.400502810117   12.963794620891
-13.021760035674  3.762021352606 
 7.059466168489  -11.581247938722
 13.390130426698 -3.043446597916 
 4.823731997296   12.867470145098
-13.059997591842 -4.289102602273 
 13.951391032810  0.384395358618 
 2.005254724978   13.818725458675
 9.046353184021  -10.683569619152
 10.056677924946  9.797075067477 
 12.405238776667  6.599544660069 
-3.026832217908  -13.725384303701
 7.652020012965   11.800391676243
-4.932926962373  -13.196954339638
-8.254236425354  -11.436115445518
-10.936451579509  8.994096197910 
 11.854675103052 -7.772240575159 
 14.073088752582  1.940831338330 
-7.348154521804   12.214860072244
-9.898537964877   10.259090304203
 1.060780925485  -14.246683896437
 4.456079143929  -13.588262916547
-14.312953434300  0.951462789276 
 3.520543159817   13.978526372347
-10.458486493716 -9.929946144208 
-13.299201264991  5.624785298378 
-13.080718909423 -6.163124010136 
 13.400935688455  5.432059809814 
 12.855031292950 -6.630697558069 
-11.723829151052 -8.563865198932 
-7.117516161182  -12.678454107310
 11.222284160858 -9.283842499726 
-12.238884489256  7.988045229969 
 14.186783842467  4.049186701892 
 0.254155973158   14.772994427100
-14.529444274757 -3.283416078341 
-0.396398020653  -14.950892043080
-3.909560966765   14.495475663070
 14.205806082674 -4.861560449543 
 6.948548491447  -13.381882386985
 6.842062523219   13.467518478047
-9.127051908753   12.049664744745
 12.183015000087  9.065870304001 
 2.755501597100  -15.016042700377
-15.294584734535 -0.442747161161 
-1.510789642652   15.272202772649
-15.141913693859  2.598006175206 
-4.363046460977  -14.734150857767
 15.368321494229 -0.544985339780 
-11.477061910306  10.429474848523
-5.698266578452   14.438049856516
-9.906109761129  -12.004518273319
 15.504833268605  1.395618291637 
-5.867756491880  -14.441816634985
 10.279581347909  11.724529941029
-15.533466047053 -2.145968311776 
 15.445100209854 -2.737090041903 
-13.749516147834 -7.565352657312 
-14.696635842901 -5.542179649420 
 15.428878674783  2.978297196183 
 10.280268538047 -12.042968897090
 5.004356015838   15.032981407766
-2.780544313287  -15.603759753900
 5.896783089129  -14.789473201219
 13.746352348690  8.162507446158 
 11.828493047159  10.809216199078
-15.517556063440  4.065731826406 
-11.299896282721 -11.411409415691
-16.025460486761  1.174908900875 
 12.304136931108 -10.354191356377
 9.253113710729  -13.185127092266
-9.068107319726  -13.334235121060
-15.082644609958  5.796275188336 
 4.449701447061  -15.565854027550
 15.435776090967  4.957642168997 
 8.961864880310   13.520803450247
 14.759418715935 -6.753793923838 
 14.962758044406  6.436703742467 
 2.242848377712   16.170875544520
 14.184829906565 -8.301526084983 
-10.519983734571  12.638912348364
-14.319637676742  8.158901018940 
-13.239194898231 -9.894888815147 
 15.963205338363 -4.331550082031 
-2.515940674474   16.470431573114
-1.252828498841  -16.670294865395
 16.647518181634 -1.549859709714 
-16.095474376028 -4.594111870354 
-7.998327576227   14.719153832413
 7.435758154242  -15.035591525200
-9.562565988184   13.848184541046
 1.015707430467  -16.852623783835
-6.464377472793   15.731066026413
-12.237808495598  11.842535871398
