-0.873019386919  -0.901326771666 
 0.631596572832   1.181559608485 
 1.593656672045  -0.540910293368 
-1.271517402791   1.642133121328 
-2.672260577042   0.840359389249 
-1.017847995242  -2.652301781629 
 0.456929358017  -2.960102099951 
 3.043373400142   0.431795011912 
-2.431251249537  -2.099225704773 
 0.667066232060   3.146997126525 
-0.844979540279   3.138222988994 
 2.208387207152   2.498296135836 
 3.173201055763  -1.225721981198 
-3.500646049010  -1.023823923586 
 2.957070539874  -3.116237605129 
-4.171291501910   1.471011897993 
-1.383119562873  -4.456975987392 
-2.947713818676   3.659529110719 
 4.304251429677   2.096888041012 
-1.238742002419   4.634645309373 
 2.094641367527  -4.379388925792 
 0.658247171506  -4.855236128836 
 4.969964419133   0.750018071326 
 0.872009470658   5.034028384461 
-3.434837463968  -3.786088908180 
 2.756340405898   4.381897211197 
 4.607008022325  -2.393392299591 
 5.316887431811  -1.007124684760 
-5.309297716425  -1.091906835513 
 4.239768547247   3.953217997131 
 4.256452033607  -4.057111831968 
-5.944889438695   0.348838226227 
-4.588597625475   3.988904124618 
 3.047631066739  -5.611846965177 
-1.761177908426  -6.148641171286 
-3.600440310005  -5.297490289898 
-2.791510399657   5.826450495038 
 0.882512369458  -6.415836959057 
-5.835896414604  -2.877699332512 
 6.513308833633  -0.034918729027 
 3.468305150635   5.759494268184 
-0.734985740001   6.738334541302 
 5.949852891110   3.277054313395 
 4.555517249485  -5.529728468126 
 6.360588916869  -3.335564566487 
-4.585490746250   5.618793567169 
-6.967842077572   2.055517314773 
-6.274356983863   3.830125537655 
 2.223934334547  -7.100840491103 
 2.129793570856   7.129941528858 
 7.291572858787  -1.784219003774 
-7.568456094440  -0.016162754216 
 0.613921183546   7.569579967741 
 7.294916884220   2.183687175121 
 5.144088854093   5.991659057121 
-5.381549843558  -5.818689435574 
-3.889607034419  -6.933239209616 
 6.380208441558   4.774459754758 
 3.807196301938  -7.030294830643 
-0.432711824757  -8.110648946303 
 8.159520092999   0.196315979187 
-2.061869950167   7.921263341284 
-8.008338071544  -1.790337920466 
-7.313618837256  -3.803817353164 
 4.128617886984   7.141969962152 
-4.275699755017   7.223773100455 
-7.015455039346  -5.311984091850 
-5.734250207307   6.738886698543 
 7.313922910643  -5.014300379329 
-7.421540300305   4.959522422002 
 2.996770186378   8.415200955393 
-2.596406325060  -8.550843900305 
-0.448758426764   8.980498875057 
-8.743344191080   2.138778092814 
 8.707473417373  -2.748762854654 
 9.027384525849   2.498204319308 
 6.937206772505  -6.473063625248 
-6.571729165713  -6.997225170843 
 8.106058175694   5.150603478952 
-5.215888530195  -8.076131060334 
 5.853264486447  -7.656530263349 
 4.502107145427  -8.607881778863 
 1.903507727519   9.528155707882 
 9.676066789454  -1.537285088446 
 9.818435871931  -0.022554359872 
-9.853458556233  -0.269412103846 
-9.140517598477   3.692428744516 
 1.470250414767  -9.765587725000 
-0.244959644094  -9.955967493448 
-9.168129103568  -3.945127252514 
 6.738799769990   7.428083778348 
-1.670877400749   9.966631740653 
 3.368157046830  -9.604408144084 
 5.520523113052   8.553210226955 
-8.717095119186  -5.376286199667 
-5.896488521639   8.404223290846 
-10.209587737462  1.587360699012 
-3.659939671121  -9.696691191705 
-3.613888213673   9.720085357076 
 9.627580269431   4.154296903025 
-8.425988653349   6.424816302891 
-8.268923223023  -6.837173722392 
 10.016059421977 -3.859572678413 
 4.442582449726   9.774926393061 
-7.609330121734   7.767164347299 
 0.107218421593   10.911829617926
-2.302420091213  -10.740107179269
-10.666787418503 -2.782436157161 
 11.069134272319  1.462465849113 
-10.729603224844  3.145806784242 
 8.346794806955  -7.514080244197 
 1.603136457716   11.142815612099
 6.056639068038  -9.494600524912 
-11.452898558278 -0.396940773766 
 11.527453279512 -0.083693787987 
-9.870255622199   5.993300089715 
-6.562651023820  -9.510648743649 
 9.215660953817   7.082640351945 
-0.100349274803  -11.623068457727
 10.188469513658 -5.644806085273 
 4.732498825346  -10.732199850509
 1.613631469303  -11.635239273527
-10.793575256307  4.763452026460 
-7.323542925603   9.332994836131 
 11.154437735473  4.102342082196 
 3.267252010384   11.504440618625
-10.065825979452 -6.585005571430 
-1.714227612175   11.928879192230
-5.248964276983   10.917587692943
-12.041052887629  1.852545334376 
-9.610457116872   7.748020143773 
 12.334100236947 -1.535699513173 
 11.551301754779 -4.613028246606 
-5.790592773022  -11.033741284096
-3.460844960423  -11.999196619453
-12.414026015666 -1.862071005227 
 7.451743277476  -10.145446376450
-11.993353812982 -3.833195054169 
 2.977902497179  -12.262125790861
 11.042197721140  6.188119573364 
-9.093646035292  -8.859448037341 
-12.115916615156  3.892378473846 
 9.114073519670   8.893962247974 
 7.667245395963   10.176368871186
-11.456543320145 -5.645390499066 
-3.691164268553   12.255304306066
 12.419539418989 -3.212629088359 
-12.824410011152  0.329930808205 
 12.674882432249  2.125264525103 
-1.046362762184  -12.930882244650
-8.951263662663   9.501639080880 
 6.075291765206  -11.568052783596
 11.167360936950 -6.796913021446 
-11.175974233012  6.837910143050 
 10.535774033280  7.805840107526 
 6.550298849270   11.506060889514
 1.756268725081  -13.154755555012
 4.739458344110   12.437471454472
 1.120507404057   13.326648789050
 9.427231216865  -9.532403198184 
 13.469814716544 -0.395144760713 
-8.118006103480   10.758340572496
 12.748064884976  4.503947591472 
-11.809322934955 -7.184045509867 
-0.689779704542   13.840143327429
 13.045087336996 -4.838973348797 
-5.839463403339   12.630102192421
 10.834345725524 -8.783698496289 
-3.316146645437  -13.557156128732
-13.495243798192 -3.603920663893 
 7.742228285289  -11.656436082766
 5.320607305782  -13.048835470313
-5.761678290080  -12.886811450307
 3.843470612380   13.641503665282
-13.506659837323  4.478666820500 
 13.863788820390  3.248469008457 
 3.937917470095  -13.706832683276
-14.238120309676 -1.042651565858 
 10.870193875040  9.269809741825 
-10.535094005117  9.685260728794 
-10.465577396704 -9.808692376318 
 14.197660083580 -2.064667392934 
-8.229916680424  -11.774298251459
-7.579397327817   12.227005087027
-11.840128100341  8.305989858585 
-13.031932889028  6.275952273498 
 12.413198963474  7.484428087217 
 0.292231460038  -14.538330901803
-4.788347692080   13.740173613448
-3.263276338323   14.181497792380
 13.313839558175  5.893257221060 
 2.457233002087   14.377423974159
-11.738020060381 -8.921895743390 
 12.590026155358 -7.739419546300 
-14.541032680245  2.837831225724 
-9.763086060846   11.281911820653
-2.331932289548  -14.793697544268
 9.236419812022  -11.790236188762
 1.042950815054   14.974234010547
-15.041871190784  0.878622577414 
-13.896509291147 -5.824763827873 
 5.488685295409   14.070649322005
-9.738605540652  -11.568193761000
 6.997606491556   13.407946768343
 9.419778472488   11.900366729724
 14.414760914085  4.854455167007 
 2.298396719304  -15.039301951716
 11.048918119965 -10.604191832821
-15.109077336317 -2.506844455620 
 15.260598850810  1.314687917583 
-4.998493147049  -14.489644603499
 10.750158665237  10.963682590016
 6.744328949249  -13.975768628169
 14.861547786709 -4.680855453191 
-14.607416273649  5.565556875564 
-9.233441159571   12.707418614882
-15.714212660905 -0.525487118337 
 8.325212452510  -13.439513356267
-0.952696022161  -15.828508892668
 8.499976336060   13.461531750842
-14.014457556743 -7.556258646010 
-11.465444056675 -11.055789356473
-15.255769383731 -4.583845604606 
-13.240624579426 -8.878356826358 
 13.978528950628  7.735506987595 
 14.756591428069 -6.193025585185 
-11.411251655787  11.236512894424
 16.167551199383 -0.563682352471 
-4.580503444090   15.523951739645
-7.446847163720   14.396110898881
 2.990965739877   15.944300175256
-1.049992341461   16.218721008146
-16.087799248625  2.710593548363 
-13.395814633455  9.322576609642 
-2.715992980799   16.102599185400
-7.795789272378  -14.371020677976
 13.524744225212  9.265195199524 
 4.973189734470  -15.642414193329
-9.274640183581  -13.634155843500
 16.280354445228  2.981458172310 
 16.365513460405 -2.608976593373 
 5.579925901070   15.612504132430
 7.334919730031   14.883322335273
-14.811006334631  7.648795169280 
 0.455096487355  -16.713277568393
 2.008534272250  -16.666614722529
-5.960497034556  -15.698654261618
 12.621011719867 -11.087104164710
-15.499599392535 -6.576765667664 
 14.523921712322 -8.590910639418 
 16.194037447478  4.804724985968 
 12.299618946130  11.582120227864
-2.141384832863  -16.784250834633
-11.285463787181 -12.609606653081
 10.145543645329 -13.549256165499
 15.660131926872  6.489792923665 
