 0.379523123519   0.325636223862 
-1.164152436066   0.072646965043 
 1.912270878272  -1.089374561198 
 0.110881376221  -2.236479935193 
 1.904766718414   1.180414340795 
-1.509861052217  -1.680931938547 
-0.438788178166   2.603891343247 
-2.439024468565   1.983581968276 
 3.412535979710  -0.853845199527 
 2.821841209726  -2.457224506243 
-3.582297387112  -1.145589960020 
 2.080223862131   3.148851596109 
 0.128011310045  -3.892499089402 
 3.960161175674   0.632110275125 
-2.138194979122  -3.476422889477 
-4.098464376058   0.347116678995 
 1.714385194495  -3.889783454781 
 0.193295784898   4.543830774781 
 3.978320490105   2.224733223060 
-2.214182160795   4.112313597055 
-4.358965978860   2.065762547362 
-3.991509103042  -2.822364362071 
 4.613005517531  -1.839538941281 
-1.425385083730  -4.894602968379 
-3.710963991763   3.521927317481 
 3.291118747584  -4.026115425458 
 0.179152633975  -5.416841928495 
-5.639915010095  -0.157160628073 
 2.043872681550   5.343337401987 
 5.716761171746  -0.426948856484 
-3.433017186962  -4.735864431792 
 4.234066062369   4.079131930486 
-1.995258786856   5.644979365814 
 2.677123632183  -5.454186390845 
-6.039050754604   1.567831699195 
-5.648511831780  -2.794119473538 
 6.192838705030  -1.856158824178 
 6.128065674959   2.135000150264 
 5.380799844826  -3.649845449193 
-5.721805157174   3.617118624296 
 0.957484265198   6.714160637647 
 1.157188365862  -6.758802249310 
-3.575425204391   5.884373654602 
-2.569306627891  -6.389371532938 
-0.933612535177  -6.849265028239 
-4.881260135026   4.940742634325 
 4.292695914214   5.636643932543 
-5.644269573791  -4.331209108749 
-7.068214124316  -1.586994208254 
 3.040539214104   6.582832903079 
 5.895400447080   4.227690368315 
 5.025575361382  -5.353325840881 
-0.658609383955   7.405186446070 
 7.429019895952   0.450905706623 
-2.623944530548   7.150298663570 
-7.066770421152   2.924899443034 
-7.894712617165   0.894115380448 
 7.799549780184  -1.686776272270 
 0.603197564175   8.228796836851 
 7.899630678385   2.514553709517 
-6.562200372938   5.128654502785 
-5.211287347286   6.512912785273 
 6.838594929726  -4.794337141961 
-8.413287628713  -0.574922716394 
-7.957095019399  -3.003359842428 
 3.692287558213  -7.673029149709 
 2.164959380916   8.453310069529 
 4.493977007054   7.484373365741 
-5.034630157626  -7.162067086271 
 5.978022040479   6.461027318629 
 1.164285674840  -8.744326273486 
-2.158668807798  -8.564079514216 
 6.285921827487  -6.301264617955 
 7.713018575230   4.490318436029 
 8.221165718735  -3.862428565612 
 9.019721070893   1.090222771371 
-2.483961061710   8.781675993821 
-7.900365082147  -4.842961852437 
 9.290270225434  -0.510280133280 
-3.659394001630  -8.740301171087 
-8.892273252184   3.442517550602 
-9.491760761867   0.931921405732 
-4.988234601630   8.180817030519 
-7.447687515955  -6.296000207224 
-0.178916338679   9.801451870934 
 5.139012432688  -8.371543802481 
-9.469991173429  -2.817684903391 
 1.433013396011   9.820355491761 
-0.935920873247  -9.887325014872 
-9.859307193456  -1.324913333527 
 4.238536967566   9.079218744586 
 7.997845452366  -6.049774691585 
 9.718113392886  -2.623519650414 
 5.931132011124   8.161313488902 
 3.714447821900  -9.466977340986 
-7.473626413789   6.936312632585 
-6.386383653649  -8.124567231077 
 8.394415162260   6.180126969970 
-10.206865390218  2.641099400034 
 6.630510397043  -8.206518154297 
-8.734563146055   5.931554963234 
 0.632003062287  -10.566697928349
 9.625288903371  -4.580375977427 
 9.900704810429   4.001405884835 
 10.613426455329 -1.257925031803 
 2.137151545140  -10.537616480795
 10.651525977128  2.289758823308 
-2.894266279025  -10.538987960000
-2.623555656530   10.625922174040
-10.940273779833  0.425229682139 
-6.344350248243   9.058880396210 
-4.817307182541   10.009427546134
 11.107787295425  0.339495484948 
 7.972474628933   7.842551623743 
-5.087211825544  -9.963902443755 
 3.726790772391   10.565713581140
-10.501266321031 -4.292408199081 
 9.622660882892  -6.179603820419 
-0.664898656522   11.419830878132
 2.143708550015   11.266198528719
 10.936992474339 -3.666138750400 
-8.017186443109  -8.445166560167 
 5.705286196991  -10.163270054358
-10.125233282536 -6.030996954041 
-1.766533057115  -11.722501689948
 6.601164594069   9.871852245359 
-0.026590710923  -12.052622189174
-11.607627612367 -3.265295946886 
-11.159117109183  4.804389305732 
-7.980404733041   9.248611472773 
 3.329914184798  -11.755024197500
 11.394753475238  4.481932321566 
-4.224035138981   11.535157238320
-2.072503085834   12.115244984215
 8.014668305706  -9.346729146325 
-12.201667623848 -1.692501418929 
-11.851818205057  3.394549571298 
 9.303499379500  -8.149814285169 
 10.673922942188  6.576246362027 
-9.568420324784  -8.110800056055 
 12.525453845841 -1.251227515341 
-4.933708072247  -11.586569469107
-12.498262545950  1.941928398403 
 11.642631182912 -5.006591461284 
 8.890430429648   9.307155498988 
-5.862505176571   11.459452410282
 12.457075678507  3.303693356186 
 4.957499664190   11.909494375603
 11.163875895041 -6.494303908616 
-10.969927096847  6.913937923373 
-11.632207225666 -5.750005956964 
-9.922604142325   8.511555745123 
 1.023899727993   13.047084361400
 1.596662763744  -13.028947069011
-7.491729215743  -10.805618143119
 13.247443414845  0.302446673614 
 5.222618883625  -12.225848822505
 13.197172483848  1.843858329443 
-12.597882918205 -4.440650637647 
 3.742303790305   12.834980112099
 12.226053739488  5.749546330325 
-8.975424245611  -10.122672253513
-12.697040875299  4.819994034901 
-13.607786934402  0.513719623478 
-8.257182236849   10.830144519063
-13.369375156692 -2.764426914747 
-13.608632427744 -1.138419519370 
 6.966774973888  -11.752795522499
 12.999409832380 -4.222231661037 
 10.755968456909  8.446068189526 
-3.560910597188  -13.275926092565
-0.541041852080  -13.765131909524
 6.897640250204   12.075441938315
 3.631104984514  -13.463583333406
-1.458824106226   13.870194797830
-3.069520259404   13.646826011515
 13.797970536811 -2.618768837732 
 9.930734784815  -9.959302923180 
-4.818094398166   13.266694852945
-13.730743017648  3.334055031380 
 12.656636480187 -6.312700892066 
-10.582293269535 -9.413201722165 
-5.224778871112  -13.189473488845
 11.744109205777 -7.995880191146 
-11.597616268584  8.285222204809 
 8.363063788199   11.583103334158
-6.846005460130  -12.642994252733
 12.417021919988  7.268388233392 
 13.607765068949  4.874083047322 
 14.114589120224  3.178193647447 
 9.737329148133   10.762957037046
-12.564299082460 -7.302974208338 
-2.120497255167  -14.475253983088
-8.297051969030  -12.080905701767
 1.975924103917  -14.688678280498
-13.325537135982  6.492509976696 
-10.864595035194  10.121987335585
 5.231516128163  -13.899171425133
-14.181590286026 -4.524346090350 
 5.188456248735   13.964529286798
 14.941338384209 -1.212280561333 
-15.022896192276 -0.300123264659 
-7.523351288109   13.020494663236
 9.414181712696  -11.753009798741
 11.666074487958 -9.528169094749 
 15.108967311298  1.618506695932 
 2.674090029174   14.971332552416
 0.348386904461   15.235194138501
-6.320074149103   13.937675514050
 7.903046122419   13.199748041471
-12.127745791662 -9.590645483980 
 3.883444551363  -14.969792467372
-11.140641873520 -10.880267792774
-15.325517375191  2.852211583955 
 15.609965132209  0.178824564868 
-0.774468705957  -15.612217567554
 14.121541136074  6.731104357657 
-2.924287015887   15.408798614691
-14.806150795188  5.254519003255 
 14.952464284455 -4.995002853607 
-5.434952680916  -14.815153882765
-13.279698498185  8.535048715504 
-9.865560792074   12.361151982231
 13.080279633885 -8.978480107069 
 12.930168438011  9.219003312044 
 8.808206854323  -13.230107705454
 13.973697129767 -7.744742220433 
-5.344298499981   15.078823658015
 15.594833295684 -3.586618602902 
 4.467322568521   15.391999867868
-7.041376647397  -14.421469164786
-14.950408726181 -5.906835160050 
 6.643534239116  -14.683038517821
 11.085797854775  11.758894436042
 11.338030557706 -11.533629828043
 1.027431935054  -16.203900418066
-10.220313560979 -12.652891107756
 15.368207682461  5.562690746633 
 12.416038188831  10.661800661840
-3.834864438800  -15.912892474812
 16.033859474018  3.383685511799 
-13.815754716874 -8.873965405702 
 15.081482414293 -6.595785851122 
-16.062128280994 -3.615288850997 
 2.007510770615   16.349400388992
 6.224184795958   15.255899897371
-12.329979461950  10.936952253210
 16.438013965074 -1.388872196873 
-2.114142789964  -16.370415326557
-9.064366667207   13.800661058456
-16.387816217856 -2.082594590357 
 9.978536684026   13.259153102538
-16.537501942354  1.554091808267 
-8.741583636729  -14.239585025013
-0.914564465585   16.885610116228
-13.734548811724  10.045907056827
