-0.024659932022  -0.368205896416 
-0.430189201015   1.407338159494 
-1.953343573125   0.161970099397 
-1.217004269841  -1.662055288589 
 2.085151685963   0.542215685146 
 0.958822718980   2.020963496894 
 0.941347797082  -2.155034911151 
-0.143920508046  -3.245503921254 
-2.994240343024   1.310931521175 
-0.202505117057   3.346146428379 
 3.092931559659  -1.493169841049 
-1.696203096714   3.115169220448 
-3.603886987038  -0.430856689127 
 3.792938379877   0.213556650402 
-3.356183502016  -2.072010999211 
-1.560768788368  -3.778830851562 
 2.115215492514   3.529250953370 
 2.517659885579  -3.810539694002 
 3.745859732203   2.650511185366 
 0.788944196298  -4.583473475165 
-4.504333997743   1.669609530954 
-5.021902736804   0.082352552067 
 4.973329039577  -0.722800273153 
-1.343859070363   4.880566802678 
-3.460307654988   4.055676212072 
 0.493840013722   5.324715004879 
-3.041077213091  -4.478558000496 
-0.893778751488  -5.345834651212 
 4.715518175997  -2.752758390230 
-4.590536927150  -3.247599332047 
 4.038550254005  -4.122146733438 
 2.774069032893   5.070883533253 
 5.847471434945   0.633621981987 
-5.108728518263   3.199095841159 
 2.919420766710  -5.301183335097 
 1.459372216326  -5.965380348382 
-6.054017997382  -1.841048193823 
-6.274204354379   1.407507607562 
 6.259697458164  -2.025972343627 
 5.742214625910   3.223574450543 
-2.553466359826   6.071684310994 
 1.130232769890   6.718874665159 
-3.987431129484   5.601336711191 
 4.745646015288   5.131750447451 
-4.408577732946  -5.573388516648 
 0.374919479539  -7.112418950478 
-1.208583015670  -7.022268677512 
-7.100943331221  -0.729203725328 
 7.133468950932  -0.340137107305 
-2.758601190070  -6.639433098993 
 6.981414978977   1.788565859933 
 4.499924255889  -5.707135563029 
 2.942510148296  -6.809946825992 
 6.567339180654  -3.758481757145 
 2.754078555283   7.190749294616 
-0.870447836885   7.679548244910 
-5.967660664462   4.991681502404 
-6.912367987898   3.608701801269 
-6.516063591229  -4.450168818864 
-7.883938629875   0.600077409528 
 1.861873105252  -7.856944708108 
 6.815097941188   4.395805101779 
 6.155814026074  -5.451424466556 
 0.882366167487   8.209292943830 
 4.303202530938   7.091854218073 
 8.098305485888  -1.859366990821 
-5.318556317013   6.441613197180 
-4.463685211900  -7.203917680803 
-8.234487631545   2.146113742462 
-7.832392692329  -3.678941384593 
-1.864341412511  -8.476859534202 
 8.720903802865   0.169686858422 
 5.442930371501  -6.903136330526 
-2.181708703485   8.599521675708 
 6.075787539949   6.480036470947 
-3.710479346869   8.183209983392 
-6.050482731841  -6.690420973791 
-8.946175084477  -1.865032472583 
 8.982610625916   1.770165596489 
 8.502548134352  -3.430933960791 
-0.008015394698  -9.233074328471 
-8.379943362796   4.077483946672 
 7.866979792716  -5.061458665711 
-7.107374856091   6.114171507250 
 8.760251415272   3.438430275471 
 4.272773437247  -8.492452176768 
-9.570443999145   0.381708173495 
 1.795760014018  -9.416672560874 
 3.772538823446   8.828567497522 
-3.670804411767  -9.035719988825 
 9.612184769266  -1.901610467004 
-7.851332939433  -5.904709286356 
-0.924812277492   9.951945488970 
-5.148040464046  -8.668634999409 
-1.596939464898  -10.023621469791
 2.298910775860   9.903249061740 
-5.478774650759   8.639374008103 
-9.023418006027  -4.877802670365 
 6.299438955065   8.210535975557 
 5.830926026712  -8.551284351324 
-9.811672020180  -3.494282673527 
-2.734117709910   10.050095310651
 7.736339672998   7.182521151078 
 8.874204362084   5.802443319564 
 8.441112667951  -6.609267277183 
-6.838215275017  -8.351149877085 
 3.823036536058  -10.134092196382
 10.160422449758 -3.770007741424 
 1.025026900724  -10.800689599873
 10.915514669838  0.000586659667 
-10.550907637374  2.852508356687 
-11.015182377463 -0.403302217789 
 10.896938822272  1.783956067936 
-4.509752015338   10.108096441932
 7.713450673636  -7.946437503353 
 10.293666572353  4.205506733525 
-8.972416688065   6.574756934411 
 1.176365909057   11.201591876239
-10.162472199960  4.988980184011 
-6.954390187779   9.022530741175 
 5.900195830685   9.860289516785 
-11.316976572565 -2.387471655183 
 3.618266129570   11.007722857426
-5.828644160700  -10.065706980773
 5.780689919303  -10.115898016801
 11.419058390481 -2.456011912744 
-11.820943341482  0.942415768021 
 7.542167849783   9.218307547435 
-4.043754430365  -11.217030872250
 9.947740596669  -6.615213570831 
-0.639569732002   11.945194120979
 2.547985316780  -11.740986799037
-10.377574730118 -6.070864982483 
-2.571672591877  -11.759190543150
-8.939272794597  -8.156621780754 
-0.657112558157  -12.099681470843
-9.031341810742   8.088124856310 
-3.434119384317   11.680584940235
 9.734367201591   7.414175074158 
 11.037481905001 -5.328050374371 
 10.651250619851  6.092845134242 
 7.740400990683  -9.661513012745 
 1.012838849059  -12.392787790035
 12.472730297183 -0.318532686396 
-5.871218721174   11.026852913334
 12.235587606546  2.616406343537 
-12.029219154675  3.540355310513 
-11.671167791152 -4.588312239833 
-10.610975634731  6.716547928374 
-11.665258149749  5.019479845855 
 2.489550202907   12.582651711478
 4.982265100093   11.902587077127
 0.711273022036   12.896206578832
 9.245441424996  -9.068053017414 
-12.971645277650 -0.713585923432 
 4.200978883361  -12.307547727077
-8.392210173796  -9.992748858854 
 12.960904455411 -1.955065695795 
 13.129015305350  1.207124864594 
 5.678262894619  -11.995420540130
-13.326406492783  0.796993948603 
-4.857726736884   12.449609903742
 7.781989836720   10.907815723344
-7.493013068833   11.116818562716
-5.342957748327  -12.347851574358
-13.298784787785  2.349873466179 
 9.381267256433   9.731912062958 
 12.774099600518  4.526748871207 
 12.835003898797 -4.392572110243 
-10.941048875436 -8.044368322857 
 11.321392772389 -7.587015166069 
-7.068096723250  -11.664182776547
-9.961997285189  -9.342898809299 
-10.548667605009  8.689100778115 
-13.545021201284 -2.099958915726 
 7.167546047644  -11.744821955065
-2.661663902430   13.627872092215
 1.390350322682  -13.856560157835
 11.512614207539  7.884318679072 
-12.476131954748  6.453228993394 
-13.571050629652 -3.629405652681 
-1.154745168468  -14.003321127774
 3.335325001661  -13.701880083842
-12.244163520164 -7.031643301606 
 4.203424909453   13.506489732162
-13.074393360024 -5.408475174240 
 8.931983027330  -11.002396434543
-9.507100365155   10.512219597752
-13.469314882134  4.567788949592 
-0.006596099673   14.266758559869
-3.487688925711  -13.845531010455
 13.014773309382  6.111220208456 
 12.833249766790 -6.494677198343 
 14.411146408348 -0.423109756990 
-11.976276707513  8.066657232591 
 10.827682443414 -9.686170544106 
 7.695814290178   12.425782559299
 1.498584328039   14.572218042633
 14.545601048823  2.499735727973 
-5.049428039573  -13.878912925282
 14.477773547898 -3.213530477655 
-6.596453527858  -13.307406479349
-9.870613802788  -11.108149759109
-6.732907721433   13.342969140939
-14.952642977725  0.201701284162 
 0.456992067641  -15.038522356409
 5.662675973767   13.945800316331
-4.986420672837   14.206737549677
 15.074025693851  1.082396375147 
-11.863208866033 -9.464627633934 
-8.946194704750  -12.325397655149
-15.235445553326 -1.501048461979 
 7.132821497751  -13.567836750969
 5.699233191086  -14.261046648613
-13.821898398537 -6.762978074301 
-14.688457456763 -4.787740418259 
-11.529302078729  10.402264060418
-1.154062340536   15.499157174884
-14.074348717134  6.595417167080 
 3.363693885875   15.183251965664
 14.794940988369 -4.966116781806 
-8.898143213321   12.861609519354
 13.381940711928 -8.162139386854 
 12.965894067400  8.809993464099 
 11.854279993914  10.265514587641
-10.613816089819  11.634356528344
 10.288706394576  11.932612099174
-15.526837828133 -2.998057716470 
 4.393678395026  -15.242843340888
-2.810337517288  -15.621146946344
 15.719729257991 -2.194739701701 
-15.622712400930  2.856954896616 
 8.663713290023  -13.373661003413
 15.182735801166  4.862486180044 
-13.317863291778  8.874511607975 
 7.377161132269   14.233739060852
 9.247817067043   13.147543207316
 2.154073399625  -15.937575609788
-3.331574761988   15.766286932158
 11.013956437452 -11.954344004275
-0.485644197075  -16.251329650022
-7.669220816363  -14.366098496793
-13.932131150167 -8.438705154324 
-16.284463647542  1.371159008351 
-5.350686044039  -15.488092198735
 12.573045373483 -10.571785070852
-15.730992871005  4.789036822623 
 16.513806907917  0.356518198289 
 15.039126519882  7.043567534967 
 15.209849560837 -6.786353437266 
-11.622773864394 -12.112370084385
 16.779190637489  1.896002878940 
-15.268839721270 -7.244962304951 
 16.568114779971  3.384517179707 
 5.949393974766  -15.833605823442
-13.144012638598 -10.691299329406
