-0.095076675116   0.860138399513 
 0.946455464982  -0.500519610852 
-1.681654949787  -0.060944988040 
-0.854493972307  -1.509905383973 
 0.585020106739  -2.138277831386 
 2.097620902190   0.807509537116 
 2.346700016065  -1.071514454491 
-2.428665512021  -1.535125116817 
-2.187821529351   2.088043686512 
-0.538042921661  -3.138236911605 
 2.616650679136   2.356741321681 
 1.130316070648   3.362494602246 
 3.534228031451   0.322550772392 
-0.791654270240   3.663080758087 
-2.035405294024  -3.361260090918 
 3.692179852467  -2.045034999139 
 0.691325296694  -4.207708205468 
-4.320982924164   0.483457152830 
 2.871069224971  -3.396023092851 
-3.668807331233   2.525428332174 
 4.135584703267   1.907010052401 
-3.514191187538  -3.094707570871 
-0.905534040541  -4.648143296445 
-5.027281922928  -0.914662434838 
 5.067309048944   0.675028752441 
 2.157657889046   4.665129234327 
 5.166222251098  -0.875014149072 
 3.776421747863   3.706147838086 
-0.666274974595   5.279988378259 
-2.717047789207   4.609872564611 
 4.417595275245  -3.456853136320 
-5.458095754245   1.717576737259 
-3.356054166294  -4.760597597388 
-5.214202645700  -2.680209421175 
 0.863262066715   6.223274817187 
 1.671416896850  -6.079292690859 
 5.394573449378   3.635802548608 
 3.793768081211   5.308304080181 
-4.811895119640   4.522413067072 
-1.302886632909  -6.477911156069 
 5.970150070741  -2.934582354281 
-5.818869003018   3.270291986831 
 3.314913708158  -6.044926962465 
 0.258563376457  -6.900277569926 
 4.928365550551  -4.871572707537 
-5.383782193656  -4.397741926524 
 6.819378410638  -1.457980474572 
-2.824076454165  -6.537327643504 
 6.937163365502   1.642287865246 
-7.055423534353   1.048326282146 
-2.558892317885   6.674236212310 
-7.166457379064  -0.728202712857 
-4.178693774663   6.017295636895 
-4.250435088283  -6.066056616690 
 3.145235969517   6.798021145917 
 6.430052991365  -4.368493758778 
 2.367502222523  -7.452970096371 
 5.612934989541   5.561922045252 
-7.294146170861  -3.113153694198 
 8.012726632718  -0.376811355298 
-1.296906643089   8.149870589159 
 7.891611469765  -2.951819923146 
-6.388339487462  -5.542961137574 
 7.694813315139   3.655644634661 
-8.008601728405   2.988838193437 
 5.697749939943  -6.508820338722 
-7.295041486021   4.787789993261 
-6.112200784554   6.244216995715 
 0.607690020835  -8.744019237800 
 4.157812444485  -7.737386887893 
 1.048858567549   8.750343753886 
-2.655641262050  -8.522034653253 
-5.587597396945  -6.978578957937 
 7.320058055465   5.151995110675 
 8.761001445761   2.294801412709 
-3.666838533532   8.332251796498 
 7.078638026250  -5.727421526757 
-7.866145360711  -4.605036549648 
-9.095350084151   0.811218319695 
-9.007026619215  -2.138375848123 
 5.906615855199   7.147349645346 
-5.292173299074   7.666580547039 
-0.892167057913  -9.359678081604 
 9.261405336517  -1.906088405811 
 2.781544259406  -9.050446379522 
-9.565734765315  -0.639263062590 
 8.727739994496  -4.308101039680 
-9.435246639216   2.421360553361 
 3.015311394820   9.263856789758 
-9.025236244110   4.209689887198 
-0.461504324122   9.961699202464 
-4.871251451881  -8.807135041287 
 10.068501292871  1.441473570016 
-7.773439424391  -6.677039048946 
 5.074868067944  -8.963642851485 
 6.433040678737  -8.148692361194 
 8.903258225376   5.363798415115 
 1.363500437319  -10.335102445471
-8.453954718104   6.150201304611 
 7.607463515720  -7.215428816464 
 10.600037832158 -0.153967379427 
 4.634875767210   9.552560399437 
-10.605108822417  0.519914029301 
 1.486236514013   10.605014457270
-2.019165634308   10.554463495348
-10.471724144522 -3.043572041453 
-9.995071066540  -4.521036560163 
-9.177800627426  -6.051792852479 
 8.020791833680   7.583752264072 
-1.953180372393  -10.967614285921
-4.332637173157   10.267197861402
-6.939548995897  -8.760568565218 
 9.700026147653  -5.570305535166 
-6.480796983657   9.257045764026 
 10.505906589843  4.254351889854 
 3.609733804405   10.825715198609
-7.839554922879   8.301262571194 
-4.549773781060  -10.505266974214
-10.767132780130  4.219715172211 
 9.192685780775  -7.066186544738 
 11.098145911268 -3.474979657909 
-0.590056403115  -11.696300539554
-11.585866960215  1.763881218107 
 6.644828502649   9.815301027122 
 11.807837622411  1.320944082066 
-11.753817661484 -2.148094007724 
 1.094583124649  -11.909014785319
 11.818769460389 -1.983693132695 
 0.321372931503   11.998613986060
 6.554895450252  -10.069901438841
-10.504568812317  5.865619276312 
 10.461212016451  5.962225857470 
-12.086365837916  0.107913049215 
 4.878437706590  -11.197470227233
 2.685821862552  -11.962041110296
-3.264886891600   11.883585173279
-6.421925957811  -10.525398137835
 11.999905188246  3.149706309053 
 8.803679681092  -8.766045650541 
 2.791231828439   12.132996866345
-5.806366255496   11.019176271084
 8.414652530722   9.243964682247 
-11.274527614261 -5.579531414481 
-4.286005220884  -11.999162157867
-8.846144804371  -9.189708033585 
 5.913467995874   11.341368235208
-10.227797479822 -7.735597340583 
-10.330782825157  7.694803940372 
 4.388933043437   12.151543368367
 10.381266332918  7.709072250274 
 8.054845503800  -10.124037981389
-1.025879513195   13.015928453778
-12.640627150715 -3.646991617937 
 13.140749960645 -1.257001446671 
-2.220686254198  -13.042545488859
-13.178424606459  1.245198553058 
 4.039162463889  -12.649379022228
 10.562613563295 -8.122416861416 
 13.336262931481  0.241249945715 
-9.644383080915   9.274946513012 
 12.320071286450  5.223810494657 
-2.542920303952   13.277564620281
 11.700027084057 -6.773179532240 
-8.442800363867   10.567495630346
-13.251315170922  2.758578537074 
-5.392993997861   12.562418681944
-11.953008681379  6.722095541741 
-11.727161696936 -7.110249634425 
-7.775357279665  -11.306753214862
 13.493376960040  2.508461974893 
-13.722236986202 -0.449384719844 
 12.643330499927 -5.467212981126 
-13.120791645731  4.497724237535 
 2.041341167353   13.729262419063
 0.526651214401  -13.872473107799
-7.228185694805   11.860225613454
 13.662424541136 -2.771284269636 
-12.982183731911 -5.113981336195 
 9.047689636745   10.622997163779
 2.055784732767  -13.809455837079
 6.488295166265  -12.403562887186
-10.382003827272 -9.454281941043 
-4.052548183758   13.601930722065
 7.048356573118   12.392179472405
 12.133671801874  7.603276465198 
-1.288625164289  -14.273717540689
 11.000884236652  9.207794029966 
 4.282548428879   13.729381847307
-5.177254432588  -13.429087891610
 13.821369086526 -4.397534274246 
 8.090537235100  -12.130871630054
-3.345903853605  -14.195189911069
 0.061449095121   14.588616097486
-14.516806317849 -1.903926200039 
 14.126892666839  3.928641775925 
 5.793956656514   13.471104469730
-14.668613310339  1.045696275573 
 9.407626191522  -11.313888273118
-11.783443240073  8.903738894936 
 12.052950858397 -8.619998895735 
-13.563090575304  6.034906238076 
-10.119379162608  10.882774843783
 4.646646971865  -14.145651971596
-13.350947463235 -6.598923884992 
 14.828096692576  1.652473012587 
-9.627572759047  -11.415480238475
 14.892340578961 -1.812125094197 
-14.519743002863 -3.883573704449 
 11.019174707853 -10.325727461636
 13.567164572267  6.774877574172 
-15.257366847113 -0.498655141117 
-5.961914547943   14.090351478303
 10.896047991432  10.774797133302
-8.672212416204   12.755313414634
-15.115989275884  3.391541263395 
 13.612160848984 -7.421218860404 
-13.225270681173 -8.194187828736 
 3.512701830555   15.157799266367
 15.563856712678 -0.034779949914 
-7.492438649842  -13.695327805893
 9.860493175395   12.159477041818
-11.778673021618  10.408504614508
 3.581628401687  -15.314982156693
-13.706237237919  7.762206041985 
-7.486088508532   13.886405071175
-4.560845691442   15.197588006949
-12.517664825791 -9.760201823872 
 1.864274080044  -15.809162556526
 1.895497032774   15.857961108537
-5.451676765891  -15.072722208370
 6.088402262682  -14.836733623533
-15.127749139837  5.416437490179 
-15.163474369091 -5.585982100612 
-16.075904947271  1.889495849722 
-2.090490451547   16.058690108063
 8.983470734711   13.488383681671
 12.751593415128 -10.006913878618
-0.108740558057   16.248662313884
-9.712503100757  -13.051539332070
 6.812124990231   14.782938320203
 15.223025046505  5.851667351630 
-0.421782643048  -16.327418316239
 10.139919027279 -12.810269203247
 16.288801840614  2.147715699358 
 13.379681895456  9.685533580107 
 5.080804462439   15.724009341257
-4.036618046318  -16.030072059739
-1.956709773964  -16.434313647822
 16.317291647224 -2.855571443494 
 8.835453930012  -14.038723520731
-14.866875299257 -7.458826821137 
-16.473323911074 -2.615261199990 
-6.909905560882   15.349666704666
 16.254251376273  4.435303612768 
-13.465952333359  10.141069672966
 15.530631192156 -6.642725644458 
