 0.675072240166  -0.522794086664 
-0.274514687521   0.989503911796 
-0.971755753077  -0.945151541320 
 1.378414079392   0.846898086846 
-2.053033225489   0.823856967551 
 0.125149684097   2.456944860024 
-2.516949782786  -0.613143919275 
-0.436486739971  -2.574600670981 
 1.700409597665   2.363447243184 
-1.429046597038   2.628980232014 
 3.022917598262   0.140226834855 
 1.719979280305  -2.716989886047 
 3.139752572393  -1.398093424810 
-2.965433157735   2.162292853824 
 3.381087093654   1.741546441372 
-0.571387272001   3.886116239672 
 0.688228602530  -3.870741284192 
-3.785353349689  -1.534317843241 
-4.191836524997  -0.001091510302 
-2.505075495154  -3.480448230793 
 2.384038876197   3.725903876986 
-2.804022686775   4.115318893591 
 2.618042520316  -4.447292386206 
 1.297385747476   5.010920504653 
-4.240227164673   3.040450495776 
 4.982223938191   1.773292685408 
 5.421365954393   0.068504742721 
-0.817864707364  -5.399623694702 
-4.773197743044  -3.049606974470 
-1.393888058332   5.567723089306 
 4.487654246000   3.618291636205 
 4.793351705573  -3.356262685919 
-3.598790397561  -4.618223944981 
-2.318681233766  -5.479340044715 
 5.776654390111  -1.841661417315 
 0.499417462395  -6.358135484029 
-5.754213595386   2.831406996778 
-6.293448238944   1.264654008092 
 2.628776471722  -5.948682124146 
 4.278882673451  -4.958535838901 
-4.539481537209   4.864538412005 
-6.791256335549  -0.166886237355 
 3.336970010033   5.996689894108 
 6.814624071537   0.947564872762 
-0.497895841440   6.872182943015 
 1.017730312513   6.826004596889 
-5.116597394681  -4.645349660861 
-6.664944283346  -1.901248713127 
-6.279772866492  -3.474513985006 
-2.461863884242   6.867815264486 
 7.358354486379  -1.255735895868 
-2.401003798180  -7.072576010326 
-3.999038405193  -6.358383953785 
 5.003796029340   5.752688156256 
-0.376109399220  -7.758487500119 
 6.964535407428   3.473107551105 
 7.154746326361  -3.280112878658 
 4.710838147991  -6.413648375692 
-7.020326453503   3.865144146011 
 6.100501911078  -5.318357766583 
 6.397447857412   5.069286700526 
-4.220900431615   7.097232423053 
-6.590028903980  -5.070993194689 
-8.194142185842   1.632993729046 
 3.288806923154  -7.715486734746 
-8.207401493385  -1.912296772979 
 1.528020957997   8.398423179379 
-1.959471400964   8.395825651026 
 8.640432908081  -0.133645486447 
 1.273427721781  -8.643815195567 
-5.738093140640  -6.620810062498 
-7.864484948865  -3.866974775992 
-8.782374916351   0.027506102409 
-0.521379364013   8.880233006784 
 3.269989752653   8.273044059978 
-7.012927552808   5.620372299593 
 4.874555306438   7.666491660475 
-1.583455448129  -9.056900797173 
-6.043659729396   7.009526553988 
 9.092490684476  -2.046480303390 
 9.133968228566   1.918445537192 
 8.001791377448  -5.047561814512 
-3.594016426398   8.764045054216 
 2.984534172044  -9.200528848674 
 7.999786292533   5.447699393317 
-9.371045157623   2.837732463304 
-3.994545441132  -9.046512339956 
 5.589181123073  -8.192429303140 
-5.207475139003   8.640386720794 
 9.197432903396   4.309464061060 
-10.137004555273  0.844601797182 
-2.465681568096   9.933882653409 
 7.189037503560   7.287361304386 
-9.193271468417   4.763939471610 
 10.328394218674 -1.170365164631 
 2.964748244463   9.991341296738 
 4.511318719417  -9.401812745472 
-8.545051237385  -6.023040791623 
-7.322694400311  -7.523908987206 
 1.211813889170  -10.495146496110
 0.859468969012   10.546109910941
 9.608952860862  -4.497057698036 
 10.642456629987  0.570031676687 
-9.914800420260  -4.128143990975 
-0.713859607842   10.720987483347
 7.653016341595  -7.609775934539 
 4.713073184944   9.814311794574 
-7.121965541086   8.282145638604 
 6.713029670836   8.731786853314 
-5.615266538235  -9.527215077987 
-0.450865963823  -11.120754699712
 10.669832791647 -3.194431395360 
-4.737672692439   10.180030694144
-11.195920739221 -1.518521351329 
 9.105229425254   6.713719664818 
-2.746441878475  -11.007303476857
-8.680234740332   7.543525818283 
 9.794454015773  -6.185336388892 
-2.047808694011   11.504997058265
 6.761597760392  -9.554192768977 
-11.148771207163  3.586443595958 
-11.633657011121  1.387396662586 
 11.256762357589  3.370153121140 
 10.509606043394  5.343781634173 
-6.331166106895   10.192131378536
 2.672898351913   11.701415401640
 0.886220270007  -11.984365698727
-10.394003164014  6.124055768101 
 11.974497977570 -1.848659106331 
-10.658961909646 -5.778458840025 
 0.123569090269   12.132562546885
 12.241202928494 -0.209405125616 
 6.365668781257   10.469388372938
 8.973129985231   8.383144273079 
 8.538531191460  -8.880328364613 
 3.457416293294  -11.828668485822
 11.128378263451 -5.428625673625 
 12.350346191403  1.478976812880 
-4.409769534196  -11.653695722975
-4.010554013144   11.809222469278
-7.916621325983   9.654158685254 
-5.978026703097  -11.118332438661
 6.056064678767  -11.104835374518
-7.306038412999  -10.374793085888
-11.809636468202 -4.783033073737 
 12.371186447269 -3.405407465608 
-9.155765997828  -8.991482463006 
-12.555166198951 -3.037799671731 
 8.047291349597   10.145424922201
 10.560843282897  7.555083036783 
 4.023375935951   12.384943824233
-2.075778662655  -12.909967080031
-2.004495283208   13.006106502065
-13.191292053903  0.486283418458 
 10.697448439264 -7.741866724745 
-10.785085837195 -7.670015911870 
 12.005715828641  5.602596920569 
 12.622189540297  4.108809611745 
-0.546978692430  -13.263070555638
 1.735393414182  -13.318069610882
-12.147358369018  5.949865660256 
 5.047880338380  -12.677594187323
-13.333456219460  2.903554971357 
 13.559338880237 -1.795746857829 
-12.883799650532  4.626142461552 
 10.096835025610 -9.250267362064 
 11.917569687279 -6.757411152884 
 9.558106527109   9.867423043672 
-10.557496023067  8.832018430922 
 13.746723284033  0.839972172587 
-9.384102559735   10.166457552953
-4.256445943192  -13.166737936097
-8.943406691181  -10.568899220469
 0.680153016210   13.856232338582
-13.849375770826 -0.866577762848 
 13.656295352359  2.616128963599 
 8.948726724141  -10.649705108762
-5.039056325215   12.992756716878
 6.102590505026   12.547094632542
-11.730146739359  7.727683231315 
-3.644503835161   13.617495254514
 7.817206207682  -11.763607842598
-8.230755306635   11.488726043327
-6.525678894565   12.583157372811
 12.243927242559  7.235562027296 
-0.958686414069   14.200224066733
 3.681296088694  -13.789299723787
-13.173251236691 -5.810883324917 
 6.571131527996  -12.866461700060
-13.940738398878 -3.853306716771 
-10.624250545103 -9.870363892698 
 11.058285941986  9.406051554998 
 4.220483699645   13.921459218429
-6.758231724340  -12.928880017421
 13.940037482476 -4.659763543138 
-14.494816674030 -2.438724840035 
 13.413714791006 -6.077673337708 
-0.106307224780  -14.734042776396
 14.424716929485 -3.234716995689 
 2.665459024656   14.591035007388
-2.209479569682  -14.702371665731
 13.675441379385  5.888230391160 
 8.896804673405   12.054533032242
-12.984342957440 -7.535511993673 
 11.678301513660 -9.434619838250 
 15.115035550401 -0.082403885184 
-8.483763148384  -12.533935490971
-14.874126549095  2.937724646875 
-12.085828174654  9.416818908710 
-10.147170211310 -11.547795621985
 12.610501121324  8.800925474825 
-5.230840302045  -14.462398652547
-8.090653351162   13.081356185026
 5.714253584206   14.287498578090
-14.672538357616  4.661608712521 
-15.342443158319  1.325952670388 
-3.751673776516  -14.950903632881
 13.436750677121 -7.665577211322 
 7.604735642608   13.496238944594
 10.854878896619  11.065665356586
 15.085584290710  3.567999915728 
 15.430738954569 -1.662925312231 
 9.868034730916  -12.055318437018
 5.781036476518  -14.512693546691
-6.904172843476   14.035314718223
-2.128077362182   15.525642462510
-10.487182366941  11.646795190334
-13.827466331911  7.409352915958 
 1.470629181875   15.644568371783
 8.571100172974  -13.252736940942
 14.985529718866  5.096934048072 
-15.839887621122 -0.524871427074 
 15.878522510404  1.344722163659 
-5.082748949989   15.136327712178
 1.403433928388  -15.945902733072
-1.271762273353  -16.009980851163
 12.409615340947  10.371723590635
 3.210390555779  -15.899868256709
-9.608859372357   13.070559773852
-15.008108302368  6.180949631524 
 7.396226432950  -14.496140780218
 14.321598435870  7.865580798785 
 11.816766393259 -11.323053834165
-13.018820185671 -9.943690967621 
 10.381026684321  12.702377206139
-15.353135419720 -5.913077582576 
-11.744769169827 -11.526615128332
-0.171218826288   16.464028080897
 12.943584584372 -10.286771707549
 15.463051992752 -5.927746458792 
-8.029512276919  -14.529293484999
-10.253071996805 -13.157323732607
-16.163157512074 -4.334927371523 
-2.727975805623  -16.517524425868
-14.414655090421 -8.588148307576 
-8.267240337354   14.662961270998
