-0.714815917144   0.521194280888 
-0.092725972318  -1.214751101389 
 2.029436775580  -0.559493268028 
 0.977943744757   1.915921950865 
-1.606676177646   1.821707914794 
 1.319064960196  -2.164580235920 
-0.368986370058   2.890991306038 
-2.865977886727  -1.096557186495 
 0.133393133474  -3.282053966961 
 2.878931434982   1.787366472625 
-3.543655047585   0.761866624898 
-1.875079424547  -3.130764887200 
 1.146926723079   3.595249941542 
 3.620138748627  -1.229398600723 
 2.948918848424  -2.587252898392 
-2.088761874755   3.462473258267 
 2.649460391390   3.279413110572 
-0.791637745890   4.450655852975 
-4.161482872456  -2.086300431237 
 2.778644922772  -4.172508559791 
 5.077759630472   0.424241807506 
-1.513972721873  -4.870127040278 
-3.666695567710   3.648928330728 
-4.714017431169   2.168415986373 
-2.961316996651  -4.464777529777 
-5.400596445831  -0.512121575936 
 5.023950783766  -2.075557279384 
 0.930068341419  -5.397262591174 
 2.005991239075   5.327687951235 
-1.940914167443   5.545783529715 
 4.856979106255   3.307274200496 
-5.571360648063  -2.626258498341 
 4.875076201143  -3.835382742062 
 6.039926047693   1.633794683394 
 3.617230484321   5.202443687029 
 2.948246827043  -6.032665490184 
 0.307878378669   6.751504338082 
-4.635023690619  -4.929392727330 
-6.391871867770   2.334211019189 
-5.709933230604   3.722536983207 
-4.494498851959   5.155578623735 
 6.959251261149   0.207012650001 
-7.105145347434   0.086272843756 
 4.493150944891  -5.535943324584 
-2.009361684624  -6.968549401052 
-7.113907086329  -1.515234627175 
 0.358131749537  -7.405349515720 
-6.552134591301  -3.765064385503 
 6.348191001685   4.280445502828 
 6.900337748092  -3.396339852592 
 7.239022899207   2.800346638709 
 7.686316715972  -1.876402245996 
 6.062343908066  -5.193022393781 
 3.967042595672   6.988050005094 
 1.615717343726   7.878874517827 
-3.584791178704  -7.251490627449 
-7.318583431085   3.681185957737 
-1.144750927341   8.181632111705 
-3.234168497640   7.671212966374 
-4.880628367681   6.769759663342 
 6.067079919673   5.866136141515 
-0.951218979638  -8.471684798016 
-8.000414688392  -3.021697288873 
 3.298633901381  -7.964112893673 
-8.325139991441   2.268463833056 
-8.612472604175   0.777645290463 
 8.466808003992   1.782215446962 
-5.586956611543  -6.777081497514 
-8.790924042251  -0.925259917411 
-2.490618177748  -8.502621667640 
 1.822433096082  -8.743181478041 
 7.998568260116   4.178892664147 
-7.209292984719  -5.472375957479 
 9.147981250918   0.132866331114 
 5.067382767646  -7.772758084379 
-7.644749287867   5.265281709356 
 8.840713520891  -2.954169768964 
 9.216163248421  -1.438948799865 
 0.456717116909   9.344054911719 
 2.899528322629   9.069582837523 
-6.548092234705   6.953689124025 
 7.430786212506  -6.056738237581 
 0.135278006807  -9.634410303056 
-4.039498694204  -8.761731504867 
-4.364548410667   8.830413339697 
-8.652525188875  -4.795554649215 
-1.718843941795   9.781688322536 
 6.227620554182   7.790404461891 
 8.835871157449  -4.631709764576 
-9.270829751342   3.912943140300 
-10.080599175253 -0.029188740658 
-9.875554233769   2.229793486980 
-9.922276864663  -2.133758108881 
 8.375529444225   5.753849409213 
 4.415169228892   9.192300222885 
 7.566960275718   7.029064323639 
 3.209024386925  -10.010818851861
 1.995573387506   10.322102849047
-7.932765290497  -6.958094019212 
 10.232986465019  2.650503635646 
-3.164765815138  -10.124175045756
-1.678256442215  -10.514785739409
 4.825194054374  -9.642455900297 
 6.980079089486  -8.321054014540 
-6.152928560437  -8.958290639987 
 1.152389885062  -10.876014450701
 10.889740155475  1.170243300303 
 10.923170335988 -0.980888753626 
-8.369182899313   7.148981362580 
 9.874221707368   4.922789288261 
 10.633356693832 -3.064481216294 
-0.230296571300   11.094762812381
-9.310916220988  -6.257244116503 
 9.462360877074  -6.083137283203 
-5.000912698362  -10.086622566083
-5.966241098956   9.637009895747 
-3.243902335496   10.885536230891
 8.540034991314  -7.536307114583 
-10.933905118344 -3.263997351584 
-0.411128061195  -11.445200349788
-10.993817480283  3.416371111576 
 5.773918914877   9.996272184684 
 3.941179616962   11.095622066068
-11.698847545976  1.448245617079 
-7.824511252428   8.818716971798 
 11.302390401700  3.791343253093 
-11.828458562178 -1.852834264099 
-7.736106596699  -9.233191478135 
 11.929254130873  2.262193813711 
-10.312272239033  6.473024688163 
 2.256829073208   12.036892651542
 9.317313396845   7.970927930691 
 7.406175160250   9.780059468212 
 10.288774415061  6.690757776307 
-4.416728211635  -11.472539416054
-11.131041348125 -5.309208250118 
 7.481835226947  -9.850181051372 
-2.719468039295  -12.118055514370
-12.449029384170 -0.204118499814 
 12.455844917553 -0.008318209082 
 3.883706273880  -11.847721582163
 0.718086752130  -12.511288535944
-11.662057797385  4.816374271700 
-9.571033769197   8.229996694882 
 11.358390462339 -5.620586103680 
-2.778877661352   12.385632852069
-4.700316729124   11.860929776939
-6.402899676088  -11.053332579116
 12.582978080302 -2.800426424978 
-6.921921470682   10.965137732132
 9.844773463085  -8.446636627504 
 11.755869726039  5.497681166385 
-0.835063123752  -12.965339233046
 6.161756724433   11.488360534963
 5.990063231531  -11.665096247980
 0.823002002497   13.089456211444
 3.686861434499   12.587373539096
-12.967360857968  2.261522616427 
-9.688553618675  -8.975956535063 
 2.772185732107  -12.944658546131
-11.089379148679 -7.537106659073 
 11.442094210136 -7.119896028577 
 9.231295752149   9.975108932850 
 13.439727730633  2.099644090897 
-13.138811241093  3.911376575945 
 12.957465790886 -4.501588231404 
-1.722772596872   13.620529153566
-6.153508436513   12.336386496204
-13.777351911470  0.721227443652 
 8.697199875961  -10.747739115623
-5.957096175466  -12.546737469586
 11.171279438174  8.254977495507 
-4.187803864624  -13.282364962435
 13.959659448107  0.457973786686 
-13.910728991111 -1.777469175460 
-4.271198264664   13.376560380543
-11.483622460715  8.274115563376 
-2.697113915393  -13.908127155058
 13.768434168641  3.567903029138 
 1.655484737985  -14.143579780849
 12.500129612693  6.867558783835 
-8.485609905908  -11.509550050045
-13.715045629920 -4.086235552754 
 14.086406862464 -2.844121008108 
-0.192368753815   14.373649250054
 4.925067056945   13.582693349323
 11.329055747887 -9.066436564506 
-9.997932437054  -10.523190505067
 8.859647510641   11.516248592687
-10.445698267330  10.114557102084
 4.760140767155  -13.741896601700
-13.064481534732 -6.528288485287 
 13.624471800756  5.326832343223 
 14.608015604897 -1.083382391718 
-13.185807259036  6.569028243315 
-9.331321558173   11.490963843450
 13.381194413116 -6.365432273191 
-14.518149267697  3.074291259167 
 3.176689845026  -14.498774526895
 8.193989276774  -12.402956402582
-8.087983581712   12.576069851302
 10.737206709043 -10.475037706468
-12.574489820220 -8.204811875974 
 2.324125099795   14.841172157652
-15.085852205771 -0.536282997913 
 10.342989003823  11.045337563265
 6.653256966802  -13.600237760062
 8.100237602328   12.831121397119
 15.021655434189  2.154763921811 
-3.641207357228   14.778871897887
 3.868754539937   14.728987985432
-5.766744899591  -14.103519732154
 11.888040158251  9.665964739250 
 12.768289786759 -8.485284742225 
 6.456878729375   13.919217345558
-11.767029657530 -9.885422406504 
-1.976623898463   15.261558007336
-0.910194743919  -15.363651425710
-15.415067448820  1.195978040555 
 9.704885238582  -12.044255327944
 12.976753796016  8.573035007788 
 15.555963222121  0.285642813851 
-8.533695208346  -13.059553171021
-15.347902861631 -2.835304978664 
-12.208575687921  9.754552664331 
-7.278956300653   13.841704490149
 15.227829253439  4.230685012767 
-3.891413520816  -15.345768856212
-5.677699838319   14.820051911675
-15.281178563929 -4.340514005150 
 2.235995759899  -15.730458919266
-13.562859970238  8.385631968036 
-15.259901036968  4.634169109075 
 1.363149476328   16.034355700259
-10.857871292210 -11.901265395706
 12.563486401526 -10.159314732851
 15.770727204504 -3.834958258484 
 5.564628639263  -15.272818203647
 4.103821800379  -15.744295508861
 14.525557726537  7.355508812847 
 16.247179524433 -1.159638663177 
 15.206387293501  5.975838471252 
 15.149769611659 -6.202064101354 
 0.773236370935  -16.365051331623
 9.505291678756   13.483461860645
-10.106045979584  13.072971871052
-15.006286495634  6.978525946444 
-5.474480034188  -15.667119033182
-14.991037441679 -7.326245493483 
-13.425585886835 -9.930225385472 
-8.884519224444   14.144706042441
 12.503908359895  11.135384994510
-15.682142620504 -5.910398788954 
 3.535463864473   16.382526267432
 0.030036175714   16.827182815502
 6.541403146773   15.521735022065
