-0.848643701261  -1.032372604281 
 1.213795105200  -0.577660607503 
 0.796563878099   1.131625757515 
-0.762890158087   1.193718040181 
-1.903513235518   0.179172135148 
-0.369792308446   2.727708848993 
 1.283805423676  -2.455660330808 
 2.710771765324   1.367291497615 
 3.045540711773  -0.316282328919 
-2.193729616975   2.144550309339 
-1.473776848410  -2.932520965538 
-3.440834262407  -0.672006859576 
-3.639916232568   1.393448270092 
 1.800502382375   3.612155318692 
 2.698862228604  -3.082501672764 
-0.382059841055  -4.171982155907 
-2.343589171415   3.748250538393 
 1.543106142883  -4.176416633775 
 4.252686211271  -1.672686568285 
-2.571227560260  -4.020406740458 
-0.998388593585   4.797874637090 
-4.029353792612  -3.012629989688 
 3.850913626741   3.416000782671 
-5.127578726283   0.803556357586 
 5.224114064908   0.066893684420 
 5.112941752904   1.755925995218 
-4.409403196558   3.146280346353 
-5.354285950606  -1.119073323645 
-1.250911909469  -5.506759758648 
 0.278083010842  -5.657775280630 
 0.355394631308   5.726979579261 
 5.157265834297  -2.890094604450 
 2.388945549407   5.447036254643 
 3.126166874249  -5.245412598656 
-3.896963304000   4.793567757394 
 5.346810862067   3.277687094434 
-3.890448246520  -4.987635123366 
 1.905404156422  -6.141714952571 
-6.472923676998   0.008021510354 
 6.412082379830  -1.094716990928 
 4.742204018263  -4.472283298393 
 6.761950228893   0.914086599397 
-1.364666420071   6.744325074171 
 1.507498294585   6.772202009168 
-6.782547029166   1.702780053272 
-3.189352091405   6.277652065397 
-5.578058796721   4.472485654871 
-6.087600224415  -3.816181111573 
-6.857857958292  -2.402724047322 
 4.793876136531   5.482481557396 
-3.383723455194  -6.642676529101 
 6.941212393054  -2.767761217044 
-0.682927977699  -7.473088570541 
 3.306400282184  -6.792092816780 
-5.455052072768  -5.265525701837 
 1.242861934147  -7.623286561344 
 2.979832991051   7.157971855060 
 6.531784704468   4.278514142611 
 4.978393221526  -6.021743994614 
-7.752299821592  -1.060699747256 
 7.844831181759  -0.234868804461 
 7.417326509975   3.051421470153 
 6.288693417720  -5.189803793993 
-0.883444227919   8.263033353818 
-2.864362160677   7.816198419768 
-5.748610885265   6.039832663059 
 4.506992986326   7.237043891686 
-4.354167347096   7.352271524211 
-7.558315021413   3.992075404437 
 1.082719911371   8.595395541731 
 8.559354645618   1.563402358006 
-8.712638961055   2.048612942846 
-5.801000877289  -6.834651918307 
-8.350064564597  -3.446415159759 
 7.990952965888  -4.464673152237 
-7.291580000612   5.534057045590 
 5.156850324673  -7.566663120865 
-4.563989283465  -8.019101951798 
 9.088316244555  -1.766886103070 
 6.882517446263   6.228032691884 
-2.035458359826  -9.148140136135 
-9.374450126922   0.537370052029 
-7.954817904188  -5.563111810733 
 4.148135665667  -8.845631832078 
-9.697164812344  -1.548428527484 
-3.773504782132   9.072852796079 
-0.875290180825   9.849868543724 
 1.745537364281  -9.766932329303 
-6.747088578028   7.275851903425 
 4.291129416620   9.023303012591 
 5.617417778557   8.268373674077 
 10.033640951875 -0.289726478121 
 8.429471798159   5.559910610858 
-0.580678791281  -10.082522970979
 9.375295402483   3.930920797328 
 1.109273546012   10.105571165990
-8.835321259413   5.044944194407 
 9.660669316620  -3.268712740908 
-5.403975703200   8.730690853998 
 7.060244980115   7.826414660857 
 7.380525206334  -7.525505012988 
-2.447015975129   10.265122519670
-10.064919341223  3.194122018866 
-10.481168457143  1.737859481747 
 2.888883272266   10.236346490955
 8.815674186139  -5.961943122135 
 10.565789838116  1.303577768152 
-5.765397480342  -9.117151578748 
-7.748638540575  -7.506850746723 
-10.793457352408 -0.284818673567 
-9.714020899886  -4.833392971453 
-1.906508386699  -10.876619331174
 10.989257586433 -1.576786092097 
-8.896575329222   6.785635285952 
 1.030668308969  -11.173294234358
-3.922946879216  -10.555115824505
 5.282708965916  -9.958318154720 
-10.940018915549 -2.868527748218 
-4.601600862184   10.372798635159
 6.993348340520  -9.122901881761 
 5.018108816338   10.426326869828
 8.699307291487   7.673467351661 
-10.477929182228  5.248862116662 
 10.366667713392 -5.499094625513 
-8.038681529445   8.553483066152 
 0.779435047353   11.845133226608
 3.345756795340  -11.390128777199
-7.550738834683  -9.209709025201 
-9.780980432616  -6.821809556277 
 11.318593694466  4.144134426929 
-3.595042499930   11.528036210574
 6.877145484005   9.982864570997 
 10.574241720274  6.140146653571 
-12.276173545385  0.466567631726 
-11.920215206368  2.978329019741 
 3.161069484579   11.895849177258
-12.235743287758 -1.393415153416 
 8.525042473208  -8.895730227537 
-0.676713882765  -12.347492156279
-2.822352790883  -12.070928906963
-1.673068809475   12.289450420883
 12.414892400854 -0.905997163226 
-11.061527693162 -5.785224817036 
-11.792294892487 -4.336500551246 
 12.286502760585 -2.746633475151 
-10.423330798601  7.175484595369 
 12.411600199229  2.642446640059 
 11.950122464160 -4.350495856298 
-9.649324906083  -8.440311816832 
-12.518455051957 -2.870550527824 
 12.825787449930  1.026273882671 
 7.186932720035  -10.676562961749
-7.352150111868   10.596625516547
 8.635612657493   9.617484201871 
-4.309992190567  -12.275835498323
 10.697783767740 -7.441875164485 
-9.862521917250   8.756481017481 
-0.198065022511   13.193126578672
-5.574920583898   12.010590660936
-5.976461929290  -11.848311799525
 11.839999357194 -6.049914950914 
-3.031849851482   12.950226619090
 1.674566574650  -13.375479910931
 5.266953680661  -12.442385181757
-1.945208919367  -13.422207947632
-13.558198549123 -0.671133673399 
-8.918070952897   10.254019143876
 9.998791094862  -9.269298479895 
 6.945418536219   11.778887505952
-12.944594803887  4.453862216170 
-13.631031244877  1.322825268635 
-11.708004717623 -7.177016763564 
 3.828601447715  -13.218755330118
 12.189802803249  6.394553500026 
 13.340286804275  3.862421040654 
 9.006131809276  -10.589205233138
-7.847409792314  -11.502683752626
-12.001861609830  7.130152616832 
 5.024170042144   13.058427637779
 2.412105810752   13.792457774520
-9.391262712769  -10.393522861194
-13.733563653374  3.076915465175 
 13.920781037344  2.215708138704 
-4.678693836081   13.350785199411
-1.706935500582   14.115175214048
 13.989564422006 -2.679132672283 
 11.466985013135  8.490722295885 
-11.032015021935 -9.078056462084 
 10.223141930953  10.024295111429
-14.117842046750 -2.629441354630 
 14.634221801508 -0.843035143373 
-0.618196029947  -14.698555923669
-5.736536905738  -13.575263938965
-13.686525539375 -5.471632747911 
-3.247359060760  -14.378796461983
 12.416124518327 -8.051317194313 
-8.395273124680   12.205725787321
 14.213541347609 -4.305271923452 
-6.549386637615   13.348888505033
 6.523972958715   13.378713353626
-3.166439021262   14.606306765705
-13.550202775284  6.409144978878 
 6.998269814071  -13.279558377285
 9.057374269187   12.012212989870
 9.024396770869  -12.112807719825
 2.859773409256  -14.873059741636
 0.945908619729   15.172967079235
-10.335990807019  11.148863175627
-14.617284220668 -4.198622073998 
 13.578738619077 -6.983082967960 
-0.677331279837   15.328204647422
 15.334843890130  0.628160123172 
-12.435148440295  9.102513877967 
 10.412315430447 -11.367798136549
-15.425882147434  0.762614674176 
-15.473276888847 -1.208070589091 
 4.448984348684  -14.966645879317
 13.525664186331  7.889621235257 
-13.452621969564 -8.066406637289 
 12.301720344967 -9.735327348316 
 8.291705828863   13.374526459578
 14.708361847264  5.636376261756 
 3.136436504636   15.454466081872
 1.405879770187  -15.804910469673
-15.023382532815  5.473309092549 
-9.192039470871  -13.096461425504
 12.199233980865  10.370661125540
 6.396873261897  -14.698256023064
 4.657232084150   15.340730988319
-11.894559609903 -11.064053066710
-16.120671346787  2.173531169743 
-9.018174344171   13.585907139712
 13.738156577560 -8.791995070704 
 15.397397757673 -5.427300806643 
-7.917146454348  -14.330042619600
-2.453945742947  -16.221007980425
-3.654024362845   16.041494190951
-13.074443621141 -10.015541207396
 16.431184585611 -1.272231217274 
-1.840424268955   16.396713615591
-4.043640094341  -16.031809742593
-14.488964532392  7.992398744220 
 10.134803384926 -13.167410594451
 8.335121372419  -14.383033317225
-16.468249834876 -2.583521410780 
-16.135447569774 -4.246701331311 
 16.274978033922  3.694402640984 
-11.211851207160 -12.404589213325
-6.090764443000   15.581610899513
-6.430203232035  -15.455292547112
 16.525059473222 -2.823508915794 
 15.144513373070 -7.233007639486 
-16.267204746980  4.409719000941 
 3.099860612441  -16.572048191367
-15.174843260348 -7.397825220912 
 11.610021721905  12.341602293508
