-0.402554432417   0.293006311468 
 1.184625419143   0.457271991626 
-0.582575337702  -1.223858223820 
 0.053033733667   1.821258497194 
-1.678412699707   1.156381505848 
 1.655807099029  -1.969350857614 
-2.058971432352  -1.727491980973 
-2.700232599628  -0.289968834917 
 1.658282052848   2.275248872159 
 2.627179614102   1.125206549421 
-0.884468524990  -2.727592949984 
 3.136064931394  -1.705620895720 
 3.592114465554  -0.188132204412 
-0.294516046442   3.747282799149 
-3.736393741069   1.246634971539 
-3.630302623388  -1.636206412057 
 2.815277969928   3.236607641758 
 1.883930491041  -3.928875118117 
-2.274474620656  -3.871067283967 
-0.759809522114  -4.539475894988 
-4.695897134229  -0.329219478855 
-2.578372455476   3.955209834751 
 4.529375706597   1.766509799525 
-4.138041198335   3.090170759996 
 4.942013245142  -1.792379550682 
-4.152120489939  -3.278605242240 
 0.695775228430   5.325355718670 
 4.276757270539  -3.518154547838 
 4.295681560844   4.053676046904 
 3.097429736446   5.084231930124 
-5.718014968420   1.694642286529 
-3.184316728636  -5.064389999689 
-0.643302390215   6.109355223877 
-0.417474764799  -6.203771275514 
-5.948282475490  -2.017523685561 
-6.341566051462  -0.399555112893 
 6.321830507230  -1.024584286967 
 6.377185367173   0.596966232666 
 1.476270344847  -6.251316556011 
 3.289314964204  -5.702524300884 
 5.820507114269  -3.086161424965 
-3.682744320649   5.480360368814 
-2.162739382454   6.314431983826 
-5.102356899860   4.607855837597 
 4.656023007151  -5.069868663750 
-2.454350635100  -6.510668718266 
 6.512827027656   3.504236154169 
 1.524414545518   7.276887976098 
-7.455125155285   0.787765272802 
-4.776156625357  -5.922582258027 
-6.940719554260  -3.219386734333 
 7.440534500048   1.892975633461 
-0.264282272870   7.689163737406 
 2.976688172853  -7.211517044129 
 6.241647815138  -4.805871993711 
 0.788996574100  -7.840271748142 
 5.692008830093   5.486314593672 
-6.764855813874   4.259650862266 
-3.490765467733   7.348273537910 
-6.227686190545  -5.267817184315 
 7.557525165209  -3.102457747013 
 3.976595257293   7.249218515652 
-1.885181736248  -8.220463738179 
 8.385098354754  -1.167354370952 
-8.449873289863  -1.477631386341 
-3.968923571113  -7.611921067876 
 7.103478000234   4.883409154925 
 4.685406648724  -7.266733883355 
 8.682340303930   0.707721587501 
-8.247941941134   3.013068072204 
 2.457114262781   8.501559733192 
-2.335095519990   8.614535875119 
 5.480584679664   7.049214407380 
 6.136902445039  -6.493458705491 
-8.948917610129   1.478841901078 
-7.710214328583  -4.809864845886 
-6.048217068576   6.790607003300 
 0.018833180376   9.201444472223 
-8.611488005971  -3.292916364496 
 1.778792384300  -9.057291831555 
 0.164921965075  -9.352473630129 
 3.465764355396  -8.927982072165 
 8.638448724632   4.211052841135 
-8.374136512568   5.111694704636 
 9.827094988617  -0.649685880931 
 8.083923178086  -5.655977059515 
 1.393996374521   9.804840477847 
 9.661606697782  -2.200076229519 
-6.178252068169  -7.773555071082 
-9.977146669117  -0.681627246363 
 4.149133105264   9.126618399239 
-7.377983377568  -6.795461099382 
-3.694895534244   9.393931185573 
-3.681749624806  -9.462787388518 
 9.817842422700   2.706720571458 
-7.692991662001   6.701740004730 
 8.122206614969   6.394093266992 
 6.524454385774  -8.037546710362 
 10.306894989324  1.112068448333 
-5.942543231461   8.593764378166 
 4.975831005828  -9.299997687904 
-10.402638512864  1.938245514889 
 6.740338114015   8.178775081378 
-8.948815538546  -5.692551635109 
-10.162283716561 -3.327039335570 
 2.368814648238  -10.539383499209
 9.704427632239  -4.790992601976 
-9.874741978219   4.451943029056 
-2.448072545131  -10.592264419286
-0.513848430587  -10.904443816555
-1.787298398910   10.774781725737
-5.236769672880  -9.825111416182 
 9.604077007169   5.855582067442 
 5.518970972254   9.816463136059 
-7.495215896778   8.405788928150 
 10.431828588107  4.332269191814 
 10.814505619236 -3.376065954308 
-11.364107096775  0.703481428496 
-11.342808969651 -1.412145508244 
-8.787415106955  -7.318002910297 
 11.338546522453 -1.649443768501 
 11.470339081236 -0.091826962143 
 2.852292420925   11.286394990469
 8.968830228970  -7.489560916960 
-4.836134497796   10.730599925182
 4.196467523922  -11.038862457678
-7.750727371395  -8.911322932644 
-10.780131760423 -4.987943569246 
 4.433747817375   11.021025454127
 1.104328754282   11.867010006572
 11.609569296296  2.740298363164 
-3.175823082405   11.583002863916
-0.602510925375   12.039157179297
-11.754447961178  2.698511520666 
 7.080317036079  -9.776986019701 
-9.024562268562   8.216108697742 
 5.752870224057  -10.851651165540
-10.308837513079  6.894058285924 
-1.629467875988  -12.298549387104
-6.590353834990  -10.514009318090
 12.373692392984  1.217297594224 
-3.742642152267  -11.894082859616
 10.529031888206 -6.714476516054 
-12.275604346913 -2.639748149511 
 8.308169425415   9.447402630658 
-10.742885679805 -6.680164273562 
 10.147812728935  7.626948056149 
-6.824939017921   10.715958587751
 3.080204340593  -12.373699327925
-11.541707358697  5.522853354003 
 7.083975013159   10.726125032449
-8.138391669356   9.951262167130 
 11.228444332846  6.286222285287 
 11.820595811815 -5.102926119721 
-12.862544607278  0.600865866461 
 12.273835576111  4.293318994270 
 1.360105684025  -12.937087014005
 5.893049216001   11.710574381871
 4.049828505538   12.474396256199
 12.826305249638 -2.882271049807 
-12.752201760123  3.853663890548 
 9.325283413871  -9.594228063537 
-13.431540819574 -0.930040528062 
 0.336448628211   13.460910184373
 10.690293730223 -8.294201297576 
-0.272728585148  -13.532978417927
-8.590300859798  -10.489208938804
-10.161666750324 -9.019963612739 
 2.512585779656   13.441535744901
-3.248088443273   13.312094565621
-10.069877944502  9.294708424167 
 10.251442290697  9.160071554225 
 13.392754930956  3.116311657393 
-13.222992597899 -3.846545141667 
-6.364846692533   12.239269045015
-5.391258976715  -12.724144468604
-12.540521108761 -5.805745329081 
-3.567290078241  -13.392527552193
 4.818818744396  -13.036751393289
-1.763157619367   13.814460409287
 11.971479642994 -7.278638012303 
-11.337488311944  8.276419894055 
 13.974797284588 -1.409184867777 
-13.993440885719  1.691196577213 
 8.712112220907   11.127332922675
 6.276963496448  -12.669736843807
 8.827480380691  -11.258442343519
 3.144896502068  -13.959921404130
 7.476564988194   12.205953676030
 13.564252766826 -4.632800871917 
 12.920711629007  6.354368590123 
 5.009899126541   13.666755390403
-11.669806876637 -8.700595046849 
-5.264302327974   13.580000578811
-12.614145332551 -7.318635728402 
-14.401414264525 -2.633504138493 
 12.115714207808  8.264662329144 
 7.850790658402  -12.470944060273
-13.427246213161  6.108896680112 
 14.421201869392 -3.109428571938 
 13.424126335501 -6.134844146957 
 14.771060630616  0.227414034220 
-2.724501002330  -14.656352769821
-9.586218997713   11.518588484943
-14.325859776234  4.557300600241 
-14.802848642979  3.084321809266 
 14.921454739073  2.511131329320 
-9.991882207876  -11.367558816856
 0.009544915794   15.178919258395
-7.564506516986  -13.165789340032
-14.231235600571 -5.632080332499 
-3.864955492327   14.878143507896
 3.045801103693   15.095281913613
-0.556115095489  -15.410452523869
 1.362656194421  -15.372868064411
 12.183482423222 -9.510621367973 
 6.019948624356  -14.243299803529
-13.279178772577  7.938269332669 
 10.720480347071 -11.186597760358
-8.692576991998   12.844018715905
 10.741169936878  11.202476749622
 6.772484433876   13.991869205086
-15.015068688301 -4.124903766882 
-15.492220628099  1.751992298091 
-15.660591419855  0.184447086739 
-4.253487047500  -15.074973442802
 4.552095730486  -15.038216233277
 14.640316343291  5.838639533656 
-15.692228989953 -1.813074199469 
-5.972750171693  -14.633936044608
-11.292451045577  11.073695746619
 8.315607567817   13.462669543444
 13.815614688418 -7.840161583185 
 15.773541661708 -2.225057291484 
-9.091560089506  -13.164006425047
 9.708794058040   12.719221849967
 15.490562244303  4.120622118455 
-14.925759199307  5.985668244060 
-14.364022612709 -7.357165151815 
 1.362557465231   16.089698151813
 13.572917454843  8.775716467671 
-1.196913724501   16.152280045181
-11.518180161003 -11.494164575394
 16.268148379014  0.781630046895 
 15.845192145736 -3.778163986502 
-12.986757819942 -9.937892553916 
-2.926093585773   16.122149851476
 10.103836902224 -13.048861216593
-6.608235353343   15.124634911139
 12.745244861941  10.487512501774
 16.526057126951 -0.804233174356 
 2.423769181755  -16.571204595500
 4.257450351239   16.208783272764
-14.972490723688  7.541867878289 
 6.095667505349   15.632934175215
 0.211739033696  -16.812471093559
