-0.510533839941  -0.556128657186 
-1.014911354110   1.273894770134 
 1.318820573527   1.278081777066 
 1.787128704897  -0.449148251438 
-1.962663649298  -1.320454291375 
-2.694802149901   0.622401244596 
 0.571206809838  -2.711171309971 
-1.027955788626  -2.618832846571 
 0.607381376421   2.747110718031 
 2.142647297874  -2.009688977702 
-3.468192491519  -0.905992765004 
-2.202002846185   2.858667359266 
 3.009363971688   2.167303675183 
 3.700369695734  -0.866721505129 
-3.011898373194  -2.415210294892 
-0.395947040087   3.904717010043 
 3.912933475931   0.633059469840 
 0.884245955056  -4.246346510478 
-4.267025305848   1.229549236477 
 1.791631326500   4.077019500773 
 3.372496380180  -2.970882816155 
-2.426643878049  -3.837527140485 
-3.703227254255   2.806497671606 
-4.960645208367  -0.574423056058 
 0.875478683358   5.292685768161 
-4.015712622173  -3.625372871223 
-1.220613262398   5.316660880569 
-0.307760251034  -5.457563182666 
 5.349996782575  -1.374790078564 
 3.999531660508   3.968256680990 
 3.469746060351  -4.526527059034 
-5.251819066319  -2.696420025162 
-2.794904594742   5.247662661450 
 3.050997780995   5.154990919585 
 6.003617610911   0.293968799640 
 4.767186213787  -3.698795130780 
-3.140066699112  -5.182913621678 
 1.733933696451  -5.900353365831 
 5.303085208800   3.160524247024 
-5.686589622408   2.591387448666 
-6.229136257900   0.750263542892 
-4.375119367630   4.951025651624 
-6.733295837654  -1.183813756058 
-1.597794589900   6.821474750770 
 6.586704558676  -2.656660956356 
-5.693258746191  -4.382554318403 
 0.524379718653  -7.203409360694 
 2.876196756185   6.667398017128 
 4.737770818028   5.537597826943 
 3.993111680963  -6.111969767396 
-1.039016223744  -7.263273764764 
-0.044313018167   7.386396647810 
 7.326478353153   1.579297112624 
-4.885960846895  -5.703722042629 
 6.217505577906  -4.359002042254 
-3.511584213360   6.755883757822 
 6.926159675949   3.173849231605 
-6.826263491908   3.694347706209 
 1.430148215523   7.726214397245 
-3.423486816874  -7.080610422349 
 6.414343396716   4.630200974956 
 7.820542359153  -1.216557585133 
-6.100035273008   5.058737762315 
-8.040004846901   1.332567786361 
-5.164716065064   6.409841923335 
-7.200241043553  -4.050248494441 
 2.090683513720  -8.059382974045 
-8.539229724844  -0.255695061854 
-1.719204829917   8.415668612615 
-8.458480779675  -2.184005665971 
 6.386554216467  -5.988996116345 
 3.821318259579  -7.897434190189 
-0.500069953019  -8.760168821496 
-4.925159802398  -7.352752351238 
 8.466511459547   2.881857031723 
 8.856039763181   1.299081030170 
 5.542695954421   7.057112650841 
-2.680876052083  -8.658518601892 
-3.935468892001   8.264655745072 
-7.381999884894  -5.669763987019 
-0.343124685424   9.301847725580 
-8.917551424729   2.744585580138 
 8.280354159077  -4.367080481325 
 5.682980838496  -7.471900096779 
 8.469413507350   4.383264858126 
 7.339263370049   6.181582676918 
 1.387509777762   9.544431744530 
 4.382729536721   8.709886162731 
-6.315364557164   7.585323614350 
 9.916743095424  -1.116355528219 
-8.463356737647   5.317490068522 
 9.614001374089  -2.787226964300 
 2.993261447978   9.717697398488 
-1.701038177889   10.108235737198
-10.258041734655 -0.688676656379 
 10.357197570344  0.577744604035 
 1.185289974417  -10.329355612804
 8.201775985338  -6.424713698225 
-3.617853405664   9.783826179351 
-5.412626590886  -8.985528389544 
-3.624130707926  -9.906904407551 
 8.883361832131   5.884664902468 
-7.078970507094  -7.992358088966 
 6.602393844970   8.398346454222 
 7.297796178924  -7.804406528183 
-5.424732481610   9.339684746719 
-10.567526610310 -2.258836553090 
-9.826803263206  -4.509808660258 
 3.411150888548  -10.338046153556
-8.543767975397  -6.775900648169 
-10.914175852301  0.743536610365 
 10.547209748839  2.923064291837 
-1.145008118827  -10.934863229121
 5.788613921383  -9.374179715015 
 8.330652853281   7.387816383067 
-8.867601216231   6.838001894356 
 10.108448629122  4.869277328327 
 1.142184407929   11.244429279923
-10.225656230458  4.938222888673 
-11.201946705429  2.407581841028 
 10.508118730713 -4.667436324471 
 11.481288641825 -0.847053966519 
 11.203040726101 -2.806493396500 
 0.322375111560  -11.602333062390
-8.179328641823   8.276148177219 
 6.057640276809   10.056295549216
 4.442672872539   10.878823905137
-11.774606644127 -0.767788974847 
 9.760048212008  -6.665346977070 
-1.021421535335   11.839170387086
 3.038126944762   11.531337148958
-4.991620941478   10.978623150820
 12.046539585002  0.857235674944 
 7.428254782003  -9.550429969265 
 9.009569649960  -8.185334762335 
-3.666185355045   11.682623968379
 4.496410319791  -11.439138800979
 10.316091601686  6.744558451121 
-7.588749825141  -9.744922573119 
-6.734095504140   10.451014425880
-12.123047104475 -2.767688268332 
-10.125596352422 -7.245035528651 
-11.427478763083 -5.047902107035 
 8.229317829412   9.440608715516 
-11.965049552927  3.828311864262 
-8.936141243059  -8.894056909164 
-1.039775584086  -12.580263980406
 6.542198365480  -10.811145663611
 11.748571027838  4.687362797517 
 9.689034346303   8.215986305634 
-3.459026783648  -12.240437272126
 1.958725457172  -12.579700222668
 12.386631443349  3.055844077049 
-6.466618900389  -11.027674460071
 12.014275785480 -4.589799182827 
-10.589240968184  7.397512209771 
 12.941499757575 -1.408526955335 
 12.734225057259 -2.907712603931 
 3.536912641989  -12.619713207230
 0.476853464541  -13.104137406683
 11.538848127048 -6.556076803409 
 7.040997280336   11.254219710040
-5.221743227762  -12.285431414420
-13.325556380807 -1.091204113540 
 5.115796619045   12.392772176609
-13.121957719346  2.773525011399 
 11.906281539011  6.278298834329 
 10.733019561021 -8.126520404896 
-1.164015872021   13.426537852958
 8.763515991144  -10.258695301414
 0.920779832897   13.483051291819
-13.499455267733  1.024589986025 
-8.578238907397   10.530900786291
-12.723038767056  5.140783909546 
 6.201393734583  -12.303312551716
 13.751307805864  2.243661707270 
-2.125523091596  -13.809540331712
 13.974540205146  0.430513975123 
 2.737060208260   13.758483193061
-11.381653430762 -8.315120812821 
-3.783560574043   13.605262419674
-7.799621106772   11.813214482424
-8.404922281043  -11.395079095564
-12.802810549042 -6.357382413415 
 13.031216285918 -5.891710275561 
 4.240559835374   13.696047521178
 13.749753801098 -4.280639178393 
-5.782773718201   13.192117937728
 13.385424775293  5.430043798608 
 4.790062608171  -13.649160060424
-3.719219397171  -13.991830885676
 8.413909373373  -11.787468912975
-10.346996417334 -10.152000908987
 14.472808656122 -1.288345987092 
-14.286916024782 -2.721999036218 
 8.996046971510   11.437408190396
-12.581052900469  7.317640157265 
-11.099709986943  9.461943025006 
 0.584659223383  -14.609922880569
 3.342459686915  -14.314093644372
 11.958904315228  8.580375583315 
 14.447004584299 -2.839587018766 
-14.063810705566  4.423840674889 
 10.564955041840  10.285966491137
-6.126780957366  -13.510713632469
 7.489840128981   12.895500267875
 12.966076689870 -7.481166372244 
-14.972594902543  0.242156895937 
-1.493285079588   14.954764381506
 11.614262333472 -9.565805437161 
 10.480373022500 -10.808945858713
 14.648339245124  3.657203045618 
-14.376535365359 -4.659640470846 
-14.956185595704  2.576700683198 
 0.919528580852   15.255936759205
-1.654583987949  -15.395403185869
 15.432230322151  2.332810062898 
 2.366440641232  -15.454064038069
-12.214857854727 -9.896656551020 
-8.595313744515   13.201239386279
-10.427271915881  11.809524052977
-13.850718756636 -7.539017849472 
-5.242012619320  -14.885532198757
-7.799051097254  -13.744435665309
 15.810106015620  0.315509000853 
 14.220656079289  6.957249117691 
 8.403966045896  -13.438715921316
 14.450211175639 -6.530604883073 
 6.808949045765   14.336662053860
-14.619860544332  6.196773849188 
-6.580651821770   14.502101760559
 10.248999742403 -12.358381453295
-15.991920090943 -1.618777195263 
-12.754923388354  9.802609914986 
 15.662828792289 -3.808567818501 
-4.351622877552   15.616412434272
 13.348685507398 -9.279579588429 
 12.831481681688  9.989593273922 
 2.601562746917   16.072517624815
 5.053704171176   15.477927215126
-10.921606825315 -12.104775795400
-9.562527232686  -13.270459310321
-16.377566030596  1.218895798770 
-14.497459616367  7.770888606664 
 6.370547905625  -15.177476614948
 10.571245237223  12.640263578890
-15.914460307116  4.307945556365 
 16.393883640440 -2.149500802487 
 11.932373315190 -11.541951446565
 8.852265607660   14.088245269086
-16.279013890276 -3.519520055494 
-13.720473776749 -9.516589215217 
-15.368888600369 -6.547956629677 
 3.808918265406  -16.457790087006
-3.164448173091   16.613595076234
 16.048757018481 -5.439791570678 
