 0.319892754985   0.709811162932 
 0.057405365308  -0.886565462290 
-1.193976040283   0.987564903603 
-1.642376692408  -1.559438653644 
 0.055063400351   2.323862151609 
 1.284382533268  -1.940017808874 
 2.040358961872   1.394701188985 
 0.035370621427  -2.857587073627 
 2.950460296483  -0.356595820706 
-2.979960507206  -0.014707111142 
-2.608825627876   1.636054538726 
 1.451457618300   3.546816707039 
 1.806112150711  -3.459087449377 
-3.404093201222  -1.928318874075 
-1.214846837069  -3.791910431015 
 0.501502148689  -4.311557215267 
-2.161534322194   3.809220155074 
 4.512910295952   0.361830155933 
-0.010987371199   4.532448987478 
-2.852116895217  -3.582698982183 
 4.165603752146  -2.017142233235 
 3.906925838757   2.773690450280 
-3.624504552100   3.263336770290 
-4.962153952170   0.635546925526 
 3.328270504613  -3.753044336519 
-4.654945693767   2.146552019803 
-4.927084073782  -1.694093759192 
-0.760563640800  -5.346197515224 
-1.600658414455   5.206778146068 
 2.724993070605   4.719884587215 
-4.371663157494  -3.701685246352 
 5.816393149029   1.748676619225 
-2.744953443885  -5.527825353295 
-3.956311221205   4.804242546756 
-6.208032157976  -0.447994701991 
 1.773185193803  -5.966705304614 
 0.956377061490   6.190378437171 
 6.380622649873  -0.021873332028 
 4.584570878145   4.559461533379 
 5.203616691842  -3.987852817347 
 6.220079804213  -2.072455957867 
 4.068495088684  -5.382008079849 
-2.800846295670   6.273570618249 
-4.616652664901  -5.245650190851 
 5.915889966116   3.756025470226 
-1.335115453515   6.881743437643 
 3.280053973912   6.340346356651 
-1.977984116146  -7.010794887441 
-7.092413322618   1.707222484255 
-6.877767406334  -2.553645244997 
-5.468585100592   4.962841710362 
 1.180783278231  -7.350871413233 
-6.658182760584   3.506847266786 
 6.689748515483  -3.596031528210 
-0.458737975017  -7.584355566528 
-7.825932249208   0.360423909315 
 0.001756484090   7.927844368352 
 5.875775614783   5.357027023122 
 2.754155596139  -7.530054728424 
 6.063614426640  -5.331929819540 
-6.494828396130  -4.938913644441 
 8.183867867393  -0.559846405789 
-8.107326830907  -1.250987446616 
 8.121656253771   1.414982627390 
 2.302129174280   7.921280144719 
-2.832601691474   7.833459594856 
-5.290408969904   6.492106080137 
 4.582142879285  -7.010061280423 
 7.752666974101   3.278510400752 
-8.033231138876   2.879135901854 
 5.260790905584   6.726873302250 
-5.396711764525  -6.772451525832 
-7.938358932920  -3.801426248474 
-1.288840980111   8.726361419420 
 4.124826483662   7.847784281063 
-2.658396611456  -8.604051971098 
-4.350602795082  -7.913334981004 
 8.338723750367  -3.667705737793 
-0.017853887892  -9.159277319588 
-4.325400895701   8.080073109461 
 6.104773048531  -6.890420571490 
-8.842981134850  -2.598182367221 
 1.780538750216  -9.103643192064 
-9.403623663181   1.397882718372 
-9.497425390729  -0.615286098929 
 9.505697578026   0.604164597327 
 3.279357061514  -8.955190676550 
 6.752746264670   6.947601796713 
 9.535560996261  -2.028260610622 
-7.494208433275   6.545257281966 
-8.572521639095   5.090514040859 
 7.627248147369  -6.434006569573 
 8.873838569081   4.584871733639 
 8.115232940313   6.038033803388 
 0.821245663555   10.084392988008
-5.950948692360  -8.192250547135 
-9.522567485412   3.455609139319 
-5.842230600925   8.474516873458 
-1.743782107873  -10.161776736510
-1.995239816622   10.116461991913
 5.312815595542   8.965791055728 
-7.484510204965  -7.296580798057 
-8.683403858359  -5.832723652429 
-0.133283183951  -10.695828631553
-3.905242101035   9.968825695119 
-3.690841748391  -10.065250878401
 2.435731364064   10.493453347771
 4.956511441170  -9.594010072558 
 10.619383328637  2.333345413983 
 4.198201750715   10.122052983288
 1.637094034104  -10.837841260885
 3.300691279749  -10.473556739318
-10.749602776211 -2.492422029834 
-10.852164892628  2.470778273170 
-7.436755970696   8.294081833598 
 9.841202250763  -5.350371721106 
 11.095450052499 -1.665598620134 
 8.175416776470   7.703033140973 
 11.325261921486  0.862370122558 
-9.156816929229   6.776420072296 
 7.486454613868  -8.606106917456 
 10.966383006940 -3.264705015924 
-7.363014457735  -8.811153787943 
-5.734986109484   10.024670695359
-10.780681038724 -4.151826914771 
 9.334526949820  -6.893824617856 
-11.646050316236  0.438308291072 
 9.619919555411   6.887770389749 
 10.724790322486  5.143142813038 
 7.374260440897   9.345473631610 
-1.434943821288   11.910868445379
-1.229598188716  -11.946082012408
-11.178463786704  4.395048642555 
 0.651014735403   12.031587312253
-6.301086570504  -10.418680422379
-10.578215378804 -6.093340325130 
 2.523325301912   12.027357453433
-12.279376740674 -1.314073368970 
 2.807195591542  -12.072123232717
 4.547490990139  -11.540048477319
 11.804472495435  4.031760664251 
 6.587644945869   10.654355057577
-12.492276457431  1.682254767781 
-12.203505886872  3.226229421048 
-2.873194924146  -12.337487307767
-9.422196902673  -8.495129012730 
 8.968525946898  -8.984233764496 
 10.944173183204 -6.518246959062 
 12.611653928384 -1.894159735714 
-4.124894746340   12.173641781744
 12.303504438447 -3.970744242262 
-11.550022764308  5.864384058852 
 0.214264791116  -12.953314266586
-7.814373970296   10.404015689227
-9.733614972556   8.733198484809 
 9.919464467248   8.555589649245 
 13.134435891185 -0.278698710895 
-5.128401057721  -12.162375486215
-8.708031875685  -9.942820958856 
 7.135354185944  -11.140643964202
 5.482838160606   12.068610318340
-5.769767664821   12.092887254579
-13.434743022665  0.044292780183 
-12.385042668546 -5.296574267358 
 11.170877462402  7.601973463541 
 8.117613392719   10.812308612095
-11.201350596921 -7.584844648422 
-1.488790227766   13.485271078449
 1.856136059499  -13.520095611243
 0.379918982664   13.669317824258
 10.719210360396 -8.611098674019 
 3.680187202860   13.258562119585
-13.659919503532 -1.922760411115 
 2.013273148449   13.714965389838
-7.599708860737  -11.603121032922
 3.400207889276  -13.499863458506
 13.753261559475  2.215501138380 
-13.405051032050 -3.791867560186 
-0.923016895345  -13.940175440996
 9.777360083255   10.186571082259
-11.869008822048  7.702545292438 
-2.838183536905  -13.930760237321
 14.155225086635 -1.825647190621 
-13.783262523036  3.827423453525 
 9.621513881026  -10.633219241491
 7.121333403713   12.487359925945
 13.703544543654  4.522364090305 
 13.307188681938 -5.670830636824 
 13.038084801014  6.349005253020 
-13.034839511730  6.377868700296 
 14.142161030180 -3.723024811925 
 11.196032768952  9.435919543476 
-7.479481708289   12.634298222217
 7.122969867222  -12.876423211282
-9.814642042614  -10.972992974526
-4.762423530528  -13.950105717640
-5.177266085794   13.807434466740
 5.342766616091  -13.754036894500
 12.843748382854 -7.268492061969 
-9.338543740214   11.539895698731
 14.920688724093  0.214191762840 
 5.131804530048   14.043963681474
-6.738062415887  -13.385808466661
-12.655445961241 -8.137453196408 
-11.733660677648 -9.454284449061 
 9.420148460237   11.777512446347
-14.877930373148 -2.966959350968 
 2.838880628738  -14.944954243496
-3.015533739284   14.925119238680
 3.741352904171   14.786688975460
 13.027892690702  7.966140821972 
-13.642943767728 -6.978182491875 
-15.319996520977 -0.397636173666 
-15.297402123176  1.453314705406 
 15.521149517314 -1.173612592417 
 0.811465760456   15.548584362120
-12.686027859128  9.048975535585 
-1.505961368095   15.581979878351
 1.033159163052  -15.621954911215
-11.586557596528  10.547112216602
-2.595691436757  -15.452491997897
 14.545051344582  5.993459399336 
-9.442772812256  -12.641703090665
-0.762549990945  -15.765281645423
-13.776762749081  7.863739729533 
 8.819425895568  -13.261231359602
 8.924489458765   13.223260565617
-15.551456948421  3.564391988082 
-6.116069073826  -14.774037936893
-14.945675698216 -5.724471607066 
 7.651802905977   14.077532783911
 10.821938363583 -11.838183603147
 15.668769693358 -3.435301987233 
-14.995317995253  5.726459206262 
 12.378491155006 -10.260235445905
-16.003111243947 -1.801963311770 
-6.885117793329   14.591216533995
 13.463379033086 -8.918315237703 
 4.174803850280  -15.715000490525
 16.034950481538  2.745125878125 
-11.182068229798 -12.010154170007
 15.195168259879 -6.223706145062 
 6.535151209290  -15.182288212955
 16.521128818952  1.027543833026 
 14.603723585060 -7.904986564038 
-13.828878964002 -9.215867943922 
-4.829145294959   15.940394920108
 10.638154977564  12.876608646916
-16.239037224203 -3.968231822508 
 2.590814267754   16.521216385810
-4.248674191205  -16.241382381979
 5.173275883834   16.067789842102
-16.851195904552  1.217645720614 
 11.906709014735  11.991829065238
-11.881421752375  12.050809182297
 13.042247663479  10.788864474774
