-0.061108861841   1.018362903856 
-0.442243672631  -1.192903179300 
 1.222239345593  -1.237167588305 
-1.789597714998   0.835790407865 
 2.460353585319   0.750620100228 
 1.439121140265   2.133933892402 
-2.738285335374  -1.077545935999 
 0.035279842799  -3.039464885067 
 0.007462450318   3.099555451112 
-2.319195680535  -2.683424871311 
 3.383314962840  -1.280445525585 
-2.234644523739   3.359677548171 
 2.036952270706  -3.714763692048 
 2.670035897314   3.366754629677 
-4.045702222912   1.595126381789 
 3.998972646234   1.805780511759 
 0.379942674733  -4.530616436296 
-4.763040148907  -0.000099653513 
 3.938116666873  -2.870575936179 
-1.176745389249   4.757376830903 
 4.893366498581  -0.692660180092 
-1.211541668066  -4.904894533466 
-4.042743866024  -3.215041364437 
 5.231001844867   0.930959486026 
 0.527824630797   5.313204090527 
 2.395343994751   5.042451810126 
-3.241029752850  -4.553123896698 
 4.219091637955   3.833218237897 
-5.553846347853  -1.404910479209 
-5.559926395688   1.384908166305 
 2.219556443571  -5.473550117628 
-3.117946508807   5.160971508985 
 5.635755267891  -2.144656018161 
 4.436087864760  -4.317356198098 
-4.934870563522   3.767322440578 
-0.315994918822  -6.271902936631 
-1.174572396129   6.398386150762 
-5.572649745177  -3.437532018136 
 6.618279153829   0.031020670799 
 1.885217829887   6.493364137327 
-2.288329062000  -6.450688943975 
 6.072339409633   3.185413015475 
 6.765894846950   1.769962538683 
 0.339093858131   7.069859350425 
-4.683614066564   5.380981510653 
-5.048553094064  -5.093731854202 
 5.467967135774   4.724428301948 
 4.388347787158  -5.817636979146 
-3.835611117743  -6.241226951494 
 3.006988673845  -6.764244919408 
-6.704506142577   3.433683845332 
-7.511403941680   0.745051610527 
 7.493667196934  -1.437322471012 
 6.646077869045  -3.775297742542 
 1.268321740379  -7.592052440413 
-7.621718992827  -1.369293685072 
-1.074027927762  -7.709113387345 
 4.782238849284   6.292598977709 
-2.215154769663   7.674392473869 
-7.129985106819  -3.633683971503 
-6.405882368870   5.107289405706 
 6.188981699921  -5.491559637452 
 7.664696054688   3.455419858587 
 8.327572892456   1.395186585044 
-5.329553406017  -6.579372778006 
-2.991131648707  -8.072268711646 
-8.407255420429   2.189011482377 
 4.565463994710  -7.403331564975 
 2.843228587288   8.360279066999 
-8.855337817711  -0.386906546441 
-6.988939365515  -5.470911060746 
-8.445568002865  -2.754616178261 
 8.414836683640  -3.270692471927 
 2.804477720284  -8.764807676802 
 6.990477578240   6.000613658103 
 7.935881546391  -4.806930292327 
-5.072006919303   7.971829737860 
 9.443481458499  -0.316824596271 
-0.228499502337   9.487803059012 
 8.140589829699   4.958341272869 
-3.812108784307   8.796007254787 
 5.748758515104   7.793356728778 
-7.081664940596   6.616370446800 
 0.995169540488  -9.789054287565 
-8.788849831583   4.540129860320 
 9.321780342877   3.347217776973 
 6.138104662290  -7.789136957612 
-5.964059956038  -7.953220731722 
-2.457959815394  -9.652161837198 
 1.196047615725   10.009482972923
 9.833390416548  -2.261824923814 
 4.377884721030   9.197035956961 
-9.115867654742  -4.552443325876 
-4.262208924039  -9.281286110871 
-2.769700134324   9.911964262439 
-10.371629488930  0.895291019861 
 7.642295457632  -7.083743449614 
 5.030503613794  -9.297624965124 
-6.640856494190   8.326942649070 
-7.470310368198  -7.605655236883 
-10.621633150973 -1.167855334077 
-1.008523593628  -10.752378851100
-10.541556821959  2.436951414789 
-9.008478040123   6.037616260604 
-10.449071307263 -2.950287637588 
 8.111997754233   7.220457508959 
 10.979010840845 -0.936399718540 
 10.908926801367  1.591168750493 
 10.195019605484 -4.452767083362 
 3.807962715105  -10.453295964942
 9.174234041539  -6.377950118701 
 2.310001708952  -10.941383148649
-5.914126578915  -9.513615539527 
-10.350925562592  4.393307728488 
-8.179662626062   7.778084136746 
-4.739623020605   10.418038807068
-9.302302530717  -6.715906345229 
-2.495904806917  -11.228182625410
 3.298317799978   11.100421968495
-0.857153816422   11.595622167914
-10.722536483342 -4.568514748807 
 6.634673352846   9.637904116394 
-6.193588633838   9.928496637912 
 5.141952137864   10.533458152150
 7.851805108602  -8.760479447707 
 1.311621968112   11.784598832669
 9.745993026673   6.772464824345 
 11.083163010164  4.501125180252 
-12.063897523842 -0.042258977263 
-4.046656301808  -11.424954025147
-7.739525872676   9.356133244069 
 6.180286585675  -10.554410587671
 12.219800083717  0.763924212682 
 9.402557807102  -8.144315366999 
-10.747155895071  6.271102972360 
 9.320647547826   8.246570642285 
-9.318964027419  -8.391303939881 
 12.507922794890 -1.174044907400 
-12.168614680861 -3.223170573135 
-2.756550444034   12.283186491083
 12.204006696029 -3.267107845733 
 8.173326014094   9.638377803856 
-12.525629176146 -1.691903962276 
 4.243336716266  -11.928494207251
-0.725333869270  -12.645562647387
-11.043632420373 -6.215947309820 
-8.186093709139  -9.701197342429 
 11.653377714612 -5.110348258074 
-11.914934537830  4.585030185988 
 0.862869921022  -12.744260875056
-6.880012261136  -10.857910838421
-5.826608120562   11.561304309071
-12.825619576038  2.510575156505 
-2.909492008800  -12.770735493976
-10.011364263954  8.466390522939 
-1.301951052990   13.087566081245
 12.936149300681  2.685132173809 
 8.727759417342  -10.097768534232
 10.879238202843 -7.737662991547 
 11.827653747601  6.218659284175 
-7.385175478354   11.292794753911
 5.673667327982   12.272345405227
 5.907255319980  -12.207001538942
 2.466263570044   13.368484809920
 12.754065309931  5.019900426091 
-12.929697426089 -4.718636281319 
 7.453541680646   11.596879276195
-11.084778642770 -8.333641568935 
 0.321630655747   13.936937078335
 4.442402318698   13.226920939061
-14.050909611523  0.190667807307 
-4.626410904683   13.275873652407
-0.340073095248  -14.128359962947
-4.328682191925  -13.456999290390
-13.441286270127  4.550407482171 
 10.688778501235 -9.345420572594 
 14.162652678823 -1.181882700543 
 2.717398067625  -13.998741559611
-2.883399779701   13.968922334866
-10.274849450498 -9.909885763792 
 13.612184737482 -4.549116578361 
-14.261918562515 -1.815375791069 
 14.383947693544  0.361270028275 
-11.644621738508  8.463433939455 
 9.941158623494   10.450469804606
-5.837822460770  -13.203942016355
-6.382328831001   12.965098088425
-9.692153520373   10.779057239432
 11.268097091111  9.179845313707 
-9.138459864753  -11.311055966822
 13.999815236800  3.948256334555 
-12.996044713787 -6.650957816357 
 5.341121153275  -13.625146119663
-14.363005697614  2.930957759973 
-12.729966785487  7.332187937023 
 14.380493937496 -3.048750238977 
 8.516254837860  -12.016343503053
-14.324320133651 -3.600050327404 
-11.052226313609  9.894784977398 
 13.378464852448  6.504984951370 
 10.244607292787 -10.832244027098
 7.124450284947  -13.213054676970
-2.894755266529  -14.792768187036
 1.491495383322   15.034863396123
 12.541453692513 -8.458585124867 
 15.038770112317  1.919929149214 
-8.929903203948   12.311570455812
 6.909437386802   13.616011408069
 8.704739404498   12.561443414176
 13.723794911296 -6.731712226524 
-1.898917008091   15.168833086583
-8.351113280838  -12.815294607747
 3.539544927826   14.948591386188
 0.256845624704  -15.523774154387
-15.559758680917  0.425587086736 
-5.814333384651   14.473582900313
 13.114030396070  8.445306300659 
 14.610726307695  5.474902137819 
-14.718226935314 -5.228202948061 
-14.564661448755  5.653595543547 
-4.067609889373   15.142769147319
 11.822299240582 -10.393682742080
-13.000526971526 -8.915790440705 
 15.707525722864 -2.035016246457 
-1.277264318977  -15.826465244274
-10.963033767130 -11.498277166828
-12.647264597822  9.632773031320 
 15.531513002915  3.410750919049 
-7.295313356940   14.191495332666
 10.778829418036  11.828190853857
 3.741315569308  -15.693341500206
 15.326228529588 -5.072287225490 
-5.255628136632  -15.317154200133
-16.152346357638 -1.317132776302 
-11.115863253361  11.804583162907
 9.247834415273  -13.376840727004
 16.255190343327  0.898018351882 
 15.886756015872 -3.644384366845 
-6.718465837877  -14.853309514265
 6.457216359876  -15.002548715728
 14.552151812673  7.491585495597 
-14.213795354187  8.267810790613 
 0.645089657568   16.460655075730
 6.114816162997   15.321109942171
-16.088789186099 -3.763816694800 
-14.435843298627 -8.135735280370 
 16.651395864144 -0.642729506975 
-12.739444893671 -10.828740596901
 15.317189301345 -6.800396018384 
 2.786124419343   16.526315081875
 13.406813480278  10.067797144261
-3.344167418897  -16.438857964356
-16.422266772691  3.429553249589 
-1.928792642654   16.673350912242
 7.811730006475   14.888872398992
-9.687914381408  -13.768009131100
