-1.184436818845  -0.063805035868 
 1.065821144796  -1.003947952955 
 0.596681344273   1.360789017223 
-0.124083857144  -2.475451981623 
-2.159647791340   1.358941986022 
-2.441094553566  -1.134414849933 
 2.868871861830  -1.051990456767 
-0.120948523592   3.268149610397 
 3.197879374631   0.911176787036 
-1.697284971786   3.045126412431 
 1.783228242300   2.999603160906 
-3.479421180763   0.412411789318 
 0.876325708500  -3.650806136104 
-1.371928492123  -3.503054484494 
-3.537888526835   2.203374249411 
 2.630311842336  -3.337194227344 
-2.902547102239  -3.143739782149 
 1.103095047410   4.388174972198 
 4.546525932608  -0.074108197621 
-3.049051300691   3.918003873140 
 3.747382736017   3.337750480639 
 4.389716805013  -2.584963849202 
-5.162350959065  -0.124410393112 
-4.683718435514  -2.328056325643 
-1.824939128185   4.993573123675 
-2.365087957591  -4.876626283336 
 0.626960066092  -5.586192162785 
-5.158776833970   2.423754991249 
-0.954403842853  -5.620710432496 
 5.559240652987   1.462228402558 
-0.149295489454   5.751447271835 
 3.483051094498  -4.801860924199 
-4.019951593445  -4.574116538259 
 2.207710442306  -5.678296010820 
 5.296668273640   3.036922458191 
 5.848543708607  -1.998503992808 
 1.724793840250   6.090712043903 
 4.882588828192  -4.066457970750 
 4.177395417905   4.825840575268 
-4.506632600434   4.548719811233 
-6.349095461403  -1.051732856489 
 6.859063926506   0.576952835664 
-1.296646867230   6.805025485790 
-3.441218289456  -6.073925098443 
-5.757440577706  -4.012163848611 
-6.528577370728  -2.666381704883 
-1.794237673398  -7.027860649913 
 6.926554597299   2.627164960200 
 6.387621824845  -3.960725332061 
 6.087379287971   4.520572928314 
-6.539061025776   3.966442497290 
 2.978877133999   7.058658886605 
-7.521001104701   1.533980505798 
 3.188723273042  -7.006571776009 
-7.736037920986  -0.055453603210 
-3.781635733034   6.908225555559 
 0.311298939480   8.006423527842 
 5.771756134632  -5.563945999150 
 8.078902453583  -1.458348663011 
 0.943295091151  -8.197295079550 
-6.039320128406   5.909580417230 
-4.026304942829  -7.578616324890 
 6.124751256021   6.071946794225 
 4.887899381886   7.133968986645 
-8.153532693444  -2.890031082730 
-5.496563446568  -6.683548917516 
-2.575717449006   8.305516445840 
-8.310066192764   3.231034336852 
-1.111219641431  -8.880421043032 
 8.745823308969   1.923768318181 
 7.656193759557   4.894819282702 
 8.323011857081  -3.657879943865 
-9.100003568348   1.019594855141 
 8.519949079892   3.507506353686 
-7.282169080296  -5.645604603671 
 5.250814447702  -7.618592279133 
-9.182193381428  -1.202014339500 
 9.328880287913  -0.569094349913 
 7.604134839377  -5.555545594963 
 1.775662835751   9.354053122775 
 2.435589469860  -9.214191498312 
 0.162871204798   9.700569135638 
 6.888764091314  -7.076159757256 
-7.999974110675   5.872808982138 
-5.093693714817   8.519731386215 
 4.021316826767  -9.088415935020 
-3.871421721830  -9.247143781903 
-1.672081127900   9.890924104134 
 0.980310849775  -10.045127528903
-2.494532898231  -9.877939311651 
-9.951313717094   2.308561347762 
-7.029416324894   7.473788542628 
-3.742361653120   9.562255252347 
-10.296583253286  0.092974679914 
 4.736515998793   9.176533195494 
-7.225161523205  -7.379787663127 
 3.313679717830   9.834362716516 
-8.991223019464  -5.201024975347 
 6.185470978260   8.391825306516 
 9.127975426002  -5.178191641525 
 10.651167584952  0.207734645605 
 7.856342324482   7.237815798267 
 10.365743289642 -2.721187725455 
-9.501837833513   5.098324008426 
-10.378611371328 -2.952856006026 
 6.079374688996  -8.928035761846 
-5.975969628964  -9.178621964731 
 8.678285628138  -6.745577578163 
 9.120234494407   6.209282167822 
 10.646166023014  2.952543098799 
 2.155384336446   10.844633148632
-0.317378395187  -11.088544740401
 0.283956731804   11.225653722765
 11.388748452058 -1.162331609529 
 10.669601068621 -4.201833364176 
-3.238830726971   11.007135007534
-1.225368412140   11.436006297665
 11.429642042493  1.624889393939 
 3.310610776063  -11.089851264735
-11.546596176439  1.059463799930 
 7.791805592167  -8.611435946098 
 1.440889241043  -11.525533363577
-9.099578646807  -7.246597196121 
-5.647485860771   10.269003762485
 5.430861330445  -10.546636968881
-8.896897102527   7.938874432095 
-11.513495696975  3.604082779523 
-8.154903766423  -8.958397004106 
-12.117950249421 -0.395177297260 
 11.091119696526  4.924717123475 
-11.962190910921 -2.400281347323 
-11.175256556360 -4.908953327181 
 4.085161287186   11.507653849422
-10.587053496159  6.208854310520 
-2.872228573083  -11.953369168053
 9.173327886818   8.281580923330 
-4.487236550833  -11.594796896415
 1.790639463237   12.333687233538
 10.860261127070 -6.120294270041 
 10.567826251048  6.650122256509 
-5.942699600618  -11.014505441160
 12.557296362488  0.184995021888 
 7.420895986879  -10.184831007630
 5.689526163877   11.250671041955
 8.145447071879   9.641268503597 
 9.962323901396  -7.918037414401 
-7.788917141940   10.085741668658
-10.604541903698 -7.183045365872 
-0.226126898929   12.911933273742
 9.170643611075  -9.235720276888 
-2.038215148127   12.876831608494
-1.437281202857  -12.985092000964
-5.765119463885   11.775120508676
 12.974056956124  2.020645585265 
-12.989809761244  2.278390015612 
-12.058007092915  5.354260894188 
 12.913957706566 -2.883990154198 
 0.148552178313  -13.269532688061
-13.192806603621 -1.474476957514 
-7.668796150849  -10.928062980935
 7.255358415736   11.248756405365
-9.558159678191   9.415832049029 
 12.887862176377  3.992293380381 
-11.162662364022  7.672381043638 
-12.881997692684 -4.463298401541 
 1.778727046238  -13.526183014211
 13.628018964918 -1.065091898855 
-3.764161894468   13.146785334590
 4.086578088777  -13.080742712780
 11.664499492853 -7.457606297103 
-12.438961405724 -6.124060849453 
 12.837644305656 -5.577742279612 
 4.027489953984   13.414042564446
 5.534183974637   12.907682760624
-10.385904342819 -9.455346336077 
-13.790389269623 -3.075231550269 
 6.583031321602  -12.515865440118
-7.727989428609   11.861892565373
 14.154839518587  0.407145575656 
-6.355858684816  -12.673081054670
 10.769557325401  9.249120421782 
 2.349354786226   14.015042899131
 9.648550937704   10.493159836433
-14.291466124364 -0.309888157209 
-3.445572970450  -13.924518632316
 9.721336413778  -10.682434856745
 12.486938489550  7.279784978588 
 10.877645847705 -9.657205241991 
 8.168769797967  -12.132195986565
-2.768497369035   14.389622067321
 14.550860163681  2.089749254385 
 8.799425419587   11.802563818833
-13.382020820726  6.149727109750 
-9.243962801459  -11.600147521207
-0.131875669861   14.875035158230
-14.820170053584  1.361009173006 
 14.690273203888 -2.402541167074 
-10.844102666729  10.224575674483
-1.038930053760  -14.906613891438
 3.430072520059  -14.561132144848
-14.407427318735  4.076103043730 
-12.069057616054  8.944248693368 
-14.944805532277 -2.108824268789 
 13.903369176978  6.023659069874 
 14.326590565471 -5.060541743331 
-5.002365327535   14.357088242987
 0.782345541472  -15.188331821957
-5.510556915068  -14.211521114714
 12.457406063813 -8.943115512820 
 12.420155349511  9.021848022958 
 3.684572059811   14.905567167027
-10.759066529844 -10.975272901519
-14.719187613387 -4.587841871502 
-14.159580103982 -6.204742447185 
-8.532906149364  -12.925089174463
-7.502767825009   13.562372324837
-9.285832260056   12.411118135734
 13.790621950366 -7.188035445064 
-1.506171050870   15.526267678723
 7.085228255629  -13.942557672410
 15.269638827412  3.540092438309 
-13.570153743670  7.865298042116 
 15.670602041681  0.906295403145 
-15.504996157226  2.730436766280 
 1.248843125531   15.722546722167
-13.180500472623 -8.667438936481 
-3.355636596033  -15.462879203788
 5.591034817025  -15.004444264201
 2.344869998292  -15.865674678332
 8.294102252245   13.780731817119
-14.971674721915  5.883169251593 
 10.073962204799  12.612377710840
 8.650818565913  -13.704695885187
 6.671000778943   14.789653929069
 14.367731640887  7.551951578984 
-3.584203299275   15.841662531054
 11.154930652347 -11.833860658337
 12.289213866297  10.680309045267
 16.223902293025 -1.978421110268 
 12.273699941574 -10.821293142614
 16.382239717210 -0.455038998373 
 5.022875236898   15.669975400687
 0.041164595343  -16.554590065636
-12.327210498147  11.081097022248
-10.922209426393  12.517438810411
-16.626992470424  0.352778705405 
 3.964149928472  -16.152607523587
 3.189639243457   16.362530556254
-13.533579354227  9.779824203370 
-10.801943272410 -12.739569010172
-16.157085941465  4.332551673472 
-7.491896622897  -14.966671386387
-7.344091944935   15.060311900883
 15.507033117592  6.355715370369 
 11.646282657381  12.131902325164
 16.164456325821 -4.715393467821 
