-0.146136732268  -0.529225611329 
 1.327854537477  -0.964053646848 
 1.803500446837   0.605550774837 
-0.099148647944   1.936436741956 
-1.470474513755  -1.365678648162 
-2.197843137953   0.196109721723 
-0.061229570776  -2.381562058770 
-1.739612525978   2.368412502977 
 1.587819932889   2.584327029932 
 2.745087738834  -1.489079970781 
 3.469421807963   0.259569511241 
-3.676283531367  -0.212506518638 
-3.026782261045  -2.382173434416 
 3.341884176606   1.983224162002 
 2.642167527276  -3.029972833936 
 0.925377964303  -4.024270904676 
-0.986437772961   4.166979483743 
-2.310525515370  -3.984156173164 
-4.410779693828   1.408222849555 
 4.266854315941  -1.909841263691 
-0.604585018071  -4.874450265321 
 4.864901055392   0.881683905507 
 0.486033747515   4.953169377995 
 2.320013912138   4.426612158030 
-3.180366626171   4.070840215616 
-4.321447351468   2.924740845718 
-4.590355514575  -2.536113767999 
-5.461665272300   0.232613154584 
 4.901246190208   2.531388231670 
 0.896197126277  -5.568996447685 
 3.959311412118  -4.061873188655 
-5.699271090705  -1.304224572941 
-1.662452222837   5.639461244330 
 2.915832049675  -5.389109677558 
 4.313841938233   4.357146774860 
 5.941229003053  -1.570953676183 
 6.450730838965   0.458274250717 
-0.221088688568  -6.576572641217 
 2.697507238485   6.010756859784 
-0.344691341354   6.592489495974 
-6.501766461585   1.569231107892 
-3.355746585866   5.821513618760 
-5.376080690421   4.064042990469 
-6.252239189005  -2.991165483164 
-6.963049123612  -0.226591976249 
-5.142375047645  -4.708063899689 
 1.134066901546   6.886212888983 
 5.790964997233  -3.995662238086 
-3.140932718429  -6.399103247054 
 6.214306553524   3.628213827307 
 4.528188794538  -5.615733934441 
 2.490890463840  -6.923690183928 
 7.156065879270   1.843235413908 
-1.559506708864  -7.289200289759 
 4.170076689737   6.430702829686 
 1.118531989887  -7.600679037847 
 6.094848774067   5.390065518164 
-0.316897076796  -8.145776638615 
-2.973448265018   7.609615284628 
-8.129952480261   0.821329162013 
-6.823973009078  -4.654884066904 
 4.166414296590  -7.137615708230 
-7.363760001934   4.009803553999 
-8.337566999894  -1.009713582047 
 8.381437153800  -1.028528235002 
-6.465551003498   5.472640641247 
 6.337646185238  -5.675800411572 
-0.257246030667   8.505323593304 
 7.868755561047  -3.315156412908 
 8.663409662402   0.562563043220 
-5.550415831015   6.901996833146 
-5.064339936961  -7.303176579706 
 2.461850100635   8.577271268382 
-3.236844703775  -8.370676211725 
-1.728157479362  -8.836929538480 
-8.521019433387  -2.967564693565 
-6.551384852555  -6.369478579076 
-4.420947455798   8.013392714279 
 8.524516018702   3.458466082572 
 3.176337196793  -8.651453271285 
 7.665771603419   5.169513967406 
 7.820191121571  -5.261822712080 
 9.108646583830  -2.424196365542 
 0.994058689282  -9.452556119545 
-9.319436704170   1.924343569653 
 5.924393821546   7.458976351617 
-8.861882683406   3.602501917262 
-9.704764060452   0.416180904975 
 6.234512462096  -7.649727529985 
-7.478739258275   6.682619770004 
-1.883840326320   9.859150773047 
 5.042339679881   8.731416345877 
 10.008814555760  1.346325505042 
 7.619085634546   6.734004050435 
-8.608817205457   5.465540506612 
-8.912101615536  -4.990223000919 
-5.154361489946  -8.818704494431 
 2.015422121732   10.037809363531
 3.651859025547   9.763848733977 
-1.090269524607  -10.389882641813
 9.653160651883  -4.104202042936 
-5.744482742349   8.828853236519 
 10.548123164948 -1.294963571526 
-3.533992071881   10.055139130276
 10.247198514469  3.097904027451 
-8.362000571337  -6.725279855701 
-10.234938805217 -3.259536537180 
-0.349941079248   10.786580679331
 9.958762107987   4.620316162110 
-4.253021214964  -10.128115633275
 10.675340097251 -2.811857815923 
-11.035523306047 -0.305093506362 
 5.977664425756  -9.296284563796 
-6.809493128909  -8.724111987481 
 9.131784157162   6.410463949882 
 2.571302573099  -10.872349081465
-2.891435168115  -10.826888847405
 8.315686337541  -7.518817454100 
-11.083151381048  1.745517252606 
 9.295020594085  -6.340599752457 
-11.203942925375 -1.841549049487 
-9.101018198764   6.986003511063 
 5.219815175031   10.250565744770
-9.813418061953  -6.202336682051 
 11.610445574712  1.720118008542 
 7.363417783177   9.141358547448 
-8.206503479153   8.425034933089 
 0.052194185783  -11.788254617901
 2.604931114827   11.524351895836
 0.880046237554   11.796372704927
 4.102705102467  -11.147000298538
-11.287927407196  3.992082048265 
-12.222943216921  0.621030039896 
-11.708752073251 -3.732179812714 
-5.715995569253  -10.888193172705
-2.830580670205   11.979894064465
 8.122326306776  -9.309719261878 
 4.370107297077   11.559169514179
-11.258976829460 -5.173522932023 
 12.509493134054 -0.541558495160 
 6.198389888913  -10.880234210098
-8.968083801582  -8.762231302036 
 11.596503326648 -5.001834449259 
 9.732859371699   8.100992359009 
-7.009108188501   10.630913802931
-10.940369598530  6.555282962873 
-5.364236077047   11.611260873589
-0.613970510279   12.819982482960
-12.809904504632 -0.828317231128 
 7.162825631738   10.674684378832
 11.759142030638  5.404500734383 
-12.741559286571  2.286037363694 
-10.602548079934 -7.534886423712 
-1.678532595725  -12.914975801665
 10.140244652131 -8.405906126815 
 11.297235453582 -6.857969583439 
 1.783223614631  -13.132006124068
 12.817013151894  3.443255165442 
 13.172517093708  1.679428353230 
 8.596561270474   10.158469295357
-10.640886473308  8.110712493128 
 2.592692754154   13.135923298186
-13.134180169371 -2.858417864028 
 13.296450884179 -1.984149870943 
-8.102324607551  -10.772524826538
 1.109440090825   13.444642658713
-4.063276083056  -12.864616767774
-8.591654107435   10.480642344272
 6.122536755855   12.170855199274
 5.877857951221  -12.377118063562
-2.249326254289   13.608557330331
 8.532072109845  -10.858106149752
-0.425578725857  -13.814648576591
 4.892514596066   13.030830839097
-13.151766189756 -4.891183132547 
 13.540690316717 -3.722433805327 
-12.561318788792  6.293406977119 
-10.318118530524 -9.617598044341 
-13.545325983525  4.259099652731 
 14.194142583759 -0.577961521656 
 3.248934728845  -13.863310796046
-5.847084254645  -12.987063470993
 11.087436742134  8.965733849235 
-5.312184689108   13.238065756632
-10.098664313864  10.147439360381
-14.271765991991  1.235312146705 
 7.526665312544  -12.189012564587
 13.347374366152 -5.475928288059 
 12.130795946743  7.865771323279 
 4.894495074467  -13.639807950776
-8.115407682637   12.008724909504
-12.295075742641 -7.736921576063 
 7.618469166273   12.513642966719
 10.511703502521 -10.277099437546
 3.840304618115   14.193881098208
-14.707421585035 -1.071899647045 
 14.694180246639  2.022118897457 
 8.968271217113   11.846447041915
-7.743022947054  -12.684223005960
-14.632157680691 -2.631024138140 
 2.289744203877   14.721677549501
 1.665556760394  -14.827725593886
-7.040990125682   13.175680872504
-3.484654322725   14.555927766251
 13.763998783680  5.902873620951 
-4.442599288581  -14.339508903757
-12.493980468724  8.437144147656 
 10.313938088188  11.024384094273
-14.576124710010 -4.312274298527 
 14.563580185435  4.608137628599 
 12.000758328340 -9.550168702085 
 6.480171239885   14.013505144021
-2.496150614678  -15.249995082950
 13.329307681331 -7.898299162097 
-0.760753372085   15.542466240575
-13.837142795601 -7.178742992358 
-15.094432288960  3.989561996237 
 15.264749662799 -3.571150240397 
-10.482902192436 -11.657604173752
 0.343605383408  -15.680649762565
-12.089585626189  10.018026339591
-5.264175686599   14.805193434820
-15.706447281188  1.842521778513 
 8.127199518019  -13.599871297854
 0.997631591430   15.878201968986
-15.930907883679  0.016554237671 
 4.916099527593  -15.160978351556
-14.922761178628  5.659955866004 
 14.503547742981 -6.678227511573 
 14.164156937914  7.415467995516 
 15.857318086847 -2.102591267473 
-14.287192136534  7.233038571230 
-12.745500604841 -9.712514949327 
-2.697803389803   15.875322861448
-9.584280788005   12.952326346370
 6.725163129782  -14.684381811317
 10.107885633881 -12.605302999688
 3.516666717025   15.806870784390
 11.768901350910 -11.181862212890
-8.127947227370  -14.161803603729
 5.337031105972   15.438143984426
-5.543576356023  -15.378052335398
 16.098372004129  2.861421311723 
-11.971157295998 -11.184056521276
-11.264864282530  11.900759597804
 2.452555825051  -16.210374910808
 12.007193299407  11.170416753099
-7.109443085660   14.779331853972
-16.089048417474 -3.416435870648 
 16.480433329546  0.174291505116 
 7.963067701962   14.528668703234
-4.331898510454   15.994868627227
-16.480472770199 -1.909027009569 
-9.839007314033  -13.510874211160
 11.112466065963  12.520148965412
-14.248510736208 -8.933705034476 
