 0.023450483770  -1.073040969179 
-1.210209936874  -0.135614136060 
 1.342999643000  -0.192015188616 
 0.045539875029   1.782446853813 
 1.689453567531   1.466543149678 
-0.818360885511  -2.390475302130 
 0.740050836317  -2.457475771255 
-1.276664821442   2.868468851147 
-2.836997120519   1.363645033564 
 3.247025427734  -1.163239380848 
 1.752940730882   3.090382446487 
-2.638015172376  -2.502278579070 
-3.455186977053  -1.148291575572 
 2.488166872662  -2.682435787535 
 3.263773663138   1.804292999372 
-0.856452381027  -3.952107350491 
-4.033479676845   0.427159818258 
-0.709317718783   4.397463864435 
 4.461451046153   0.847929756462 
-3.390215782090   3.050515693670 
 3.265371627454   3.318099981949 
 1.048555798876  -4.552227004275 
 1.269226079332   4.584366465266 
-2.384972869803   4.371593461795 
-4.441090181900  -2.321605229638 
 4.279068506968  -2.808788156321 
 3.153482510677  -4.245517495541 
-5.100606037203   2.054476776265 
 5.023341928527   2.337295450056 
-5.553720543836  -0.042402203722 
 0.041799911543   5.696390776135 
 5.796894709556  -0.926283635606 
 3.197735286648   4.974070630254 
-4.309519849547  -4.075324867184 
-1.493010533385   5.788349370724 
-5.801512866597  -1.617932459103 
-3.162803213411  -5.161413243829 
-1.844328067949  -5.958765992753 
 1.017096695368  -6.301797799074 
 6.278459249695   1.431263556206 
 2.181997134629   6.110511764881 
-4.728655642054   4.551262578732 
 2.547002608737  -6.094015870397 
-0.500253946776  -6.664895306057 
-3.754800570425   5.709623408017 
 4.082799658646  -5.562106871892 
-6.614271326839   1.994219910873 
 6.274216126615  -2.899981512288 
 5.777522781753   3.880710564168 
-6.984798229595   0.527735828573 
 5.488397361532  -4.444280192968 
-5.878971905625  -4.001516650662 
 0.639899845043   7.219399520203 
 3.949116433314   6.296594585560 
-2.793417509866   6.900934042517 
-6.648201542714   4.030524943934 
 7.427313509931   2.496162257514 
-3.221796731856  -7.283315638722 
-4.660707108198  -6.499900173977 
-1.108478080592   8.012651795792 
 8.067096372329  -0.777773953963 
 3.999250666309  -7.097057935913 
-7.437365503002  -3.493555312395 
-7.762134706754   3.022653443288 
-0.231908008685  -8.332517494034 
-6.436880902535  -5.537208056181 
 7.421177131075   4.151900759235 
 5.688350346203  -6.334596542813 
-4.876787112781   6.998606430033 
-8.267298637865  -2.223580583248 
 1.931697903451  -8.496076220829 
-2.006692188329  -8.484102430460 
 1.391239632470   8.627978310619 
-8.647252153379   1.289049871571 
-8.852665278390  -0.802519020638 
 5.035437970300   7.371166099717 
 6.394066588191   6.362035640352 
 7.277459270850  -5.397294608103 
-2.458833039915   8.744410561421 
 9.027789843929   1.237438408753 
-6.632327351244   6.318419548593 
-8.154243026631   4.497761803489 
-4.187721947430   8.402460705954 
 3.883207687103   8.569084670048 
 8.853920743074  -3.220262260223 
-4.947333157371  -8.161407737089 
-0.154696275545   9.624974789149 
-8.730809530061  -4.492631330897 
 9.807857535500  -0.966099773839 
 0.818520534211  -9.900926473143 
-6.619275007641  -7.414707213742 
-10.011265763818  0.387019575262 
 8.283576059786   5.682345450106 
 9.545876527379   3.201264559739 
-0.783643999540  -10.048912300216
 3.355298743207  -9.544664661940 
 6.488021257927  -7.763704502636 
-2.701958233651  -9.814423004908 
-8.185798048184   6.120917374367 
-6.275896451880   8.181844280453 
-10.159793653997 -2.440910599257 
-10.237847325536  2.385633002717 
 8.420162928906  -6.380709704303 
 6.713288661195   8.195618382205 
-8.438258632841  -6.412496116081 
 5.134363522493  -9.310821306228 
 10.313820466185 -2.776075127872 
 2.907215850492   10.332359551744
-9.950379072840   4.048578592054 
 10.682244534146  1.614087499859 
-2.716329442770   10.498939646674
-4.545556682223   9.903424246356 
 9.960137665736  -4.452607027824 
 11.110956401926  0.078397135053 
-4.738870411265  -10.114482230626
 0.105930324695   11.211772375395
 8.656439365223   7.307226875151 
 0.021768627571  -11.364585339017
 1.989533401860  -11.292858541993
 5.232463717744   10.314511398774
 1.650143995353   11.455999313497
-9.696832273225   6.334014939198 
-11.538684764643  1.160568663546 
 6.843249736136  -9.373262891136 
 8.049262887177  -8.406030313462 
-7.572427894721  -8.847120469799 
-6.352684511792   9.822728905727 
 10.242371692367  5.850566914962 
 3.524098797737  -11.268115230571
 6.676610729175   9.755868155028 
 11.304896742267  3.524907054247 
-2.677954159731  -11.659204597558
-11.499147175986 -3.379799469304 
-12.033130966753 -0.854595546370 
-11.822340546639  2.893610536617 
 12.149941678367  1.259591991699 
-8.053235874874   9.192869224772 
-9.099254642410  -8.243750369827 
 8.373626677572   8.987191107958 
 11.870206539766 -3.415713336107 
-6.950052706876  -10.233578183599
 12.232917234435 -1.958019791933 
 11.284692124457 -5.238691892017 
-11.299070612453  5.479989990253 
-10.716646916453 -6.595548679039 
-1.122223931932   12.577334494900
 5.851129884698  -11.193252488173
-11.663771704044 -4.950304719429 
 11.645205072288  5.044996558675 
 12.687036830800 -0.357304273355 
-9.710704863181   8.182447400423 
 9.989683880812  -7.840521275234 
-5.888289758808   11.273655283314
 4.504746239080   11.915430007792
-4.145292493767  -12.186107887080
-0.752959227770  -12.858853811064
 2.929404624256   12.572175028437
 10.180259527421  8.104749699796 
-3.200495663214   12.630417275528
 2.742709324554  -12.918346497363
-4.701931582993   12.346288782082
-11.001986604651  7.378283886199 
 0.553858766228   13.236681558852
 1.141619256214  -13.255986488235
-13.013631198700 -3.033939418053 
 8.056239645010  -10.776487696585
 8.187393851067   10.686214132639
-5.645956422048  -12.262415353120
-7.849890732386   10.990584323344
-2.900088492956  -13.257526853553
-13.548450113245 -1.076239369238 
 6.602598194538   11.881160461701
 9.875692333005  -9.523144040495 
 11.843839625506  6.955695092722 
 13.263120585278  3.583367627032 
-7.109620839603  -11.796928370719
 9.722663185536   9.915068595436 
 13.891714708522  0.554544086833 
-10.886407435200 -8.743324348621 
 13.775352101887 -2.720911868487 
-12.440413178728  6.559905420205 
-9.319172257431  -10.583927176072
-0.774569869863   14.088164497649
 12.003133033923 -7.570564619667 
 5.347781429433  -13.148063023497
 6.937269798568  -12.409435591780
 2.244489665975   14.072813152565
 12.989105382189 -5.936247838283 
-14.412918197212  0.600324294955 
 11.565006234378  8.682755512472 
-14.212769027700  2.757223756489 
-12.975793413525 -6.555050343410 
-11.173052611813  9.326068892948 
-7.499027858254   12.491158769184
-0.975043253252  -14.569432853871
-13.684229725767  5.123572003493 
-9.840795309869   10.886041997641
-13.945757947499 -4.892887126673 
 9.650503512780  -11.231744582623
 13.299404306394  6.531594676204 
-14.619943964824 -2.855346342958 
 9.492887277183   11.485345129301
-12.434552545672 -8.220744092625 
 14.342192522680 -4.110255766419 
-3.353922314017   14.607038980630
 14.858267595912  2.012439913002 
-15.049176297316 -0.991537851217 
 4.857925868953   14.321307367513
-4.899805960214   14.371925752648
-4.808485984357  -14.460369554545
 15.218928335039 -1.524187164309 
-2.862331338675  -15.065370852713
 2.325833433989  -15.169245189609
 1.109134374838   15.381923783806
-8.365034162011  -12.968373449052
 14.490327796534  5.310046248796 
 8.069184203206   13.245116339934
 13.171159779767  8.298996539346 
 15.574636076377  0.348338054221 
-6.724596832877   14.055801642834
 11.994458451178 -9.983476971632 
 6.788855396966   14.119120740100
 8.449408724825  -13.194897816484
 5.265846043779  -14.758766664257
 15.307318869638  3.732639442356 
-0.068741160413  -15.764798975811
-9.366577961850   12.688630363298
 3.011711131702   15.495944670711
-12.290097076412 -9.952205065879 
-10.614512772361 -11.781121766730
-14.441573582309  6.551543228275 
 13.654869089151 -8.065846356984 
 3.819438804853  -15.410510345310
-15.819562176698  2.677436849624 
 7.343290965447  -14.299367929213
-11.234831417696  11.518318650513
-14.232995073755 -7.536763146574 
 15.128952013269 -5.585222288047 
 12.682433272367  9.969034897690 
-7.325168260102  -14.521157759020
 11.129010288631  11.878526106257
-16.126633706251 -2.323385778346 
-15.511624677402  5.000025738649 
-12.568798318977  10.486045397608
 11.120827046781 -12.057318750714
-13.538675223909  9.293388772713 
 15.952631781509 -4.158768508643 
-2.263166445376   16.380491445781
-6.009371035906  -15.426457000686
 10.142870196988  13.115661248386
-16.632574541846 -0.135047141321 
 5.637736673406   15.685097044378
 15.015321033873 -7.249426277721 
-0.137665567181   16.760602774103
 2.295420433749  -16.738541696947
-16.190740912629 -4.928384529797 
