-0.334734765615   0.042653837808 
-0.742702097140  -1.406614484084 
 1.785694458006   0.125933404445 
-0.025840799862   1.814699793179 
-2.201831672338  -0.011168441406 
-1.572165270887   1.624655882602 
 1.996480809617  -1.638151252879 
 1.631450874258   2.387625664139 
-2.410931670863  -1.901614820073 
 0.170200515596  -3.375349864882 
-1.423650079561  -3.189206831302 
-1.467314398450   3.353650327280 
-3.726645014199  -0.017836990267 
-2.919654085173   2.346748736576 
 3.747775540765   0.274775049727 
 3.698590913053  -1.594660114525 
 1.508230731548  -4.215379101772 
-4.247489044533  -1.466821583015 
 0.118404679898   4.601199141122 
 3.942568493594   2.747049588851 
-4.448734731811   1.883309800121 
-3.004938459572   3.917518985371 
 3.000367295226  -3.934349824379 
-0.739227664052  -5.186430723368 
 5.263485701534   0.283382023412 
 2.622399157164   4.633577908973 
-5.452832533458   0.604430550158 
-2.873474165862  -4.837268868648 
 5.482638043548  -1.370972591022 
-4.225303167841  -3.914889618399 
 0.935044188018   5.872597056221 
 4.944335111900  -3.378165549325 
 5.878124386029   1.659488331946 
-1.161630506665   6.113648334152 
-5.926550299034  -2.767203567729 
-1.977924146829  -6.253310673770 
-5.718007282469   3.419317578343 
 5.116865877383   4.406781154429 
 4.086274120043  -5.425774011826 
-2.840728819743   6.259650001300 
 3.696516069834   5.879028545042 
 0.829143889408  -6.920317947232 
 6.529665419566  -2.474650861247 
 7.082148278095   0.504852666620 
-7.159691269574  -0.870351087627 
 2.840312990390  -6.668188851112 
 2.495978824850   6.865930715899 
-5.482530790174  -4.873001088594 
 0.946279355739   7.382449639138 
-0.863381604151  -7.429931106100 
-7.434921525422   1.219549884816 
 6.689362742664   3.698247364149 
-4.658891399097   6.116324393133 
-5.768353462504   5.097210841846 
-3.525368796106  -6.900364624096 
-0.994024677336   7.702129378789 
 7.634190587970   1.962047682283 
 6.777289482722  -4.225988695011 
-4.978970297028  -6.316590680854 
-7.534828680297  -2.969608474055 
 5.511916416134   6.071188353830 
-7.665294997941   2.943056481059 
 5.622727789283  -6.053948861828 
-7.097521882626  -4.532322726956 
 8.255564943684  -2.053190987840 
-8.567614614273  -0.166426047578 
 8.583339282389   0.161440430210 
 2.645487570601  -8.178290859341 
 2.088190399277   8.374623306412 
-2.737515524733  -8.189248683278 
-3.034636883136   8.092908478180 
 4.154451338536  -7.620023948319 
-7.573354375158   4.468491965560 
 4.343767992343   7.679149741078 
-8.654125561803  -1.745500160637 
-6.487371644804  -6.056962629614 
-4.669670695239   7.769713831928 
-6.741939509523   6.255892100082 
 8.841907276166   3.057788589399 
 9.297310684310   1.549061155664 
-0.228311187050  -9.426425254461 
 1.506682816103  -9.347920714824 
-1.293793838304   9.409914317890 
 7.380382432817   6.145815204407 
 0.918855329675   9.577125844733 
 8.617094709083  -4.295016794625 
 8.281958543892   4.911152304873 
 6.174713270173   7.730501236555 
 8.001273540193  -5.899763576768 
-9.965997331140   1.020632182263 
 6.752626438674  -7.441837095051 
-8.160005315652  -5.884753031925 
-9.688722158527   2.787403418187 
 10.143036919785  0.304158618278 
 9.844273613719  -2.776381636656 
-9.545386739249  -3.892525623979 
 4.341180929524  -9.391142953119 
-8.729408290586   5.554427820108 
 2.915035072177  -10.024106280493
-7.482256788044  -7.285499287708 
-3.888105238918   9.716424009082 
-1.705331519568  -10.328954186022
-5.782909336292   8.775775580725 
 2.958563777828   10.090359617937
 5.150674648100   9.210600854920 
-5.121224467163  -9.237223082513 
-9.659556823546   4.303556164397 
-10.625773469631 -1.143105674992 
-2.453686765322   10.573462392641
-0.520846163491   10.866965494171
 10.634330972577  2.371887947442 
 10.792184916538 -1.595485231869 
 8.999047767895   6.460836350570 
 1.229192744769   11.099091940162
-11.038120832971  2.091069235175 
-6.955440966231  -8.835655220658 
 10.446012819292  4.277160283598 
 9.491749905956  -6.263112755951 
-11.382086018333  0.460746683997 
 8.182586578112  -7.953924610475 
-4.349517376329  -10.607433515687
 1.403924153673  -11.401542312705
 6.881272611245   9.204088381197 
 8.129410549686   8.179183854686 
 6.005717824272  -9.890542699463 
 11.550706599439  0.990331949456 
-9.502684546128  -6.697726002134 
-7.528315495277   8.924689477250 
-11.071321584391 -3.863616809592 
-8.904020137416   8.039870922663 
-11.754673245722 -2.493848787182 
-8.755490743723  -8.253226057930 
 10.961113136223 -4.994448540307 
 4.728261669521   11.104451520423
-6.570402021346   10.176924571700
-3.670029564918   11.559312729414
-10.980116243178  5.194730681455 
-0.607423246012  -12.152476609851
-1.403138564409   12.170309474563
 12.247402777527 -0.787678169247 
-2.249863125984  -12.130809397181
 11.984319960113 -2.950904497176 
 11.063250756509  5.792203179315 
-5.450718748452   11.293817576066
 1.276492974522   12.660073606528
-12.093272010891  3.987540356006 
-8.014983030063  -9.913946715325 
-11.634896926225 -5.360795276432 
 3.368026052177   12.447898286366
 4.219384157493  -12.195494879557
 2.312029235362  -12.730796089599
 6.799719922117   11.088326124120
-10.896081358832  7.127229792545 
 12.562959922145  3.440480140910 
 8.524400848787  -9.978054367265 
 5.750685097563  -11.806735551675
-12.592412806130 -3.794844610037 
 13.140414529146  0.786685729645 
-6.431896231935  -11.504207820505
-13.151827394755  1.483652913593 
 11.166078360379 -7.116176746284 
 10.070458555927 -8.889291946176 
-9.436676852469   9.569049224223 
 11.167627971069  7.689217150594 
-13.587519300846 -0.017001664437 
 5.618624057193   12.451352634486
-10.559871134514 -8.711293139814 
-13.624394964421 -1.603952966648 
 12.678087797258  5.241557251239 
 12.554135125623 -5.573799446695 
 8.711427705677   10.734058803095
 13.826269332240 -0.900866536639 
-7.322112938938   11.765325139116
 10.503063552318  9.191371062579 
-8.070486298709  -11.423366451719
-8.749208259648   10.985639419497
-9.575497489676  -10.281893565980
 7.724860287288  -11.745301059850
 13.545606880513 -3.909570681798 
-2.694189528416  -13.913596410916
-11.810497229610 -7.882642731992 
-3.473751716097   13.827465132156
-4.529549746222  -13.542789489908
-13.725926609953  4.177975162619 
 1.548127272994   14.285530071030
 0.313930702986  -14.414554379927
-14.136884878346 -3.188355109314 
-1.537676703992   14.452959541573
-14.311485903525  2.722769023472 
 0.002642187357   14.574051529072
 14.099463102393  3.912878440843 
-11.596663407218  8.999075515347 
-13.395116074384 -6.013756636082 
 4.128225851698  -14.108485736618
 14.648178243926  1.832544666152 
 4.597085985707   14.053604828229
-6.095452995272   13.548207393827
-6.399930371245  -13.466127541070
 11.396198105608 -9.628796867440 
-1.441259141685  -14.852953760979
 13.002671443523 -7.506430287742 
 14.969559592310 -2.016575425056 
 8.640357449084   12.419233282222
-13.627891229095  6.635752556533 
 7.364556834032   13.254944731009
 5.990058374080  -13.962872911446
-10.439873797240  11.111366693898
 13.045828877812  7.926094225675 
-15.330295185620  0.361362397472 
-8.369698396119   12.849221642563
 9.471854032925  -12.063423596683
 1.636610813595  -15.295081964456
 14.342413089331 -5.656361598989 
-11.783775152737 -10.083981020141
-14.822780596315 -4.614878362514 
-15.421008527465 -1.926132615498 
 10.820136261219 -11.195358243054
 15.688107200167 -0.693969137432 
-2.933974960569  -15.437544629773
-14.715169921789  5.550304542031 
-5.155701549382   14.924133969147
 10.313432961799  11.978850910553
 15.712693007290  2.899831296398 
 13.176785473896 -9.039454290397 
-15.795337217670  2.488835823605 
-11.164510207979 -11.477678953640
-8.091605793046  -13.820433708555
 15.293152044234  4.955536895784 
-0.635359496081  -16.120488856841
-14.669990534753 -6.854910329045 
 13.046771934362  9.624456067564 
-15.681529872346  4.299015576284 
 2.665493757191   16.071920669321
 5.133495933847   15.531799863329
 7.629515210471  -14.492369007415
 3.624159424450  -15.974934079416
 11.897128712266  11.261833477494
-9.705641763250  -13.202396739594
-12.646661836996  10.458693215934
-6.018378828896  -15.282847481846
 15.110183297725  6.449263318006 
-14.154609446696 -8.386266277511 
-13.904118301544  8.938078432473 
-1.239700634017   16.497001777695
 16.018115943034 -4.370281193212 
 9.529361975776  -13.625152973046
-13.289930929669 -10.065951346191
-7.210383823487   15.034573184917
 14.896004219782 -7.567239828854 
 6.794907927400   15.284212612089
 0.727116651008  -16.813873584744
-15.099270420107  7.486187910329 
-4.520902681344  -16.238030963223
-16.839405928819 -1.244539445180 
-3.604543232620   16.498229383867
-16.543633908778 -3.416287970024 
