 0.202155025194   0.508216995496 
-0.954662007851  -0.881108649901 
 1.982921673229  -0.344381779398 
-1.217752607150   1.753042700550 
 0.632757643872   2.083730619075 
 0.384582395945  -2.325654902883 
-2.467258971339  -0.918968085485 
 1.936083005187  -2.005498459380 
-1.692968856782  -2.799181415158 
-0.377756560735   3.357592662180 
 2.551871466743   2.458631226939 
 1.507874397876  -3.484298323986 
 3.583976509692   1.255716110223 
-2.410698448371   2.954914409666 
-3.826618492326   0.074638661691 
 3.507344168083  -1.722315347617 
-0.063778239183  -4.078929433111 
-3.867625186209   2.456390907544 
 3.015697542625  -3.484540605903 
 4.777473889511  -0.837612444542 
 1.959109875570   4.502444339531 
-3.590327922906  -3.463348911254 
 3.688289563068   3.630649313296 
 4.776520463005   2.365614999753 
-5.302578656555  -0.670569453239 
-1.056593150615   5.466733956662 
-4.959838424968  -2.559050556447 
-0.834526656035  -5.588669807436 
 1.124158686712  -5.571373177785 
-3.121586856699   4.924159810702 
 1.043970009788   5.916728848534 
 5.451133796074  -2.760693354277 
-3.050994608538  -5.298969058068 
 3.614404319143  -5.158718977862 
-6.210824457384   1.654653041707 
 6.513670988828   0.425623460497 
 2.660222579490   5.972676547035 
 5.220889660294   4.127779078614 
-6.476548341810  -1.918122890966 
-2.407093996550   6.321492699325 
-4.951703346714  -4.621171788432 
 6.300869642501   2.567621036643 
-5.817355418277   3.716996121918 
-0.886438791566   6.978994910207 
-6.269217202494  -3.487562515584 
 6.990164969130  -1.684411064984 
-4.089735882539   6.142504448690 
-1.770281873710  -7.172040291602 
 5.184933168901  -5.363806786254 
-5.387480109262   5.272722321016 
 0.530308134752  -7.724277366171 
-3.804035702829  -6.824015402362 
-7.880416612410  -0.361733879390 
 5.025603556011   6.090582070895 
 7.163009653721  -3.591890292296 
 3.861649823538  -7.162671489649 
 8.178453246057   0.575420123876 
 3.175998208395   7.566630501138 
 2.207751349765  -7.995158679227 
 7.021402695202   4.559177336040 
 8.064395686410   2.267141617307 
-6.461325637260  -5.347542947284 
-8.009427543473   2.550985706865 
-5.317787078487  -6.550363806758 
-3.138769397731   7.888941787825 
 0.532356213842   8.493584394719 
-7.469199692730   4.189241819882 
-7.544215670953  -4.287754458633 
-0.640709530067  -8.839169363241 
-2.162010646605  -8.716148496189 
-5.731303075245   6.930651628770 
 5.646756514998  -7.136309307283 
-3.710166047918  -8.322815107240 
 7.025869990672  -5.831527486382 
 6.986413458301   6.148560898425 
-7.040155831671   6.104212920625 
 9.330838810107  -0.467733713956 
-1.994391878346   9.128381639380 
-9.287663636178  -1.134584770488 
-9.386956118635   0.617902977468 
 5.743657146812   7.452010131809 
 2.768311059872   9.083672337254 
 8.994624208605  -3.230451188252 
 9.089106017894   3.417927698469 
-9.325213828606  -2.772317650458 
-0.615474407443   9.725103149283 
 1.813785213641  -9.666965672082 
 9.847312343521   1.452666090737 
 8.675675433243  -5.078875802606 
-7.770740773423  -6.392053011578 
 1.270456247852   9.999198636357 
-5.617923033086  -8.451105380415 
-9.239343639603   4.343121812803 
-8.504478369706   5.741361091823 
 0.388131842718  -10.254259533731
-8.894844137661  -5.144312616064 
-10.015451391219  2.349656182454 
-5.660742001117   8.755712471606 
 5.765286764238  -8.716108066848 
 8.853216476705   5.574914486533 
 3.618709820382  -9.841260657914 
-2.660281236805  -10.245251705264
 10.459472887669 -2.007248410392 
 4.910548243886   9.585990466937 
-7.671802264168   7.571446935388 
-3.316435556853   10.368419009936
-10.869089223961 -0.707468786872 
-1.679767457793   10.874449472583
-4.297946929886  -10.167499831587
 11.048095864050  0.511153817445 
 8.342824675341  -7.288314618196 
 2.523367998629   10.884961039241
 0.305652420648   11.192631916271
 7.380818979614  -8.531427909702 
-1.024263560959  -11.247393699607
 11.138270918653  2.264741367055 
-11.098268343233 -2.670918982848 
-7.305915012985  -8.906721003038 
 8.718886969300   7.634165587724 
 10.830584559887 -4.170661266176 
 1.616693146788  -11.518212241775
-10.244687104656  5.733279111320 
-10.503517407293 -5.289122326814 
 7.580421105478   9.023263913649 
 4.232853097117   11.047045452696
-9.202910893782  -7.535303624776 
-11.294894070597  3.954688037772 
 5.721970035866  -10.563467041861
 3.268676294309  -11.584705058518
-9.494555169016   7.401034873172 
-6.300783915331   10.260490127476
 9.994828033777   6.732985859900 
-4.713214698229   11.102978901347
-6.109442125625  -10.458065078348
 6.501915247244   10.222404025236
 10.931086085755  5.239150093268 
-11.997203149184  2.158326733784 
 12.173463602249 -0.634091764451 
 11.851225819842 -3.021617661170 
-11.576003335296 -4.097508735905 
-2.741889368016  -12.006026483188
 11.749990366198  3.808523959141 
 7.179118369986  -10.057590677108
-12.377139518867 -1.422422215239 
-8.575955334203   9.152769792484 
 1.064455536316   12.534873443711
-12.580527329295  0.385114058042 
 10.824907029043 -6.525141521394 
 12.653750830671  0.860545686660 
 9.529745276845  -8.374441060032 
 0.729047489957  -12.878776302837
 5.737575334771   11.625930853329
-4.329090953620  -12.247074674538
 5.102505325118  -11.970610137038
-12.716231832708 -2.925650776304 
-3.922658227464   12.549541741068
-1.620944968107   13.056618361835
 2.599271912099  -12.986193145391
-7.922664971382   10.626744435416
 8.417526841565   10.305656300933
-11.553776794754 -6.605040727381 
-0.692844339604  -13.386798048297
 3.474827174134   12.952267212384
-9.483851028261  -9.504280357029 
 8.898212388053  -10.098699892222
-12.573506557000  4.821356945903 
-6.251310447122   11.987293446130
 12.530337301231  5.232458254078 
 13.483333046750 -1.668794397740 
 11.216105414233  7.721650274095 
 12.263849532643 -6.057361373833 
 9.962732744567   9.457939725898 
-11.416562603305  7.648236238197 
 13.027413154851 -4.405172468729 
-10.869634915739 -8.438311836215 
 13.333580420666  3.574595095509 
-7.310044008733  -11.759768300340
 7.213866443463  -11.853201107069
-2.991599825776  -13.586559989238
-6.006125842228  -12.565745534873
-13.735694653044  2.622940425091 
 2.326440515168   13.918125802501
-10.183522039968  9.784006275170 
-12.576091897872  6.429461387221 
-14.060301156616 -1.461529141115 
 4.048704765254  -13.554042604994
 14.128223503702  1.173213002767 
 8.137832109738   11.838460292933
 5.705852127186   13.209521492170
 10.476822145736 -9.971273796052 
 14.467206216468 -0.340594684646 
-9.341874475161  -11.101404292952
-14.541277439632  1.106829234426 
-5.533659879997   13.526251491815
 0.928041029960   14.606768411208
 6.231837958186  -13.291723579574
-13.660855959149 -5.718919490410 
-2.202328143744   14.752003620545
 2.951785160749  -14.635878431631
-9.797652294840   11.286126980752
-8.154141085892   12.525404389153
-4.182590189517   14.367354690963
 11.913318866443 -9.093071416493 
-14.527272061358 -3.804362669989 
-0.292723887169  -15.036816175853
-13.248266457298 -7.257244332187 
-12.186157193522  8.965329518454 
-1.910953594714  -15.026200816051
 13.670177930070  6.578344131527 
 14.945008960086  2.831935323795 
 9.915580376566  -11.566350384219
 11.721681293138  9.873566539283 
 14.373024538829 -5.350080380145 
 14.723471907622  4.339207317166 
 4.732425951567   14.698515359171
-4.980855381721  -14.673258539712
-13.541792434895  7.631799404368 
-15.391738943121 -2.415696115293 
 1.508907353950  -15.538595966650
 8.535736901230  -13.087210075615
-12.268809484647 -9.699553420580 
 13.397726142822 -8.205654932935 
 13.510214353255  8.131793292385 
 10.051668188009  12.187346522748
 2.298496745742   15.633581883516
 5.021431277632  -14.990893470825
 15.758855773530 -1.325391542819 
-7.019389055234  -14.208776235177
 7.828507215688   13.804644397620
 15.408017605541 -3.864915617294 
-15.661914661440  2.724025149342 
 15.867257302409  1.341348443344 
-11.604104656194  10.923223014827
-15.231285651583  4.697684578902 
-0.870215827838   15.922225399886
 6.470199390063   14.616076332673
-9.886922783738  -12.656803037936
-3.615060285565  -15.777563076121
-7.569730423435   14.350290633179
-11.388391445264 -11.578976904124
 12.407595618317 -10.522798740823
-14.932842261388 -6.684805869110 
 6.638808717252  -14.970272123449
 14.933747691212 -6.818311898675 
-16.494810232837 -0.754923523609 
 11.861074641791  11.506647002952
-16.000490198331 -4.263713878266 
-3.154085606602   16.309694950263
-15.282198462962  6.650705102198 
-9.093291266489  -13.976231691746
-0.941991459014  -16.672118817373
-9.795461747556   13.575489603942
 11.184327822174 -12.562677697569
-14.651518897490 -8.285767496271 
 13.428837512027  10.195100365507
-6.249832699410   15.675810581747
