-0.855442281872  -0.606307986854 
-0.662104138894   0.936909144629 
 1.281488343501   1.105680520959 
 1.064896767486  -1.397692044071 
-0.256235718341  -2.118191009715 
 0.282984603308   2.513199367504 
-2.419658524324  -0.907177945039 
-1.534183483399   2.270303833391 
-2.816435212027   0.811591646433 
 1.757085175700   2.815695624902 
 3.219381010554  -1.438459496640 
 3.278440152125   1.368654478932 
 0.020452963742  -3.616687550641 
-2.023603478658  -3.068227474663 
 2.585153438599  -2.797956154746 
-3.429106758304  -2.172434973055 
-3.144372756756   2.587146303464 
-1.201694517851   3.968708782442 
 1.540030277567  -3.944472933295 
-4.647376545851   0.301485056752 
 0.310070696517   4.755957952461 
-4.762315429188   1.853478001638 
 4.047147012756  -3.166074615459 
 5.160648870192   0.180781390185 
-3.684567350125  -3.678259145914 
 3.391342539364   3.967921756137 
-1.160652885773  -5.132527531052 
 0.856060221366  -5.434832393707 
 5.301525405380   1.760974975693 
 1.809940502739   5.300757534289 
-3.009852203087   4.791230800346 
-5.694481148437  -1.189571950765 
-1.619334111314   5.725922877133 
-5.345617767504  -2.681980178117 
 3.327015512510  -5.369877094109 
-4.605195518938   4.596755412343 
-0.386198867886  -6.607413359249 
 6.422279430704  -1.635267167776 
 5.426780956442  -3.882674450058 
 6.756334317735  -0.153397541949 
 3.169534488199   6.043942338160 
-5.871943390468   3.540647241831 
-5.324805939670  -4.326784370261 
 5.153620015293   4.569594377730 
-6.701757570081   1.593567153681 
 6.090000625000   3.222041417667 
 1.943444521405  -6.703974424120 
-2.351566354214  -6.693124715679 
-4.240737432636  -5.720648540470 
-2.708100925525   6.764127454378 
 7.191659708257   1.458833467106 
-6.909001695317  -2.614774054707 
-4.175937332352   6.111637812031 
-7.432054316901  -0.087078494989 
 2.186653785398   7.459911806000 
 0.444253828903   7.773664856991 
-1.264621364527   7.991855433050 
 4.641657621909   6.731387481620 
-8.046088741491  -1.613604946230 
 7.747489204035  -2.901717943097 
-6.125691640515  -5.664203161364 
 6.418965802151   5.397272617101 
-0.683675715676  -8.360214169371 
-7.203046923425  -4.303088584123 
 4.924503770337  -6.844521612019 
 6.445703918550  -5.453257079362 
-8.346011944807   1.401671238451 
 8.340620734949  -1.456210405069 
-6.097386595329   5.877658307470 
-7.621502539228   4.002206671812 
-2.575498131183  -8.293921523875 
 8.750467938935  -0.002133772325 
-4.530286538076   7.642697718820 
 2.175185003526  -8.617651263821 
 1.589972431354   8.929410843731 
-4.436376450649  -7.999608614458 
 8.546379077278   3.301397503621 
 8.309049734043  -4.304039655520 
-8.938378680467  -2.840332624854 
-7.620669255020   5.603706127747 
 0.904843940879  -9.432352588911 
 3.795941072616   8.724875126132 
 3.711946669376  -8.769252653922 
-1.413261503308   9.501708209473 
 6.719620377992  -7.088307017435 
-9.706634643943  -1.107729036071 
-7.587848617521  -6.191725189851 
 7.855778879459  -6.040742418274 
 8.395623972910   5.290129609364 
 7.084630486365   6.960566078002 
-9.533188659549   2.867101479785 
 9.763067945083   2.394060918022 
-3.313585092894   9.496126382177 
-3.779806065411  -9.399680163394 
 9.642507044014  -3.123633612339 
-10.167031996860  0.623807124195 
-1.747247892778  -10.036944338149
 5.395088816807  -8.643138132738 
 0.530398017038   10.175253806282
 10.262911279930 -1.555432401302 
-4.795854171928   9.211888366901 
-5.404218465877  -9.181507785603 
-10.444681797255 -2.428758902151 
 5.121946281853   9.428702365865 
 3.157352328976  -10.265667905252
 2.460196242377   10.507624864681
-9.654327514157   4.928007339684 
-9.679736418931  -4.907414290628 
 10.801281380786  1.266145141289 
-6.883360096949  -8.458491161392 
-6.509293486920   8.766855117285 
-8.610850116896   6.757047712785 
 6.919518675396  -8.581489836086 
-2.428777774061   10.797163990683
 0.377525187704  -11.126244981883
 10.339328575929  4.174413407395 
 6.713177644606   8.939939333188 
 11.251057271651 -0.328110428648 
 8.485000405777  -7.416660826641 
-8.972763087457  -6.873164015898 
-7.871085995813   8.133185690915 
 9.775031579901  -5.775558937212 
-0.726540056611   11.368391002217
 9.004915934943   7.145557314337 
 9.906512239233   5.888540828051 
 5.255433510536  -10.312591304165
-11.660498421725 -0.502047258745 
 1.324677850989   11.713618603396
-2.057845418846  -11.622240582340
-3.979564948718  -11.181744510909
-11.835028800415  1.227575958971 
-5.290392194786   10.850483623497
-11.915560842242 -2.072307076977 
 6.789338841813  -10.091027321727
-5.478129506780  -10.904153719884
-11.617035573882  3.947619603605 
 4.225860206895   11.591779209749
-11.810312589509 -3.672236666301 
-10.127215672620  7.142002684412 
-11.081236566896  5.564874298047 
-6.753278117709   10.474772465952
 11.959363420497 -3.732537446259 
 5.892731649944   11.069061856400
 2.982127844505  -12.264151545870
-2.573244508175   12.432186079884
 12.198291164808  3.723578083394 
-0.355318529561  -12.815064128281
 11.650837610998 -5.439670297300 
 12.664596115090  2.252734541457 
-8.782257423924  -9.473501163681 
 8.781089028106   9.511047434022 
-0.188595585197   12.996095740596
 11.886294078739  5.306171095143 
-7.217536808218  -10.850144236231
 10.750280419926  7.379238089354 
-9.783618338211   8.659954977865 
 12.849047013487 -2.425676553599 
-8.724962697559   9.799315368574 
-11.027865420263 -7.184871544570 
-12.083268468430 -5.359032126409 
 3.214774071729   12.824587849108
 5.168768116336  -12.300940922885
 13.369007093838  0.071567421035 
 10.636087576348 -8.180042127680 
-10.231805788802 -8.696206494704 
 1.744226533888   13.322636361805
 1.679911579982  -13.343533121979
-2.607849235585  -13.210660264791
-13.361323588675  2.299309738866 
-13.586598341707  0.745862614097 
 9.082613314966  -10.147435270469
-13.567875046406 -1.220161477727 
-12.696677181593  5.099743764289 
 10.359207135860  8.967176234321 
 7.909180449859   11.282306016285
-5.458210871258  -12.682826172652
-4.049249219335   13.333342304186
-1.748942920085   13.922475362753
 7.348269999729  -12.029584195895
 13.576236758268 -3.825112875064 
 3.607510965293  -13.639621799928
-11.717131862983  7.877125993261 
-6.011567933769   12.779242073847
-13.667126299917  3.791541166481 
 13.332368813182  4.854130815136 
-1.062971595413  -14.151698712741
 14.128920180637 -1.486557364125 
-4.062928376184  -13.640346093000
 14.147174935655  1.708168179118 
 5.019261462953   13.343436000416
 12.431505649258 -7.011777829038 
 12.345317687267  7.338187911567 
-13.997638771142 -3.409507445121 
 7.019702514087   12.586106173047
-9.160299851654   11.239074582053
-7.856384590131   12.197200866874
 9.783583452920   10.913040457518
 2.641897954736   14.525480027504
-12.957653389579 -7.088122340996 
-10.414023939408 -10.549951839239
-10.853448064936  10.128080406868
-7.115967169074  -13.080090499436
-13.219990881595  7.026852484475 
 1.011688438163  -14.949135086202
 12.332498445004 -8.529201703255 
 14.782998605943  3.130422030459 
 11.987261700547  9.230233572516 
 14.052739113485 -5.821814342160 
-15.059803307155 -2.309181616407 
-5.919092418613  -14.163844978596
-9.527097622777  -12.037142646744
 15.408069937684  0.488248959006 
 5.354815260541  -14.465484538846
-1.000368460303   15.406069230262
 15.286918399462 -2.517880099595 
 9.965612395491  -11.912661146341
-3.093597514685  -15.237372650986
-12.061002681593 -9.860685787377 
 14.189175752040  6.545248672163 
-14.536562420355  5.860588461281 
 11.886713219735 -10.239014719478
 3.835339555762  -15.214529333394
-14.726470216647 -5.432732805356 
-6.327959148326   14.367432577065
 14.891013247373  4.974535120795 
-1.390026292997  -15.690449799133
-4.651656311919  -15.051600607764
 13.895423318209 -7.468046453983 
-15.814727408384 -0.585170091783 
 4.045872077919   15.306719027884
-12.462147279442  9.816400549893 
 11.455271499660  11.093707683964
 0.533744180881   15.958151182557
-9.020215701878   13.215681604579
-16.024873328273  1.601861792434 
-15.631064993545 -3.904736338462 
-8.802653795666  -13.555542343045
 5.973332193175   15.112948960879
-3.861705300868   15.788610804059
 13.552670193288  8.986466460388 
 2.772152101912   16.148842666610
-16.082171555502  3.229177856532 
 8.835637261017   13.829097812142
-11.403040043986 -11.802391352973
 7.915601152263  -14.422469695107
 7.504366951375   14.668660665333
 16.424605575788  1.875584778450 
 9.401118203600  -13.617359774180
 13.951723262252 -9.049001796113 
 1.898179169203  -16.527600752836
-11.637416348036  11.958578699412
-13.726788174392 -9.525954489194 
-16.565116565298 -2.466461719080 
 16.690442951623 -1.493737617232 
 15.374555481361 -6.673368931282 
-16.056474966749  4.942550653620 
