 1.332715591372  -0.178716532150 
-0.703984334163   1.345587171252 
 0.354681800254  -1.565633806576 
-1.236809361543  -1.122931366766 
 1.368745354885   1.444074542794 
-2.275071375275  -0.004425217748 
-1.040370658413  -2.997621264595 
-1.945075988704   2.515684140778 
 0.640844226578  -3.246419298275 
 2.618473949033  -2.158143199903 
-3.161695060295   1.391262008804 
-0.236380884687   3.560032724954 
 3.026625586008   1.985903798392 
 3.653471745791  -0.059760234607 
-3.907665426584  -0.065034699687 
-2.804980942446  -2.944258111539 
 2.265063734519   3.547780343682 
-0.644800171929  -4.590040124956 
-1.706681986966   4.346141707972 
 2.459449559589  -4.121903096899 
 4.542621277688   1.603247544133 
-3.772317890745   3.098879398466 
 1.104988799041  -4.869598318397 
-4.995965828691   1.016289211925 
-4.388317115914  -2.611835787220 
-2.223986138901  -4.929146167037 
 4.546529345895   3.203704195074 
 5.258407211294  -2.335003890059 
 1.326230597681   5.689454921052 
 4.496974215804  -3.898034428553 
-0.023096693570  -5.984625413884 
 5.961528728406   0.765957903180 
-3.333724059039   5.179424921182 
-0.111601325436   6.203963119169 
-1.869225092755   5.953861475493 
-3.904234996668  -4.924759484559 
-6.604243707920   0.936697254991 
 3.575053278846   5.679515352088 
-6.679561598709  -0.796369157915 
 2.840025563218  -6.181079261641 
-6.314564230830   2.638000031249 
 1.289639476919  -6.889399332123 
-5.818522267914   4.081304484665 
-5.531734083256  -4.474714835594 
 7.132047207638  -0.840900709075 
 6.010968363662   3.934696614902 
-6.760158512628  -2.579697456942 
 4.678848209324  -5.555998495018 
 6.844318912554   2.470065789743 
-4.879141317579   5.622983110388 
-2.477130930399  -7.222000509982 
 5.168566713324   5.627259372271 
 1.755553187823   7.466903343137 
-1.105966890006   7.607734268196 
-4.811804716705  -6.201186848295 
 7.296558784494  -3.316277021313 
-1.120788852279  -8.028868337781 
-8.057619585406   2.117948845821 
 3.920936501896   7.355542633116 
 6.643231080696  -5.112894898463 
-7.277674867339  -4.251308863175 
 0.172811608031   8.504917434499 
-3.572354817919   7.772544674350 
-8.583000186905   0.127533902243 
 6.773899629632   5.315066822931 
 8.574505432257   0.819344773361 
 4.212857929257  -7.517939895717 
-8.307384601130  -2.748077833925 
-8.065256320506   3.826749857149 
-7.291366114981   5.245244372570 
 2.697721809853  -8.640131116867 
 0.244947156733  -9.136389053475 
 8.392334101768   3.725251130337 
 9.152961681584  -1.042790881587 
 8.818578522282  -2.764174353743 
 1.870163586865   9.094836852583 
-6.672371396398  -6.467940424245 
-3.557071279229  -8.647163201918 
 3.500279130632   8.840780381549 
-5.392390744966  -7.943407387070 
-9.460225968334  -1.715072568761 
 7.022412804741  -6.568866938867 
 6.111337836810   7.473201896013 
-2.745963274858   9.406132179300 
-7.000250696864   6.890582487217 
-9.701987133403   1.881600965723 
-5.641464241731   8.284402376437 
 5.518851857015  -8.388213355616 
-9.770928896099  -3.208539999557 
 8.639896147523   5.825579037324 
-1.297582543816   10.355732505379
 7.646902277395   7.122128329231 
-9.771348887529   3.722084942832 
-9.396761692177  -4.683631639792 
-2.314584595077  -10.346530794441
 2.596022459563  -10.322917626430
 0.058292151196  -10.652409120246
 10.680237467751  0.669331259173 
 4.899998833721   9.518153421154 
-4.414820148743   9.794778754421 
 10.741394283406 -0.846647658400 
-5.170054517429  -9.472976483322 
-10.801726261549 -0.560050877662 
-9.354747955875   5.433958594549 
 10.031094712936  4.235194936355 
 9.681741751767  -5.054544507387 
-8.602904793289   6.738320945210 
-6.760077761485  -8.588546179048 
 2.988469978540   10.554542495782
 10.798767841199  2.289336613910 
 7.227294160346  -8.376382147970 
 8.714120511294  -6.872457222545 
-3.877459452715  -10.422518647404
-11.168795034821  1.126726618957 
 0.351658264348   11.229770076484
 10.799227504895 -3.157227537548 
-11.150678051441 -2.275778490766 
-9.169418359182  -6.767316615992 
-11.143126440692  3.018356968604 
 4.497299724724  -10.657878193572
 7.476431191593   9.063216416365 
-3.190509363607   11.310778634622
-7.873070887975   8.736703462822 
 1.137665010188  -11.772434769388
 10.118768388454  6.190177603385 
-11.256117911852 -3.800777838321 
-0.910053596104  -11.864299061488
 1.747781522466   11.817469456542
 9.475181244524   7.629949511641 
-6.733843947367   10.137898516286
-1.758032262862   12.043391340070
 6.354246797405   10.484966999088
 10.509114056210 -6.472467577755 
-12.299271379105 -1.229643856995 
-8.736724534371  -8.746434108737 
 3.160566877251  -11.964309191296
 12.302045815026  1.782123564566 
 11.720298852503 -4.352260205833 
-11.768938346852  4.443540016580 
 9.247635025030  -8.540159585657 
 12.589324745118  0.233442695918 
 6.707141494108  -10.707361667084
-10.980820381019  6.254653294886 
-4.265825879545  -11.904847728581
 11.861699842913  4.511121710158 
-11.422490416464 -5.686881933544 
 0.226225931948   12.863266033727
-8.006486403858  -10.279415052992
-6.568591979350  -11.265650017717
-2.759618812633  -12.760111292182
-10.048623233878  8.496085902393 
 12.826620811650  3.226522764853 
 8.686267611456  -10.116258476272
 5.587097997612  -12.120963980007
-3.231388816300   12.979000610181
-5.983469897714   11.972930299866
 5.451875422153   12.302732841540
 13.386554282878 -1.744591987371 
 10.830156985785 -8.093128897524 
-10.244837408406 -8.865784461145 
-0.321050610763  -13.552486490121
 2.195323116915   13.405021425758
 3.911324505978   13.029388057243
-12.773103661527 -4.689875050212 
-13.547186340744  1.328777035599 
 8.533093572217   10.765208248051
 4.151410175948  -13.107004371548
-8.100448873358   11.123133516084
 12.519128136983 -5.798155375187 
-9.580994121801   9.955438113990 
 13.359493731066 -3.593099349578 
 1.839722579773  -13.714303020045
-13.878825606920 -0.588040934613 
 13.826165190729  1.618190635736 
-13.407611801872  4.117962925148 
 11.293781188464  8.374710914580 
-1.364315199052   14.035022974788
-13.920509859301 -2.255479365394 
 10.309547188213 -9.631472097095 
 10.220615809054  9.745008412017 
 8.143289656409  -11.637003262836
-5.836416594387  -12.984400960661
 14.273242491356 -0.508245068934 
-4.620810099182   13.554325676925
-2.079680553422  -14.178378698109
 0.831522766550   14.350195264359
-9.375259241611  -10.988656552563
-12.143458440820 -7.912970397612 
 12.912526624447  6.715838464468 
-13.046600064364  6.867561762432 
-4.400625702075  -14.105464861273
 14.098234882773  4.473588943476 
 5.528263031359  -13.728112906607
 5.373157106046   13.807792295548
-6.234199318542   13.456673418898
-11.369934522738  9.577917779583 
-8.302434061433  -12.356886758437
-3.060126626498   14.649215742586
 14.688681888441 -2.886339229935 
 9.941903957818  -11.244568121253
-14.319769338538 -4.569691284977 
-7.807525435587   12.922657137193
-13.417417638633 -6.953278455992 
 8.434715765043   12.644491472670
 2.425794505525   15.008054274775
 12.194591018113 -9.130676158108 
-12.609214590670  8.616883034274 
 3.571932676769  -14.861722259750
-0.536462719623   15.297022546497
-11.984076998448 -9.528672416873 
 6.954092179345   13.771690694589
-14.937186813264  3.986321543861 
-15.503769763283  0.720058795607 
 4.271804194547   14.982091923601
 12.427389311279  9.433959255390 
 11.405769843315 -10.659432223422
 14.914619312026 -4.841401006717 
-5.844440665521  -14.559406097546
 0.366457905093  -15.709990212176
 13.694941636821 -7.784676125660 
-15.701290375452 -1.378367646477 
 15.780462106787  0.056736210536 
-10.727008832733  11.632138185275
-5.008584257945   15.036697802455
 15.780960268523 -1.710038449531 
 11.346691580400  11.227544555096
 15.797389747894  2.353589030472 
 0.897457490741   15.969645563286
-9.363460804124   12.981113552047
 7.575370285045  -14.181006839336
 14.680803996382  6.711415373949 
-15.747171175741 -3.569883508241 
-2.278102842505   16.006680163553
-11.711016454365 -11.162496308706
 2.499550970799  -15.988018024484
-1.675371084183  -16.122557913294
-4.514635745360  -15.613089821722
-15.053061572981 -6.178388830150 
 13.871052217524  8.679870463482 
-15.392851984731  5.559907591093 
 6.307379593871  -15.117866574884
-16.286913353636  2.170131225909 
-10.161389711143 -13.086439745221
-3.882092231348   16.109369304418
 15.874968872166  4.775765352783 
-14.963009503708  7.339510150481 
 3.361371594043   16.365609580179
 4.928532807767  -15.990623393830
 15.245023361093 -6.914593418495 
 5.555889718088   15.809723896742
 9.578289652052  -13.800911732234
-0.319027813185   16.849026838681
 10.931413913711 -12.876021665419
-6.560730973691   15.582459944927
-3.326978334735  -16.598065435444
 13.918947842118 -9.695422960782 
