 0.071698340109   0.621571286065 
 1.573733456386  -0.432397088533 
-1.624782984952   0.578443682022 
 0.116347757798  -1.902318527993 
-1.413649350574  -1.758629039374 
 2.039313175942   1.571726396402 
-0.773235591063   2.524829172832 
-3.262628859052   0.483546633318 
-2.354792257256   2.394364645228 
 1.449025165252   3.085862192404 
 1.191270067991  -3.227119793717 
-3.331957065572  -1.169145730514 
 2.570432798954  -2.489167038948 
 3.484660791165   1.033066867764 
-0.248175144422   4.230255449477 
-1.947656363816  -3.922314793374 
-3.980633328055   1.857054857796 
 4.326696328884  -0.821431334481 
 3.037530752248   3.621040077991 
-4.779521959602  -0.016818536717 
 2.506983834043  -4.096189425184 
 1.331505773330   4.777382850092 
 4.347982743430   2.717551316306 
 0.379838772949  -5.143463040490 
 4.279533903854  -3.177232789086 
-3.053107103245   4.406126016894 
-1.450807316584   5.256778387368 
-5.359162760910  -1.437775761593 
-4.597567352306  -3.167470636188 
-4.424662747039   3.650137618763 
-1.817906666253  -5.509189470870 
 5.794308421265   0.781913232707 
 6.067047186659  -0.840992538347 
-5.774832332801   2.342988054482 
-6.287438608075   0.394176417218 
 2.931965513139  -5.577177589565 
 4.687567832713   4.309186605539 
 0.064423883860   6.665887250920 
 1.408257154439  -6.642250017695 
-4.136525427594  -5.428363751179 
-3.323598356515   6.002857491938 
 6.422227919857  -2.528445887586 
 6.625762914654   2.264586701305 
-1.427753713586   6.882908849643 
 3.396119306315   6.305802487241 
-5.912868922740   4.148808289798 
 7.319378933387   0.723150809509 
-0.959770284520  -7.306204396452 
 1.706634917133   7.230820168785 
 4.447776837384  -6.120423310285 
-6.381901592406  -4.071778628740 
 6.550141329331   3.851357833656 
-7.589163881200   1.364975407165 
 5.753901675824  -5.143183258910 
-7.218812513637   2.828573149183 
 7.810237615092  -0.840934021204 
 3.202306232668  -7.192932572608 
-7.808505939827  -1.660796174212 
-4.834121502971   6.525100124245 
-8.168859658594  -0.158034083900 
 5.828687090653   5.725790844538 
-5.537795599303  -6.022562227546 
-3.671742821174  -7.315395557332 
 7.912964311455  -2.795510901894 
 8.126737746981   2.147452588387 
 0.692697697451   8.417230352152 
-2.894113436323   7.949047370739 
-6.380359155036   5.753414485256 
-0.987962327412   8.534937852246 
-7.869945709450  -3.618490265620 
 1.053131107462  -8.729101380962 
-0.544817612143  -8.923875702564 
 3.721586519320   8.180099506816 
 7.532296493773   5.119806775776 
 5.626283708938   7.284033491246 
-2.664789037140  -8.817174027405 
-9.018464906957   1.968121727196 
-4.720257905890   8.027544321313 
 9.354696630816   0.654915819599 
-8.297515912512   4.373921838877 
-7.263851886474  -5.961103016393 
 5.218741274085  -7.865180324763 
-5.711581173699  -7.562228409293 
-9.199491860426  -2.403958041412 
 6.626907114874  -6.837702841340 
-9.568025155028  -0.851905829294 
 8.144587546817  -5.106310451299 
-8.518949920583  -5.131314004741 
 9.715901468132  -2.176993066475 
 1.321434127954   9.874617624046 
-1.842071639784   9.968217606912 
 3.222993356858  -9.627242955180 
 9.669143042583   3.147645958065 
-7.801026484515   6.532898345644 
-6.702756970576   7.695307255933 
 7.132438761759   7.307035781858 
-0.177139636025   10.240150625289
 9.016403393773   4.859257004645 
-4.644115188867  -9.221270882273 
-4.361977188112   9.499021679179 
 3.699553800280   9.782411847737 
 1.683987296094  -10.405599883438
 5.897997144481   8.775226759540 
 4.924895601144  -9.380985115299 
-10.629453118508  0.868444775752 
-5.820791494850   9.138250609981 
-7.420689145506  -7.946836598687 
-2.445520750093  -10.599166580447
-0.119193944875  -10.915543179324
 8.723592970191   6.601616668482 
-10.052118261215  4.530508792954 
-10.683005769148 -3.121093132962 
 11.163466312104  0.320753836279 
-6.475781730513  -9.135191938298 
 10.523761906025 -4.074599755980 
-10.968067777530  2.993271876911 
-10.288539985548 -4.862662377095 
-9.441933084147  -6.516637765556 
-9.732183442215   6.160640722284 
 6.602004473588  -9.445052662523 
-11.517914442627 -0.436474335808 
 8.885142697298  -7.349687387876 
 11.367599585803  2.380523996088 
-2.565722106991   11.348054791902
 10.160349873315 -5.950231606680 
 5.409401744010   10.494351394819
-0.669469284874   11.795564247365
 0.981484450419   11.838668287368
 3.836253723115  -11.256218134792
 8.689111755890   8.360813549692 
 10.859922686828  5.350396206850 
-4.084087744491  -11.429850632428
 5.686231683704  -10.791933258467
 2.436896994897  -11.960880760605
 3.687910219941   11.640131734209
-5.819194952644   10.808559270548
 12.156782801686 -2.060840171126 
-4.278897240249   11.579970210882
-9.706099523201   7.679922434584 
 6.991502770302   10.213393868566
-8.730811344826  -8.875105561454 
-7.325122828636   10.072846103489
-8.503511060043   9.125532644260 
 11.926761449127  3.969789248214 
 12.531143944515  1.222581112838 
 0.181497165119  -12.602939843203
 12.041830328124 -3.777359707023 
-12.602518125107  1.315377590028 
 9.156711961812  -8.851193706081 
-12.441371248987 -3.296510287928 
 11.759736906858 -5.377083047014 
-12.274276861395  4.559339013651 
-2.241669601356   12.922751163316
-5.619978786153  -11.882595188600
-10.494316787482 -7.944262236506 
-12.298405371059 -4.792342769807 
-11.531204195327 -6.490021977342 
-3.015118592959  -12.921257656684
-7.583837121081  -10.891194917455
 8.479386987925  -10.219456426308
-1.452063087331  -13.210489643698
-13.272782592796 -0.883422014443 
 8.636506504550   10.118873750373
-0.765615607495   13.311660153333
 3.856150366843  -12.781553883552
 11.014526620419 -7.551959701430 
-13.007297531095  3.228652224005 
 2.549359893411   13.212714775418
-12.015975537868  6.217817732839 
 6.455586407584   11.894770535394
 11.848030568246  6.552776197995 
 11.113272078977  7.935198794812 
 13.606121124546 -1.195674381127 
-10.262940131614  9.110862664777 
-11.378429504615  7.740279153510 
 13.591182117142  2.638478602514 
 13.860283709885  0.392305087581 
-6.052793639124   12.508819066073
 1.598171893719  -13.863710985043
 10.656906850020 -9.033328229899 
 7.301241991567  -11.949355785735
 12.984306507977  5.353744813022 
-9.405391053404   10.473011193445
 10.459851998355  9.439263028433 
 5.446470255205   13.242371660773
-10.612288918669 -9.749488073534 
 13.951046460957 -3.652546986902 
 0.942749596552   14.394411936437
 5.924470612582  -13.297493328704
-14.388444304212  2.227268811990 
 13.992070310839  4.155802121912 
-3.929874248861  -14.111074401693
-5.894580846880  -13.449695171247
-13.797616076754 -5.029867118128 
-11.955268730388 -8.603821718372 
-1.574640618048   14.695973132596
-4.282043332446   14.147564911455
-8.089947098747  -12.395025538906
 8.310267177029   12.311731004237
-13.379608750725 -6.502445783774 
 14.694591049292 -2.325443172513 
-14.905519885026  0.736095791601 
 13.439600426537 -6.505228918493 
-9.896387201543  -11.199806540680
-7.704165708070   12.829500710089
 14.894750788424  1.557430024035 
-13.677084940513  6.253246977076 
-14.715252996204 -3.391013447743 
 9.472605734376  -11.767881679990
-9.224061050384   12.045691914840
 12.475060681503  8.676949269458 
 0.787808183063  -15.213512426362
-5.856346386141   14.070865829018
-1.509983347274  -15.172358619248
 12.139189349038 -9.322886049483 
 2.590516098957   15.124177315545
 4.558153847704   14.672887798605
-12.873894516501  8.529027253975 
-14.850069586849  4.357473157856 
 9.784831789807   11.992978479977
 7.157847718245   13.724947454876
-11.298268831184  10.606632314509
 15.193621641861  3.078673911794 
 13.852061788524  7.020016324969 
 11.042296951112 -11.198087694743
 5.170111561101  -14.907799734692
 3.028932205927  -15.553461153276
 11.146524124796  11.277838389526
-7.484020620088  -13.997827672789
-5.283122339983  -14.989077149836
 13.541921429965 -8.330696442861 
-15.864591050445 -1.485824566904 
 15.962405512136  0.147853186451 
 15.929285028013 -1.433786824794 
 14.963229835807  5.700029221661 
 14.934122353999 -5.796996933247 
-13.524470755555 -8.600585960293 
-2.870789110391   15.894378257688
-9.609099355247  -13.000410507187
 8.083710908902  -14.016116299992
-14.886986794933 -6.398947464470 
-16.095723030289  3.097844155374 
-0.697442568655  -16.443861199016
-2.914248664708  -16.209569648304
-8.068192530564   14.382693018355
-11.137691320197  12.202774615391
 16.420856915824  1.934716496594 
-14.650185211050  7.714033783660 
-12.047919801735 -11.361652145599
-16.299972042202 -2.958885324177 
 3.673437035322   16.197403368482
 12.760921880603  10.697567133884
 0.585706725149   16.667133035945
 16.107013850743 -4.445586553866 
 15.054104151341 -7.349984592035 
-6.213739241622   15.583458940935
