-0.993662017073  -0.750838386278 
 0.525540233157   1.249512736150 
-1.063789230092   1.279821737721 
 1.272429267761  -1.333096348059 
-0.234919686497  -2.049486251084 
 2.762268933957   0.135261365779 
-2.722016192033   0.513641014976 
 0.993996026790   2.693056459894 
-2.903615136327  -1.420232889974 
 2.711899072665  -1.856680539192 
 2.511731296576   2.263767703804 
-2.000037920060   2.856443614465 
 0.201933306569  -3.746180723263 
-1.321182984425  -3.614524040195 
-0.497205446236   3.902250935830 
-3.673180048993   1.701599294856 
 3.889663167328   1.507524911546 
 2.245557315858  -3.691584724489 
 2.027648580659   4.017428379421 
-4.507484705133  -0.417151083432 
-2.780032530784  -4.205907416679 
 3.820435640706   3.361356225553 
-0.774306126431  -5.041773061755 
 4.850490530435  -1.705187608995 
 1.206582551128  -5.057381236704 
-5.176066117259   0.934369270298 
-1.710522217135   5.219967649423 
-4.348252988455  -3.586667186771 
 5.812668502224   0.223619387387 
 4.854853258817  -3.415617966461 
-4.337568397726   4.091515396584 
 2.783014532307  -5.356800002341 
 2.426450690513   5.647074068545 
-5.895503096487  -1.886842913757 
 0.953614715565   6.144929638961 
-2.381597031728  -5.796883256616 
 0.319040034673  -6.376398437677 
 3.896580252833   5.166744490322 
-0.606538400288   6.549970938296 
 6.322634311243  -2.076618679014 
-6.704572801137   0.577944316989 
-6.302931915725   2.730639984966 
-3.932039229865   5.657558187969 
 5.967337491229   3.574005689335 
 4.738067948405  -5.197831248911 
-2.115339823616   6.750547348660 
 6.868468255627   1.756833446772 
-1.116957543032  -7.093380198505 
-5.021885862522  -5.401754171974 
 6.517533431511  -3.579675923607 
 7.441895577869  -0.163331501047 
 3.370544146824  -6.737628883166 
 0.518130439133   7.584853680068 
-6.227463186469  -4.406876824179 
 2.346148228846   7.273232707027 
 1.084171543357  -7.696872602322 
-5.600065312630   5.560381128552 
 3.828951977737   6.947624986788 
-3.865125669877   7.156224846823 
-8.064436496441  -1.662040628276 
-3.891083320610  -7.316227382768 
-8.213541612426   1.280029192026 
 6.664428667627   5.006474014219 
 6.631077159459  -5.207708494468 
-7.279927751251   4.342153519954 
-8.483495889057  -0.221624243052 
-0.194060286692  -8.485875555832 
-1.741724005469   8.349868165321 
 8.140565092878   2.664952541035 
-7.967613580235  -3.550854767612 
 8.138839018432  -3.147404207979 
-5.397956375639  -6.887916890270 
 8.877581995775   0.681829395141 
-8.470303805092   2.883812311524 
 5.235916737564  -7.258316608678 
 2.818100973949   8.726266774265 
 4.040123722795  -8.235740572723 
-7.130008905847   5.913515425305 
 5.821588577396   7.281815406984 
-5.251535722653   7.756377332796 
 0.845548136932   9.329612318507 
-2.412439541073  -9.103663083127 
 8.225738097266   4.757049461519 
 6.735937578431  -6.707842949293 
 1.267418022493  -9.471844847530 
-7.490549771005  -6.271324883172 
-9.653054922609  -1.758235864855 
-4.203829871201   8.918879389008 
 9.734171029682  -1.732119644699 
 4.997826114815   8.663851086834 
-9.039368817362   4.300212443033 
 8.563321746046  -5.356469595622 
-1.658749994867   10.018235308951
-4.164983430620  -9.454900029014 
 8.128322523940   6.439016280708 
-0.249505103898  -10.402691913924
 9.728958283316   3.696264678310 
-9.817031076403  -3.460486333764 
 2.698495791000  -10.077267815026
 9.900017219570  -3.324910822248 
-10.479275160786 -0.422750063844 
 10.515289561162  0.824691979489 
-5.841342093677  -8.921688277561 
-7.452104425371  -7.780092799145 
 1.401140444413   10.778206296034
 7.155215704756   8.228853765440 
-10.649369183643  2.470032596219 
 5.701227420458  -9.338996036782 
 8.378558176501  -7.266414944409 
 3.462816170977   10.575502283121
-7.702029952730   8.107875861965 
-9.636969542316   5.712571599281 
-10.074983907451 -4.964750375587 
-2.148339983992  -11.057767972442
 11.020493655024  2.345729783043 
 10.061400285131 -5.228803197129 
-11.146575916036 -2.194600916969 
-11.324044942235  1.040817497302 
-9.045314181002  -6.904080621800 
 6.246143405927   9.538713487648 
-1.105117084318   11.452158984096
-3.201164071123   11.085957966136
 7.740767320352  -8.643742193921 
 11.626110478158 -0.656322250165 
-9.229983319964   7.181312870640 
-0.527090075846  -11.945938357999
-5.878502175526   10.413690173122
 10.520900268704  5.718945605054 
-11.321863648740  3.956849403633 
 9.376681775836   7.527986735064 
-7.231492593496   9.726494538762 
-11.571377630692 -3.696753578750 
 2.559667668823  -12.000175334776
-8.007077689500  -9.396827889946 
 5.666897560523   10.975309551148
 12.130296892623 -2.550991420078 
 2.402540825559   12.176425273781
 5.071614840009  -11.433620787595
-12.496043192369 -0.565146049212 
-3.914721133073  -11.936822969746
-10.895043956895 -6.307415412820 
 1.145092586459  -12.570589412878
 9.728901693003  -8.124071505092 
 12.532716121099  1.894177321207 
 8.404684039152   9.502712219322 
 12.221120453216  3.440141095788 
 12.110958085204 -4.127205042515 
 0.871605049920   12.782436389882
-6.162842409906  -11.260231020774
-2.571301788532   12.592508124742
-12.702391246353  1.961903000728 
 7.326241339428   10.635965696269
 7.205565977990  -10.758172661678
-9.284065718357   9.158426011556 
 3.985634665324   12.448323524115
-10.330728394324 -8.111174828053 
 8.963063804033  -9.651133376374 
 13.194367028512 -0.485934981885 
 12.116826536515  5.803367046282 
-10.622716835274  8.271743840411 
-11.941423657251  6.271723368919 
-0.115590483485  -13.494484904965
-4.909625480473   12.672006196878
-1.758221689352  -13.493557338955
 11.618661080290 -7.113728022717 
 11.476750555428  7.341003069318 
-8.483212610611   10.689440038464
 6.486861190905  -12.114446191744
-5.343815373838  -12.664337135186
-12.720224990028 -5.289288561934 
-12.853649166390  4.960509641679 
-0.594415357523   13.865758163774
-7.947503366958  -11.387087225719
 13.875507027785  0.898864147191 
-13.569643507889 -3.156331806511 
-13.467601407560  3.590441408557 
 2.363377660858  -13.866584384117
 5.195906741552  -13.149061379091
-14.137081593128 -0.333040845087 
 13.876833385437  2.801715895439 
-9.704916152935  -10.436643136008
-12.028727944312 -7.679766136153 
 10.893748777800  9.298735139144 
 10.455547554774 -9.870759896225 
 8.186687433468   11.867179231987
 13.768175077541  4.369966180273 
-7.593495036128   12.376424885184
 8.116866117694  -12.058633358199
 13.465668901307 -5.538441722768 
-10.517786711900  10.109271395496
 9.480721054084  -11.118126632396
 0.983188157835  -14.636433539338
-3.058064820224  -14.355071348400
 3.859452674366  -14.188266427470
 11.773727963065 -8.826596408221 
-2.194127943763   14.563862220454
-14.626591555157  2.030928613349 
 4.956937163002   13.968478493073
 6.372504653044   13.387333888850
 14.275440970206 -4.039097081449 
 0.579369794187   14.851723740004
 13.088484989619  7.160412271292 
 14.797889685948 -2.471357432156 
-11.880151940709 -9.205378971638 
 2.622640864305   14.872848093235
-6.536061316469  -13.671253139306
-4.661938574460  -14.432080364591
-14.327457816847 -5.145218903183 
-9.603174384909   11.843955516824
-6.153083651010   14.010521639760
-0.664211801903  -15.324206907050
 13.524151388965 -7.258876300104 
 15.373752336024 -0.515416469642 
-8.222169318797  -13.025546290760
-3.858714697361   14.952018869738
 10.347676619367  11.531359800062
-15.079090511174 -3.628830215419 
 14.321666910758  5.999889488258 
-15.489861291273 -1.964183049640 
 5.420909100540  -14.675474458645
-15.648120840620 -0.274642883609 
 6.857121194554  -14.089893110238
 15.497911911618  2.374968891032 
 13.093417867660  8.664802065176 
-9.962634034810  -12.136423454532
-15.173304648283  4.203386111632 
-13.445022675923 -8.201113700577 
-13.542249223187  8.197123867748 
-0.760102799253   15.884662856082
 10.862327771793 -11.752111225713
-8.686565295469   13.538421684561
-14.631776459565  6.713014666041 
 15.817263869730 -3.587404740498 
 1.455382381877  -16.177870956546
-11.625632777254 -11.369532550573
 12.630641993343  10.268125331609
-12.547502969199  10.383806315933
 8.991040345503   13.603767838818
-2.618788646140   16.201063987937
-16.314510221870  1.907305770067 
-3.474571209879  -16.072008264463
-11.656659373277  11.622796371094
 4.677943439609   15.818525768098
 16.500951654380  1.191979234409 
 12.374897129813 -11.058335639413
-7.662802127743   14.722317270790
 6.678854837722   15.222179556416
-2.017136740604  -16.600608459954
 16.633723668751 -2.006098548644 
 15.446800828548 -6.519936274399 
 8.756984442330  -14.341436135098
-0.120617718362  -16.884502301327
-8.898407121303  -14.367642838920
-16.646638823375 -3.139829918864 
 12.001911885840  11.964025184876
-15.780787750018 -6.288081226053 
