-0.867588178208  -0.581452933781 
-0.149959858646   1.058593482268 
 0.512348061074  -1.735263600657 
 1.852427686763   0.820888484665 
-2.294192570110  -0.014546146463 
 1.995140383002  -1.375767843583 
-1.346273633874   2.205368536603 
-2.090120790964  -1.543088318064 
 0.651531870961   2.894132459508 
-1.021752232130  -2.848042750813 
-2.963169328453   1.709419614730 
 3.401945360989  -0.384097347345 
-1.304994619069   3.754993731929 
 3.336565919756   2.207929036417 
-3.136510637161  -2.649571326014 
 3.276536227928  -2.534537128342 
 1.436731370237  -4.205260162524 
-0.614884885529  -4.410161156011 
-4.922949246830   0.016073175068 
 4.899796480474   0.569954310453 
 1.375266367317   4.772129296902 
 3.383499762108   3.718025252702 
-4.843255309087  -1.519484543421 
-0.075962567855   5.187011135794 
-2.791644723653   4.504428884838 
 5.260035365360  -0.921734772971 
 3.511112280973  -4.025192453451 
-4.317765553075   3.152601913975 
 4.895087184077   2.315244719973 
-3.898495617061  -4.077221480419 
-2.549507979003  -5.151813640740 
 2.623317880613  -5.401811429814 
-5.668776286943   2.111729767325 
 2.735018371305   5.408835025469 
 5.547632888085  -2.518362139122 
-0.555962764730  -6.088236535107 
 6.337862121766   1.751273073888 
 4.288519601474   4.990633119959 
-5.657095130423  -3.491476407837 
 0.336472109958   6.672077539955 
-1.550939735278   6.567847801013 
-6.741816466817   0.312466439729 
 5.542822483405   4.104188549646 
 0.711007470985  -6.894562759978 
-3.618101867991   5.912024244249 
 5.398597257418  -4.542150255774 
-7.012865352577  -1.402769711644 
-4.968321370444  -5.257537445026 
-3.372304044029  -6.695212381508 
 6.859588541534   3.184378636422 
 7.512896967428  -0.898785060445 
 7.082140864936  -2.809992804445 
-5.235784735392   5.538397587421 
-7.403444217162   1.855893724107 
-6.240518642009   4.418248820665 
 2.833097115085   7.294994288027 
 2.591884258004  -7.445789784846 
 7.894274711590   1.178739089698 
-6.975114257704  -4.212279576377 
 4.361396167187  -7.107123896654 
 7.058526957781  -4.453867060354 
 6.476585407328   5.302109941150 
-2.268966537258   8.110219164743 
-0.990401121453  -8.395492897317 
-3.772221983007   7.604123416764 
-2.592731130070  -8.084681610089 
 0.591196170473   8.491541893594 
-8.658216204174  -1.254122752300 
-8.012959357176   3.724975521558 
 8.373766812021   2.898594532604 
 5.071614119014   7.337194815367 
 7.824524193701   4.359121922625 
-6.040116551925  -6.645397775070 
 8.800823902841  -2.028131050693 
 0.822340680391  -9.079058184864 
-8.424266704557  -3.584992750495 
 6.483659154032  -6.518308638712 
-4.361133404577  -8.168636308790 
-6.800274512184   6.344840542801 
 3.760533872876  -8.762733920046 
-7.569431928363  -6.041348143534 
-1.539889913298   9.562357873217 
 2.198641684626   9.449875329135 
-5.362319078159   8.086339397243 
-9.613516233873   1.405718270719 
 3.947353096749   8.879991581513 
 9.693684987328   0.955692815869 
 9.096389426777  -3.546059520421 
 8.470580720241  -5.055116922543 
-9.899147044755  -0.079298821846 
 5.329134195024  -8.485653952220 
 6.845897790765   7.348563111102 
-8.385284448706   5.592309623345 
-9.563069586196   3.452683260156 
-2.922493298563  -9.738970263170 
-1.151113633360  -10.270147708453
-3.230730612918   9.847349278924 
 9.821937306818   3.549430842409 
 5.771607039038   8.736272966520 
 10.309475769487 -2.248720759870 
 0.799094535583  -10.649378958332
 10.685705162870 -0.395538626314 
 3.150140934018  -10.233111932342
 9.306460276136   5.327545711020 
-10.014235638081 -4.082320760999 
 7.334782291018  -7.953943156129 
-7.346080542926  -8.024924148734 
 8.591212354238   6.720837131178 
-8.272577307218   7.199741236945 
-0.581317348456   10.966073985136
-10.952826201841 -1.334012878638 
 1.678834055366   10.927093440364
-9.556818009543  -5.561663504194 
 4.713115798889  -10.049505524809
 10.013681750696 -4.884540456558 
 4.959839887876   10.031175546671
 8.979541588570  -6.714704302727 
-2.321524933142   11.065456315347
-5.071618228386   10.128730862135
-6.605184720472   9.226818439358 
-5.728266675980  -9.803957625357 
 3.513156903054   10.879814893797
-4.373370973151  -10.578654769017
-11.505178724684  0.264039283356 
-10.611913415021  4.605725165041 
 7.436752872723   8.872178004537 
 6.414772498463  -9.651473752552 
 11.462152223620  2.574138161214 
-2.434215355905  -11.494004579895
-10.003367831265  6.381055314099 
 11.846409721349  0.877911229365 
-4.070000877415   11.245464866335
-11.548041686407 -3.343744803865 
 11.375799676932  4.265228901907 
 0.459460892174   12.163168436051
-11.987845247862  2.541305461946 
 1.657414254733  -12.179115042316
 9.148477263400  -8.332417532882 
-9.465496901038  -8.053590019438 
 12.089971110827 -3.079093768484 
 10.132648861563  7.286439885231 
 4.960490083176  -11.536836053016
 6.131202919144   10.983576781326
 12.515676049593 -1.608027403947 
 11.114201860285  6.002173910360 
 3.267480254401  -12.223564864365
 8.932519193570   8.990138451931 
-11.328469573179 -5.821553675830 
 4.847127796921   11.780158482512
-6.971360843841   10.797598748149
-8.394883399396  -9.747397207887 
-12.740074560629 -2.205855240787 
-9.866455492147   8.451758373324 
-4.845489100256  -12.056214183631
-3.178644124805   12.626925924920
-12.404182930656  3.991059739256 
 7.625006399086   10.590252935238
-11.628280761854  6.007787541490 
 6.566878309156  -11.329327126909
-8.528002944337   9.995330995699 
 11.475880333796 -6.661409513122 
-6.878017863902  -11.356137525820
 12.414463244433 -4.794880086839 
 1.718435065227   13.201534730619
-0.640665075116  -13.299412665534
 3.705702267173   12.789393776904
-13.305564851134  0.831464058543 
 8.906992447746  -10.056243827891
 13.481728982323 -0.039866937200 
-0.895455113141   13.582081819832
-5.434283755875   12.531509171221
-11.670224328710 -7.406737872802 
 13.722773115853  2.016173313474 
 13.097540137034  4.803969863109 
 2.281163872828  -13.785833913374
-13.571558839333 -3.545673036839 
 6.337904995578   12.518190791066
-14.011218494955 -1.405562382329 
 11.209054749747 -8.539997586748 
 11.386866555933  8.392778264701 
 10.190265605223  9.838386388560 
-10.051406090967  10.044483593576
-4.125429238963  -13.646300727016
 14.132618528900 -2.617335027216 
 5.123502480104   13.441704970924
-12.267159275824  7.530179381972 
-10.714106683382 -9.625639556959 
-8.069753991163   12.018532201027
 6.917605135774  -12.839131490736
 13.014357693158  6.603073491657 
-14.379319205674  2.687530536638 
-11.380396147366  9.198422641975 
 5.241416329863  -13.748278157761
-2.139290517582  -14.585163158857
-13.521302525562 -5.928698678298 
 2.735789791197   14.523860995871
 8.262981418637   12.408101970487
 10.864118026992 -10.230966251396
 14.447434778358  3.919816904496 
-2.715254429383   14.764455833065
-8.505485042376  -12.391867785171
 14.050280055249 -5.344698867388 
-14.137997729428  5.209425633523 
 9.665591770507   11.606049458181
-7.086082654842   13.343390488262
 1.361679952851   15.125902052381
 13.252715950900 -7.487342794578 
 1.309989626090  -15.234256507483
 3.939086784836  -14.783519432487
-10.380077862473 -11.256804105732
-5.811125767622   14.174108861493
-6.694044179409  -13.815833372223
-15.391788457960 -0.475632865337 
 15.396285189059 -0.511643476254 
 8.739557260391  -12.696003603620
 4.347714686958   14.830314017375
 11.823100930576  10.043838211159
-14.979928058875 -4.376072327970 
-13.085077492563 -8.559177771083 
 12.545765841487 -9.418374604657 
-10.621843444671  11.567380619685
-3.789500863162  -15.334178278672
 13.123838964401  8.814342304222 
-15.730836894147  1.626333684484 
 15.760464211106  2.038872145815 
-14.122709384001 -7.448221737048 
-15.593913069250  3.632708493110 
-0.079110354579  -16.056774302346
 10.976804893752 -11.736462778624
 11.289671017689  11.460687276641
-14.007340433101  7.925508743763 
-13.071841164845  9.493259314695 
 14.986494756538  6.132282555709 
 6.345973125289  -14.907921170293
-12.089065945179  10.881816313037
-0.025617210861   16.277277508662
-8.984858910719   13.625983993284
-8.402529623261  -14.000279227911
 6.921867134642   14.809502885239
 8.830811162047   13.808612964305
 12.271328700063 -10.951894982917
 3.310480996255  -16.158184365986
 8.220153036417  -14.349533717684
-16.406384095999 -2.458167903156 
 2.206550496563   16.462940298465
-4.275826408041   16.060231029931
-15.170090468899  6.955602591777 
 10.427179777718  13.098626280597
-7.567407068494   14.951654817042
 14.616949810188  8.237531500950 
-15.821971729108  5.600368425955 
 4.830332636287  -16.075657035139
 15.086195905354 -7.363957677737 
 4.093605269071   16.334143285111
 16.696181014457 -2.407453281576 
-10.496557809443  13.227456289364
