-0.960225462449   0.200519375488 
 1.366761018460  -0.328149432991 
-0.988563724612  -1.322505024696 
 1.397853014962   1.856286053348 
 1.374256225614  -2.040155063338 
 0.039162305215   2.538188895835 
-0.199243186058  -2.675593202387 
-1.516101195242   2.438503651533 
 2.830184171889  -0.807407008587 
-3.176589291973  -1.231269079792 
-3.463130783513   1.295063103904 
 3.677675022261   0.976609216537 
 2.970357159234  -2.426418463384 
-2.733626644374  -2.734602664125 
-1.329551339184  -3.810789150346 
 1.616939297938   3.738758106706 
 2.134184440835  -3.702615504602 
-0.385360803477   4.264607283828 
-3.037827995922   3.082695100141 
 4.180648021807  -1.540251118079 
 3.984775955896   2.855706861725 
-4.946117792274   0.149072631089 
-4.464688448459   2.442401870221 
-0.461766172320  -5.093888696855 
-4.707805818424  -2.258058970315 
-3.088013837460  -4.358773536228 
 3.079179556437   4.527539246782 
 5.491748481686   0.045979093997 
 4.338940550231  -3.585131204162 
 0.072825848615   5.778386817707 
-2.087315616148   5.476015717434 
 1.777540700968   5.692165968984 
 2.259178805288  -5.551488262497 
-1.873990656230  -5.769031881421 
-6.074034341518  -1.217909748039 
 5.620018387922  -2.613203990494 
 5.489020551978   2.885671334637 
-4.814416023083   3.969856919224 
-4.886129065380  -4.216368662185 
 0.562608275077  -6.465672629116 
-5.952649117476   2.798756103663 
 3.844710781379  -5.362798237551 
 6.824658637104  -1.523848495022 
-7.054516308868   1.169000897408 
-4.469150912527   5.604022597942 
 4.632937481819   5.526705741153 
-3.860339094190  -6.112790253362 
 0.297413167286   7.295454305425 
-6.613185893819  -3.283495556580 
 1.836888557285   7.194086655064 
 3.515600801483   6.638184045902 
 3.340537911677  -6.789267632960 
-1.541718635459  -7.417211992159 
 7.472504669771   1.479898203980 
-3.423504978309   7.089319656799 
-6.529426852388   4.405114038301 
 6.593708438193  -4.492864376238 
-1.720096846821   7.819501319413 
 7.089752443873   3.905049353597 
 0.018895746534  -8.139885955241 
-8.263340690135  -0.942390445417 
 5.565983891611  -6.181745374066 
-5.995419406691   6.031286937871 
-7.007020736385  -4.846404433237 
-3.638982663111  -7.735441462564 
-5.883474820704  -6.292373298798 
 8.170480001793  -2.942221604479 
-0.454800012128   8.701115879892 
-8.114409121724  -3.413555233726 
 6.540763447663   5.893982410090 
 8.804124547263   0.458059064721 
 1.056379329580   8.804498179776 
-7.970860629125   3.889018774266 
 8.407645082105   2.840003896803 
-8.667092490708   1.963139589837 
 8.818066228823  -1.117044970882 
 3.562873901992   8.247351873329 
 1.699464031353  -8.943792939529 
 4.993457645964  -7.757489148950 
 8.222000798646  -4.818634758798 
-3.202509499980   9.025747408305 
-2.577114651358  -9.271945356629 
 5.331683925671   8.146644779298 
-7.558064535957   6.156107730542 
-9.846685457603   0.594847293284 
 3.194678620591  -9.366150169109 
-5.724551438456   8.090687986340 
-7.572229454103  -6.455335526874 
 7.715464658699  -6.288115103316 
-9.434418244219   3.274272700350 
-5.576901032526  -8.338190506384 
 8.181417574634   5.988998968960 
 9.999092966677   1.765077655734 
 2.796968223141   9.819081956332 
 0.130099807916   10.225750919759
-1.480794983418   10.165700735017
-9.769330149994  -3.285695972238 
-4.113343376706  -9.504630100529 
 0.358015787334  -10.364623888597
-9.118923897388  -5.139339558301 
-10.392332050049 -1.657945183031 
-1.448432494830  -10.589066475855
 10.217865212509 -3.239021570659 
 4.711292595833   9.752959572896 
-9.246421674388   5.679973437493 
-5.113527798909   9.607045258395 
-7.412743895848  -7.997780719976 
 9.849317659092  -4.822056861890 
 11.015613165333 -0.725566633383 
 7.788836973176  -7.824164896703 
 9.821144306157   5.110981788776 
 5.825216735417  -9.437444623826 
-8.041673736361   7.924394430136 
 7.468608273098   8.499415912312 
 9.384428133394  -6.379711239588 
 1.361988294327   11.300267717491
 6.288891154739   9.489024773327 
 3.406101578166  -10.896398390627
-3.410373518393   11.061160911668
 11.521969548477  1.814606407536 
-10.838631002444 -4.494796718549 
-11.677367789286  1.154918962569 
-11.701215689582 -0.889069527407 
-0.253610710602   11.763353010055
-11.430275796048 -3.090560644492 
 11.174426543488  3.975049961984 
 2.179554858462  -11.761351597542
-2.477062852471  -11.742172861380
-8.959840311953  -8.068361060638 
-4.740084115638  -11.159831148892
 4.116325223266   11.418561652194
-11.708515057709  3.233797223725 
-6.444711035992   10.350428470523
 7.564654098467  -9.602905182928 
 9.566427685578   7.642358813945 
-10.595195945486  6.343222642205 
-11.462903550372  4.776194521503 
-10.821532495469 -6.133747302567 
 10.688771278765  6.502258588949 
-8.275047344676  -9.410766321378 
 11.029860962720 -6.085284417084 
 2.726374986537   12.302246014156
-6.980207170248  -10.499920427298
 5.819290758899  -11.238554307156
 12.435607802081 -2.637428848652 
 9.129044087128  -8.944706436181 
-9.796503133121   8.213953710604 
-12.937451145026  0.228116529022 
-0.903388763147  -12.927680195264
 6.147999819661   11.496890292981
 12.109662252880 -4.848656226114 
-2.016320310452   12.925280349562
-3.808223505511   12.535006540078
 13.190341188280 -0.441309060061 
 7.784279292379   10.689382164317
 4.063061563610  -12.590112706787
-5.269492195264   12.140412278932
-12.437391030039 -4.529211834874 
 12.966226724482  2.759362233765 
 1.162567850018  -13.210253647610
-0.217208791087   13.282527393731
 9.213815236842   9.599709817110 
-8.701714414040   10.100966286416
-13.001295573574 -2.971617365395 
 7.417387524869  -11.161640161729
-10.307276427646 -8.746111066151 
 12.278511539877  5.672911457773 
-6.485354644131  -11.918129072237
 1.619526195338   13.509885312497
-13.407341270002  2.344578857591 
-5.152985990324  -12.719373415387
-11.444367800346 -7.638332163398 
 11.211230238193 -7.987039997204 
-13.765733577807 -1.171472401676 
 13.790076305099  1.307757989636 
-11.974631966463  7.050847556486 
 4.891261539739   13.090340305883
 12.057615056393  7.176071531165 
 9.497123034440  -10.400699775674
-8.440403676178  -11.344312798288
 3.529563640050   13.741895660347
 6.224565631034  -12.773113562128
 2.783211654075  -13.939747273890
-13.270649296614  5.118919564457 
-11.629732464997  8.538608260425 
-7.840626517733   12.133488100515
-3.336883456594   14.071477854113
 6.472996472185   13.038398731584
 14.061258266301  3.879215774957 
-4.872278430673   13.778002968880
-10.510170719005  10.165490788215
-4.205162456901  -14.004391916167
 14.239057945100 -3.422970220140 
-13.444081874653 -5.925508533474 
 9.554965774420   11.195750929171
 0.537853452475  -14.727053399155
 11.447143405515  9.312657066176 
-14.135027162896 -4.343119812587 
 8.285395915299   12.277530643153
 5.044160916829  -13.937148980076
 12.978657103675 -7.189895308155 
-0.779676299286   14.866385807806
 14.780120205104 -1.920653780623 
-14.960958901581  0.496594521754 
 0.931848655071   14.942941700288
-11.715851265614 -9.394848041430 
-6.738974860436  -13.463723550981
-10.647900604456 -10.723648945309
 9.176658500748  -12.073519548256
-2.524727109649  -14.953563213927
-9.843090863268   11.562724274514
 11.197909661436 -10.257030704555
 12.248797223591 -9.070522422092 
-6.415850939809   13.829977799651
-0.944827306201  -15.230031460132
 15.299116667910  0.313621415403 
 15.154975576742  2.157928264131 
-14.730904446581  4.633813898182 
 5.156882129102   14.591206330692
-15.203317242686 -2.920509332611 
-15.429014612729 -1.338718428679 
 14.445597522959 -5.702011415251 
 1.940668561135  -15.434192649984
-13.305207671287 -8.292853744716 
 14.792357776138  5.325779187548 
-8.497421272739  -13.267547978583
-14.514797429947  6.148946036124 
 3.859546627567  -15.344988788947
 11.292537878273  11.085093366957
 7.685706143002  -13.902582497965
-4.229773957200   15.365050376422
-14.073122210899  7.669767735564 
 13.958390368093  7.902714688714 
 12.919311756322  9.607904157694 
-2.641455455590   15.896179910865
-16.051143360763  1.570513542062 
-4.004603917608  -15.637701034297
-12.632169357829  10.185098660239
 13.797595241829 -8.560703937427 
-14.541753210532 -7.292107851407 
-15.950534170079  3.221152280528 
-15.577029290802 -4.913684857416 
 10.484412732020  12.531373090170
-5.817588945340  -15.293503760895
 11.379959007398 -11.772771927610
 0.125684776640  -16.462241805674
 15.796820541704 -4.643161207656 
-11.815520930160  11.508923797673
-9.980804678765   13.201672686834
 9.424666475521  -13.617920803408
-16.602211795155  0.037677642658 
-13.096610383809 -10.315283229444
 0.607147014983   16.712662807517
 16.735511704385 -0.684295081147 
-10.792121220724 -12.818659604841
-2.301995242274  -16.607483500800
