-0.260872702030  -0.684262302337 
-0.793449455609   1.068929589866 
 1.787191931031  -0.148418188693 
-1.998947772001  -0.095229582061 
 0.995710131511  -1.737583703725 
 1.981961411130   1.713571963399 
-2.457931699737   1.504750140114 
 0.152696853957   2.990601531223 
-1.530385796034  -2.952376746203 
 3.140687644966  -1.586947506691 
 2.121863505021  -2.947976428492 
 0.657340693650  -3.616121754371 
-3.458065415645  -1.493787282284 
-2.659625162908   3.047680828777 
-4.006073233195   1.431688193267 
 3.331284974076   2.882535415789 
-0.466352566849   4.402241234702 
 4.387172990047   0.789843420676 
-1.037103890235  -4.486821920087 
 2.088711880356   4.159327640684 
-2.898868449949  -3.788270146836 
-4.989005185070   0.223422040399 
 3.672553839985  -3.461122173290 
 5.287083226290  -0.758755900959 
 0.257667571262  -5.383935669929 
 2.740758595305  -4.742248492184 
-4.464496850607   3.321513694523 
-5.437474669447  -1.650910037909 
-4.410566544672  -3.586132731966 
-5.624006615714   2.193265990621 
-3.232907081283   5.167827019346 
-2.045812583651  -5.831878605699 
 3.567571610673   5.273274718073 
 5.216866368877   3.667298725546 
 5.604492829775  -3.218484221984 
 1.318626118253  -6.452197924520 
 0.567340403309   6.687213616593 
-1.842044221704   6.459242866498 
 6.600030189170   1.628000176587 
-6.064799839450  -3.075351404676 
-6.802710882629  -0.258073902504 
 3.101079313381  -6.270282190781 
 6.991286539698  -0.883018908713 
-3.524073413680  -6.132578628049 
-7.030566894731   1.413901337076 
-5.189635772837   4.992722687568 
-5.337685400114  -4.919964402637 
 5.215852586143   5.443574778045 
-1.514262407461  -7.402477068781 
 2.617197813845   7.142405734498 
-0.760275153785   7.678714215446 
 4.894167304820  -6.070655562325 
 7.145918125022  -3.121888394320 
-3.460334538609   6.997162547721 
 6.111141109445  -4.976379050704 
 6.983743414454   3.776252814698 
 4.380712111631   6.765640160255 
-7.910701179612  -1.736925601097 
-6.696980745810   4.750526194311 
-5.002169108913   6.608606411695 
-7.871516519359   2.816844111373 
 1.528616467026   8.306227673197 
-2.171387015622   8.197188890349 
-0.435171547223  -8.478422145562 
 1.767717547235  -8.362111004585 
 8.391280566584   1.784293368588 
-8.613135887380   0.753742191098 
 8.674495642429   0.248823089453 
-7.915510693166  -3.760900163056 
 4.143036019072  -7.786249876332 
 0.070472167291   9.051668732768 
-3.114019137969  -8.688866531011 
-6.700375438162  -6.376482824205 
-4.875193553177  -7.911332354298 
 5.679005084000  -7.479468805660 
 9.042104467491  -2.729817202230 
 3.876938915093   8.625480826906 
-8.416722102531   4.387836562423 
-3.622071697026   8.791146052185 
 8.574193972279  -4.168279176140 
-6.581746465901   6.907833039221 
 7.976062919981   5.398486384484 
 9.626475524632  -1.186896687699 
 7.081092853505   6.782875016742 
-1.692162734914   9.715900096425 
-9.868082628334  -0.803746803769 
-9.397085261188   3.120322430437 
-7.837015438796   6.069417202876 
-5.626915715191   8.275151397929 
 2.157945917821   9.851569402981 
 10.013615804882  1.466434633007 
-10.089435807039  1.749408198151 
 8.287900734506  -6.064955967351 
-8.833931745095  -5.259819616713 
 7.339399155214  -7.239089105240 
 9.734875646080   3.449436745585 
 0.945814227771  -10.295586978167
 2.500890450067  -10.061329796801
 5.104518645359  -9.051848381070 
 5.525183351744   8.835439285783 
-1.893118095854  -10.319909434779
-6.631083950027  -8.335946697776 
-4.856073326609   9.729329240676 
 4.045302110341  -10.194444913752
 0.679412075475   10.976966752274
-4.621733190397  -10.030736784214
-8.451700498481  -7.124124229083 
-10.713975387494 -2.832877793737 
 10.298521741225 -4.296113079055 
-3.516996246255   10.607525813472
-1.019153146287   11.152915241691
 11.203380380994 -1.381205191049 
 3.574672248830   10.720810384486
-10.391042649776 -4.526679757091 
 9.791040835032  -5.784866032263 
-11.374377553938 -0.133246795049 
 11.114313585521  2.577012931855 
-3.306470307799  -10.957434571004
 11.418262279333  0.870345176913 
-9.046219552299   7.251455079286 
 7.545471079305   8.851870845590 
 5.069314209786   10.550911022270
-10.943782557554  4.157297450912 
-10.322999439150  5.529437034937 
 10.033166846662  6.225384673902 
 9.018674359149   7.714190842932 
-0.621524630617  -11.928143521122
 1.004779965096  -11.917419039949
 8.745660617188  -8.160408946402 
 11.587246915273 -3.066415909366 
 2.080308314425   11.862810599464
-2.196811426234  -11.971485270842
 11.124605863817  5.165728244244 
 5.428708510545  -11.031486222413
-6.019506174708  -10.725074558599
-8.126085888682  -9.303585036358 
-5.827623272404   10.971391521965
 3.774367868531  -11.851457626832
-12.331547778760  2.190057744474 
 7.906119885746  -9.732711471945 
-7.898011646050   9.747480561334 
-9.581501983249  -8.161044861979 
-12.259888592285 -3.209812350066 
 0.293787368064   12.693411214127
-2.658383076633   12.456013930949
-10.801765311682 -6.753101053502 
-4.938369240625  -11.871688394393
-9.360411500372   9.011764318984 
 12.151889767764 -4.648037111184 
-10.796529320541  7.300347510697 
 12.968343038410 -1.432120412891 
-12.152141253942 -4.776655880126 
 12.696856967454  3.309718002089 
-11.837149961116  5.787470812627 
-13.118404725613 -1.720048045824 
-13.219179483205  0.565736736061 
 10.485824930597 -8.093018554283 
 4.501115360731   12.461681793649
 11.571619931389 -6.495350644620 
 7.361723207486  -11.148025154268
 11.596787248181  6.798059537390 
 13.181210598829 -2.995428707261 
 7.152763151711   11.511248237654
-1.013867461245   13.597857119500
 2.203358824893  -13.519777855370
 13.551028659925  2.041963759240 
-3.920939291870  -13.180838141806
 12.722351632961  5.407304201128 
 13.826352083327  0.535158902858 
 2.180170406124   13.670898856269
 9.949508123524  -9.650867366311 
-4.463016426907   13.192927148786
-6.532765480106   12.384479361664
-12.506411373466 -6.340702669177 
 6.146143610934  -12.614336721712
 9.364859216364   10.580132058247
-11.366699312941 -8.410365237353 
-7.906319697905  -11.730786826661
-13.462378521864  4.414901965078 
 6.258891416222   12.723098759137
 0.232157892833  -14.212064685484
 11.101128632852  9.081817791768 
-14.040375040856 -3.079844175253 
-6.191258822014  -12.991990885795
-8.975606613049   11.290742493091
 4.064459915652   13.908365032307
-10.399569218507 -10.100311007755
-12.646594205917  7.116588043998 
-1.404209304128  -14.444511000989
 14.533774315604 -0.792872906922 
-14.248759792197  3.013000482373 
-11.828454564111  8.543354987731 
 13.504562597306 -5.654979255424 
 9.281144980561  -11.337907115085
-14.711533585325  0.147425799425 
-14.675085310082 -1.445988230486 
 4.852944098495  -14.108709439146
 0.872699806656   14.903803133998
-8.140516375738   12.562251148229
 12.219787171624 -8.647764390798 
 14.453509207794 -4.010909432092 
-2.151313385987   14.869041574087
-10.594852293446  10.783843377693
-13.955963572570 -5.924668188202 
-0.663708382985   15.258641370244
-4.848980871637  -14.485800002715
 3.156876027123  -14.999104370930
 13.541662875011  7.185067855903 
 14.264047869170  5.654173001023 
 15.374562662634  0.828425516702 
 13.413610048436 -7.605393149003 
-4.625648339141   14.720036682054
-9.889136852907  -11.912967805944
 14.925822500217  4.180380515673 
-12.058122682933 -9.773921297609 
 9.062357592300   12.619925759708
-13.155977563108 -8.325477825950 
-14.996435577717 -4.259924396068 
 11.750517492584 -10.280359348660
 6.422948903481   14.236943830468
 7.355858760595  -13.863246254501
-7.525376736016  -13.855276054113
 15.681826879036 -1.907214284260 
-15.273667939252  4.176064400182 
 10.850605068359  11.560723790945
 1.450577239485  -15.875845849758
-3.460563406889  -15.566042378262
-15.903377898609  1.201793428480 
-14.788808632818  5.974986502552 
-15.798897268766 -2.613081059999 
 9.577625746393  -12.877147955791
 2.794391245833   15.836014539989
 8.120148161590   13.880775266741
 12.271816857153  10.505191410789
 13.487111961075  9.182574752097 
 4.451770919450   15.700534489515
-9.873402306469   13.040500331189
-14.195750982123  8.142779388073 
-8.138746667082   14.312552647316
 16.464821286882 -0.426105263324 
 11.428122634432 -11.886011088221
-12.128557245310  11.177969125742
-1.787239170556   16.400379294359
 16.366237889575  2.209686664373 
-0.170782109184  -16.529943416407
-16.509175451933 -1.157197018051 
-6.299360192750  -15.307792868494
-6.531160167311   15.212649624102
 15.571606597815 -5.694466546714 
-14.728060881929 -7.779982869320 
 16.149202758097 -4.136154858223 
 0.026261535298   16.685419279532
 5.987726995040   15.733193731406
 3.598551081190  -16.499496017880
-11.357058855181 -12.549383240101
 10.387053830786  13.392400077548
