 0.299247351497  -0.600701667322 
-0.339530609414   1.126354806455 
-1.366347720009  -0.779522089093 
 1.934003094917   0.476018681423 
 1.440106550126  -2.287978753391 
-3.054611994712   0.008820156006 
-2.364957953801   2.218441301413 
 1.845482306870   2.671127644197 
 0.108844310967  -3.272752854780 
-2.836852043864  -1.795059380191 
 3.360198706779  -1.010546281765 
-0.353357453992   3.634787617086 
-1.619936665644  -3.672254702434 
 3.149490888051  -2.603995848205 
-2.076353016922   3.701017505724 
 1.514044997120  -4.070104656312 
 1.313304669827   4.263529607436 
 4.081705515797   1.821561956635 
-4.361486845990  -1.143417057837 
-4.446000587283   1.494250515467 
-3.739310226968   3.323366584721 
 5.141749432914  -1.168338952968 
-1.084924830445  -5.191268639046 
-3.157341035923  -4.338006108486 
 3.016797500067  -4.448574473406 
-0.198589907195   5.389976449819 
 3.716192050431   3.938269154566 
 0.460565226293  -5.511941779805 
 5.536917892859   0.550861532825 
-4.917299156407  -2.668285210326 
-2.478092296117   5.217094123842 
 4.880757720126  -3.221211438386 
 2.745542410433   5.308898970472 
-6.003231505592  -0.480158433820 
-5.257720302951   2.957911133632 
 1.338804528074   5.931194456414 
 5.372690895533   3.036338339965 
-6.145247530789   1.683226552429 
 6.385491248063   1.843869269428 
-3.971460858002   5.551206773769 
-0.686057817758  -6.799672717989 
-4.157961277664  -5.492293734957 
 1.125864315093  -6.884228121578 
 3.717067206713  -5.955707325998 
 7.051913999280   0.405773384514 
-5.557357517653  -4.486525189651 
 4.608921330898   5.607791968066 
 7.177286510863  -1.250467767657 
 0.765225181472   7.320454332598 
-7.346392187637   0.683641067590 
-2.163118942445  -7.066423463524 
 6.729028788718  -3.192208054311 
-2.140286992775   7.148847673732 
-5.524647255968   5.072067579938 
-6.708445321002  -3.472644245795 
 6.977822948474   3.347441169432 
 6.014096672678  -5.068943404348 
 3.242181067910   7.268640620392 
-8.019962353372  -0.964439565875 
-4.058536361206  -7.045294094088 
 7.885334695355   2.046849708170 
-7.513927429967   3.435711684848 
-5.810269188435  -6.072706801996 
 0.471453381580  -8.401501621129 
 6.628693165353   5.235235431243 
-8.237251821569   1.966913387075 
 8.138394881352  -2.572302370579 
 3.087025782741  -7.959460721326 
-5.034393932367   6.992548663137 
-0.431644383077   8.640810854991 
-1.052637809111  -8.782164134440 
 8.836654643788   0.766026009686 
-8.886890524521   0.565733639056 
-8.586717725259  -2.587408478257 
-3.227758804695  -8.627712285976 
-7.752983315605   5.010741319766 
-6.794047857028   6.264622129151 
 4.645073804176  -8.090268435204 
-4.023963144941   8.425417901574 
 6.010811673179  -7.178930973183 
-2.472769147524   9.094162436013 
 2.663546808281   9.079803259906 
-7.421297005474  -5.875517887965 
 4.770277559660   8.209344852483 
 8.082676581983  -5.158137550681 
 9.545459415956  -1.171296376417 
 6.095320061165   7.479407288148 
 8.882195823636   3.825426626874 
-8.690250595345  -4.352471224631 
-5.289312656428  -8.197362765899 
 9.750583422814   2.317329369797 
 1.368378873535   9.961209817986 
-6.721392121975  -7.558939389173 
-9.449518162986   3.875498160488 
-6.326621960238   8.029813279366 
 3.959849535974  -9.437042094919 
-10.182090399934  1.413040275489 
-10.378106095707 -0.575967204902 
 1.589635988122  -10.314505917272
-3.057686335779  -10.216168569946
-4.713462319025  -9.627380675443 
 6.054352164645  -8.928477800708 
-10.573648962369 -2.252838309365 
 8.794822558357   6.416193585038 
 10.926244177150 -0.552886773880 
 4.544782164212   9.956701674549 
-10.243895870635 -3.866679669219 
 6.092317138185   9.099526560806 
-9.295925545733   5.892733956683 
-9.262013915117  -5.997503298785 
 3.085085603394  -10.747939818423
 9.998915435393   5.135583504710 
 9.907860376251  -5.332723002019 
 10.623395988095 -3.718233515779 
-1.043923592806  -11.245152811279
 0.413192765740   11.286676837623
-8.311546156536   7.674206899428 
-5.299916088241   10.039531366587
 2.750064970208   11.093567850211
 8.582663087193  -7.566742812578 
 11.427949001657  0.889790038405 
-2.799505196681   11.120461259995
-1.249072900696   11.459362296613
-11.114179105870  3.272838951137 
-7.249690745725  -9.117112455772 
 11.435133656662 -2.239897719498 
-8.509647937621  -8.190302079492 
 5.642800990487  -10.393935603726
 11.633348035266  2.515301494927 
 8.487178243853   8.422752453175 
 11.282824917845  4.037778757829 
-12.095916892676  0.599113026074 
-10.961182235677 -5.222013297005 
-7.214764189921   9.930976371996 
 10.132948856077 -6.960688861658 
 0.051945765260  -12.320003800827
 7.681089110258  -9.700567081211 
-11.203066901058  5.585822739387 
 6.034393016718   11.016237417627
-5.029264049782   11.516248356241
-12.288373291992 -2.629420042422 
-10.294557548681  7.260842553391 
 10.720607047642  6.635570168763 
 3.377683477734  -12.243643811742
-0.218943865351   12.745690692209
 1.649914276335  -12.680475297699
-12.828038088262 -0.840642177987 
-12.590459628739  2.919789571060 
 9.261922112066  -9.021189222821 
-12.254585784927 -4.289526231822 
 1.748799257682   12.878518699680
-3.130309312235  -12.671200754524
-9.254630890767   9.219882126129 
-6.732854766761  -11.197704910088
 11.597387918616 -6.075335629796 
-4.925246955603  -12.130663828020
-10.683545466204 -7.625054781250 
 13.166835807082  0.552079739265 
-1.591332373423  -13.108986384964
 13.148510066146 -1.261134460992 
 3.534883629049   12.746950324669
 5.032912871066   12.252843722349
 12.403884258839 -4.688914681672 
 8.246478272590   10.551923449638
-13.400678694851  1.614499848612 
 12.118197469133  6.010957084428 
-3.237821911694   13.154588696033
 13.294777342962 -3.126554225906 
-8.975449489053  -10.571454106873
 13.592049067038  2.777562126819 
-0.076216194980  -13.903724428600
 10.441516244314  9.230307646221 
-13.819918377396 -2.165745461762 
 11.713417959107 -7.726160737047 
 9.179345054056  -10.618946257724
-5.121484188674   13.084100312750
-1.505066927396   13.990239240407
 5.533604909729  -12.958839432139
-12.455860388788  6.620737488671 
 6.994824150602   12.272245858080
-12.297774940624 -7.096019235768 
-13.597229411532  4.119026044767 
 7.076922423749  -12.436177928052
-11.072853295368 -9.165825894554 
-6.737871538332   12.697563637496
 0.616992521919   14.365766826606
 3.624204422517  -13.948028723439
-2.866083633248  -14.179480427633
 13.529885467630  5.250248594983 
-14.532011366309  0.084241972778 
 10.565734818698 -9.982201944837 
-9.369103355733   11.141053373250
-7.447928800147  -12.526978120678
 1.836224001435  -14.507411594185
-14.239842695101 -3.825513518263 
 12.555083821565  7.849214143597 
 14.675437683779 -2.165332147777 
 14.805727796673  1.535875965868 
-12.201274505469  8.653988539138 
-1.474993965951  -14.899719188809
 3.882533886126   14.481641328879
-13.976236989244  5.701492874855 
 2.324118078931   14.929187757844
 5.813286943539   13.990417324378
 10.033458334383  11.368587217304
 15.191472453052 -0.557111133738 
-3.863084560950   14.703496256457
 14.701599705461 -3.887750137384 
-8.479500745884   12.625334899930
 13.666590579584 -6.780550926960 
-14.111047875676 -5.870678440458 
-11.429886011125  10.193205382896
-4.561467440929  -14.665946420705
-6.258003331943  -14.045804965783
-0.773074228162   15.500855426699
 8.807017007607  -12.781103297670
-15.315648368844  3.155952845751 
 13.908301391956  7.155006123949 
 5.904783473302  -14.487513721707
 14.987805192062  4.531033904516 
 11.615176670910  10.604715757065
 8.450257782981   13.275842813753
-15.761782296908 -0.990404598989 
-13.639856292393  8.017019763146 
 1.001827981987  -15.799123430112
 12.749378985670  9.455594959380 
 12.144977711928 -10.249090766596
 7.785855819746  -13.912491860093
 15.718580528777  3.133376399889 
-15.980997735182  1.342883981892 
-15.679821897324 -3.396115219020 
-8.713215129129  -13.482846390834
-10.641115190066 -12.034986179207
-12.602323601102 -10.046222333107
-13.630976305948 -8.663715561450 
 3.722841854344  -15.755260313654
-10.169512858461  12.675986493684
-0.655397996929  -16.305773680983
 0.540808738910   16.325128560639
-2.278429204585   16.319513544524
 16.251413125448 -2.842455774424 
-15.806073426015  4.740896549399 
 15.434296103055 -5.907272257732 
 10.262536733078  12.991827196845
-7.462023747881   14.837482739421
 16.675323974090 -1.029941665527 
 15.589707216643  6.059625378332 
 14.175532869674  8.907523672473 
-2.918087697741  -16.513698709909
 11.439642714697 -12.302774160082
 16.787157013419  0.828615622313 
 14.364045618127 -8.748674971984 
 16.194479958880 -4.547576392870 
-4.687015597084  -16.204782857277
 11.777339171359  12.125510848836
 2.193834696174   16.781368792787
