-0.046805269744   0.792292423276 
-1.212814869037  -0.674649652389 
 0.503051857462  -1.492383598327 
-1.882194748322   0.799243169527 
 1.807883874163   1.188970097925 
-0.640367254909  -2.471342470478 
 2.388302844248  -0.902964857992 
 0.214453341613   2.551229526979 
-2.460299374021  -1.601597984688 
-1.303333129111   2.694707906724 
 3.318777408507   0.521056884208 
 2.370199791445  -2.596082622094 
 0.812915056384  -3.497179252521 
 1.722799610355   3.216051221125 
 0.618973397227   4.272823651214 
-2.711168779047  -3.483518314381 
-1.315946224739  -4.309143755657 
 4.341826785720  -1.465608215546 
-4.569158248663  -0.803164040218 
-4.478370073503   1.519825996116 
-2.411996950462   4.126735653058 
 4.794689396548   0.088434751999 
 3.524312212980   3.332030612560 
 2.739864655678  -4.212834718899 
-3.966996700468   3.155637233086 
 0.319527358473  -5.336716661900 
-0.600659043953   5.378178023384 
 5.329365424032   1.548828090129 
 2.787323559627   4.918974783773 
 4.409865646081  -3.682419973090 
 5.902773335727  -1.339569668178 
-2.066168709711   5.732065449068 
 1.453791029794   5.982949085290 
-0.987699882056  -6.090218530770 
-5.325081338713  -3.402833429816 
-3.670287580753   5.149976591541 
-4.256776758337  -4.855048443851 
-5.757687661748   3.088816881996 
 5.974623674474   3.223589693761 
 0.159703062959   6.802588960029 
 3.759976394943  -5.690154276270 
-6.875929416132   0.949433191304 
 4.242862249413   5.518207547448 
-2.763927582979  -6.399042481023 
-5.319331294109   4.751548172321 
 6.582394478761  -2.792579296801 
 7.147952429299   0.858714351863 
 0.072521329873  -7.283792817636 
 2.688315601371  -6.855702304053 
-7.247096512164  -1.416874324456 
-2.129650775761   7.246411129741 
 5.930381273751  -4.866210803804 
 1.614645924697   7.545897409596 
-7.371072208820   2.449756863884 
-1.543668095598  -7.672214920779 
 5.776379725312   5.373760004502 
-4.364239443827  -6.604381433960 
 3.675664905945   7.029145330787 
-6.844118752806  -4.062078262687 
 7.769423043748   2.532893071884 
 1.532599218525  -8.069933067796 
 8.357432377540  -0.670285008002 
-4.443029131311   7.161357575442 
 0.222129000049   8.459420440811 
 5.327657755770  -6.622471768371 
-6.096800461925  -5.930101069960 
-8.548440276457   1.102050276316 
-7.633878442577   4.036143223366 
 4.026348816011  -7.705704161087 
-3.601556781855  -8.002142723551 
 8.690712555489   1.274210438658 
 7.984458344708  -3.817504731573 
-6.440410095102   6.133801417357 
 7.327824521772   5.418793124742 
-9.083776085951  -0.829571577215 
 8.865205632785  -2.348195822488 
 3.177746760620   8.627296968845 
-2.760206096265   8.785374926503 
-1.105296327467  -9.180452736931 
 7.491490810513  -5.642938258353 
 6.685163260098   6.786184419468 
-6.031722357407  -7.497858271083 
 2.322391539647  -9.385057926306 
-7.647331615065  -5.937580257590 
-9.231451664742  -3.178481876398 
 9.225916341140   3.326327206729 
-0.767236723313   9.807472040985 
 9.870030159787  -0.294692978268 
 5.795696824455   8.006019040582 
-8.709117152492  -4.806189878205 
-8.399100822801   5.450275772378 
-9.576227606462   3.053944266037 
-2.943548313104  -9.713312753969 
 0.917085116040  -10.161300427672
 4.005919970162  -9.417792566975 
 1.637984017998   10.214412857831
 7.263580481341  -7.521314251455 
 9.239917805493   4.947741032919 
-4.586872869927  -9.470726190967 
-6.390325610364   8.486228923097 
-4.297441967007   9.716606717856 
-10.634974843530 -0.511883991802 
 10.465227241653  2.003097172583 
 9.360772169819  -5.186446429992 
 3.883600401273   10.009266459433
-2.081875430531   10.596243607167
-10.759262135722  1.000871754138 
 8.483290524824   6.707599808168 
 10.361981000792 -3.135236435180 
 5.919491253998  -9.128644117964 
 10.769774530863 -1.610769775835 
-8.340453655153   7.066373659315 
-10.706359344916 -2.326635268815 
-1.685440787516  -10.845508917627
-6.283953018486  -9.246844081998 
-0.166689947622  -11.204519568830
 8.933608164282  -6.889910207632 
-8.771667128182  -7.106603433733 
-7.696067056249  -8.282606840906 
 3.072998090564  -10.886872952822
-10.066786475257  5.387471938216 
-10.044089029801 -5.585076884334 
 0.126571575390   11.512174916887
-10.794246034638  4.034347841067 
 7.617262270842   8.889829531932 
 1.560085798346  -11.731475541048
-11.663165720440  2.485720722082 
-3.063708450257  -11.555872795781
 5.176325412141   10.861545908695
 4.607810217335  -11.152388511766
 11.299201736549  4.301113465897 
 10.882270642061 -5.399430414355 
-12.145658955721 -0.731175092683 
-6.894624077268   10.029870732947
 7.242231841629  -9.875815385495 
-11.458590517955 -4.344950637156 
 12.347408696666 -0.636849153460 
 12.174110589541 -2.179107880509 
 6.787666376580   10.369402609722
 2.790100935774   12.084441366902
-10.286647483750  6.928528772889 
 9.051645894958  -8.552879103384 
-2.273231662641   12.247810426055
-12.216662016795 -2.629013461057 
 12.450242106393  1.137503352549 
-6.174584431768  -10.914410983994
-1.814355856704  -12.463717641074
-4.021256118254   11.944952727191
 10.656047254595  6.752716672923 
 9.366928654757   8.507014413907 
-7.583150060627  -10.172320322155
-9.555422667172   8.651568154124 
-10.488761347164 -7.526075003549 
 1.492773871117   12.883898025102
-5.845107782662   11.612855010799
-0.351546297121  -13.154027281542
 12.909834857614  2.930618376679 
 3.065096586471  -12.929473911176
-0.735178669816   13.307849170935
 11.276683614842 -7.124826138977 
 1.329830481210  -13.278720986680
 12.384005377057 -5.074770247053 
-5.469580525081  -12.258703936716
 6.120184294439  -11.982388963117
-8.762034592894   10.236766459814
 5.161444748887   12.476692525258
-13.432747974445  1.453460174903 
 8.703551505826   10.359283843262
 13.106188158934 -3.516772420165 
-3.177825751817  -13.270140809264
-10.010887846304 -9.394073917852 
 10.872986953193  8.403573272967 
-7.585538084181   11.484839326281
 6.654878597815   12.056744871952
-12.637680068539  5.509089102687 
-13.198009878874 -4.516586064766 
-12.598362660921 -6.008450355520 
-11.097612252997  8.479833185185 
 7.785131667418  -11.608695960262
-13.910696057651 -1.893679013374 
-7.132333540551  -12.098216716240
-4.930183143565   13.176583773076
 9.997642430808  -9.962251664775 
 13.039109653205  5.496233522830 
 14.069608645944  1.549634016995 
-8.732803394353  -11.199672246597
-2.453397305009   14.036061185289
-1.617446462665  -14.161821081432
 4.540133821330  -13.535451670725
 14.279363129421 -0.431979354930 
-12.370195975748  7.184027361620 
-10.462515458964  9.892379464067 
 12.402172727224  7.327437970653 
-13.893624619241  3.974461437527 
-14.453588680856  0.293409748497 
 0.161990633757   14.536934695335
-11.959925403305 -8.298329475170 
 14.028531773469  4.023014107521 
-4.778824239389  -13.883289854753
 12.956629241884 -7.452173630399 
 13.881595083466 -5.558940770226 
 3.667948688963   14.500654254731
 14.609115388050 -3.349783914106 
-14.563108535962 -3.582590428871 
-14.936548775942  1.946899361950 
 6.787643292452  -13.464713191132
-9.517598960430   11.704924318927
 14.996950787224 -1.886961321687 
 8.640451382598   12.429397904340
 11.884707035356 -9.423934758974 
 10.692766760710  10.807935373288
-6.480520374643   13.780092396817
-2.909933005286  -14.964958488616
 2.082591515451   15.126078364654
 5.308888280157   14.328432631358
-0.351421300432  -15.319865812049
-1.548902873419   15.312549389288
 1.669914088480  -15.306788976650
 7.385695560730   13.540078510852
 15.453254106784  0.610648150626 
-10.646286890195 -11.303503143962
-3.535907147500   15.146414144426
 10.550454234215 -11.531310023931
-12.376725048552  9.562013212817 
 14.430568440070  6.079047277661 
-12.062185958899 -10.008071253068
 3.423809487367  -15.360845448212
 15.510965382985  2.679781233862 
-8.611741463975   13.201560890023
-15.624286340423 -2.325203357322 
 4.981143037290  -15.001207207125
-15.818044482891 -0.402544325355 
-7.274124459532  -14.074052838826
-14.377592769071 -6.741968012789 
 0.805898094534   15.947995787295
 15.227430185213 -4.842654812095 
 13.425697293907  8.674226731682 
 10.350586357522  12.286950575224
 16.056770554209 -0.768621830733 
-9.391788070010  -13.071194561479
-13.470322704619 -8.851577311004 
-14.976156728109  6.154085543437 
 9.436480090141  -13.227579327708
-11.276349045629  11.743337796216
-5.980734069138  -15.145562505979
-15.552039019924 -4.854826916131 
 14.600680214163 -7.576950592709 
-16.137544993029  3.260171150303 
 12.844463717983  10.405898685402
 6.631082823564   15.171906690239
 16.318768045493 -2.891835611392 
-1.968223792600  -16.497416850757
-14.294704028899  8.518640726074 
 13.800668211587 -9.497141801408 
 2.337616031622   16.616160203859
 8.532134520077   14.511823332797
