-0.002351989264   0.656996146970 
 0.341310004329  -1.211018620685 
-2.147293906821  -0.394703524262 
 2.192118369072   0.755464829662 
-2.014037132202   1.448904294192 
 0.219103885421   2.733678829759 
 1.208671028459  -2.590201435249 
 2.994867712863  -0.615780602604 
 1.770647101318   2.709349225694 
-1.563659623169   3.034495174558 
-1.889732157730  -2.894798199145 
 3.360750129181   1.777010315654 
-3.794609902978  -0.374607641892 
 0.112097698695  -3.926204173636 
-3.849110874349   1.682921457442 
 3.380051695648  -2.931945160712 
-0.811873489848   4.451769976373 
 0.916414607203   4.432137143768 
-1.420323300529  -4.335944944259 
 2.459591405943   4.169052352189 
 4.886098319784  -0.328069066788 
-4.600632830121  -1.886748093908 
 2.511741025761  -4.623478490867 
-5.272303262406   0.704542129100 
-4.197087576962  -3.345533111033 
 0.529088240990  -5.487258761345 
-3.341100036997   4.568925880160 
-3.298165593795  -4.722158497834 
 4.075231388721   4.185763085327 
 5.696245206103   1.677427041960 
-5.915790261925  -0.797509641045 
 4.589298570737  -3.857158534195 
 5.770598307328  -1.706550180484 
 1.945592296775   5.733976281406 
-1.970310542575  -6.029014746723 
-6.082428047793   2.263482715325 
-5.290605296394   3.810256847558 
-1.024435099398   6.508110662915 
 6.611801461363  -0.066526373221 
 3.858099118186  -5.697628953610 
-2.726301672588   6.360318441846 
-5.121936199058  -4.926454127349 
 6.100728040523  -3.660496391593 
 4.210677274456   5.751361011980 
 2.362775717435  -6.734369253286 
-7.188461908874   0.832597940091 
 5.614642257093   4.906386993515 
 0.114427842483  -7.510128144024 
 6.535974796440   3.718589409668 
 1.491656088095   7.376704595113 
-4.816661812606   5.796783989787 
-6.853549424656  -3.428779810525 
-6.566143360693   4.717913884629 
-8.087505269283  -0.598852536130 
-0.236597624621   8.155790445182 
 5.852943296708  -5.841797567952 
 1.856057117591  -8.224625921241 
-4.498089115295  -7.173720616649 
 4.764792953746  -7.031970173040 
-4.137097631115   7.461631666033 
 8.207002202975   2.400521608222 
 8.150086414222  -2.641965089558 
 2.804148775951   8.218905122708 
-6.693819249662  -5.571861007583 
-8.433476812463   2.227147896435 
 4.279329178193   7.649536771492 
 7.117517379407   5.145442129385 
-7.984080725796   3.672542372148 
-2.531348540328   8.442036938007 
 7.772834513302  -4.225224559622 
-1.769739934836  -8.744893483203 
 8.942344865963   0.711120087207 
-3.306376544541  -8.356602604931 
-6.539943063973   6.220052343659 
-9.107152892043   0.858678306562 
-8.616676479529  -3.303867148884 
 1.553852907041   9.126377078347 
 6.506265920949   6.652136196466 
 9.271985837091  -1.268901216078 
-0.285991709354  -9.567795520167 
 3.387838917195  -9.046585606765 
 7.172224675695  -6.633692578070 
 1.924764291996  -9.737951884126 
-5.145803679824   8.581429161736 
 0.326932458909   10.000993623254
-3.723662238719   9.357221868735 
-10.008690505638 -1.268379785047 
 9.205848967632   4.200025812599 
 5.016601859787  -8.963754346822 
-8.151902448777   6.281922326105 
-9.347721954115   4.366015325508 
-7.507071062521  -7.096422547213 
 9.550591564659  -4.093183205053 
-2.218061784001  -10.202215057848
 8.725436628079   5.781345034797 
-8.808070907462  -5.774777606929 
 6.751252862436  -8.098107542133 
-10.148404769277  3.096706829308 
-2.016312438069   10.429906895177
-7.234185918677   7.829348629294 
 4.227203506968   9.831076810298 
 10.710266904453  0.966037435579 
 8.747919626122  -6.277480827884 
 7.288675196722   7.944439543079 
 6.042734153837   8.969214928848 
-6.457857179239  -8.706420192026 
-4.357155876066  -10.055583808781
-10.107567455686 -4.700109463690 
-11.161826729044 -0.188643873992 
 10.920511187306 -2.535651673966 
 2.535357563921   11.086552528852
 1.845831523650  -11.266400336994
 11.125566095066  2.571417412344 
 8.829871405287   7.327303360952 
-0.908963926960  -11.442103766086
 11.454719831137 -0.751830272485 
 8.325739590984  -7.920979983856 
-11.441056219742  1.593429652868 
-11.478652339860 -1.787029480668 
 10.988287990667  4.168525506338 
 6.353836474405  -9.888793996815 
-10.489021391904  5.344852083141 
-0.159471654789   11.802573919826
 4.224322734366  -11.089971562144
-11.492465780004 -3.591501322191 
-9.616286652769   7.320160498282 
-4.131019759407   11.367761613334
-10.201996373656 -6.515538982655 
-6.391228093565  -10.294086064180
-2.515598924782  -11.861668311550
 10.491739936606  6.116730084842 
-7.401550347384   9.884828077564 
 11.227620301737 -5.158940972176 
 7.476732209364   10.004328980957
 0.694463467149  -12.490972503115
-8.807067915672  -8.979239295438 
 10.685018817491 -6.668209987228 
-11.868347759253  4.325844522546 
 6.116113233944   11.127807823592
 9.172335153990   8.892477964341 
-1.729987782890   12.681740947736
-11.503868149008 -5.768317527272 
 12.785678969825  1.711700737694 
 8.670159276523  -9.586389319481 
 13.012782386875 -0.112273021907 
 4.655565901061   12.153212711414
-9.178806108804   9.250615095190 
 5.962811632550  -11.637233020141
-6.153637059013   11.562028254450
 10.425816440443  8.022888901909 
-12.956650114882  3.129360084054 
 12.006558397468  5.836485483465 
 13.228892840346 -1.977156817301 
 12.824181612619 -3.841656992642 
-13.204236870864 -2.217112158685 
 4.518579139760  -12.678829488794
-3.262231068101   13.073208006402
-13.464899804194 -0.693754125795 
-4.665906251839  -12.656701881515
-13.439273285533  1.197526527499 
-7.823082885835  -11.029144587393
 2.129651323930  -13.436835474274
-4.892257966054   12.763812963285
 12.907027095620  4.511348872896 
-0.637545180343  -13.667879588889
 10.556729081378 -8.797930211841 
 0.803890458238   13.769263036430
-3.064014631327  -13.465625938933
-10.422995359735 -9.082286767130 
-12.544106895995  5.859802832998 
 12.461386608531 -6.140368469347 
-11.754576052179 -7.413054267095 
-6.526768925948  -12.300125084728
-8.783571348372   10.852711777330
 11.916573469744  7.352236212193 
-10.754082321472  8.973474313244 
-9.286561089691  -10.525181373183
 13.711149382874  3.017590232358 
 8.748643474899   10.998169584231
 2.605914060903   13.810470222228
-11.912516151872  7.620729864180 
 7.475450213755   12.042649973561
 4.155691202429   13.570547151637
 8.332597578234  -11.714112155855
-13.731132242074  4.600863635579 
 14.466938324319  1.019838517689 
 10.236882556181  10.293181896685
-0.834984649293   14.578017698799
-13.666273725177 -5.166812720357 
 11.627496363431  8.985243788110 
 6.433400390118  -13.298943705452
 14.595568762467 -2.638105143656 
-1.806890318571  -14.767394344244
-14.656672978513 -2.880812802713 
-7.048346750552   13.199602668370
-3.970480909970   14.463994452706
 1.820017674455  -14.926034699063
-5.105955157846  -14.157177677269
-8.793447374137  -12.244759110005
 6.682742034176   13.523212137973
 14.124663154436 -5.346945993478 
 12.297097824461 -8.780395856988 
 15.106275629070 -0.529753967284 
 14.489906128613  4.317181944625 
 4.258819897685  -14.527154952506
-15.150401637503 -1.061384305978 
-10.835165611345  10.670335817103
-2.447238753896   15.077888082694
-14.895118445139  3.404849135308 
-5.571640913655   14.290336774251
 3.607339525442   14.982450414263
-9.916892697090   11.865240345591
-15.468361852128  0.478054156848 
-11.006124240536 -10.968327417400
 1.317565087732   15.494658287866
-15.439294740915  1.996351964599 
-13.525475467437 -7.731356579129 
-7.879746728583  -13.444967503490
 11.206655078649 -10.829182699458
 9.684950138065   12.214451691938
-8.590898390435   13.017188442979
 15.362138033156  2.871717638986 
-12.767249531870 -9.061765964913 
-12.253737555899  9.747713030414 
 13.756007322591  7.544066492058 
 10.038295266020 -12.057352406498
-14.224527318713  6.703248921367 
 5.604112276062   14.736615272815
-0.595579034978  -15.826901761019
 15.333649021512 -4.029692547092 
-13.650904587423  8.182742538131 
-15.255843610418 -4.847615226377 
-0.209084675062   16.074547082326
 14.484356210067 -6.985411749620 
-3.459792087193  -15.721794042109
 16.107910791238  0.644539069149 
 9.124149265911  -13.351973285039
 13.849720545112 -8.370084327699 
-15.232051379217  5.486072249171 
-10.395436233598 -12.517360663234
 11.611973508253  11.436629159388
-16.113780555721 -2.502597641252 
 8.129795653111   14.138096179652
 15.358402478143  5.766269832168 
 16.410768050812 -1.563793041867 
 13.192407742247  10.024470334181
-8.057311355019   14.494785117716
 2.578192717072   16.412695139674
-6.814247326776  -15.194886224453
-9.490006007407  -13.727482575079
 4.125553646626  -16.181614728576
-15.430167054782 -6.450851274068 
-4.361653434744   16.160722601418
-5.078519822974  -15.951750582273
-2.706873957914   16.572391609483
 6.978667298090  -15.274423462414
