 0.070809695806  -0.376909090653 
 0.989173873501   0.890831252686 
-0.796863123228   1.163646915640 
-1.464501566370  -0.529770306264 
-0.787575047026  -1.916574090424 
-2.370076214411   0.728301699452 
 2.646375537525  -1.407961300833 
-0.251168154086   2.995039645767 
 1.279007518351  -2.730166960809 
-1.933898262321   2.330130891753 
 3.013541490832   1.035643207971 
-3.197731009685  -0.715733796392 
-3.859602793067   1.018880746561 
 1.166556816384   3.943282726467 
 3.132425145099   2.714287581702 
-1.789227091675   3.978758116362 
-1.202265575559  -4.210585179631 
-3.904339080866  -2.148212795384 
-2.958135963906  -3.422560353316 
 0.557742696459  -4.539712210097 
-3.234893290007   3.275318873707 
 4.913372057469  -0.484556564926 
 3.592915419149  -3.467595784482 
 2.924093116183   4.228309593343 
 2.189765369911  -4.748050304631 
 1.730079154044   5.358700352985 
-0.595622298435   5.638748461817 
-5.763636791859  -0.577692631397 
 5.431259984394   2.060055325348 
-2.516777093084  -5.262827867663 
-5.131300303055   3.019180112942 
 4.488571795705   3.953212165924 
 5.598443377300  -2.400476528119 
-5.684489924010  -2.429411033514 
-4.098773187847  -4.662406563500 
-3.004162359272   5.497347129131 
 5.053266142987  -3.811335608066 
 6.540321771142  -1.201403629610 
-6.501952743623   1.605339030067 
-1.379297053737  -6.565538310782 
 3.585515817069  -5.833802893439 
-4.713876846671   4.970144427407 
 3.294439707260   6.084489284195 
 0.654658815741  -6.955356568487 
 2.208108898862  -6.836477870007 
 1.433392963483   7.116461302928 
 7.350631693559   0.542061336180 
-7.243375731823  -1.901739838094 
-0.645483610023   7.512415813590 
-6.129399846027  -4.447390768991 
 6.169837019076   4.711586366800 
 7.274043575775  -2.741768102555 
-7.923162938685   1.060714551908 
 6.610321954259  -4.542933861606 
-3.250367350415   7.368214570707 
-5.365759789918  -6.008466029743 
 7.770954395219   2.224664487532 
-7.314312588840  -3.466431171274 
-2.512526905287  -7.744762138652 
 5.792500990705  -5.832903386307 
-8.269118440682  -0.462577903369 
 4.510318984331  -7.037471444265 
-4.185190794696  -7.241069343173 
 3.659308743890   7.632255914055 
 0.539424452068   8.447009712657 
-7.741005767594   3.429760620732 
-5.030721785498   6.887809071497 
 5.907015152458   6.209521197099 
-0.435962819460  -8.570622058672 
 3.026987054428  -8.094354544181 
-6.847847199693   5.695812128308 
 9.149076121420  -0.134062298800 
 7.746062303346   4.935663691027 
-2.165054701786   8.959993884390 
-7.229450612458  -5.722513621574 
 8.363733191709  -3.946607771454 
-8.832185641828  -3.183264647582 
 1.949941643564  -9.259793989325 
 7.466732328698  -5.863902974036 
-9.492493224628   0.665261314537 
 9.271923068399   2.250816584357 
-5.644868188405  -7.761910569358 
 9.341978372893  -2.359164351224 
 5.442670120084   8.007068433531 
 1.526104893973   9.601987172459 
-8.313503272620   5.048659912005 
-9.732718190699  -1.027552264491 
 3.509540463570   9.242629185884 
 4.723664026427  -8.710660789163 
-9.669051903486   2.210441979055 
-2.617494308998  -9.607580157328 
-1.179778934869  -10.036610017703
-6.543112388899   7.744284998218 
-7.098688489280  -7.249017354799 
-4.616402109569  -9.077074546563 
-3.879667828179   9.486829867639 
-0.977906296520   10.211812711921
-8.760838518003  -5.557968010972 
 6.548355861457  -8.180010559574 
-8.027839845336   6.745132211979 
 9.799261048218   3.843472902333 
-9.694690351230   4.146987535675 
-5.392066102080   9.106484539927 
 10.569887514039 -0.807284616697 
 1.189574385375  -10.648080319150
 7.643803483451   7.746747900049 
 9.657510574271   5.375874347486 
 2.409915111062   10.841091980354
-10.765610561243 -2.772217508926 
 10.836372384992 -2.594413405620 
 9.431049763845  -6.028286929940 
-6.532308194147  -9.136267399617 
 6.332369556089   9.307877523587 
 4.979001215624   10.125397753316
 2.891570780272  -10.937130893397
-9.734418314660   5.838013660166 
-11.320819905768  0.873534686852 
-2.523827511402   11.115831624230
-10.553476438700 -4.374639488626 
 9.065282297766   6.980197628983 
-0.323654336533  -11.493227336092
-1.927898917595  -11.572607012696
 6.388009087825  -9.851309145311 
 8.473916860231  -8.152344609070 
-11.726433963011 -0.978447101963 
-11.519350969253  2.493260927891 
-4.033007774487  -11.085371397912
 11.802182232074  0.722687751290 
-10.447110098469 -5.923777413017 
-8.680039255252   8.379083208764 
 11.338171656971 -4.366195895302 
-8.391052274276  -8.805467852848 
 3.780110438348   11.587214456907
 7.906903188244   9.299567842593 
-5.783492177242   10.854063407750
 11.481840075843  4.507926549782 
 0.308295818353   12.349874469927
 12.336824402289 -0.692330747534 
-5.591151927918  -11.111472759702
 12.240388556962  2.718960648511 
 12.340957734013 -2.632907816166 
 4.631139493803  -11.775633259378
-9.850889471340  -7.956048321117 
 2.243906168244  -12.462924027924
-7.376211277410   10.363342422313
-10.216773957326  7.580487193429 
-1.816708512264   12.645411095376
-7.533705901418  -10.368468404025
-12.388650777581 -3.373993103281 
-3.998602158456   12.210921791363
 8.423072635607  -9.728499174248 
 6.194235473155   11.334829889292
-12.854952861209  1.555914859439 
-3.466200104720  -12.643494689165
 9.442996769022   9.200553800201 
-12.130107489071  5.168294722995 
 11.194190503615 -7.050239771072 
 13.305341758193  0.921379043119 
 1.530439838260   13.249906971509
 10.069903298039 -8.822839452604 
 1.066438516938  -13.430915127096
-11.610249407783 -6.926105454150 
-1.608714345442  -13.432260788746
 3.728626228938  -13.063343878192
-9.229315085978   9.989406992386 
 11.449383140530  7.432124088628 
 8.111650589564   11.023819150411
-12.555313443356 -5.476261412909 
-6.895710154705  -11.852548756779
-13.620282683358 -1.683054791792 
-13.246548020871  3.633112012365 
 12.639742804138 -5.535997008681 
 13.711834168720 -1.606172873233 
-13.864609321660  0.088161291124 
 7.798747689576  -11.529875952933
-9.304447306766  -10.354873333797
-6.606077620847   12.278343375103
-12.266389854760  6.674941029520 
-5.055266205447  -13.018194268731
 3.576073985018   13.500722561880
-0.181525474855   13.969903186582
 13.554350599581  3.949741349863 
 6.766619134701  -12.640600227182
 12.893576501854  6.393431979987 
-14.307372671441  2.103064679475 
-8.436146711000  -11.756065708818
-13.835251604034 -4.404632292360 
 13.976836346609 -3.966774281267 
 5.082279531349   13.672193573212
 11.237013033075  9.369075341901 
-2.977950483636   14.349945080836
-11.844171387147 -8.847040806332 
 10.295430224763  10.614411955078
-11.043698178108  9.890740904527 
 9.616909371677  -11.335090522322
-2.522095024159  -14.670143344361
 14.860572438338  1.040963504498 
-13.757976712535  5.798422726686 
 11.872298296515 -9.136976432019 
 8.344972550283   12.528093328822
 5.140945020912  -14.175931915996
 6.704834672247   13.516240947068
 14.802974320281  2.971365332226 
 15.094724324254 -0.597052533349 
-8.454367050428   12.532276471066
 1.736861916958  -15.022529934498
 2.169614457091   15.000583399802
-1.096515257771  -15.197926116577
-9.788091656467   11.691613452224
 15.127266123934 -2.240658226865 
-1.186977786141   15.330046138102
 13.585796330424 -7.202416754975 
 14.500292688184  5.165629404407 
-4.814510024609   14.643064655143
-15.441391759099 -0.318977273599 
-15.220532185010 -2.693675574216 
 0.553615826610   15.454112356983
-14.972392165350  3.898181308935 
-14.259067259216 -6.065100531587 
-12.845638913057  8.694733624002 
-13.412103180288 -7.901668217585 
 9.911673172024   12.124809822933
 3.935516136698   15.184043620683
 6.760946756655  -14.161459668179
-6.516848072596   14.343854853910
-10.161035229326 -12.086596667174
-13.880427658286  7.580261992372 
-3.894870358826  -15.342588144044
 8.200869921537  -13.616208733735
-5.561568379463  -14.930821207871
-7.479236449000  -14.093383177444
-15.429951881630 -4.289156899047 
-11.306711494441  11.382088830693
 3.607630055557  -15.640794472041
-11.747744211328 -10.954032804499
-8.989034002452  -13.418340383509
 12.283939604974  10.609609507004
 14.257183284303  7.833653672538 
 12.130185059569 -10.848730476431
 13.289751530654  9.399693844701 
 14.933169402416 -6.482689891737 
-3.058483414478   16.014006928201
-13.213707189330 -9.580866830921 
 15.670628726704 -5.143069627904 
 5.788322364402   15.451027012135
 16.333910576531  2.339272357296 
 13.440739992611 -9.691917700769 
-9.651771332328   13.470012556215
-15.736760187944  5.290871696011 
-12.797448845630  10.585358856080
-2.687626444064  -16.390789107293
 1.845195248721   16.514670270425
-15.192637309097  6.732814374913 
 10.952822800332 -12.569765141618
 0.631433422958  -16.701387459671
 6.090794258982  -15.588918157749
