-0.409401138129  -0.126594675947 
 1.439294710734  -0.594043102161 
 1.417586949905   0.935430082058 
-1.052204606044   1.510095195129 
-0.565726711087  -1.944936274059 
-2.083697421955   0.389347045395 
 0.328587113583   2.139131982425 
 1.078108294689  -2.064597808329 
-2.061319152053  -1.294331400660 
 2.196749498426   2.265029426293 
 3.037486568457  -1.194083130054 
-3.453873553332  -0.534439835575 
 3.437615110260   0.908623980543 
-2.254753363014   2.864479464109 
 0.325976855653  -3.671812732862 
-2.129496961612  -3.168800798065 
-0.112458556046   4.101898712280 
 3.748409961210   2.653493144245 
-4.248697882072   1.808633805554 
 1.797261056321   4.289052795305 
 4.686640123171  -1.005335940023 
 1.737841697410  -4.665454267573 
-1.624468770693   4.728134754220 
-4.661530811318  -1.810509891197 
-1.594609798653  -4.759939449054 
-5.049964934002  -0.136068202884 
 4.264359846796  -2.722387796760 
 3.197671757535  -4.100810258729 
-3.981767441971   3.489215911827 
 5.263551445235   1.288069834419 
-4.494753041401  -3.768299518712 
 0.075089451218  -6.006733220418 
-5.754874756095   1.995163850514 
 3.241916845664   5.161849451746 
 4.456751896768   4.242775726846 
 4.728232305742  -4.366779637396 
-3.842473904917  -5.179163776352 
 5.846370151143  -2.979778513174 
-6.647820616429   0.374210144935 
 0.307250340479   6.686047578842 
-2.719278088100   6.166760611094 
-6.600800771270  -1.600552427252 
-5.198458398168   4.540047542132 
 6.568904033766   2.329761002055 
-2.911798144244  -6.374107374534 
 3.211622842164  -6.239616007593 
 6.967250299597  -0.920086698206 
 2.086174181380   6.734184249931 
-1.067068642581  -7.169264418161 
 1.058657721848  -7.193508643583 
-1.478317306428   7.428775467661 
 7.337650384418  -2.550756073686 
-7.183781219788  -3.145098023054 
-4.795860877694   6.216221788543 
 4.856183252280   6.206856227837 
-5.510099389366  -5.761804736143 
-7.660097863815   2.265026951868 
 7.951271751073   0.908001407377 
-6.598805742527  -4.681989949229 
 4.993977651276  -6.527703457394 
 6.349896877657   5.252837855732 
-3.526285132910   7.486106868183 
 7.382899842677   4.153127418668 
 2.736890868046  -8.037165330360 
 6.842812736209  -5.121894901603 
-7.711026166885   3.800050860724 
-4.466202543151  -7.356458954858 
-0.219613198682  -8.651368143282 
-8.676819943628   0.293463377597 
 2.370894533126   8.397964510012 
-3.140984733281  -8.325569093163 
 8.457534488725   3.079357413201 
-6.918068131534   5.832582051878 
 4.422962515718  -7.936824851467 
-1.380548802661   8.986852747696 
 1.451856715512  -8.988395903832 
 8.973349581417  -1.614726469320 
 1.029888078548   9.206865525212 
-8.715205325386  -3.168373174418 
-9.190113755911  -1.426135694244 
-5.392192536977   7.625394308376 
 8.733759444894  -3.522867950200 
 6.154578818643   7.244166988554 
 4.707933032294   8.310102448093 
 9.398633625721   1.871309776712 
-9.358927510072   2.117295448991 
-7.959338888332  -5.828626182362 
 6.137962241789  -7.798138878974 
 8.429695369306  -5.469259156343 
 3.603892864476   9.459823146768 
-0.868863497522  -10.110408380412
-2.841049514206   9.772752408898 
 10.171206562676  0.471135380363 
-5.100168776037  -8.866648767996 
 8.738918492122   5.605317864247 
-10.386290012356 -0.404189249630 
 7.779524048355  -7.069934661394 
-2.747576142020  -10.197436812769
-6.994554528865  -7.937483462112 
 4.447417244457  -9.605068692906 
 10.119290635172  3.203615399657 
 0.700954157211  -10.604775837599
 8.046227938175   6.958748651539 
-9.379311551770  -5.186472487833 
-5.673525490792   9.132897355222 
-9.823449170294   4.605415689438 
-8.902667667753   6.355293656013 
 0.437363571941   10.987364388471
 10.900036638488 -1.960362263548 
-10.518326415417 -3.780388429767 
-10.943996465936  2.466074955351 
 10.218380520708  4.817694268810 
-11.333564807837  0.978016434805 
 10.463428163255 -4.534678279460 
-11.222821636227 -2.182482503267 
 3.192555091265  -10.988901035035
-8.564937365335  -7.686110778008 
-7.803385824556   8.550725674270 
 9.866822480484  -6.070063154579 
 11.502969831883  1.441379036370 
 6.069282543778   9.926423823823 
-1.341385973729  -11.572673755660
 7.464079668391   8.954895724625 
-3.367183181161   11.178793329138
 4.341616113582   10.922141766135
 7.662936661111  -8.960498577889 
 2.095522055515   11.827453054638
 12.009978215588 -0.302457631299 
-1.494950273233   11.958096210981
-8.009431560098  -9.086973536046 
-10.580323872378  5.957371346416 
-12.137419527437 -0.704992433032 
 11.505610968798  3.987691094620 
-5.020376243574   11.142877418433
 6.424453076079  -10.521097502130
-11.796831184094  3.701165986150 
-4.257543863047  -11.628132677863
-6.791137040535   10.658002872331
-0.218290185708  -12.739317800594
 10.375485229759  7.481581618504 
-12.836566194972  0.731904586627 
 12.540362348983 -2.901166758906 
-6.142068081501  -11.319758583890
-11.740134635994 -5.299888461866 
 11.399571233315 -6.043567397303 
 9.519115372553   8.735833535938 
 1.451315385415  -12.854764620432
-10.964312481627 -6.873025137609 
-9.373679710784   8.923975658854 
 0.321638549072   12.939917589587
 3.865335208905   12.387422363682
-12.858397563514 -2.203630461876 
 9.765782681403  -8.741370202666 
-2.670453280231  -12.876600071892
 7.103547359114   11.068591060090
 11.011925956066 -7.600964444034 
 13.380432260815  0.741399692708 
-2.480123853908   13.207647463237
-13.293833039449  2.365514297772 
-7.781190171237  -11.035695627239
 5.191952737620  -12.465159800247
-8.371758318720   10.668190210414
 13.537922960046 -0.819208129740 
 12.189878315881  6.274442436711 
-10.677542845866 -8.614777174910 
-12.798943151807  5.149509415189 
-9.732129114710  -9.813204655668 
 5.981304231297   12.472226986690
 13.515823692435  2.967767403235 
-5.398626193918  -12.768693178254
-12.020928144624  6.917229817868 
 2.787959693499   13.638869266401
-11.030255219401  8.503248275328 
-13.381949550905 -4.087528254626 
 13.168163894117 -4.896428148000 
 8.733543879518   11.028172641945
 7.365210227008  -12.024893701955
 9.537529865411  -10.462322951352
-6.642351975315   12.508810739360
 3.078189660539  -13.840992875110
-14.207431399364  0.081812638645 
-0.895799429942  -14.440884907820
-12.323532217504 -7.624917073582 
-0.771642788643   14.473786342528
-4.381864587097   13.818028877210
 11.218744956051  9.287661940049 
-9.923856355022   10.702453717098
 13.023957818349 -6.595277082434 
-6.986709979075  -12.832360676508
 10.982491621488 -9.660148595641 
-2.730226608352  -14.403953250325
-14.633937905980 -1.470250443792 
-13.338898431275 -6.216834142898 
-4.536689875517  -14.091364431276
 14.685854429245 -1.891694689596 
 14.851256901660  1.720558574305 
-2.285625825071   14.799869262913
-14.710061778609  2.914849866892 
 14.585641064020 -3.527185398998 
-8.639628164109   12.324955932945
 5.122895055374  -14.227460135076
 14.155538570161  5.375815978634 
 10.656049327970  10.772085338221
-12.715990353492  8.340323334631 
 12.834907307022 -8.164468061764 
 4.757479052884   14.454513129901
-11.671077657706  9.942872187815 
 1.825056798314  -15.271828017946
-15.320796761703  1.433288688419 
 13.701595945173  7.014314248630 
-14.553510130083 -5.188818039426 
-6.131685943559  -14.186836150771
 12.892531911836  8.616732665051 
-11.510070288356 -10.465757514320
 15.661313206559 -0.508218531005 
 8.191546894435  -13.396359783020
-0.183310396529  -15.766181968593
-15.784084086657 -0.472626701080 
-10.077913497254 -12.165444856223
-12.904609426632 -9.128963995208 
-1.968085851692  -15.720935778600
-15.239653731634  4.338723991247 
-8.780667967665  -13.192796468395
 15.325833247476  4.156268952701 
 1.057011113209   15.853218750348
 8.866116135122   13.200235373603
 6.761237245026  -14.430953872856
 3.446417829854  -15.593952036821
 9.917088055727  -12.590054262082
 7.226598090587   14.355414228836
 10.258704939918  12.375822967017
-3.569170502129  -15.703267229301
-15.870902157081 -2.804779764490 
 14.351072079004 -7.363376149042 
 12.629475647042 -10.069784657838
-14.265937121602 -7.713852601368 
-6.051307425758   15.143502464998
-14.943192994724  6.784488038600 
-1.151240209306   16.431812138645
-10.425365127246  12.882400107673
 15.451227304647 -6.014158716350 
-7.667278280430   14.701576511088
 11.480356485331 -12.004236193961
 16.500159195716 -2.074223874802 
-15.323073578889 -6.496289748235 
 2.930847893859   16.385682390174
-11.947243135415  11.610809612818
-2.918040052691   16.441157185219
-16.820029148621  0.639626925046 
-13.992639013365  9.358783546759 
-9.319363867052   14.019305273605
 14.136885873291 -9.191094542760 
-16.127986674255 -5.021083312450 
 1.483563197688  -16.863625732822
-13.161652600973  10.693704060465
-5.119051903829  -16.180127241269
