 0.511146137678   0.040147844047 
-1.137512149785   0.351668499522 
-0.800967977933  -1.263851108143 
-0.193314775476   1.674668992813 
 2.086975505460  -0.734760505521 
 0.125197054110  -2.464996031747 
-2.531292536074  -1.422734942052 
 1.857820789630  -2.348634881880 
-2.069595807860   2.290996169586 
 2.428659564839   2.191640758833 
 3.406550664709   0.018480075731 
-3.397554520303   1.070706477187 
-2.184040247760  -2.915794034686 
-1.069398819440   3.504044224213 
-0.836720276106  -3.684009814879 
 0.676286224945   3.765092509016 
-3.695387154577  -2.483256698632 
 4.060194331184  -2.026484087917 
 3.070518453946  -3.487645661308 
-4.766027181821  -0.099490155953 
 3.472475698732   3.429411563209 
 0.511232423444  -4.874171587997 
 4.903712868968   0.946517149712 
-2.003040530352   4.808837854762 
-2.771013848012  -4.449902139192 
 5.479903930294  -0.592501718072 
 2.789346651629   4.825423238109 
-5.196708940609   2.068956762676 
-4.147879936134   3.767233320905 
-5.592770549895  -1.485039325523 
-0.014901052427   5.858060353193 
 1.840178961458  -5.574478726800 
-1.376003698092  -5.883098548020 
 5.077858140429   3.429118424501 
 4.426051317305  -4.446180154615 
 5.897900611718  -2.370981220764 
-6.469790697224  -0.158383659783 
-4.141136548633  -5.080110415093 
 6.524232851095   1.152525930837 
-2.953919916569   5.974484708750 
-0.034580838899  -6.759370491778 
-5.607967262029  -3.831673528473 
-5.377728017086   4.703337554175 
 1.973279463066   6.907132626915 
-7.025679842189   1.667473544962 
 5.957622749874  -4.081219091722 
 5.002730409880   5.295793956020 
 6.833220492736   2.640990758601 
-1.785195967272   7.130954892848 
 3.722477489186   6.341600423366 
 7.345706147317  -0.668376814984 
 4.080611576934  -6.154735881779 
-6.538553637475   3.719400668872 
-7.629427161232  -1.567787755035 
 7.254148814149  -3.163362877183 
-7.954205018355   0.189302051916 
-4.264727611016  -6.744132648930 
 2.022261898928  -7.763392898160 
-5.198606424518   6.204334022653 
 5.883941221500  -5.644989259825 
-7.508099544302  -3.249787129021 
-2.829327399818  -7.696198354088 
 1.050125998770   8.168219633645 
 0.477868139107  -8.282557821259 
 8.206055364571   1.660115942908 
-6.997049648378  -4.794081458513 
-4.059164734226   7.457697286944 
-0.720691794242   8.501942038279 
 5.201031965093   6.900165984998 
 7.545546153489   4.290624580845 
-6.202483474385  -6.073150114205 
 3.347685649838   8.071709581273 
-2.447415033048   8.487432923571 
-8.740693345687   1.892942805897 
 6.580865754779   6.198962943333 
 7.577491392352  -5.081583475790 
-7.539546834443   5.150309072310 
 9.260871762379   0.069952272928 
-1.564161954360  -9.191165938001 
-8.588279916059   3.694912654358 
-6.707405218543   6.595576376735 
 4.033691417991  -8.621448362886 
-9.449523022096  -1.524573873952 
 6.406288554133  -7.123096516346 
 9.417557356733  -2.211007889673 
 1.304720233402  -9.643258847244 
 2.025153633667   9.634924699975 
-8.624138303593  -4.974257200866 
 8.139085170824   5.800315265020 
-7.795996726817  -6.395516037834 
 4.974179536765   8.778029015078 
 9.835257044259   2.404554236489 
-9.666207094442  -3.170226476750 
 6.528607340022   7.838277397265 
-5.967118247898   8.328793765024 
-10.211728492361  1.222227675088 
-0.908043923268   10.364471479447
-2.432647711062   10.134082551709
-6.060935345044  -8.502644280023 
 10.469944023776 -0.820977033364 
-0.668090216182  -10.554011509374
-8.371741200238   6.472469724973 
-4.734892780592  -9.466642855589 
 9.677308827058   4.411663719580 
-3.263020959296  -10.150730791928
 5.913965085082  -9.051552244516 
 9.637800602769  -4.920775158440 
 2.706221490066  -10.532379079791
-7.506781956076   7.887820466946 
-10.547924344947  3.000116618082 
-4.122545151482   10.166255636894
-10.959140412038 -0.785414503502 
 4.256804547276   10.186376289111
 7.260449136191  -8.374634021361 
 10.502787561567 -3.550175621107 
 11.106051302356  0.654976577298 
-9.681634435889   5.566551472047 
-7.923494385202  -8.010838301132 
 6.378026243170   9.348929403556 
 8.512413367482  -7.479876521565 
-5.781274531836   9.828697454671 
 8.958355187092   7.104707759881 
 0.268105056057   11.466553673970
-11.295598521911 -2.534007403718 
-9.316463244369  -6.905457345225 
 4.419237789850  -10.817879155500
-10.427697244920 -5.296397614599 
 11.631801047225  2.100349343377 
 0.245954197050  -11.843601226370
 7.844253337094   8.916819914327 
-2.030406072748   11.832856116702
-6.239164774308  -10.289519256618
-4.527937846106  -11.215190377161
-12.013787713221  1.684262529607 
-1.840592401682  -11.992183511137
-11.287722709683  4.456600827814 
 11.603516125881  3.601004850717 
-9.753642102510   7.249492070542 
-7.338054254101   9.705483139743 
-7.586757249451  -9.531601848591 
 11.060014579055  5.134840227099 
 12.271633024747 -1.200694117063 
 7.451711062693  -9.863749206459 
 10.213860652950 -6.978208615736 
 3.349016685165  -11.961921497710
-12.445974142867  0.232212683399 
 6.045740426402  -10.881937524329
 1.619585596241   12.459302662418
-4.043502370911   11.920495520986
 6.356738256897   10.988683046456
 3.400725302033   12.317167852850
-10.842721007417 -6.777768603470 
-12.212786966880 -3.840008024998 
-0.248683468716   12.974631987319
 8.967313314337  -9.489114133113 
-6.318770185785   11.430269028793
-8.907731222935   9.623784726575 
 1.224787413551  -13.056763329675
-13.003955669738 -1.964271935595 
-10.134530992074 -8.393128447018 
 10.576612208952  7.973586970707 
 8.235781866233   10.413391639439
-13.021172762478  2.970854856870 
 12.885199728756 -3.604108207581 
-5.669409758934  -12.231365761559
-3.495138571990  -13.024521968292
-7.138157174093  -11.531624327254
 13.327143564511  2.636941778721 
 10.373670403136 -8.894210042722 
 9.762087327980   9.619781121396 
 11.717876724486 -7.141608761897 
-1.995210101253   13.599696784348
 12.569926737229 -5.653523066142 
-8.216040924654   11.071190544739
 4.410239915013  -13.112929087499
 13.043871624794  4.636159821922 
-13.834251168648 -0.552868931499 
-10.420503198625  9.136319688116 
-12.897561257302 -5.242372751965 
-12.189602988850  6.783588437465 
 14.006345018346  0.277073661682 
-9.814242391269  -9.997791015784 
-1.809195456423  -13.899615160211
 12.007129804506  7.379425284749 
 7.361697353006  -12.042930943461
 4.911766678659   13.248871977478
 14.129119579961 -1.570672477152 
-12.594723460686 -6.742421413123 
-13.613257033453  4.448026180442 
-13.943142704007 -3.967633513787 
 0.013145134560   14.507789096039
-0.333386465560  -14.540701329618
-11.943446628899 -8.337129212935 
-3.545279994401   14.218954940560
-6.281931586803   13.262570149996
 9.382616632901  -11.290250749075
 7.054650736215   12.884511117751
-10.182595985642  10.624582860498
-14.516440662842  2.451892120830 
-9.214041523570  -11.501099855642
 11.918828016342 -8.667331481355 
 2.326312540525   14.644664247059
 9.971191325327   11.230118942925
 11.664054354626  9.471191201252 
-13.644181682309  6.321070303882 
-11.439839784960 -9.779712821131 
-5.548245449025  -14.028287499704
 13.695815056943  6.344259895791 
-8.325786871880   12.590045516694
 15.050765320406  1.593297312555 
 3.201446676138  -14.797435724118
 14.710334334429  3.837297861264 
 5.920854657803  -14.167687546137
-1.929814281956   15.286564849524
-2.635529841988  -15.182980792732
 14.404426745335 -5.534681955167 
-15.432629132500  0.403693252292 
-14.302372290327 -5.868218603465 
-4.236181480292  -14.960515557299
 15.593676472456 -0.244421320563 
 13.017217869683  8.642051483142 
 0.852170680120  -15.610840166530
-13.320664528883  8.212817587455 
-15.630263033955 -1.230457765860 
 10.975056085187 -11.199188450192
-8.688463989663  -13.065729130112
 9.171647601719   12.779212036400
 8.730684233191  -13.095305024642
 6.493873222398   14.338110564555
 15.674203252505 -1.837780881525 
-10.988983130089 -11.374157514883
-1.219743666875  -15.778250128869
-15.612712112713 -2.779129242061 
-5.600256715399   14.975811550192
-12.469452553742  10.034218057744
 13.712655138518 -8.293392780030 
-7.172793375521  -14.420934387141
 12.638180486788 -10.002146700522
 11.751795461945  11.088297171676
 15.769208261297 -3.617773710740 
 10.169882809577 -12.655801999089
-14.219635870596 -7.897079742312 
-10.499542900383  12.457402182484
-16.093586839438  2.686051053395 
 16.143301680223  2.709737568826 
 8.300667491783   14.109831315624
 7.872456941081  -14.414994288584
 4.219453531045   15.909450159486
-13.452157669131 -9.685649842431 
-15.895135543883 -4.991461823038 
 15.087325664053  7.165661720616 
-8.857252631864   14.180068964479
 4.870817555582  -16.046185634140
-15.436769509047  6.563014636155 
 10.681963195587  13.015433667420
-16.862641624299 -0.126007722358 
