-0.419160430974  -0.116376948902 
 0.319232511340   1.291884438568 
 1.259149888868  -1.275286029440 
-1.977541456046  -0.165852648327 
-0.932354873064  -2.035830843237 
-0.936446830493   2.195962616857 
 2.504578073902  -0.305529985476 
 1.423921037852   2.486107648405 
 1.281224871846  -2.926663814154 
-2.452412844974  -2.185292955411 
 2.838607185470   1.763055305243 
-2.604965696097   2.276715532301 
-0.695500444456  -3.600342847259 
 2.783197018305  -2.538493803058 
 3.823622279919   0.622341573523 
-1.365790770416   4.030875627865 
-4.274356122742  -0.734625182638 
 1.881296065626   3.946367457749 
-4.353908652016   1.708467699695 
 0.015664474063   4.696255785521 
-3.928870577545  -2.717184512142 
 0.774942573755  -4.800427410925 
-3.006937857708   3.994186465830 
-1.144908022140  -5.230401599580 
 5.079996094912  -1.846948957698 
 3.736961877779   3.923772472920 
 3.697615250031  -4.129208067422 
-5.556898075012   0.574005625684 
-2.969719440473  -4.825657293304 
 5.337443055494   2.300823214791 
-1.836343841053   5.826456618461 
 1.769131346463  -5.938933060482 
 2.387926046600   5.729752817496 
 6.137892480103   0.935561309948 
-5.354618272095   3.428491782673 
-4.973854451154  -4.087414184070 
 6.475964846074  -1.194333935828 
 0.394830827078   6.731381118197 
 6.005700546203  -3.170472637452 
-6.722630099904  -1.037257025761 
-6.111320169546  -3.066991689448 
-4.675114981073   5.021548482987 
 5.329610728782   4.336277700925 
 0.590710053533  -6.941223611650 
-6.634969445905   2.638450110063 
-1.047857246375  -7.075209455956 
 3.972403346619   6.036502693088 
 4.408399399576  -5.743657622869 
 6.616014541919   3.279094240329 
 2.839073610876  -6.997586969005 
-2.793876571089  -7.057820028517 
 7.667779489292  -0.232992084538 
 7.554836008565   1.473984350828 
-4.016416543822   6.671812655360 
-6.350294191092   4.601900902517 
-6.020269752514  -5.323745956005 
-8.087211918177  -0.313017993002 
 1.079172282093   8.105174624765 
 6.351545487497  -5.404729255404 
-4.553908088332  -6.989399178808 
-8.292661388530   1.325893138762 
 8.089261942203  -2.261880495734 
-7.733200647988  -3.417009810265 
-2.219849568937   8.159196479923 
 0.571012220610  -8.446838683673 
-5.887344893632   6.093275260063 
-0.458879372361   8.466336386664 
 6.895658978516   5.176368418468 
 2.696260873958   8.253053915232 
-1.329221457895  -8.580085368514 
-7.906365639512   4.155394711822 
 5.387660683284  -7.253005513441 
 4.540557534327   7.817883720287 
-6.160134770419  -6.976051664457 
-4.211268300006   8.335995324092 
 9.309104191666  -1.281080499437 
 8.771811676859   3.417499351034 
-9.350694466351  -1.333662255395 
-4.227134647956  -8.469730718943 
 9.369904957531   1.411831710173 
-7.512879127961  -5.881569069013 
 4.362783128366  -8.498121132159 
 6.131746642508   7.335465215543 
 2.931783799068  -9.146709551612 
 8.663848682777  -4.334978119183 
-7.650266078422   5.956828901938 
-9.495065014992  -2.896500231329 
-5.946450597577   7.988192527670 
-2.689935590976   9.605728870776 
 0.972406776636  -9.973172340535 
-10.026989702254  0.227638516157 
 0.786905916392   10.142159482778
 7.903952923818   6.410750955177 
 7.000796341092  -7.484863607838 
-2.285280099992  -10.001333444197
 2.762233612148   9.979629570699 
-10.296393592836  1.783573207958 
-7.366040146804   7.447230277743 
-9.068250697410   5.280857517717 
 8.322861940736  -6.465985414187 
-9.035192548492  -5.427396431397 
 10.212490499137 -2.648112396086 
 10.602220013103  0.057923053059 
-7.645768981323  -7.549489155856 
-1.268842753568   10.716637459231
-10.189314591369  3.623495731996 
 2.340773791677  -10.640725124718
-10.839545170744 -1.685541174705 
-6.428212433343  -8.933974496087 
-5.472266228048   9.567036168242 
 5.845374723519  -9.399670927154 
 4.582128247457   10.105468910283
 6.863881738950   8.804758306089 
 10.280064258508 -4.359020501435 
-10.600551058394 -4.038713185051 
 0.051307129150  -11.377170265456
-3.508400924994   10.929291283242
 11.163267573236  2.760316999391 
 10.372784067751  5.023880283872 
 1.538354393391   11.476254228102
-4.191363087682  -10.821578058444
-11.641003858305 -0.291856736134 
 3.849927639299  -11.087115135070
 7.582134830343  -9.040192136513 
 9.506528555243   7.049231874137 
 11.773213408049  1.375521492741 
 8.866043914420  -7.981847813943 
-9.837628553213   6.760084500707 
-10.787220221653  5.365517703221 
-9.375611568249  -7.610833216685 
-8.995418279308   8.061090706900 
 6.366614342741   10.371865007394
 5.374685107145  -10.949536212511
-5.200956281932   11.094746215779
-7.929268820285  -9.354352559942 
-6.971320999378   10.111915739416
 10.176380890396 -6.887299580352 
-12.243960415466  1.389417199134 
 8.901365661990   8.538731816202 
-1.164972438976  -12.324672614126
-2.336510299144   12.255172204935
 3.077698799496   12.172487986162
 12.313694491705 -2.506225271726 
 12.597752322480 -0.495268317555 
-11.338503609637 -5.617674909732 
-12.290310648020  3.265988326342 
 2.868170020917  -12.444276886431
 11.445658221709 -5.781562784767 
 8.190003904542   9.882360334514 
-0.818226492326   12.833839952640
-12.753269786896 -2.231040672047 
-6.919372415909  -10.971804686849
-5.332591176758  -11.831095317488
 12.739770457649  3.281087732432 
 12.295504387956  4.777765461459 
-13.242101880532 -0.413529245121 
-9.098654026983   9.768452086860 
-2.679877815211  -13.081016995047
 4.571802334816  -12.557541755558
 12.520529538444 -4.698025288254 
 7.607850604256  -11.018732666963
 4.846714072213   12.524863109196
 13.435301186480  1.190360168341 
-12.647488196232 -4.728376821058 
-10.931610689788  8.003816432801 
 1.935010938012   13.495162720430
 11.954221273630  6.564957751954 
-4.188329815648  -13.043966836260
 1.788407693765  -13.592456949021
-13.800722929508  1.008567176499 
-7.112523691630   11.887102128008
 10.276663492690  9.306784387553 
-9.164458461708  -10.419067292112
 10.509631060927 -9.108430043811 
-10.945898740896 -8.596440273743 
 13.482371841895 -3.496426785492 
 9.213727614022  -10.648935743929
 11.972437899776 -7.473062066476 
-5.060862398528   13.176649045162
 8.700420529997   11.351743694689
-13.512144546446  4.828283394130 
-0.051970768795  -14.374588814247
 14.281942741105 -1.784858330643 
 6.533978676770   12.838981165754
-1.791835555541  -14.362131842015
 6.849101833010  -12.850156643951
-10.746252065004  9.837490336347 
-14.369726543272  2.572408258943 
 11.762022804161  8.758801953696 
-8.997625033582   11.600231791480
-12.639434217875 -7.477188060878 
-12.940990452628  6.972963428491 
-3.373993891018   14.326937428226
-8.630047343914  -11.957046084642
-0.876213632060   14.726737225277
 3.972919400410  -14.236940518355
-10.752069422989 -10.148490947120
-14.794321444324 -0.340997320076 
 14.527539095372  2.990447600845 
 13.619498397834 -5.885880161345 
-6.632720196039   13.346254650267
-12.320898195315  8.645188159960 
 8.761158047404  -12.295910919307
 15.086095145650  1.523579434197 
 5.417345501234   14.179991550786
-13.993700158566 -6.026222757523 
 14.412005120115  4.979084786687 
-5.889848900693  -14.080727585461
 10.452452057491  11.168474905128
-4.284808634355  -14.700997718167
 13.542013211121  7.167439565815 
-14.985984969651 -3.478958287303 
-12.513296953577 -9.014188549671 
-15.358936322942 -1.958801114457 
 8.843270777989   12.853868692151
-7.645981168476  -13.642764801431
 0.352852277856   15.657182498053
 3.790442699048   15.204725951280
 5.947007798058  -14.515089171209
 14.946935341331 -4.783330030688 
 2.680118070425  -15.518942550775
 15.729600868792 -0.832065030987 
-5.364451627575   14.814586332034
 10.871787545674 -11.427752253526
-2.538373364806  -15.679116294103
-11.125609703451  11.386279189338
-8.660375371375   13.360868470380
-14.810228149816  6.045864863800 
 15.710063591230 -3.368464960644 
 13.827686330086 -8.314170185384 
 2.441537604904   15.959170012595
 8.164372911507  -13.941300806681
-1.568499299393   16.104285605841
 7.661798910676   14.257735875492
-15.791499236213  3.669838599994 
-10.225687134380  12.609201949526
 0.457341452789  -16.257422256423
-16.267322341150  0.206504778952 
 12.451870709924  10.512965245330
 16.096154275162  2.649855589471 
-14.087067740801 -8.256211315033 
 13.121090791315 -9.830591223541 
-6.871456996707   14.912096185843
-12.088975300944 -11.161973488415
 4.732583027357  -15.764296681666
 15.178926988809  6.503513724808 
-3.921530814376   16.044235058795
-15.542152410301 -5.732846432221 
-13.597778147744  9.474723845724 
 14.974993504507 -7.184023588981 
 13.764681959812  9.495256749440 
 16.032232802234  4.756245396013 
 16.614630217486 -2.093852119018 
-14.580145703283  8.319235613340 
-16.689493264041  1.865970352091 
-9.918957012046  -13.556422936077
