 0.137348220936  -0.036551351598 
-0.160813798122   1.623976115763 
 1.313623845629  -1.192146706316 
-1.659286590745   0.966783281402 
-0.060723954611  -1.982773682451 
 1.472027822181   1.912535633939 
-2.527814029034  -0.292696169872 
 2.518255219779   0.367955334490 
-1.971608147526  -1.862500828764 
 0.649717241930   3.224715179866 
-0.893978651996   3.371514346464 
-2.650805808734   2.437511907299 
-1.039111948990  -3.509575920365 
-3.512328388038   1.056764977945 
 3.679185823514  -1.488278912415 
 3.355045186654   2.135686264562 
 1.682052891275  -3.776768036762 
 4.186621332584   0.300092310742 
-3.496768322002  -2.810289793252 
-2.353706212796   3.993680682638 
-4.461311729404  -1.656090956268 
 3.269969546083  -3.575447542616 
 2.222122808523   4.341772828822 
-0.092487360251  -5.069064325543 
-0.209439610580   5.102620748892 
-2.825933876068  -4.320016967040 
-4.397806861227   2.831817737377 
 4.328095461299   3.420579151276 
-5.389782047219   1.332088237162 
 5.310322265021   2.049283436951 
 1.488318400696  -5.585131153726 
-5.865616963344  -0.253328962979 
-4.000721193646   4.325487058090 
-2.241784391564   5.567503159650 
 6.090228834768  -0.608302788728 
 1.085397783452   6.134776068956 
 5.470058982385  -3.054303784390 
 4.640888605574  -4.652609001050 
-3.309584889944  -5.742388862254 
-0.950858413004   6.587271077439 
-5.980680584388  -2.933144255457 
-5.128190500338  -4.398619798373 
-6.295489710696   2.630508870953 
 3.442479120965   5.893094251654 
 7.105066540382   0.761240634805 
-2.171246549001  -6.964710817780 
-7.109537128224  -1.694328302261 
 6.722880818812   2.877364486040 
-0.441740813920  -7.340503086116 
-7.261073355716   1.321634066423 
-6.319594186075   4.328917228395 
 2.721794697914   7.224886374327 
 1.109135736931   7.655343244449 
 5.579951098267   5.375890188464 
 4.081457296243  -6.610288950095 
 7.641348101445  -1.897172541856 
-3.391775749232   7.119509940465 
 1.085643544831  -7.900817449050 
-8.019104814582  -0.063930838402 
-5.477860481579  -6.004494993869 
-0.968460170720   8.256204475363 
-5.295342545453   6.530482236959 
 6.986881526605   4.804460282311 
 8.513242519720  -0.466749945857 
-3.655985673220  -7.783384229015 
 7.948671556390  -3.443196160389 
-7.297146146752  -4.691552378405 
-8.206449890498   2.870885174697 
 7.236699642822  -4.978782892753 
 2.905375920415  -8.346919103011 
-0.104417245769  -8.886636508392 
 8.484594032377   2.960594798843 
-8.407786975852  -3.313393555971 
-9.141735967977  -1.129140374081 
 5.880041476378  -7.100611817741 
-2.233208332768  -8.953015380186 
 1.038540373623   9.178063639819 
 4.530357742031  -8.192715061426 
 9.280846984606   1.358606614692 
 2.667101905951   8.994768908889 
-4.537417903453   8.217277346869 
 5.848680601766   7.451508303768 
 4.419639878270   8.413951248605 
-9.520419828178   2.049997768405 
-9.737136061663   0.486471777536 
 1.504844536794  -9.678303025850 
-2.374052498803   9.586208140992 
-0.348881169101   9.892452693261 
-8.373119601421   5.348926213158 
-7.744957174430  -6.246187673100 
 8.911771093146   4.439903667916 
-5.028030773327  -8.601117364418 
-6.771674795826  -7.400835336319 
 8.211130757454   6.107004959882 
-9.434716344587   3.980767895294 
 9.876782543147  -2.710049867131 
-7.335811867505   7.444794902051 
-10.289407579618 -2.231475340289 
 8.398650828503  -6.473652855289 
-2.088893482461  -10.447090409220
-9.543797104292  -4.818221787981 
 7.152901190248  -8.064099364357 
 7.291551434888   7.983755329002 
 4.794959389696  -9.769221661826 
 2.234538500420   10.657520275165
 11.044389810080 -0.069501814418 
 10.596649695382  3.474026653311 
 0.068314109535  -11.192153113897
-5.180320011414   9.927579777123 
 9.695092982601  -5.630581607589 
 2.652047974285  -10.899146201133
-11.279716767710  0.685522486433 
 10.578356825577 -4.129965565142 
 3.991044576229   10.785883048223
-10.870880027413 -3.855620679651 
-6.333186127804  -9.708088218645 
-3.749483424996  -10.993114428664
-7.890525042917  -8.562997903869 
 11.456072535097  2.202469274248 
-11.619790335374 -1.232260272173 
-2.521090748198   11.419270247265
-11.042637632994  3.923767855160 
-7.093722811077   9.334720188759 
 9.963196443590   6.211497124685 
 6.861688326976   9.584271963771 
 11.710233313176 -1.537513021290 
 0.365030663748   11.870343409143
 6.960351668420  -9.822807366649 
-1.138244933051   12.051737719555
-11.921115251280  2.476687378158 
-9.988310279630  -6.999998416845 
-5.460384845233  -10.945828283431
-11.925631154781 -2.757162020659 
-10.293613731224  6.702611414267 
-9.010138974379   8.375810997705 
 8.622827450575   9.027663975413 
 12.466335934401  0.705072827224 
 9.824888428479   7.722151215000 
 4.104943544828  -11.921974962403
 2.278598641977  -12.550264478508
-11.680522808259 -5.166986409317 
 10.045396131826 -7.929224232230 
-11.607609018670  5.477685907371 
 2.254738436560   12.671143012252
-3.924499336607   12.269694092603
 11.243468394980 -6.376204891064 
-1.902861197704  -12.922454932452
-9.316428949815  -9.201588569827 
 6.011509753085  -11.683041046533
-7.557209929971  -10.749013925612
 8.526982925242  -10.006386732041
-13.119486635236 -1.006161272812 
 0.643647586810  -13.164272676174
 11.312349216128  6.879726360670 
-3.686855392508  -12.717521700091
 12.914477048342 -3.004944810764 
-0.211889713819   13.303954749349
-6.680654612314   11.554670509546
 12.927125120582  3.343644172452 
 12.361077566238 -5.334267651717 
-2.672265044028   13.248396800035
-5.462482959334   12.439454755709
-12.995646336161 -4.005889486990 
 12.598334942588  5.142713717704 
-8.119457076802   11.016655388209
 4.010429259484   13.152578500001
-13.190793735852  4.099482485768 
-13.681031238076  2.252778325152 
 13.862991343704 -0.505964124349 
 6.384542282140   12.459897239336
-10.644796107788  9.196547300071 
 3.476636912936  -13.664039554709
 10.930247999937  9.065103421533 
-14.211019912024  0.475176096401 
 14.210998333953  1.052123195094 
-4.912666494250  -13.599872364016
 8.913961824804   11.412833055206
 8.030244120586  -12.063269259590
-12.079854448983 -8.031735719819 
-12.856953251408  6.751215316986 
-14.246672375541 -2.951452613075 
 11.036518000104 -9.531631156097 
 9.685755248299  -11.020867843286
-13.647874101144 -5.405041951387 
 13.986469381744  4.463325570791 
 13.856284345618 -4.900237509533 
 12.793286025439  7.270556717834 
-4.913378187679   13.920213187656
-3.041513664011  -14.535332251882
-10.135500956768  10.856927890751
-7.896793279713  -12.583745333421
-6.404267789057  -13.421064227626
 7.906097257652   12.596347385484
 5.625837745574   13.800186079888
-6.931954605862   13.239995505712
-9.569547602166  -11.480796135405
 6.088792631826  -13.657540994106
 14.647264144962 -3.126618793151 
-12.516596790883  8.239946132133 
-11.639205475222 -9.467707553623 
-1.386744717938  -14.981531937974
-14.984905039524 -1.477101091059 
 0.650503049957  -15.046062333597
 13.050395415389 -7.593564439707 
 14.897966187441  2.512596159039 
 1.508882248840   15.081738399279
 3.496767556347   14.835296423964
 12.479159214094  8.784210803581 
 2.424934406938  -15.079440371267
 13.939824840909  6.297348415624 
-15.035977572279  3.062470876693 
 15.312239498080 -1.026891464677 
 4.727468678368  -14.611474298089
-14.555208030738  5.169373686510 
 10.936129443563  10.909789641799
-15.403356134336  1.460227495356 
-0.591753314481   15.467222407806
-9.517715220174   12.284872253004
-11.730935490764  10.344404780803
-3.449029616396   15.262300031404
-14.190153683410 -6.866130989683 
-11.279996777065 -11.229534536139
 15.929379862236  0.418179791798 
 15.462740378125  4.069795773075 
-8.458103169317   13.701749358775
 14.924821242883 -6.107717636926 
 7.655373141485  -14.193373688677
-14.083738912335  7.897591291376 
 12.373963904846 -10.383786639190
 5.173876167166   15.315572063603
 10.202129433009 -12.601122022440
-4.954937132525   15.438013550733
 15.675439088207 -4.284303413985 
-15.882824381550 -3.590777416099 
 16.100847090996 -2.447215858813 
-2.335665154387  -16.205672882097
-10.092327618980 -12.912498384524
-0.783195705222  -16.374686703645
 6.690430915646   14.993345135323
-6.583934790271   15.077958210469
 14.420468900203  7.941202661914 
 4.017920129757  -15.973133011745
 1.520402792062  -16.430767250641
 8.376313058479   14.264423651370
 9.840121868996   13.386848942962
-11.025891588811  12.493303993436
-15.286573901001  6.762728105021 
-1.534631438913   16.695000390297
 15.506842626196  6.402910763615 
 16.573635919016  2.608924407436 
-13.324181379115 -10.200122541954
-5.188202264174  -15.965010520871
 3.570813298788   16.421747767631
-16.360509987057  3.876992895015 
-16.691907051412 -2.076541729866 
 6.653681615252  -15.476043391729
