 0.864216856298   0.439557213758 
-0.633429562795   0.842415954237 
-0.798396889897  -0.929143941253 
 1.763964616275  -0.902732348294 
-0.180527694890  -2.479690343435 
 1.943798886789   1.679986629899 
-2.373622254595   1.025346502912 
 0.049021544771   2.892352878859 
-2.601716898639  -1.304962586085 
-1.518539521994   2.897199223846 
 3.423587448565   0.405503168607 
 3.376631108897  -1.341099053271 
-1.946278560515  -3.183914949491 
-3.951715633893  -0.220639548260 
-0.639774062008  -3.974087789499 
-3.248678802230   2.436395611923 
 0.933617679893  -4.062556694263 
 3.876971032577   2.147551434506 
 2.777799421545  -3.470337520975 
 1.126129474274   4.380490849392 
-4.049828582528  -2.060672854331 
 2.736004056001   3.864794929112 
-4.555723879799   1.309830154068 
-0.883621214943   4.665279555806 
 5.216233194107   0.335897015055 
-5.200419386618  -1.096994783308 
-2.058454005229  -4.936461088412 
 5.210622669520  -1.491580373231 
-4.199089314590  -3.622917576511 
-0.723441887086  -5.688185515192 
-4.944957487453   2.934389510818 
 2.286846512329   5.425398059157 
 4.314070124672  -4.113465671882 
-2.816030918817   5.255503964849 
-4.332987415373   4.315126313410 
 1.493197933837  -5.959194816659 
-5.609880615256  -2.566965859114 
-0.622218624993   6.221954393505 
-6.145952772170   1.770407513972 
 5.385773059277   3.582253695827 
 3.635457858259  -5.529178261451 
 6.229141577036   2.337601583614 
 6.652574750219   0.858572169480 
 6.660642709095  -1.905118778543 
 5.875809660542  -3.726357763270 
 4.829710575162   5.049653545132 
-5.179599444197  -4.803179168315 
-7.077084089561   0.113662492172 
-1.752236675298  -6.984735420430 
 0.326267759917  -7.272119339861 
 3.368474493870   6.517129332201 
-6.484561014818   3.491089637329 
 1.363206239085   7.249441486831 
-7.167109072901  -1.800586479313 
-4.059562677387  -6.379620380345 
-6.576820645788  -3.805107943244 
-5.606393265297   5.322098601834 
 3.275071820488  -7.036347107966 
-3.886012010912   6.775506855501 
-2.412985955934   7.534804347280 
 5.646009143085  -5.829821703709 
-1.033319572210   8.194143134226 
 8.267793722474   0.494423265718 
 7.325286227957   3.936476630021 
 7.415344323880  -4.078716726163 
 8.071488127299  -2.583630914924 
 2.638699275095   8.151422421967 
-8.100447581377   3.376072398533 
-8.829848833915   0.094469372372 
-3.730439570605  -8.015713910425 
-5.475467890377   7.030847644808 
 7.024557112041   5.593652705017 
 0.880167917512   8.948243119988 
 2.648926416557  -8.628665580130 
-6.540639442621  -6.261024039639 
-0.862841938676  -9.115589473150 
 9.097770170080  -1.075671815567 
 5.481912543684  -7.372348028374 
-7.865890279402  -4.824713951426 
-9.065076602340   2.102251165065 
 9.180565126991   2.020192230103 
 4.193588918978  -8.527231926417 
-8.036458995078   5.154277434481 
-5.432787829999  -7.939295204754 
 5.312748527741   8.070195270862 
-9.636530562031  -1.299302459044 
 8.951709989955  -3.835285769251 
-2.437752100455  -9.448723055369 
-1.812850215491   9.600088059271 
-3.733134875155   9.068196280444 
-9.409187882727  -3.494912895147 
 1.805642597254  -9.934294386345 
 9.161998728365   4.282082649389 
-8.074759922236  -6.374950338032 
-10.271081825112  1.185591406442 
 8.041481838742  -6.512895526098 
 7.318068774603   7.451961769135 
 0.646220918248   10.480484825313
-7.989023516120   6.967039131379 
-6.900140304008   8.057013884207 
 3.619831155014  -10.069553276494
 6.342975468240  -8.660286194827 
 10.712438681162  1.135176998207 
-0.886627627909  -10.741411623320
 3.450634712607   10.263707335426
-10.534722582187  2.824476173913 
-9.567053290234   5.262946940825 
 9.027025207955   6.329057162361 
-9.876705292953  -4.981094517947 
 10.656424066046  3.094084635601 
 10.473403417090 -3.699161153948 
 0.906564664743  -11.223810794552
-2.426075060890  -11.114662669371
 5.196980732636  -10.139861348591
-5.726178622482  -9.871683927793 
-6.083395650799   9.656968527084 
-3.520597033454   10.899487796342
 6.950975209180   9.190261767710 
 9.823654534969  -6.045754407312 
-1.348456203082   11.468382888479
-11.228990553433 -2.882638772982 
-4.041833716856  -10.941591445855
-11.652415425746 -1.167688075832 
 11.448479699402 -2.538983069967 
-10.883131214533  4.471419887468 
-8.746968290355  -7.869511354967 
 11.818853975581 -1.077947106464 
-11.863427512863  0.359881281162 
 8.971348233365  -7.855628922527 
 5.426864445020   10.661222915245
-9.377785492821   7.534214080498 
 10.907550245199  5.097037627178 
-7.771123431356  -9.196165943835 
 7.966362759551  -9.065538687090 
 2.425447599337   11.857376294613
-5.069321276033   11.058269064960
 2.784964470630  -11.895280621726
 6.815784420300  -10.352864424969
-12.026786991644  3.095166086569 
 10.168334433465  7.339623641188 
-10.910025959512 -6.188950758001 
-10.688766833335  6.722457805156 
-9.011317955814   8.998096391454 
 11.554249936427 -5.394781861509 
 12.748604058787  0.685501350977 
 4.619186679560  -11.922086649986
-6.603681078041   11.078849381146
-0.516480636968   12.912147384909
 12.274316791766  4.194752154552 
 12.474906903651 -3.641786141586 
 1.008035715393   12.958978739824
 9.058429672676   9.326796148225 
-1.384285862211  -13.015959647023
-5.723401102352  -11.803430509223
 10.527627058846 -7.858022377320 
-12.313187672650 -4.665575554412 
 7.953082149030   10.517387755570
 4.697186000596   12.355840488749
-3.633337181900  -12.732386037304
-3.965246326179   12.714087416140
-10.219346034998 -8.565696856849 
 0.298612530663  -13.445749042932
-13.425791237236 -1.064189296890 
 13.242214207283  2.852452949784 
 8.986794035311  -10.195541344117
-8.740712113467   10.506352103586
-12.493785499050  5.575641893873 
 13.650061236201 -1.181514324739 
-13.474702010985  2.528486451062 
-7.299206824965  -11.623939402648
 6.099850810126  -12.445380190364
 12.372639237366  6.314693203295 
-10.675302954332  8.903898949339 
-9.281491704546  -10.419650126886
-13.953101449200  1.009705750411 
-1.757957827394   13.970627039024
-13.421362539464  4.385996846794 
 12.595083104007 -6.607821469850 
 2.316319253956   14.163855953872
 4.095483237922  -13.760498354353
 10.515503077141 -9.782715039749 
-13.929697974254 -3.859683803355 
 7.610320524403   12.307700088230
 7.813226389556  -12.200269652169
-12.422593756016  7.651993394016 
 6.335129895369   13.169589517884
 11.213856152760  9.436555266640 
-3.516319333297   14.231991217264
-11.962623599538 -8.532683802811 
 2.524440293551  -14.496442286328
-10.868956309470 -9.952224840523 
 14.728301126705  0.685026930314 
-4.981227292497   13.885849063915
 4.986532103160   13.931337572890
-2.530152704741  -14.605481144446
 14.543250588752 -3.323611821720 
-0.179341495701  -14.943982473060
 9.264621089557   11.748621716196
-0.300509690799   14.977930602569
 13.807161664313  5.858717294021 
 12.382225088147  8.484458593151 
 9.604560210630  -11.591313703378
 14.253568925919 -4.907994106681 
-13.648619994108 -6.424606224428 
 12.001644860779 -9.154672746472 
-4.792527076873  -14.372008420687
-6.668599268778   13.629488455243
-10.732071037029  10.730702557642
-8.009958431155   12.914685367645
 15.096071199757 -1.772528667821 
-9.345664917329   12.041581187804
-15.061310272779  2.603699654938 
 14.693924967994  4.225844700777 
-10.199934960066 -11.634887477865
 6.918706556166  -13.923311136503
-7.500251816177  -13.622640541309
-15.634427486146  0.206278966451 
-15.583372396751 -1.715076907962 
 5.350409835343  -14.744378295032
-8.863990942115  -12.954722321581
-13.591033596074 -7.942273092858 
 3.609217699631   15.344582342051
-14.001387287179  7.484303469550 
-14.682538305258  6.089339612836 
-2.546490978752   15.729589692333
 1.156307118888  -15.912478906087
 15.706025103490  2.850951855148 
 8.000182051558   13.821420042917
 11.733693140351  10.998828331464
-12.251527471545  10.485527382373
 4.089026151290  -15.665582791002
 1.057750286992   16.195512005516
 16.282080665883 -0.683062300941 
-13.589921995999  8.998367024443 
 14.651965994949  7.239284421617 
 6.638368321838   14.939736540921
-6.576311657775  -15.044172325268
 13.838716965998 -8.849259666113 
 11.473395077304 -11.821213022131
-15.746697754863 -4.865257282125 
 16.130742678565 -3.449317554681 
 13.040429930525  10.140908306324
 16.510231340028  1.179856899897 
 9.197786150484  -13.798510474141
-12.244610917033 -11.191129006107
 10.692345001902  12.720061750643
-9.180109020451   13.866004280653
-4.085909588038   16.125179230110
-5.579940174582   15.682855317139
 14.074102072117  8.915498704786 
-13.709513314923 -9.551356379489 
-4.225785127932  -16.201209187792
 12.869553817470 -10.729065724406
-0.771770945463  -16.750220264039
 15.228681307446 -7.094948010621 
 15.949589483449 -5.286537176805 
