-0.051538921462  -0.637749985847 
 1.619600396942  -0.588863761377 
-0.275963655722   1.744677665721 
 2.278994509787   0.869642827466 
 1.384036769686  -2.094611033745 
-1.956430110213  -1.671709237702 
-2.048427755102   1.596078939783 
-0.213543380490  -2.932260452204 
 1.933279154149   2.551200794010 
 2.900255349513  -1.512388567417 
-3.297099890628  -0.012165816623 
 0.473691460778   3.271847236563 
-1.778430157430   3.258553146697 
-3.545987662429  -1.876887809411 
 4.028214101036  -0.230533790612 
 3.576358104744   1.919261000627 
 2.323403360722  -3.540980396652 
-3.461639963510   2.644393651941 
-0.610470244645   4.414437295388 
 1.991060058487   4.264905151019 
 3.878701746734  -2.701279594736 
-2.365173261432  -4.410042746210 
-3.634514847803  -3.449932755936 
-5.011592153286  -0.209829639354 
 3.533155167672   3.831809577915 
 1.727318092790  -4.976221113410 
-4.991449156774   1.764572973631 
 0.004654057297  -5.489692448014 
 5.786951153979   0.759340083556 
-3.466021113728   4.722343635250 
-1.515032604067  -5.807103179297 
-2.287714171908   5.696531086858 
-0.788196565240   6.088680167581 
 3.016148428446   5.419429201135 
 4.663110383333  -4.124120748611 
-5.877558379506  -2.115102470035 
-5.273637644429   3.513686905717 
 6.052925357588  -1.878074591196 
 0.798228328530   6.313295164751 
 5.439225058409   3.384263159263 
-4.958166321558  -4.193894458383 
-3.209871629469  -5.877239168454 
 4.493282147106   5.069990785682 
 3.617322046226  -5.746559205203 
 0.904908133233  -6.759546943641 
-7.037214078924  -0.066967282858 
 6.973492785427   2.066411200192 
-1.843210467764   7.241710372215 
-5.316270391564   5.358015684139 
 7.554513379879   0.578850163584 
-1.156078450765  -7.497013588219 
 2.453439688219   7.258620945863 
-7.400152112734   2.360180563125 
-7.617599557574  -1.699597021295 
-5.206912639826  -5.831482403725 
-6.986176095414  -3.620807028987 
 6.473793945123  -4.477562848647 
 0.035626285122   8.021731460361 
-7.065809260236   3.887497825346 
 5.646941492850  -5.854460946200 
 6.678362358374   4.712056681021 
 5.620105540561   6.083348185819 
-6.608626531234  -5.079196689095 
 4.293452272176   7.158408471743 
 7.740246096127   3.377518891096 
 7.807484746491  -3.225484015060 
 4.011093450893  -7.518870356982 
-2.646307055054  -8.116697853302 
 0.552070314267  -8.575008100268 
-3.856788269137   7.775839674500 
 2.372227623497  -8.503621937055 
 8.697254184734  -1.588803013574 
-8.623484943105  -2.937911468271 
 9.177990885824   1.035029997860 
 7.457306583610  -5.663988013236 
-5.653571788424   7.486676875581 
-2.816634587900   8.978521589094 
-9.506231920310   0.116164213805 
 5.814707115297  -7.574614986159 
 5.824788719528   7.649548831617 
-9.505106056845  -1.633279675194 
-7.066451167719   6.608808287457 
 2.502117682723   9.351211168052 
-4.304743636692  -8.683587373993 
 7.334563515339   6.356641632455 
 9.407454996482   2.619466299745 
-6.275756110253  -7.492486070591 
-1.251682148286  -9.720049848381 
-9.623675421204   2.099338284032 
-1.045608229777   9.939451212576 
 10.056538753022 -0.841314050381 
-9.363116829663   3.783035362825 
 9.293831464497  -3.991383295264 
-4.888258891593   8.914738153239 
 4.034602527100  -9.333186801256 
 8.761226949393   5.333469944557 
-8.523003847969  -5.712083302672 
-8.799427097129   5.498143640358 
-3.028577051513  -10.037315029227
-9.644931101740  -4.199398338590 
 7.493183296789  -7.455702948771 
 1.454705225988   10.536871698114
 9.852712204745   4.075602318361 
 4.657802764197   9.709137231056 
 9.100563364821  -5.826062502251 
 2.262872687281  -10.624527067977
-10.853647257137 -0.677343424340 
-6.733100154678   8.726439738950 
-0.562807903386  -11.074950376260
-5.974589931414  -9.391270867622 
 5.604085324319  -9.725601972027 
 10.992039227808 -2.415615913923 
 8.311686706170   7.589531215798 
-11.206352283588  1.496701606947 
 11.316567682261  0.694044679014 
 6.720448559220   9.195344199085 
-7.542373533581  -8.535748439942 
-3.981458320780   10.690592675009
-0.577326633577   11.397308123610
 11.016531909871  3.024596800823 
-11.017505502675  3.111327997480 
 3.759641270041  -10.823685589356
-4.496980681586  -10.559768067494
 9.615744041388   6.761438065759 
 10.954688436562 -4.645086201868 
-2.893437580687  -11.563588255269
 3.032672405933   11.540615658295
-10.203990842298  6.229854017124 
-8.905960103573   7.988497332419 
-2.220039460533   11.759168428978
-11.049255325647 -4.843554685783 
 0.758070228818  -12.116138875919
-11.736882639745 -3.397464946781 
 0.987636760778   12.231739564114
-9.947619999917  -7.209128700222 
-12.286449862616  0.266928972377 
 9.653431516455  -7.728167598765 
-11.466546170773  4.667175424250 
 2.735444361643  -12.092564236000
 11.145525734832  5.468523277043 
 6.039344246937   10.916891360946
 8.168586439434  -9.448297249982 
-7.161000296641  -10.337700345876
-12.598668004161 -1.746238493161 
 12.552210290261 -2.277921965659 
-3.755741081542   12.197553599334
-6.129947493498   11.206408553074
 9.360621943469   8.804997954615 
 6.610464919442  -11.022536706943
-7.704548425208   10.298647628298
-12.800443339638  1.807357706296 
-6.099832956350  -11.417855478732
-9.463421966672  -8.905415924325 
 13.025717377301  0.804085698476 
 4.413211350551   12.336905195536
-10.468150295825  7.954606677367 
 4.878767271936  -12.228178507545
 12.807202999425  3.282018945486 
 13.240790151159 -0.686244292862 
-11.735951433289 -6.181694524570 
 11.438576641860 -7.096631664712 
-1.970727500063   13.336209852398
 8.434203895480   10.611622194159
-3.802622637361  -13.106897715676
-12.712466508108 -4.995594915695 
 13.104098900818 -3.854944488649 
-9.711118521660   9.822939269194 
-1.652288720268  -13.773851093026
-13.512352937713  3.171765164697 
 5.886060720562   12.629515710587
-13.522259147402 -3.506533692304 
 1.304224570678   13.936771396106
 3.461638461319  -13.576055565268
-14.106540433364  0.948469275038 
 14.021973428091  2.005235153131 
-5.463148091513   13.074649596168
 13.392194209635  4.753173350657 
-11.800120604156 -7.930989873572 
 6.551771848692  -12.688257811565
 11.518235200270  8.441562468569 
 13.231644232447 -5.553377191157 
 9.947014318752  -10.371940889320
-12.505537340259  7.081387060894 
 11.055821299349 -9.210391900933 
-6.945192214651   12.696643583109
-0.627690115942   14.470564582306
 3.672636955017   14.014360716273
 8.561636795253  -11.756706531650
-10.975323106404 -9.570943542451 
-9.028570956069  -11.449400638968
-5.913862236272  -13.332931893988
 14.296334195449 -2.905065720791 
-14.546393493813 -1.740301993022 
 2.070661538455  -14.509003102960
-8.991401696648   11.582384847698
-3.272607830395   14.304905130879
 10.535093130669  10.219664086309
-0.170608105577  -14.692195220177
 14.656555221320 -1.260156753609 
 14.525854181986  3.622006214240 
 7.602731261114   12.998739796216
-14.310416645563  4.935934831999 
 13.696687018437  6.501059740720 
-4.794446062913  -14.388039608730
 9.187497914035   12.070411194886
-11.998038992465  9.442266881356 
-10.559602881887 -11.109808157962
 15.411656611066  0.179383702428 
-8.056201032491  -13.166230728834
-10.964478412256  11.026134687761
-3.484644865031  -15.165242007656
-2.053735279913   15.434900544814
 1.439675792330   15.549089992059
-15.355929860857  2.867574930426 
 15.531515230651  1.842110022443 
 5.315340183715  -14.716058458405
-14.745321418459 -5.257410533356 
-15.318824875222 -3.482992791028 
-14.236994874606 -6.721730501364 
-1.630595196429  -15.661315422968
 10.214174282213 -12.148750172697
-6.722136609697   14.415468975957
-8.392129853444   13.526354174193
 6.170289732139   14.691601434119
-13.238408723143 -8.910776742807 
 12.566203783600 -9.854988099421 
 4.350519495483   15.415736187114
 15.869617840291 -2.532522936388 
-0.264852943644   16.119176577149
-13.989530626435  8.146256518190 
 14.399679317826 -7.408412410461 
-9.926264684025   12.795511093638
 13.824487064581  8.460744509716 
-12.124156521732 -10.779478397246
 12.513212070354  10.418007401773
-4.952506831344   15.582218179805
 15.705519354117 -4.720777664930 
 10.636650145518  12.483237178048
 2.921757543065   16.138432082973
-9.811197053312  -13.196937208955
-6.566100969215  -15.190689144673
-16.629563370184  0.379355419636 
-15.207567176484  6.941834309307 
-16.165042140954  4.390465534283 
 14.274348515812 -8.905266975538 
 9.227712749792   14.084512911408
-16.716986815549  2.085325579314 
 7.912100313705   14.897829982177
 0.197983063365  -16.901647165080
-16.855778783483 -1.383236717568 
-12.447273199972  11.470989294985
 11.806516196559 -12.131644909703
 15.914151831950  5.844463499233 
-4.921619629551  -16.236428546033
 17.020156756534  0.804902838974 
 8.627936513866  -14.694783760192
