-0.611837810810   0.446194244140 
 1.094357621891  -0.419709931301 
-0.521320987656  -1.058582824082 
 1.445585194839   1.106027848288 
-2.047276166467  -0.198794372062 
 0.876018522896  -1.986608333307 
-1.163025342962   2.067091688904 
-0.594552685310  -2.578291993667 
 2.549431770681  -0.790519484866 
-1.982586476570  -1.836186414916 
-2.638785308890   1.190256410335 
 1.660505867031   2.609003204532 
 2.983554115963   0.869772693151 
-2.798305102806   2.708547753162 
 3.103698825719  -2.357714967989 
-3.569612832695  -1.782045410109 
-2.111764465093  -3.524494472474 
-4.178295628313  -0.041203667714 
-0.590422789665   4.174267035641 
 3.695139790308   2.224645839304 
 4.468080635073  -0.005733119493 
-0.751218615998  -4.408937872201 
 1.435343447443  -4.642654751741 
 2.864763167877  -4.016537465512 
 4.567376708921  -1.898743019600 
 2.185027552790   4.518692955097 
-5.044760125786   1.803200477464 
-4.980098506889  -2.326303957545 
-5.549458445226  -0.700676936567 
-2.189954141685   5.162113142902 
-4.390345942675   3.643296965441 
-3.724849072160  -4.396211816625 
-1.791320161011  -5.500096775451 
 4.451104394354  -3.992170282565 
 0.705985749811   5.953982853193 
 4.504386369963   4.275199261793 
 5.910385988570  -2.674692554029 
 6.225521406987   2.012254900717 
 6.530799167686  -0.944991309883 
-5.844389738814   3.109952399311 
 5.784586264739   3.466010036184 
 0.509610017636  -6.728788103240 
 3.811371181815  -5.597953048796 
-6.808321232417   0.138685306678 
-3.340542403415  -6.001541941324 
 2.919695354555   6.300060819958 
-1.478823281214   6.949516894704 
 7.188730597959   0.548211286910 
 2.314145197705  -6.874591175312 
 4.499467423655   5.829307921728 
-6.299842792889  -3.881520655286 
-4.009516633449   6.300904845366 
-7.282613616375  -1.819419356857 
 6.385301002650  -4.133578121764 
-5.918748468382   4.808020900348 
-7.733634356009   1.671399407357 
-1.044466753421  -7.854051373450 
 6.059243058024   5.191807245394 
 7.669491215267  -2.261747468066 
-2.638082027346  -7.581392428389 
 1.836962650838   7.868773604123 
-7.196134614484   3.871521698773 
-0.446356108408   8.209912211528 
 7.317591454650   4.075336296073 
-5.596302531577   6.405117256918 
-6.049727866516  -6.109319991007 
 8.521313253163   1.256280513498 
 1.426002428908  -8.615648530327 
 6.264940501526  -6.099916909599 
 8.392899614234   2.839768690916 
-3.171041643316   8.300843056415 
 2.981931132550  -8.467854882669 
 8.103215275664  -3.885446588218 
-9.023504223854   0.130584291656 
-0.143884196174  -9.053633821916 
-4.057704678162  -8.151060227570 
-7.020613957992   5.905923656216 
 5.423480223166   7.428961666341 
 9.194448111556  -0.876246239345 
-8.911547969501  -2.795184442105 
 6.956846584880   6.418512110929 
 4.757889741483  -8.194398544607 
-9.075841056762   2.760467650072 
 9.261539926932  -2.573934091428 
 3.895700603899   8.840139622902 
 0.991858823054   9.700858175806 
-8.668586636747  -4.672974533706 
-3.051337231082  -9.482164754236 
-4.717785162906   8.808138127587 
-6.373465071297  -7.719512912552 
-1.205760887276   9.987217358211 
-10.009140780754  1.432557442516 
-10.044126191645 -1.266942183005 
-8.076075696452  -6.294515028082 
-1.105448459207  -10.205087113103
-7.091655332139   7.462996053698 
 10.175919106601  1.740716314272 
 8.623161751907   5.749667154911 
 2.902329414969   10.047618299094
-9.055483791618   5.343094039178 
 6.464879513989   8.535839834563 
 3.333319943409  -10.187381175751
 8.704384697834  -6.256208810960 
 7.713596822052  -7.456789834287 
-5.014747057870  -9.520384683027 
 10.893221327421 -0.122926815216 
 6.067253541461  -9.056162056879 
 0.738043951280  -10.908885039230
 10.227571340157 -3.943032884754 
 0.060911980210   11.055208938545
 1.775537394943   11.055130248858
 11.019410320539 -2.010042043985 
 10.431476766318  4.436434866442 
-11.051092678055  2.631796541368 
 4.657096215007   10.374240782226
-2.744242249949   11.048367322389
 4.902576532513  -10.338785131568
 8.700988668924   7.461708903285 
-4.276577242574   10.651897215326
-10.631312452999  4.504536788890 
-3.204269984362  -11.093245375360
-10.097047032041 -5.848685351190 
-10.892290685344 -4.414272075987 
 7.568662574478  -9.031153779262 
-7.924874361675  -8.765043796100 
 11.472686879225  2.829735339171 
 8.017493674789   8.855928602132 
-9.443035848711  -7.399998039481 
-6.540705391721   10.112842292361
-11.712484944870 -3.051372033419 
-12.109300854665  0.192189374053 
-9.334341032404   7.822498012686 
-6.143216504329  -10.516512244669
 12.212797801733  1.101383176959 
-1.705771094954  -12.148529215460
 10.054125720964 -7.082422390690 
 6.957663759258   10.155343122245
 11.042931638041 -5.539821114669 
 0.641405250551  -12.410132031048
-10.626062085225  6.503162404388 
 9.045523384329  -8.607499556534 
 12.431475313829 -1.264934768916 
-0.138126944958   12.551528128118
-5.001768964773  -11.602482602156
 4.097991080818   11.998723632275
 12.280231969614 -3.309777256353 
-8.703787124641   9.280428654040 
-1.854408890464   12.664634155672
-7.644088474097  -10.296273244407
-12.743337748083 -1.686130044254 
 2.268036303749  -12.672047268311
 12.215260002503  4.163788038478 
 11.584152818211  5.726285328686 
 6.069458374580   11.416089670874
 9.894616133925   8.419533091416 
 7.589679360088  -10.577123131747
 3.845279755536  -12.451011672925
-11.771560434613 -5.671069694986 
-3.790121316505   12.649333899778
-12.596220946536 -4.333912562830 
-13.257290942112  1.676441478937 
-12.197722602462  5.597309006884 
 1.289343386991   13.377372000304
-9.135613140536  -9.890832997161 
 11.232358650646  7.437395015670 
 2.922511180863   13.151805185367
 5.753863378675  -12.247819854759
 13.550778743695  0.188190941341 
-3.457413998929  -13.117622922843
-11.423889112199 -7.656461835286 
-13.785436200772  0.136247208079 
-10.890383810085  8.456307101423 
-13.284807135708  3.693760722154 
 9.065124410234   10.396388813982
-6.538144755632  -12.157873292007
 11.484573259261 -7.773268576708 
 9.344522871234  -10.261300102629
 13.658413104782  2.926549841875 
-6.977110720576   12.123237045607
-1.793786776594  -13.885478506118
-13.734885898592 -2.970905067260 
-12.103882480488  7.233857096608 
 12.896431854519 -5.903688756954 
 0.285433765797  -14.184606694301
 4.556684732729   13.554766522855
-9.672385372555   10.582420782860
-2.375685295859   14.146678135031
-8.503083601863   11.607363741470
 7.272785528016   12.476521832500
 13.707830783016 -4.626912409352 
-8.541638488148  -11.721580267328
-13.315529626018 -5.890239786317 
-5.173301276961  -13.659522269099
-14.597515635515 -1.125813574556 
 14.715202966595 -1.009160365823 
-5.722933556831   13.594564860914
 8.331146435234  -12.189014182956
 11.096436196908 -9.764150896454 
 14.593172642502 -2.540907136309 
-13.713664449830  5.726168138652 
 4.998998227410  -14.009866823460
 14.021796393394  4.967587977311 
-3.934682517386   14.361196036604
-0.333169391360   14.967065732905
 2.864726086464   14.759408108002
-11.192712936501  10.046721963896
-10.553982921890 -10.798147755998
-13.080152111195 -7.554770372076 
-15.073595017584  1.563678600324 
-11.822506357909 -9.493035686087 
 15.223355618899  0.802712689453 
-6.799368404841  -13.646802752442
 3.072315952501  -14.934996047847
 6.421521153584   13.864952868449
 7.238654967402  -13.562061137905
-14.692501975564 -4.549583929661 
 11.369427100107  10.444927936427
 12.854135452700  8.622073913512 
 15.242547831515  3.069885998266 
 12.881518397089 -8.806641837843 
-12.797447622754  8.957301133147 
-1.458370611694  -15.569140600519
 13.805693772083  7.351799146049 
-15.467591353079 -2.477593141129 
-4.564751357919  -15.147505621853
-7.226460901471   14.078713165015
 4.556214570943   15.167458687431
 9.760384056126   12.515212348621
 0.038438698214  -15.984782420991
-9.085694161566  -13.183070590755
 10.547154066907 -12.081046365970
 15.021886552244 -5.642466459013 
-9.940192785120   12.629759953760
-16.099010529592 -0.380045379830 
 6.260390472342  -14.852472897245
-15.271506481205  5.163377227110 
 16.120925446068 -0.412104085453 
-15.936650408485  3.188637770119 
 0.923981246672   16.263514616377
-1.750548781213   16.250682952006
-2.884426286603  -16.113501251556
-11.464444149334  11.730306915505
-13.392683310173 -9.496763258795 
 12.872434507394 -10.317124936545
-10.686796522365 -12.600354609495
-15.016708322356 -7.062307982093 
 14.757443184498 -7.601033856207 
 8.864337222002  -14.054956319099
 1.596598818697  -16.634925354552
 16.173488722475 -4.212034891297 
 16.607088123338 -1.978099918564 
 16.598341295357  2.092747835812 
-16.633110116913  1.834818693102 
-12.766180035322 -10.943069960415
 4.193691183736  -16.314986702539
-14.994027097454  7.728683803852 
