-0.805128710823   0.654812571132 
 0.736422400339   0.920857708070 
-0.764089929843  -1.317125580057 
 1.984189628412  -0.861313561595 
-2.336350744396  -0.499376288379 
 1.072616407521  -2.137636201478 
-0.298650897406   2.771650952566 
 1.515401450102   2.502072471380 
 2.573145292454   1.394846890052 
-1.838154336281  -2.452128895567 
-2.350834292556   2.012376839167 
-0.219686559880  -3.376300393069 
 3.841260248525   0.408947145399 
 3.123510926639  -2.328998806049 
-4.265860933653   0.745915422431 
 4.250081845420  -1.060193776328 
-4.321191069773  -1.231693034621 
-0.288459401536   4.570989764917 
-3.925567013574   2.424658819573 
-2.729965627777  -3.727765086203 
-2.108592156207   4.154303406466 
 2.509127534482  -3.969157150408 
 2.392546742279   4.144718286067 
 3.772407397828   3.486349644930 
-4.117204549038  -3.121157792765 
-1.164244141188  -5.049742382799 
 1.003717102250  -5.169741522163 
 1.232615612617   5.132414163398 
 5.122656806331   1.572741501766 
-3.707341994623   4.141037718647 
 4.956796019446  -3.282695906406 
-5.962003123364  -0.772685411713 
-5.586754771016  -2.245072218696 
 6.074123507288   0.063628594280 
 2.602477734977  -5.713845819953 
-1.745471792947   6.072760192207 
-5.957863780662   2.132793773464 
 5.458291717253   3.376925587257 
 6.379120410574  -1.444124203777 
 4.315955301769  -4.937135677453 
-6.580855141591   0.741707211803 
-3.914302558317  -5.391554183814 
 0.735794755137  -6.706386800312 
-5.493049023581  -4.082326323675 
 6.758623311098   1.457839680607 
-0.457372820548   6.957815465035 
-2.807234848274  -6.407364858882 
 3.221395970061   6.234578301480 
-5.922335205827   4.433096308327 
-7.393242337088  -1.779219126866 
-1.106612792185  -7.578930259239 
-3.863754641224   6.647080255447 
 1.131340866562   7.665095569078 
 2.856717987459  -7.226115917471 
-1.861807313848   7.581721879057 
 5.104665296784   5.950477523525 
-7.400165960114   2.748026004015 
-5.268448297561   5.960150622618 
 8.034490959562   0.153944452542 
 4.605556964556  -6.603008999826 
 7.541796201184  -3.065873044712 
-7.052156076755  -4.130572378471 
 8.123406831750   2.273249772696 
-8.324425327500   1.482563990145 
-8.581692237826  -0.306571900441 
 6.813756960024  -5.272592820646 
 7.724494645134   3.872594661413 
 2.984939105840   8.168106323294 
-8.235436956614  -3.182952569027 
 6.777869444328   5.661498192002 
 0.467948137673  -8.829203975203 
 8.744378326932  -1.425362364845 
-4.273954581441  -7.809189517373 
-7.751261953219   4.648811222091 
-5.662872658543  -7.046298132884 
 4.975895220201   7.565483743880 
-2.815620967614  -8.691285917930 
-0.456981668321   9.171144242208 
 2.106604002831  -9.011565247923 
-2.551902268708   9.012865154268 
-4.375884928738   8.540930747938 
 8.564780991800  -4.494206277348 
 1.755825075609   9.597385755532 
-6.474850554949   7.326853743512 
-7.587631125151  -6.190256969303 
 6.698061236678   7.251342325487 
 6.785316314503  -7.250962157446 
-1.654794768817  -9.833521904855 
-9.816572855852   1.884659102413 
 5.530152188944  -8.331493277039 
 9.984050933779   0.689110747468 
-7.898492505032   6.259767500089 
 4.347387500522  -9.318642098436 
-9.537520374957  -4.000675894639 
 10.308517506520 -0.954753981990 
 9.935611635406   2.973399311829 
-5.463878710056  -8.923651229355 
-10.158069594335 -2.515318060668 
 5.330068727341   9.025643605195 
 8.275770982688   6.443502386751 
-10.586270539048 -0.855734247872 
-7.148160660947  -7.862315337543 
-10.085817700504  3.416408425321 
 1.605316605420  -10.541394301738
-10.707916594283  0.665513624131 
-9.464108975017   5.060579746079 
 10.121726088606 -3.685974840577 
-6.006711433948   8.981808510281 
-1.818611722561   10.685654259220
 0.823663711353   11.060034595814
 9.586998752854  -5.664666551863 
 10.011646027932  4.955489175657 
-4.177115248607  -10.502826198504
-9.649891712831  -5.987637647888 
 8.813423001228  -7.183467695678 
-4.921092912589   10.262696095793
 8.144813286441   7.960620324883 
 3.243240956081   10.931027311516
 7.656297694785  -8.507258599273 
-2.336210771577  -11.247290975985
 3.013064376541  -11.092783380643
-8.911595647967   7.468810519407 
 7.103693233087   9.235446829051 
 11.584894021782  1.309158479078 
-0.208833076966  -11.688628884507
-3.493548459419   11.191727908783
-8.990367792118  -7.614957514984 
-7.873596471118   8.771852006008 
-0.525707195399   11.797466637889
 4.795416619647   10.859496051929
 6.509216990115  -9.928457580573 
 11.726105894020 -1.933980088524 
-10.958918581810  4.907613360256 
 12.093783680005 -0.166820976173 
-6.268414159953  -10.540852486603
 11.451957505620 -4.431521128459 
 9.960023196844   7.329174446907 
-12.370239253655 -0.889391657167 
 10.350588440587 -6.971834446351 
 2.107470202359   12.313185303895
 11.556939089338  4.796146782842 
-12.257201937313  2.740648868666 
 5.705188082653  -11.204679168590
-12.088718504715 -3.477563218314 
 1.734005611633  -12.493578311877
 12.304625730911  2.902053175403 
-11.237060234463 -5.995929211593 
-7.901927962499  -10.041002386264
 3.771779660196   12.343700381189
-5.915287075266   11.496119857328
-7.622115379417   10.517891306458
-10.635476513293  7.507339157054 
 8.421125190380   9.956223245817 
 6.716569775787   11.233131343220
 0.258508871987   13.118986022659
-4.540201124479   12.379185377277
 3.314737866440  -12.800184875108
-2.982986643939  -12.893169239204
 9.736211014387  -9.102262744627 
-2.266036050718   13.151679666018
-9.378567959704  -9.618698509129 
-13.385307271016  1.197182573520 
 8.656302676255  -10.283723025822
-9.574034658291   9.528510510792 
-10.744790132554 -8.297535920186 
 13.558277047989  0.747393944600 
-4.889075670433  -12.717891089565
 4.956527522859  -12.693937562587
 9.929969984540   9.347542710095 
-0.201726585068  -13.640201916412
 5.348938308721   12.549840007482
 12.956378237289 -4.341456623302 
-12.470893978373  5.599548089122 
 7.611477815973  -11.449679539873
 12.473181147826 -5.819621472691 
-13.190384625282  3.938196685285 
-6.916599325889  -11.985607645789
-13.650930436271 -2.331826004330 
 12.467942795722  6.084447596451 
 13.154685446517  4.542827770392 
 11.319225840933 -8.173019156218 
-13.246783747099 -4.667927624298 
 13.797699257689 -2.882800989733 
 14.060295239447 -1.041027561699 
-0.933016952641   14.125077605486
-12.186992315987  7.427078129436 
-12.518074373136 -6.997747789621 
 1.415713260713  -14.298137370058
 14.035669238746  3.145467161548 
-8.817177671212  -11.392131636973
 11.789590984086  8.327112117024 
-11.445096127654  8.817715614248 
-14.216074627600  2.803138986133 
 9.242979425611   11.232595087359
 2.199672903264   14.390198966474
 7.868382111980   12.254533319415
-8.637412596626   11.750693709201
-1.503134806730  -14.521806456157
 0.623567245977   14.632741142192
 6.924935396585  -12.948283483195
-7.415592646536   12.761239102118
 4.765206547286   14.052375981600
-3.749652542222   14.422569511145
-6.306479605622  -13.621791552535
-3.127476718000  -14.688324011620
 2.904540113626  -14.770250035346
-15.038693045805 -1.063221662671 
 9.916640270430  -11.386869712539
 15.070842747427  1.436414795655 
-11.116452851041  10.283566437860
-13.835169338141  6.223887602981 
 10.772142051410  10.694066501297
-10.581226280491 -10.885105229494
-2.133135364878   15.133078853449
 5.940593536381  -14.110155326992
 12.842255888868 -8.374953658475 
 14.183065203956 -6.097897900385 
-4.978808366202  -14.633894563000
-11.830712376619 -9.961673716897 
 12.022979377694 -9.871889727411 
-15.464195362823  1.935997215418 
 4.550243264803  -14.933169967205
 3.485425038909   15.306287883491
 9.080438866256  -12.847579758016
-0.397223864745   15.765912092502
-6.742962964462   14.279657950833
-15.237096247677 -4.148243661243 
 14.876164710575  5.399530183874 
-13.027759123388  9.002759747427 
 7.114126527084   14.156796401183
-5.279869460655   15.019631400582
-7.773646157955  -14.008879019058
 1.004941674883  -16.018739194191
 15.567768478832 -4.059393123288 
-13.497869630945 -8.764176610739 
 14.216112482570  7.552184979240 
 10.468101721133  12.248350116218
-15.899912894522 -2.683104067248 
-16.158348643795  0.252501596568 
 7.629920796151  -14.365474130925
-10.304657838418 -12.604199653187
-15.847381396877  3.862607756965 
-3.373214526142   16.018654454745
 16.201214478951  2.501945144141 
 16.404973922066 -0.012189577893 
-10.906049856303  12.325589179407
-14.955708303826 -6.995262896042 
 16.481267667247 -1.521389406448 
 3.356779608671  -16.223449475903
 12.833730910901  10.522060316812
-9.641160428399   13.520225559527
-15.582678156345  5.880163843920 
 14.675034613385 -7.934584060850 
-16.637139528960 -1.348881148073 
 6.085108419254  -15.624242711570
-1.784041343215   16.716053995651
