 0.249576620087  -0.868511509076 
-0.589199817180   1.091182265362 
 0.954318072973   1.090317903306 
-1.918817100918   0.147014525623 
-2.328348029918  -1.301975689043 
 1.556805028621  -2.607426626296 
 3.112498464082  -0.324333252420 
-2.733570124422   1.931268827703 
-1.215196405341  -3.154614415352 
-0.030541547503   3.447970429942 
 3.235312917025   1.227889998883 
-3.800281557283   0.469039328509 
 1.653660916053   3.499276140291 
-2.057819191904   3.378825847304 
 3.137533722462  -2.753265180211 
 1.054233858995  -4.065907690012 
-3.051957453790  -2.905133733190 
 4.594535410511  -0.039975269786 
 4.366346584923  -1.741562460897 
-0.437034186809  -4.697243585907 
-2.069480545324  -4.438870205372 
 0.985547479137   4.875582434794 
 2.808993292451  -4.223371504676 
 4.577924439465   2.255785077991 
-5.025078350360  -1.026564283845 
-1.300491339188   5.214348503553 
 3.648622822207   4.025224523510 
-4.858810450054  -2.529604288023 
-4.537997007353   3.385397922953 
 1.582056911258  -5.527683117910 
-5.692265157818   0.877946826475 
 2.458400980884   5.355596598097 
 5.904750140092   0.743632564465 
 5.875554661541  -1.113908950738 
 4.549625168455  -3.974348897959 
-3.543013895177  -4.987407765248 
-1.276903141457  -6.043187666774 
 5.614065265148  -2.818721868601 
-3.220658916531   5.506070879347 
 0.799487360930   6.381926687973 
 0.360399693586  -6.599542609371 
 3.100655878584  -5.915996800991 
-0.736172060408   6.742455061461 
-6.343303040653   2.433680195163 
-6.720556425542  -1.360193039538 
 6.478193420399   2.279256680184 
 5.287143581716   4.601885334013 
-7.201002117004   0.222672237392 
-6.047990330720   3.919039137074 
 4.706918602653  -5.618141675973 
 3.193303468725   6.676121379595 
 7.076110681153  -2.427210054405 
-6.298854017177  -4.106080764710 
 6.587629046625  -4.150744539389 
 7.882899052377  -0.470401191332 
 6.751985171609   4.120409151299 
 1.993246373118  -7.699686031448 
-2.955198271569  -7.515924488622 
-3.391690329356   7.374016644637 
 8.041433364790   1.391559355533 
-5.719919581564   5.836013663768 
-6.109186770082  -5.604271979416 
-7.936391941793  -2.778684611760 
-8.296920880104   1.493138543486 
-0.085856878295  -8.446797449216 
 2.337614774378   8.205599786671 
-1.652683501356   8.453777085921 
 6.594230288227   5.615781923871 
 5.058930221487  -7.077672894870 
 6.321901752795  -6.073146922299 
 3.996100138296   7.998768942111 
-5.439398418296  -7.216389065995 
 3.526888647813  -8.370753433531 
 5.551542391336   7.261612474853 
-1.623634701521  -9.001716180558 
 0.893401360101   9.148049347029 
-8.668987548546   3.068627123129 
 8.286939674969  -4.173442532993 
 8.642515749881   3.501497661095 
-7.316744670019   5.847644001881 
 9.402381350833  -0.595681902919 
-7.706752032321  -5.471799031859 
 8.024998654697   5.034552525489 
-8.420092557325   4.600485141290 
 9.282995944259  -2.458531960807 
-3.143361175028  -9.166622818871 
-3.506107836515   9.062991331378 
-6.279134340954   7.486746214836 
-9.725254039650  -1.152056754164 
-9.746781080458   1.025215780135 
 9.585942549293   2.198036730831 
 8.088874280755  -5.703786053365 
-9.291939315804  -3.479236793937 
 0.836796360614  -9.939005391809 
 5.244830915119  -8.710078166748 
-5.401887583449   8.759613818835 
 3.326620055825   9.783163266631 
-4.932297240532  -9.131111421183 
-1.313567896816   10.416419459084
 7.021080102490   7.918470179651 
 5.649553488018   8.949700232609 
 8.223083340033   6.741316923520 
 7.740843745447  -7.382692418355 
-10.513634269356  2.362744376892 
-8.921545701577   6.058424902000 
 9.816422278363   4.662995806117 
 2.161970503027  -10.692062835788
-2.544613913596  -10.610131637453
-6.732894088535  -8.645811535759 
-0.423242171099  -11.005531288550
-8.164409983096   7.487561897141 
-10.147505845490  4.624441935173 
 6.920255825381  -8.772122113858 
 11.142594952581  1.498556118048 
 10.649487327175 -3.680559694982 
-8.417958689184  -7.497334981141 
-7.204820264694   8.711985364130 
 4.256069867520  -10.599651518199
 1.778183098405   11.322514297016
 11.407307723210 -1.463433197614 
 11.102406943344  3.042982656332 
-3.634406846606   10.957333803544
-11.389722110575 -2.118011092177 
 9.492283202464  -6.643597274037 
 0.101878833961   11.743256542941
-5.120227475895   10.592100238233
-9.715219189718  -6.636718956204 
-10.663505847729 -4.983983432752 
 6.338251971824  -10.160280475347
-11.970022273014  0.497902806006 
-4.123133999022  -11.254126121050
 8.490557828765   8.463501111498 
 3.736418522718   11.495512992517
 6.198074358864   10.500451148410
 9.647269650499   7.478514627341 
 10.705291454101  5.971851333030 
 11.151450111998 -5.212047180721 
-12.133527630849  2.155260575309 
-5.974519880114  -10.800568905475
-10.544551540884  6.451389263002 
 1.743729438314  -12.344283230839
-12.002660185627 -3.580743106026 
-2.758287115404  -12.265478252948
-6.741129666333   10.733382411893
-8.663564625026  -9.304701747412 
-11.850057718182  4.711745426136 
-8.642023165146   9.455861646797 
 5.234058885415  -11.739614343614
-1.963383976541   12.703779033688
 12.033816945530  4.736202894726 
 3.525902722092  -12.467170646683
-12.948100568308 -1.083411368687 
 13.050708768660  0.039687627445 
 8.989797640593  -9.479030745628 
 12.952441949645  1.756237533687 
-9.991143252900   8.473230135125 
 12.907270382687 -2.338827530491 
 8.071739916375   10.341318401719
 0.049620853470  -13.196126768493
-7.762716765741  -10.755520472219
-3.616740232066   12.827137275216
 0.519553386783   13.377375004573
-5.099019672130   12.442560107569
-13.239021519003 -2.699698304501 
 13.108493905660  3.326055835246 
 11.113928654394  7.921885272758 
 9.574129867776   9.741864715141 
-13.211651416603  3.525609465020 
-4.643953980495  -12.878986382138
 6.901192553982  -11.846438661042
 11.406119758786 -7.634332230470 
 12.722649778700 -5.152233917723 
 6.154094743421   12.343967802096
 12.271862856859  6.310276940118 
-12.263658643327 -6.464475210078 
-6.585894462152   12.244237140388
-11.410427731978  7.963654350201 
 2.541823094577   13.756735203131
 13.494959430152 -3.748587275501 
-7.024557835668  -12.152693997306
-10.841647423527 -9.041078899371 
-8.435015688958   11.367492364719
-2.935614902393  -13.883535556961
-14.025519741589  2.166129337480 
-14.283782109285  0.338388154328 
 7.714483391476   12.052185113973
-9.382722218594  -10.834096853677
-13.731387018853 -4.118966203525 
-14.348173118739 -1.686217604577 
 4.964891292212   13.596518065658
 11.272353091972 -9.157012729630 
-10.864491000522  9.781347456594 
 3.891286366935  -14.104091718252
 8.834342067244  -11.665263618218
-13.379559315282  5.927617612299 
-12.160519172523 -8.257782202303 
 6.295783541394  -13.330616314810
 14.492730017163  2.743861449558 
-3.995549200677   14.298683257374
 10.483814246595 -10.546855722480
 1.196384016048   14.852958795484
-1.536005438519   14.980520415504
-1.351078601461  -15.056046783602
 11.007368819647  10.411409699200
 9.846959635030   11.553687183781
 12.202521272503  9.116246565749 
 15.249030337410  0.218848208411 
-5.563088014272   14.203480387097
-5.239709879558  -14.347150227145
 13.333513776737  7.524571116786 
 0.213102197352  -15.362652528999
 14.490115199628  5.130505272541 
-8.855778951457  -12.627993299169
 15.321601669792 -1.910929064946 
 13.407073112059 -7.726467909554 
-14.477015435920 -5.465170260869 
-13.783367557377 -7.080175019198 
 2.036678556248  -15.388920620511
-15.195703920980  3.284803151707 
-13.674794169473  7.481199026750 
 6.318211801262   14.296529648125
-7.600680826611  -13.662190513246
 15.064437360983 -4.354429505131 
-7.512345378953   13.810798528340
-12.929331974666  8.960917997312 
-11.437266209090 -10.807141253937
 8.946626271466   12.988388271934
-3.053823523257   15.477440195279
-15.776630720888 -1.034070858829 
-10.708091633141  11.709539082875
-12.539214453678 -9.744833193553 
-8.973850397463   13.134744395798
 6.003287123097  -14.827639941245
 10.593540211629 -12.057842789782
-3.299459529694  -15.717132870968
-15.557505981053 -4.175604120022 
 12.069203678127 -10.699205424512
-15.482828376356  4.941434051176 
-16.132973938463  1.977298190162 
 15.135314781234 -5.969113996173 
-12.418565867143  10.519557890985
 3.540498618772  -15.890039527099
 15.740223492779  4.159331463193 
 3.513788233899   15.923810997406
-16.177946791122 -2.501491340510 
 16.243075737514  2.260275546931 
 8.032100270557   14.304189843216
 8.279236873498  -14.205113971834
 12.701435715443  10.546877152303
 5.434118528964   15.604583973971
-6.907446308352  -15.048996381364
 13.527245933266 -9.557830876095 
-16.583438191732  0.296242051185 
 15.134304653541  6.888028475114 
-5.544015108531  -15.855672354463
 10.894557848686  12.800343769683
