 0.266706504776   0.689154175372 
 0.818073755718  -0.968157491684 
-0.944827583277  -0.941643957391 
-1.769019278879   0.619918673311 
 0.217039492334   2.214729511875 
 2.114164363519   1.398720682762 
-0.946200854218  -2.512488732364 
 2.809804835572  -0.804193303209 
 1.873876738989  -2.301368061591 
-2.880148018809  -1.863020653717 
-1.623824488953   3.050016535464 
 2.042616463894   2.900814627482 
-3.887941905795  -0.300323363008 
-3.108757711812   2.505556495793 
-2.355697025670  -3.301012239059 
 4.076592509077   1.242001989757 
-0.354509792121  -4.335811503684 
 1.564814036419  -4.344076023440 
-4.402183749166  -2.539347832775 
 5.094718534724  -0.369905865447 
 0.151262980103   5.110123932227 
 3.801586955769   3.478686755510 
 4.426295448611  -2.867751560431 
 3.204711484681  -4.421704498452 
-1.541248952409  -5.321138188867 
-5.584279269206  -0.503708000819 
-4.645477608518   3.183032643948 
 1.978409063441   5.331614325810 
-3.836634084246  -4.239656084092 
-1.465877485078   5.527901365334 
-5.528542878175   1.521971641874 
 5.910384625454   1.030436260004 
 3.553848518330   4.973214055146 
 2.070019958981  -5.756904851083 
-3.320924483113   5.221169062120 
 5.546566697692   2.929314760759 
-0.352162690538  -6.375605400410 
-6.088252551517  -2.080723768399 
 1.174399503891   6.599203724908 
 6.239274444178  -2.542618904434 
-0.660237300630   6.851632060100 
 6.816643294775  -1.002123667747 
 5.218276927188  -4.518379341105 
-7.091828661904  -0.006181351894 
-6.584197652715   2.821224937595 
-1.819381790773  -7.021721045664 
-2.414720957833   6.856364234741 
-4.309895549966  -5.934515843816 
 7.491934129223   0.894401841821 
-5.709189277611   4.947929244713 
 3.336550524469  -6.823017547133 
 7.129807478339   2.851111832179 
 0.437304194968  -7.799099388856 
 5.742756349409   5.309417206082 
-6.703973418768  -4.120612215702 
 2.221418807951   7.705909070283 
 4.478192791656   6.694220425888 
 5.674926546032  -5.986141662092 
 8.301473761876  -0.758810554278 
 2.175197542800  -8.064796027356 
-8.112922976607  -2.232653431357 
-0.190443878041   8.512814945675 
 7.495513503597  -4.282839273281 
-4.718954407687   7.263022379789 
-7.689311931616   4.031730219817 
-8.368115222244   2.557169133490 
-8.759491407749   0.391169500204 
-2.148992724546  -8.517680297749 
 8.389027859610  -2.740476141520 
-5.509636142675  -7.081531630840 
-6.708104245634  -6.079705384245 
-6.211217559445   6.588693320426 
 7.662889924992   4.903495558352 
 6.074956757368   6.784399698323 
-3.970402119295  -8.232575336758 
-9.113575762810  -1.084992443771 
-8.269917141690  -4.054583936941 
-7.382802837086   5.513919333350 
 8.874482815419   2.543553405641 
-0.785285586730  -9.240173257644 
 5.280928761924  -7.659919721647 
-2.749068448477   8.990075268695 
 7.506495320354  -5.891733806665 
 9.574591411939   0.289668325585 
 3.923236737462   9.092489248686 
-4.401412640781   9.063292470725 
-9.784831232784  -2.473444157067 
 2.014494529206   9.956948338277 
 2.419482093789  -9.886522300174 
 9.162033478103   4.540732044210 
-2.838347431670  -9.881551612016 
-5.723949174312  -8.601290728302 
 8.959128552390  -5.225036693868 
-9.040241959889   5.086056807895 
-10.362510885093  0.740098694901 
 10.346972997865 -1.272634312414 
-9.778165930958   3.753923036018 
-7.863575438706   7.016936485441 
 4.380096415689  -9.619985007000 
 0.445628436571  -10.574790358449
 10.009577010108 -3.539481768929 
-8.438036972043  -6.510255201393 
 10.592189680084  1.472595831439 
 6.598132672718   8.440182413376 
 7.554396315466  -7.611861004073 
-1.097462769141   10.673986794798
-10.514636341654  2.404342944304 
 0.568902431162   10.872316527757
-10.877658175771 -1.185326460594 
 10.507696229778  3.100483831327 
 8.662991099846   6.831713528335 
-10.402005567759 -4.014338204978 
-7.387816852188  -8.372755119260 
-6.779335431618   8.932591519868 
 8.898707204928  -6.834249444400 
-4.240737304398  -10.469916134962
 11.392384791231  0.150313707014 
-2.763180888764   11.124524177381
-1.988802324586  -11.289927317973
-9.828824954932  -5.922427077291 
 6.520329126018  -9.714511719813 
-5.152718308349   10.558931658304
 6.193684355712   10.000138265129
 10.044979342859  6.175634291294 
 11.658541389577 -2.592816843102 
 3.748810709976  -11.360169014961
 2.259837829174   11.889859932406
-12.129390213542  0.461595426203 
 4.210640918747   11.498520358529
-9.429668045907  -7.822038411552 
 12.124185446280  2.087673653318 
 0.899544930584  -12.278631868978
-3.391337168474  -11.889590895061
 10.451353194462 -6.713861150498 
-10.896998745351  5.965698480601 
-6.731223677014  -10.471906132758
-6.673201074734   10.512344961480
-11.300282057948 -5.232532238000 
 11.328067745302 -5.212003707996 
-12.530617121897 -1.237846006996 
-11.697100608862  4.682221158194 
 0.927080699680   12.580354494615
-8.688276034624   9.177530430537 
-12.449893505306  2.324226290512 
 8.233529616455  -9.687863161476 
 12.105059595910  4.028049376951 
-10.268191945606  7.653578679918 
-1.393640122550   12.734042209345
-8.205231132066  -9.950165734725 
 9.312605646183   8.928868894252 
 5.785081826701  -11.612817665552
-12.655057336538 -2.942620409919 
 7.631859608233   10.594237872733
-1.789043834133  -12.982579136031
 11.794901294749  5.745404610876 
-5.095220704946  -12.092624002953
 13.160532962075  0.341934114260 
 13.154462358733 -1.176639676303 
 5.941170992962   11.904995878373
 9.722863705594  -9.225944301655 
-4.327581056705   12.713783127147
-12.916759902019  3.806838760488 
 11.176846659885  7.618486095629 
-6.231695623044   12.074934597451
 4.089098033574   13.038892676048
-13.655981835603  0.613162882186 
-10.877788445078 -8.316553596773 
 11.988116452382 -6.616399966792 
 4.788129203853  -12.908541706457
 2.250088801399   13.632333236591
-8.402011697095   11.025121083022
 7.853166817789  -11.446174694478
-0.528611802308  -13.871989967661
-9.881260066054  -9.770406007379 
-3.864961157518  -13.387490477351
-13.280821603181 -4.386605975315 
-7.646172691115  -11.733472685951
 2.474992588958  -13.833805732068
 11.428291941525 -8.214349572304 
 13.414432012226 -4.283918241522 
-12.574667486622  6.353785449945 
-12.126609979112 -7.263279144466 
 13.775042440996  3.630218863449 
-11.147652322723  9.045129033342 
-3.259534180514   14.019124257786
 0.348167728476   14.467399595944
-9.081011527986  -11.285338948482
-14.475431881549 -0.988303436132 
 10.579083041463  10.009607793883
 13.330392741938  5.925411474126 
-12.244051940176  7.931428688695 
 13.374245343826 -5.867338616631 
-1.814316129979   14.516017178233
 7.085548581904  -12.861470220053
 6.228632587252   13.420694869945
-2.116167601570  -14.664745229720
 14.672160959534  2.182032788866 
-6.946282574768  -13.138342867929
-10.062245957932  10.977943971286
-14.462550807294  3.983521351486 
 15.002533361800 -0.200890378779 
-7.297663886176   13.134896616360
 12.864745108522  7.904031024453 
-5.300611176272  -14.187556482137
-11.928183414638 -9.404602934205 
 15.031655135021 -2.290256060228 
 9.746845477541   11.725069506104
 10.896507796341 -10.692734940965
-14.992968962355 -3.144741914477 
-5.300420086899   14.430911557319
 9.278454147707  -12.274891566180
-0.019899650778  -15.396445224389
 12.192114643462  9.407635263818 
 14.591647083866  4.946749237605 
 8.088768998519   13.164047501690
-9.000875160213   12.592657283714
 3.692163087188   15.095306404554
-3.649696187308  -15.185639458720
-15.591414452674  1.011395799406 
-14.426809280596 -6.044204162246 
-13.764323514642  7.467302434318 
-15.439373849648  2.643221573054 
-8.676259626967  -13.063014601500
-12.619094580107  9.413904794158 
 15.060457338153 -4.813695772888 
 4.911489113470  -15.101271485659
 12.978947433703 -9.210037255194 
 14.042055503158 -7.504924752744 
-11.580926386329 -10.935056044298
 2.054857939579  -15.871561686898
-15.999012003950 -0.577103125827 
 0.553067495902   16.052983430960
-3.508051935201   15.688922279101
-6.823542338622   14.561923112245
-15.001605756129  5.887818247262 
 11.838722135586  10.952194238217
 5.680789967774   15.109449095249
-10.485158276401 -12.502575614216
-6.654932973291  -14.946363269885
 16.346452806448 -1.312736735866 
 7.522262116391  -14.578057016247
 2.313349577495   16.322719101811
-0.936171147255   16.470825145365
-16.383704590298 -2.175334192764 
 16.563119062890  0.591671048529 
-11.461521292693  12.000691528391
 3.745763414119  -16.258777273280
 14.939521321538  7.437302792270 
-1.925636859026  -16.671108428464
-14.506729724380 -8.497709038595 
 16.506449931404 -3.280640266910 
 9.559374028097   13.859274973032
-0.150509658463  -16.902414671330
 15.931298221233  5.745377009259 
 7.545524931536   15.205450303058
-16.931059672038  2.095421198238 
