-0.047801170533   0.627614019962 
-0.088094365879  -0.929599625599 
 1.670039387863  -0.331183173126 
-1.238587873360  -1.939243888461 
 1.017894612482   2.405222877062 
-2.748463201210   0.054556844409 
-1.153859406964   2.538430287311 
 1.470952004358  -2.517065436701 
 2.467481613459   1.643189363633 
 3.048505848444  -1.429041748077 
-2.802416356554  -2.305943715688 
 0.153439515453  -3.665462813731 
-1.714385759911  -3.540967600339 
 3.955972515861  -0.123758547600 
-3.242020424497   2.358742461298 
 2.509005919036   3.152240107587 
-3.957881133101   0.945205382747 
-0.005533494263   4.154157607972 
 1.815430544320  -4.159488672451 
-1.657953993975   4.518128297783 
-4.615899665710  -1.759062191501 
-3.156208555878   3.989052841596 
 4.426429905883   2.614346394462 
-0.698476066362  -5.249196448733 
-3.098289840065  -4.356914237890 
-5.431865645880  -0.068625697834 
 4.250160944063  -3.478675185382 
 2.639882517656   4.820521675467 
-4.528217705937   3.230027307094 
-5.608994875527   1.423611612893 
 3.368800104082  -4.761010911530 
 0.584702586289   5.835512744814 
 4.253495295672   4.206621048856 
 0.588025636623  -6.032263123371 
 2.067679147291  -5.700766123143 
-1.076842914000   6.007098552174 
 5.989079477545  -1.576334578640 
 6.152980762281   0.919190866116 
-2.611613073610   5.889617865382 
-5.268587922931  -4.161621079970 
-6.518166397578  -2.019489602606 
 5.019574461477  -4.812405269762 
-1.887646934974  -6.701445890219 
-5.706783512402   4.174142012719 
 2.690494251915   6.709526533617 
-4.186219388332   5.895319444354 
 6.358490327711   3.599636073749 
 6.685578753686  -3.055237979852 
-1.812866239353   7.386280190874 
 7.490062204067  -1.322218222278 
-7.706956006267   0.084451966891 
-0.729207771605  -7.744756618899 
-4.172787565592  -6.565509320819 
 7.440406864508   2.369329378123 
-7.421400655806   2.730677399070 
 4.704594233792  -6.507590386197 
 5.010097843741   6.315255997613 
-3.506454879426   7.274930887263 
 1.376326534565  -7.969555263186 
 6.481301629989  -5.170390662795 
-0.165197132947   8.291865548722 
 3.450439583631  -7.550412764844 
-8.232328072283  -2.240788065339 
-7.292596190667   4.620604865343 
-7.413879153531  -4.439160473321 
-3.492229949075  -8.002353071496 
 1.414309026373   8.689726464965 
 8.853976832860   0.201628021147 
 6.702083724285   5.795131872098 
 3.911900349106   8.002716402922 
-6.100767875194   6.537028633905 
 8.550631474922  -2.840302044296 
-6.077669168632  -6.756726958547 
-8.983074459531   1.477902614883 
 0.152949152933  -9.136132436712 
-1.650833193320   9.018534341708 
-1.924854065916  -8.971535146285 
-9.275961178392  -0.383089737406 
 9.047843669247   2.583333582646 
-8.715018079606   3.549589950019 
 8.357586759441  -4.479763129335 
-3.617718769821   8.950104886039 
 5.571599346483  -7.935585627140 
 4.304984053897  -8.809706384338 
-7.907073863526  -5.875228686770 
 8.539101167812   5.044163815052 
 2.816264622699   9.547435349054 
-5.763199364046   8.174529506375 
 5.588495390919   8.326030701667 
-4.756404664777  -8.995889555264 
 7.948248233505  -6.411548317450 
-0.636783570969   10.310092275232
-9.551178543951  -3.983941413922 
 10.258605880778  1.482993974372 
 3.261183551229  -9.928424625502 
-7.803626560466   7.162378644163 
 7.213737913094  -7.849173744226 
 10.673123047793 -0.697729900179 
 1.347448297374  -10.663482378057
 10.417938018256 -2.701660628246 
-6.260705442263  -8.785219329209 
 4.326333560192   10.055677800814
 8.406178137256   7.024283177706 
-10.927752593779 -1.407529317465 
-1.714098387694  -10.897523521355
 1.740181376702   10.907840520590
-10.407705996990  3.724181520430 
-10.880152626062  2.218965606528 
-9.855321596619   5.308353012955 
-4.006926366780   10.513948697528
 7.258005695382   8.611612750241 
-4.218575580019  -10.529204367203
-10.950218558769 -2.963571286777 
 10.189581761300 -5.426357291105 
-6.796709000775   9.362362443552 
 11.157479432488  3.188079665825 
 0.228991900843   11.611979014158
 10.680736609124  4.763615802026 
 9.582866556040  -6.829599683629 
-7.899473822634  -8.729430101527 
 4.378412629430  -10.998770560526
-2.446556871429   11.651071595458
 3.568088183292   11.380824770295
 5.842448269911  -10.436838302383
 10.206164261499  6.264740054539 
-11.991373730573  0.153438402853 
 11.912687816899 -2.202358440742 
 5.751020466278   10.664016622494
-10.703838394928 -5.785261486270 
 8.137198302887  -9.155166081391 
 1.432033154580  -12.220794737681
 11.740005979493 -3.818726013700 
 12.275442273775  1.745620943002 
-9.550635971016  -7.917496954372 
-0.721384150719  -12.406559773501
 12.461731184971 -0.665847307767 
-10.037325786967  7.534235744859 
-11.939089735394  4.094934420080 
-6.815963295592  -10.628264055354
-5.957300569851   11.249567075559
-8.331144578145   9.655239621339 
 9.113921803209   8.953108009898 
-2.861687233321  -12.470892106335
 3.532605965489  -12.301797647083
 8.056295068327   10.019659952881
-4.971318382361  -11.879073091440
 2.367585711781   12.715758306836
-12.828882795939 -1.761198736721 
 10.242660432879  7.928973694580 
-0.724265342770   13.075234052579
 4.896117966919   12.160536137376
 12.569616122200  3.818652203260 
-13.062904339015  2.143045716611 
-11.985009964651  5.774990507582 
-4.691637486335   12.470694788564
-9.130804408383  -9.728559123655 
 8.178324364839  -10.720210644556
 12.007307020491 -6.173390560028 
 6.884693209265   11.734468521984
-12.450082693274 -5.825734325372 
-13.783109207848  0.463419640979 
-13.404714412539  3.668782470142 
 4.851467803331  -13.032650325943
 13.828234241641 -1.475440400144 
-1.066967427735  -13.899916839629
 10.115951884814 -9.605826790237 
-11.704708622552 -7.598847599450 
 6.342756193246  -12.447013254370
 13.759863939202  2.535520789624 
 11.724666136661 -7.667645359855 
 12.511145095888  6.327123736074 
-8.393539913589   11.233036134515
-13.385682237368 -4.245643494174 
 1.840027512200  -13.937948198987
-4.505792841051  -13.359864273183
 13.701513903615 -3.409177886592 
 1.330127426545   14.067381600228
-8.589579476450  -11.265842214052
-6.540994181311  -12.695067690548
-7.255066794502   12.317048843989
 8.653223374671   11.407745774315
-9.733620189172   10.545649080458
 12.026058943176  7.922803195484 
-11.477234502719  8.725859525811 
 11.116092813624  9.302145255470 
 3.126463285406   14.288716918060
 5.293811850126   13.643383408096
 14.635729466961  0.512202947995 
-2.835708293708  -14.386791177697
 13.867512569130  4.796101396370 
-2.837018903207   14.456390899552
-12.745746518702  7.725784179054 
-10.896240566587 -10.187584074104
 13.997386747230 -5.160100601339 
-14.703142171821  2.548616929578 
 10.294787066602  11.012190050277
 3.201802346955  -14.731790499164
-13.847363148870  6.003562021939 
 11.911275913008 -9.317575485917 
-13.563204264675 -6.836875935966 
-11.215500884191  10.279361990609
-15.162727961261 -1.906880030011 
-14.627647564953  4.586429511521 
 15.120512215934 -2.805554954162 
-12.531784425291 -8.918454543018 
 5.142817723989  -14.525509899353
 14.063240276292  6.317800721197 
 11.000371701341 -10.907302202982
-10.244580287145 -11.652355915451
-6.810225503885   13.948930902731
-15.047258391891 -3.822396708902 
-0.567421118023  -15.544686089126
-15.585007115483 -0.363247865464 
 4.516148363912   14.985320636277
-1.246109526486   15.602629692280
 6.845495147197  -14.085440842687
 8.776608870591   12.982079642969
 15.370852459227  3.102449100674 
-4.258831689359   15.187319311845
 7.536028980010   13.921281431920
 15.862232921641 -0.426160631890 
 8.529249208994  -13.394673649983
 2.183668574886   15.732139299358
 13.521680151183 -8.393616105251 
 0.227267052479   15.919834842776
 13.624893538021  8.406276002837 
-10.800049674685  11.885460224748
 14.636226412815 -6.631381957606 
 16.033294857567  1.679244175661 
-9.520464165180  -13.059639782662
-9.710159896856   12.930942622955
 10.265797448146 -12.533932889075
-2.693420635813   16.008627157582
-7.964491768266  -14.158841824849
-15.050665377523 -6.189015577968 
-14.494460228387  7.452660258463 
-13.425983572747  9.286821815472 
-6.249469215858  -15.187442184060
 1.945189802623  -16.382493032660
-14.085504488352 -8.589435997548 
 10.702149184783  12.580567996359
-16.378700257485  2.173225754042 
-3.329845209033  -16.228705128263
-4.797003728011  -15.906648476986
-12.989995913133 -10.382782570538
 6.808328683380   15.255326328646
-12.319972159563  11.318931142515
 12.815989188396  10.792223434734
 3.639151095937  -16.392851335686
 12.597230681282 -11.119132570651
 16.337771113699 -4.054273225566 
-16.676163192407 -2.397302686300 
 16.837718554279 -1.937338720928 
-1.286651886071  -16.920742687738
-8.527980009272   14.704682925072
-11.465253437997 -12.648059006227
