 1.062035883398  -0.045603882199 
-0.057283165775   1.284007802272 
-1.092446422224  -0.712565287433 
 1.182994319815  -1.774096996166 
-1.957525677736   1.095445403259 
 2.719718852459  -0.016336452837 
-0.232305558188  -2.758858817423 
-0.212944089972   2.958609618842 
-2.758568869445  -1.217772588002 
 2.625710923365   1.604397979217 
-1.944448943333   2.746517896692 
 2.953220663617  -1.802836232579 
 1.273121023738   3.327110340154 
-1.744630696226  -3.566670261021 
 2.218099371001  -3.368016010344 
 0.689823267575  -4.228527072319 
 4.241405018587   0.749855916730 
-4.339056977200   0.842515628237 
-3.537698287387   2.705317086833 
-4.391221070489  -1.184836300571 
 3.217615596492   3.474703415937 
-0.272226243368   4.778816028650 
-3.988391485292  -2.790233474198 
 5.126048607453  -0.486767059147 
-3.163987542584  -4.095765475394 
 1.797784969781   4.878824690561 
 3.816103864588  -3.597794070340 
 4.782816295290   2.243838444810 
 4.875591607863  -2.169232980951 
-2.155727306091   5.005429871188 
-4.977917742738   2.222321906907 
-5.577808224139  -0.185729150354 
 1.784983768726  -5.543020425158 
-4.532813075043   3.892980953114 
-0.601417056775  -6.065322346915 
-5.537510357262  -2.625421294892 
 6.159158846791   1.007687092061 
 4.355380046385   4.671739718535 
 1.443962839510   6.386149209533 
-3.678590656760   5.439902523263 
-1.258848013238   6.471963969457 
 6.553617803353  -1.220649904263 
-2.060636424245  -6.474085603073 
-6.756708739869   0.926201618980 
-6.853504141470  -1.412375808712 
 6.174268238147   3.339755387792 
 6.593105341796  -2.753252782034 
 5.701612055050  -4.377828806681 
 2.935819377955  -6.615056577094 
 3.467524137499   6.370244296482 
-5.616990728857  -4.605470619843 
 1.464858714737  -7.127551684633 
 4.521391935057  -5.808075985182 
-6.238114336494   4.069678268580 
-7.194879545059   2.594906544543 
-3.616290953821  -6.771232797362 
 0.040135244685  -7.736722756393 
 0.777300362459   7.730263437906 
-4.924979207535   6.309380659043 
-3.101823442709   7.410045958856 
 7.620627676865   2.827593523289 
 6.286948396468   5.458526389918 
 8.361944533997   1.491822368490 
-8.433418321757  -1.122383675040 
 2.625994136386  -8.101782960915 
-8.519258905725   0.954209933207 
-5.280704609777  -6.815168914328 
-7.346375105323  -4.523715657102 
 4.882088880959   7.118315663858 
 8.640964688957  -0.108180990808 
-6.502089992728  -5.819847729781 
-8.183933604654  -3.132778537723 
 7.847502105579  -4.195582801340 
-1.500218937346   8.794217186699 
 4.125078798596  -7.975583708970 
-1.499151509357  -8.864780251750 
 7.660255143888   4.832784943617 
 3.584251419186   8.347790965379 
 8.922091566533  -1.768658357423 
 7.163545317131  -5.791135153370 
 5.699303473361  -7.279018919176 
 0.526524807708   9.245440581965 
-8.408005230054   3.918803704661 
-4.699029892097   8.037948258241 
-6.718236214380   6.581907626949 
 2.241446998551   9.153882931615 
-3.174359264279  -8.881154664848 
-9.281471478788   2.574966728196 
-3.397572413719   9.201816853129 
-8.144503092103   5.821055208570 
 2.129411644702  -9.791055836137 
-10.021437041958 -1.438136697971 
 9.855660506303   2.432162033169 
 9.216462118788   4.287830549227 
 7.704814294557   6.734647855773 
-8.770543569307  -5.289242861893 
 10.259869458310  0.857216002131 
 8.690975684751  -5.523241494214 
 6.330862056268   8.131835958525 
-5.756479288772  -8.604537907135 
 0.602856563948  -10.343350911985
 10.327055389897 -1.111301935429 
-2.361968244707  -10.148662497133
-10.025852318813 -2.956638891812 
-10.428803670137  1.411661808906 
 9.999875527441  -3.570482981376 
-0.032731916738   10.642072961187
-7.404002729427  -7.780415879535 
 9.046282592776   5.913367573108 
 4.015510326576  -10.045438431120
 6.910349118321  -8.374824736018 
-4.610777877282  -9.860029061289 
 3.916627919283   10.266278231936
-5.910242508286   9.299946554262 
-8.730888666093  -6.838415123220 
 5.651724611355   9.630404589017 
-10.262846054782 -4.466916768097 
-2.594230929285   10.894555909361
-7.284502443548   8.633200664982 
-1.256299157331  -11.228869127314
 8.288702514731  -7.691802276702 
-10.710506056483  3.635595354402 
 10.736928460423  3.853386704344 
 6.026067856406  -10.102842010882
-9.176432592617   7.371438073596 
-10.631206150662  5.181251128629 
 11.857654595316  0.570249863927 
-11.980242607505 -0.296573971361 
 11.987814176498 -1.064207889258 
-7.375933118637  -9.518572477012 
 11.769564850513  2.606425705017 
 0.715834034849  -12.070979785893
-5.382828294471   10.828608727621
-2.860540829208  -11.851665491955
 0.743712368505   12.177425332606
-11.941463566658 -2.499679039533 
 10.545678567507  6.226821368987 
 2.320457536044   12.092908688634
-12.100739191862  2.507905163454 
 11.350845263992 -4.893996602230 
 2.337354655667  -12.216854600300
 9.861440925478   7.603740307207 
 8.390099401078   9.291372392530 
-11.007467306442 -6.001828358738 
 7.966749989401  -9.700015895091 
 4.786367784377   11.633646982699
-3.789187870531   12.063007999342
-0.962353707849   12.631119314151
 10.598757556109 -7.005160843317 
 12.502435686020 -2.646784810254 
-12.782206206346  1.164352261603 
 9.530329569357  -8.693419140851 
-10.433476535190 -7.713223008048 
-11.074696324729  6.837385763156 
-6.435928768414  -11.335410491989
-12.106875281999 -4.835637041929 
-6.985831275418   11.008198311826
-12.173130847884  4.688467046498 
-4.847797578793  -12.165843903500
 5.970343464028  -11.783516988507
-8.630687514023   10.175309219100
 6.325904192247   11.820054939885
 12.909325119463  3.770705311165 
 4.420477697510  -12.771808671950
-9.336178757388  -9.779896627063 
 7.848581242377   11.123042852545
-10.658192517614  8.547908200628 
-1.836419320384  -13.548954513385
-13.809310972380 -0.416842614945 
 13.850257609878 -1.254459415829 
 4.381737341134   13.221347155158
 12.618734571070  6.040531621478 
 12.951707369145 -5.305988281779 
 0.428251365291   14.045623275776
 1.932509847326   13.933221223766
-12.759703991327  6.157969822314 
 1.277875727782  -14.114919198795
-14.191727642156  1.992142210370 
-3.687720647940   13.853107304697
 2.784279644978  -14.065209840920
-12.533528253995 -7.033596762840 
-5.887106345813   13.200281945529
-0.269936925648  -14.456107206654
 14.406132598124  1.302702993278 
-7.278395693921   12.615207415676
-12.281423638585  7.862421012929 
-14.082681706183  3.839077307305 
-6.605571377847  -13.035651480423
 10.056851194171 -10.623374693598
-14.306258179908 -3.082650644136 
-8.070847717612  -12.274498054178
-10.313063632316  10.531087984764
 14.477223607759  3.066145341595 
 7.994750766940  -12.494680403385
 12.052820054046 -8.658729253458 
-5.328274628413  -13.856355362836
 12.360529700113  8.324817144988 
 10.967139193243  10.137703425081
 6.948898948244   13.235267522782
-2.143643981583   14.805732228917
-3.853221629886  -14.502118324413
 4.636022906099  -14.328582061813
-11.791196049980 -9.381841943429 
 8.372872979340   12.573739727336
-2.361499859527  -14.961691501875
-14.319382803551 -5.008045283350 
 3.294357702766   14.867464913390
-10.146507524204 -11.396706155048
 14.684622056280 -4.155269300221 
 6.578263833039  -13.794486811587
-15.254507432163 -1.094259303948 
 13.377160536075 -7.627408817162 
 10.148607115858  11.602852374762
-0.724113743570   15.411210574562
 15.210906007433 -2.625507784298 
 13.630311639723  7.441916886069 
-12.373178145118  9.451108717095 
 15.623393044212 -0.981762911377 
 14.760966977264  5.439513824246 
 2.255236848814  -15.632510629504
-3.598133387562   15.400081169155
 0.720829455020   15.833433614655
-9.470871327229   12.717631658887
 9.954449479747  -12.351347085807
-13.243984637423 -8.757751756549 
-15.053734444109  5.128083475267 
-14.597875834723  6.580035196513 
-15.598256986610  3.700994958774 
-16.032247235219  0.487066413292 
 14.675872346544 -6.512168066479 
-15.921703486150  2.168415531449 
-1.233677025450  -16.036545466172
-13.931820765396  8.128507367753 
-8.190300061626   13.966897961278
 11.471832775091 -11.481901566929
 4.009387929892  -15.769328261116
-7.382603878775  -14.572363862054
-6.151978787714   15.149547097389
 2.406211984297   16.187870286979
-10.072689356906 -12.901411060009
 0.639630123526  -16.363259324938
-15.917516872436 -3.853887679800 
 6.328496483348   15.185764150694
 8.436808601149   14.125012572329
-10.995836061164  12.247659314676
-4.512081971340  -15.897204240839
-2.170905136761   16.505327574347
-8.942250004395  -14.161864587262
-15.360018472419 -6.700986506152 
-12.279576178162  11.467580133551
 12.160106435515  11.674081239585
-16.675913650860 -2.470358384298 
 16.831813768975  1.292524390599 
 14.679233008784 -8.571638554529 
-6.032052653766  -15.918818352218
 14.484533702658  8.958525985582 
