 0.937397785832  -0.336289331392 
-1.005744739351   0.359959024199 
 1.156076067940   1.169394603868 
-1.353387803014  -1.306950615039 
-0.172788737738   2.090691016199 
 1.368099682141  -2.141876547719 
-2.532491586967   0.988242029156 
-0.533867362115  -2.666675188416 
 3.293807239034   0.229708759962 
-2.783975394078  -1.889186641387 
 2.217995172019   2.538484260830 
-1.751235375957   3.353395015318 
 3.585186986166  -1.359249980588 
-3.853899961239  -0.591845323991 
 1.388224203148   3.912957277214 
 1.884387555290  -3.799701324783 
-2.042712854353  -3.895719076159 
 0.242678205349  -4.544037235946 
 4.373263181199   1.582345757097 
-4.271630605063   1.990682704134 
 3.639030254351   3.256419786400 
-0.671496813342   4.962820094067 
 3.876072511180  -3.256696291306 
-5.487318968051   0.894002433636 
 1.562692309571   5.443032509710 
-4.387133999142   3.587427288874 
-5.560864799276  -1.456848190736 
 5.767905309164  -0.233422681957 
-4.794818282366  -3.230165553306 
-3.201810307492  -4.990051798639 
 3.461593424895  -4.862113499310 
 3.254655798132   5.005715067259 
 1.724760183811  -5.815944957076 
-3.603770796926   5.046252095894 
-1.770410779254  -6.041458118803 
-1.755733415264   6.116884689425 
 6.090718711135  -1.959233039605 
 5.711909807049   3.419122695926 
-6.375386985018   2.210550641510 
 5.487410076388  -3.994421128687 
-0.192568216906  -6.875494049144 
 4.759839072525   5.021975827464 
 6.815648907295   1.397346894840 
-4.767875371201  -5.208566545993 
 3.206624675845  -6.346451097583 
-5.792030369237   4.208733496446 
-0.516393675364   7.156910760033 
 1.756821993010   6.984680474906 
-4.387507088488   6.342193941005 
-7.770207648299  -0.136008206716 
-7.540017351179  -2.121891173864 
 1.908288455177  -7.678985736021 
 4.465372291401   6.556782887100 
-3.767286580949  -7.030808386165 
 6.278594552418   5.011073709212 
-6.872280452869  -4.399403427722 
-3.356632515665   7.463309667156 
 7.257563995004   3.793325361547 
-5.928690730277   5.707800751030 
 5.933829453932  -5.703872803092 
 7.671891905722  -3.049266831013 
 7.036358073126  -4.433605621215 
 0.216363221415  -8.416310433283 
 8.456444458103  -0.403681357534 
 0.305782941599   8.507282021344 
-8.005755121666   2.979956834224 
-1.783003481067   8.398786439313 
 3.124129785331   8.092975861879 
-5.316097099219  -6.927062767228 
 8.706303367619   1.254798309109 
-2.548012748554  -8.526880010321 
-8.189931804824  -3.561099868726 
 3.997298916755  -8.012657091889 
 8.605334420119   3.034543263046 
-7.720183335535   4.940145824321 
 5.436325002630  -7.522226055259 
 1.841499442897   9.141761423131 
 4.854733562506   8.025576835716 
-9.299439343629  -2.547022721881 
-3.363006171151   9.041238244696 
 9.261419351656  -2.735710710548 
-5.062069248486   8.239158635708 
-9.485185386730   1.910684629942 
-4.419427374689  -8.608608196621 
-7.238689453129   6.441314542660 
-8.221876718553  -5.404339569684 
 7.834036174025   5.958068023555 
 6.782145808573   7.209863300816 
-10.020145051522 -0.937941549449 
-1.829950047941   10.003840928236
 9.149152124131  -4.534043227957 
 8.181334898732  -6.160501251915 
-1.797402987732  -10.100489639151
 3.851301151520  -9.623781462317 
-9.276213267765   4.640858691072 
 10.345176554865  0.806316754289 
 10.353504783899 -0.752077324949 
-7.695630771499  -6.979651470661 
 3.076321684909   10.019385796379
 1.811605110454  -10.331079656773
 1.025807694512   10.498165950075
 9.415794438773   4.891088333327 
-9.836004289578  -3.982566924882 
-3.328154530252  -10.091427259178
-6.725018453560  -8.675487391643 
 0.229936268416  -11.002303622454
-8.756921595507   6.845450598394 
 5.626895802016   9.638011637488 
-5.013367643835   9.990629033378 
-10.974037679900 -2.408683481304 
-7.427820217683   8.465048053900 
 8.716558714029   7.191408440411 
 11.127574361650  2.143511255360 
 7.193276268135   8.758514317521 
 10.712857872015  3.754534696168 
-11.067416811208  2.723258841988 
-9.447073545223  -6.385514559662 
 5.369967983697  -10.088965275706
 11.216325441484 -2.266733066266 
-0.959205292027   11.431920185167
-5.904184497374  -9.945672049983 
 7.738905326837  -8.650865610134 
-11.603699155401  0.473005152954 
-2.573942206988   11.359772804187
 4.591952405848   10.832646872062
-11.037672349313  4.275015750992 
 2.950550771364   11.540420440966
-2.789502404541  -11.607849484527
-6.555594391071   10.039205111432
 2.405117747880  -11.764932401618
 0.697427605700   11.997015195478
-4.248913861569   11.282250143939
-4.909011599799  -11.110931332845
-8.348621720205  -8.832205148372 
 11.325918334383 -4.508430973440 
 10.205471639401  6.942055919346 
-8.984357345897   8.466275810647 
-10.795483241356  6.170169563931 
 12.535728962571 -0.394361264087 
 0.506238400543  -12.636672876855
-12.633062518159 -1.068295539415 
 9.139790532282   8.854566696812 
 3.922212906709  -12.129867452157
-1.702823875490  -12.660106060379
 10.927114211579 -6.677518977118 
 5.357723706924  -11.668501067690
 10.070261434359 -7.970649333119 
 12.730972466255 -2.271908527578 
-12.827201218311  1.894071895882 
 8.179167200249   10.080800005371
-8.406385724521   9.899262242905 
-12.550959467844 -3.563646872839 
-1.942795978907   12.932568970055
 6.930614140694  -11.104344453176
-11.972093500993 -5.412378003255 
-7.565098881369  -10.800766014816
 12.890822411334  2.817149817504 
 13.165849600206  1.216457991819 
-3.579085955006   12.777432701029
 11.884469095356  5.945447288223 
-13.396842748919  0.465699511977 
 8.666067320547  -10.295872383770
 2.185457051348  -13.316603339250
-12.862908493616  4.089403741034 
 2.355721035789   13.295359805409
-4.639218516188  -12.699363101752
 12.858795786058 -4.572872930457 
 5.142676526395   12.656318911578
-9.080431432586  -10.213978345596
 6.681805987972   11.944673241726
 0.286857378229   13.691490429531
-11.089595684569 -8.048007196506 
-5.608128588854   12.538376741906
 12.895713163622  4.817095771323 
-10.608606313808  8.859320633209 
 11.625618292374  7.487707083601 
 13.949852475270 -1.226431900130 
-12.830016431696  5.619075087900 
-12.213241724476  7.103678778164 
-13.996257450426 -1.960964053355 
 10.366065441888 -9.691101227346 
 8.234566536119   11.592484670254
-1.468951822979  -14.143723419154
 0.219610389273  -14.238549657201
-3.476902143249  -13.901927913966
-9.801607006037   10.487682593795
 11.209906875621  9.010458735726 
-2.897465244809   14.137612242453
-14.352131645579  1.674644972335 
 9.592749046648   10.828769916052
-8.247500258849   11.932147250688
-12.672114032621 -7.120119938864 
 14.314584194985 -2.710294493025 
-14.592428906628 -0.557230451505 
 7.530441328569  -12.526162701771
-7.409480060362  -12.631609986840
-13.574544480580 -5.598964509195 
-4.684654477996   13.921707994613
-11.048720328296 -9.806105806282 
 13.182455187782  6.720282825173 
 14.815831305709  0.101691177760 
 13.174702828884 -6.789729748464 
 14.632088443578  2.826354673487 
-6.969350361794   13.201570225422
 3.056698364246   14.667307172102
 6.206235632881  -13.711222407494
-6.342177380349  -13.703670356279
 6.574459886267   13.633866311666
 3.717934420245  -14.694938340627
 5.198867792746   14.245053793952
 14.461518384941  4.678716402816 
-14.578217564160  4.317975600076 
-9.587800564849  -11.872859821382
 1.379529958236  -15.241645387632
-12.274244265899  9.351810453986 
 13.061386937130  8.276981725948 
 8.107825336406   13.224444155822
 12.864421473815 -8.691847845226 
-0.499862853398   15.631667382972
-2.388010013889  -15.459793382964
 9.665591182821  -12.302317875016
 9.741241735684   12.484092744273
 14.817313278850 -5.684981542843 
-15.264226854330 -4.412642791656 
-14.226326074092  7.111312721962 
-8.468012001680   13.473317289539
-4.085633809441  -15.397285257750
-14.222548914155 -7.176602546806 
-15.833542861171  2.297146580775 
-4.204394186118   15.528957424470
-8.597657571066  -13.629058514847
-16.110836518745 -1.551546236815 
 15.979665532736 -2.600659044339 
 0.174608295391  -16.210095105092
 14.846540864600  6.563556176255 
-13.063152779286 -9.638833359056 
 1.390943264043   16.190021187326
-10.531525711350  12.395362675799
 16.181962891806  1.895287826247 
 8.083519367538  -14.150344091499
-11.814599484778 -11.267507955050
-16.334772135535  0.763921408367 
 12.049988877022  11.065637139207
 15.957202124671  3.667468199560 
 16.392069841970 -0.507564018720 
 2.911767701033  -16.164236143271
-7.292259685780   14.753156564841
-11.796119729282  11.514862461751
-5.743528118352  -15.470120317762
-2.064712606301   16.419127704273
 12.163426906398 -11.303972460955
-16.332556218602 -3.070480262364 
 14.713644750538 -7.976590687921 
 16.239121125537 -4.104184613193 
 5.205269201738   15.994931652499
 3.529358512138   16.456422552382
