-0.138327098692   0.201254161331 
 1.297446921001   1.117577205337 
 0.169535011309  -1.752010529435 
 1.713421631788  -0.809405761794 
-2.244605044703   1.444822611927 
 0.109805209136   2.678016300773 
-1.755787234836  -2.264934496422 
-2.976196363228  -0.382837617885 
 3.245819652067   0.020024493368 
-1.417452980783   3.008115325687 
-0.623939390361  -3.300845919545 
 2.901118481852   1.864938316941 
 1.813205438247  -2.976232778114 
 1.373307956886   3.679285817439 
-3.986405170633   1.593133001008 
-3.123885527538   2.988752514931 
-3.186866166095  -3.068033808485 
 3.856627845120  -2.299823148770 
-4.184229709815  -1.886607520902 
-4.587190940924  -0.352555522500 
-1.785980301755  -4.291757115493 
 4.395273274221   1.592123939474 
 4.827749189872   0.034253991796 
-0.135233123109  -4.869628678407 
-0.410045921225   4.944396403719 
-2.407912520794   4.532537542065 
 4.715669193096   3.168815901707 
 3.497668292852   4.484140480187 
 5.407506486587  -2.117642129484 
-4.746873217130   3.428698841435 
 0.879839346992   5.806195457918 
-3.411486684889  -4.783166225592 
 3.123020525187  -5.039822116545 
 1.096001082646  -5.828475024589 
 2.360449405503   5.522824884158 
-5.962637630354   1.133274982522 
 4.674427599104  -3.885282033236 
-1.664491860770  -6.179338384121 
-2.221312850919   6.033322067674 
-5.743151902330  -3.574062701644 
-0.138971807983  -6.765869437063 
-6.468241043663  -2.183628459329 
 6.508471989305   2.355767068396 
 7.017686754405  -0.424907463783 
-0.335330235332   7.136746126475 
 4.847178681595   5.288496543337 
-5.267781256143   4.906002677127 
-5.254804012788  -5.040676083191 
-3.761848953217   6.245910481917 
-7.368197743314   0.263377428687 
 2.605432399122   7.006763127793 
 1.844531600615  -7.291263480411 
 5.821010590162  -5.000784650764 
 7.276544285471  -2.633715034921 
 7.705399170759   1.020489071577 
 6.353088913257   4.591828300508 
-3.763024432781  -6.955738567732 
-1.651766801790   7.859688476931 
-7.125564837340   3.727305037547 
 4.363000089449   6.793143809687 
 1.446287937408   7.978758022946 
-2.237260663211  -7.894003655697 
-8.008364802705   2.014405186056 
 0.261820039149  -8.345288349396 
 7.652678123452   3.505694455868 
-5.412425455842  -6.603177877335 
 4.416042231930  -7.307935676559 
-3.274046139098   7.921051931654 
-8.581967534341  -1.243403596323 
-5.453818689412   6.819693822962 
-0.008726396911   8.755346313460 
-8.281536896881  -2.907638735975 
 6.223825599789   6.295550453730 
 3.203425014860  -8.272647673426 
-7.909963734526  -4.445887651496 
 9.140313939018  -0.218335300382 
-1.310792623257  -9.109265101463 
 7.445097193693  -5.481322330776 
-7.119664997371  -6.010813770819 
 1.709584039118  -9.219412791117 
 8.739769559388  -3.487083627844 
-7.266505851573   5.985155733123 
 6.449973577097  -6.923118652045 
-8.930765762823   3.217393941947 
-1.637465783259   9.374275388220 
 7.856955478841   5.694714951142 
 2.288150862272   9.447674291554 
 9.571412554714  -1.699064813518 
-9.637796710272   1.478473221266 
-3.758712457478  -9.028639980183 
 8.948899017341   4.344469981740 
 4.130607894734   9.086115055525 
-4.215509126612   9.142359888952 
 0.494544738902  -10.198860525128
-5.619315439341  -8.560055475608 
-9.215584882287   4.768751158634 
-10.350524312183 -1.180481825360 
-9.407305704977  -4.582725226297 
 10.289245995593  2.383519902191 
 7.473623442034   7.465273756229 
-6.105452843370   8.897782238186 
 0.427198618565   10.789798168539
 5.531906735328  -9.325398216545 
-10.462652376206  2.875181329036 
-10.432593213140 -3.031195964531 
 5.754816093017   9.287339182007 
-8.226131005312   7.202553119991 
 4.256496437937  -10.175039800381
-2.601279120487   10.724863687278
-2.693406152349  -10.742078816681
 2.852188726231  -10.793295281604
 9.542003776398   5.890015872988 
 9.819993314838  -5.467964704327 
-4.209820647781  -10.513236161560
-7.508096815963  -8.487822354729 
-1.139104850491   11.320669652921
 1.970196289498   11.319522696435
 11.268586232735 -2.334405845582 
-0.259918495635  -11.525735956817
 4.516475511547   10.625282388128
 11.644769428000  0.207774258023 
 8.523601238305  -8.005196629040 
-11.723124717161  0.259822625162 
-7.710331769580   8.885444371379 
-9.375398613827  -7.117892022218 
-10.880948215991  4.543587601456 
-10.921026972166 -4.554409203205 
 7.189344671165  -9.480685201685 
-5.981370244967  -10.351658109765
-5.298252919702   10.746414786653
-11.916267936257 -1.269619957235 
-10.346955277058  6.295126378106 
 11.305046714433 -4.415643446320 
 8.370643130117   8.788394404454 
 3.529444219937   11.767118649705
 11.230019507808  5.059492950183 
-12.012889986857  2.966730985421 
-3.624423599979   11.931961663764
 12.425909921698 -1.250455283790 
-3.723315102482  -11.954198062836
-9.226415518327   8.519853920986 
 1.655703001344  -12.482119544677
-9.115552772240  -8.686747048622 
-6.944415182561   10.510702842751
-12.577764114191  1.538564289595 
 12.313657767527  3.064478889924 
 3.468121461558  -12.279974805289
 5.010673743219  -11.809620880713
-12.332196144334 -3.535998696278 
 10.180182801184  7.809456817228 
-11.163034447691 -6.377823026178 
 11.097961407359  6.560268459511 
 6.479272032761  -11.169211010786
 0.844489243768   12.888498102252
-1.066732728937   12.995857940548
 2.348179733881   12.860951714415
-10.605291578986  7.800101058442 
 8.249102161562   10.284150754199
 10.713239887666 -7.746759564592 
 13.189495983693  1.766745158192 
 13.147788758101 -2.615744687496 
-8.659121266811   10.237420333060
-1.966607812450  -13.304288442074
-12.082275866238  5.985951062601 
-13.325655402027 -2.108380213432 
 8.138734549266  -10.768933064150
-0.465515456406  -13.501325693480
 12.154372753155 -5.919920221353 
 6.986433977070   11.605939034536
-12.488946127596 -5.410682089120 
 9.656465974996  -9.780951466144 
-8.974697899131  -10.446347859961
-10.996659915104 -8.316996895466 
 5.710746534501   12.575332618627
-6.133385476568  -12.383195984703
-2.725453960257   13.580751976709
 13.169306001269  4.313198318946 
 13.916817964040 -0.107636194493 
 1.064529110300  -13.879671538973
-14.009303814587  0.436734456030 
-13.612387936090  3.747701797181 
 12.604895573475  6.400039119794 
 4.002001744747   13.659212025487
-7.839408170170  -11.970156922938
-10.725103862504  9.505936864136 
 12.112989638670  7.840604769094 
-13.742579550554 -4.400311117111 
 5.652808000819  -13.304445991583
 10.484696702561  9.980877233970 
-7.938666971184   12.121014922424
 13.687228523839 -4.839164411557 
-12.491352300789 -7.405812981269 
-4.256661814597   13.922676878746
 14.320186786471  2.808919572392 
-10.521173219334 -10.118354996007
 2.120397327829   14.444861883190
-6.482183076944   13.119076992083
 11.171220087627 -9.549367659033 
 14.612628711795 -1.718728809296 
 4.360950331628  -14.107102583049
-3.491822420980  -14.352256776872
 8.538134797571   12.089839935900
 14.484678366955 -3.326150859444 
-0.690349985594   14.867990468540
 12.908367237960 -7.486997626615 
-12.931450103833  7.498854659086 
-14.957114431513 -0.836688968126 
 7.188265564445  -13.173780353485
 15.067516250542  0.927107030958 
-14.897420978340 -2.447094694605 
-1.546724826055  -15.105869374370
-5.245245119825  -14.346137614549
-14.150375574559  5.853898393806 
-6.860652543922  -13.847182972716
-14.412969857036 -5.798834471703 
-12.496478596133 -9.270324482944 
-15.387361026303  2.646259173875 
-15.653499608820  0.722585191298 
 0.504000642616  -15.697428687087
 14.230500065751 -6.670534908446 
 2.042987872158  -15.590356408738
 14.421294400874  6.297950071682 
 9.905497453031  -12.247473330860
-11.670658251857  10.685149848042
-9.715619938801   12.551076927936
-13.009719708463  9.117590621414 
-8.572514836599  -13.432780532408
 15.918662197385 -0.892647395624 
 8.703220736233  -13.375937470632
-5.472312454953   14.993854889945
 1.520620070300   15.913805971778
-2.989259540535  -15.767019149318
 10.871677071018  11.843307685096
 3.607123579202  -15.690536082628
-9.971995793548  -12.663102657319
 12.250806302375  10.545134335131
-2.997402931405   15.895075760941
 14.007390213193  8.130117201733 
 13.009483252326 -9.669260198894 
 5.146993615239  -15.432273476874
-1.302572663650   16.243564676726
-14.439165093250  7.566300272015 
 12.041362640855 -11.044256703757
-15.922097644786 -3.803044342248 
 5.744198861950   15.357116929648
-12.012535252434 -11.222350667367
 15.900699408299  4.183893080365 
 9.702093663256   13.286521590442
-14.526511892484 -7.924563766022 
 8.030946588095   14.482888456472
 3.683048270282   16.177878959336
 16.370422427395 -2.746216625300 
 16.023746107312 -4.353791159452 
-16.642360966511 -0.632830289644 
-8.598899817952   14.361129538246
-16.170547376918  4.371127785093 
