 0.466277376422  -0.560909510827 
-0.905777150624   1.110569688090 
 0.525163010047   1.637159436147 
-0.800296520449  -1.607021213389 
-1.803699391445  -0.298725288681 
 1.768408662314   0.604390923888 
 0.435708183843  -2.853572283923 
-2.671675372065   1.367815335646 
 2.502333655284  -1.881121641509 
-0.836282252622   3.233564327743 
 3.341977469557   0.282636725649 
-3.421957916361  -0.458019163964 
-3.022104619984  -1.912948708256 
 2.623776181419   2.446003346369 
-0.969144399388  -3.552534386238 
 1.969723690180  -3.682057159771 
-3.474820220792   2.718151174235 
-2.621740827466  -3.554495935999 
 0.553232731536   4.463236338479 
 0.541187765858  -4.585583844282 
-2.236691197517   4.052379574062 
 3.713111956478  -2.835103458763 
 4.765423831844   1.438538365226 
 4.765614491194  -1.516333420558 
-5.000540587194   0.142273491000 
-4.932732816844  -1.532956628298 
-4.910330379154   1.644547128844 
-0.946835045360  -5.189332745349 
-0.955061954149   5.245515898740 
 2.602562222682   5.011891582817 
-2.565652672377  -5.090742599993 
 3.806242848184  -4.487514819466 
-4.865236945405   3.329799912756 
 4.752976581012   3.573001516774 
 1.225153004846   5.911346257600 
 1.823123483771  -5.894924762224 
-6.283800550807  -0.781807203846 
-6.310462041817   0.973770384696 
 6.357770289336  -0.892935123248 
 4.104028031546   5.028201695801 
-5.525176366773  -3.560734006124 
 6.248289300560  -2.437865209271 
-4.326522364145  -5.139790361213 
 6.361502797605   2.376809175805 
-4.071414226507   5.639458687123 
-2.569633569816   6.556259537770 
-2.344336627914  -6.705146934572 
 0.295094748645   7.128439963518 
-0.225201751425  -7.148131796217 
 3.735247153443  -6.126347439238 
-6.963071508233  -2.296433611217 
-5.717319630759   4.617244265218 
 3.320098774765   6.594602380219 
 6.419484268081  -4.010014487938 
-7.267827984480   2.302273934462 
 1.271853427343  -7.577200080384 
-7.706540813081  -0.031902085333 
 7.722332246280   1.036192985253 
 1.946584854981   7.555321644638 
 6.837271922375   3.991684255765 
-1.346885972020   7.810616874069 
-7.167597198616   3.848990606173 
-4.959577153877  -6.530412452967 
 6.209956306984   5.380208082825 
 7.797811199829  -2.950919067889 
-7.521378544561  -3.849981200600 
-6.432520043350  -5.553472823280 
 8.026740392146   2.935635002945 
-4.101353970258   7.541570360629 
 5.159347552599   6.886156140753 
-8.448467977133  -2.045366041260 
 6.384298412467  -5.965054746654 
 8.721900362975  -0.553287012986 
 3.382108515064  -8.201546736686 
-8.784912575938   2.516489147235 
-6.584391102573   6.404944312577 
-2.130496918771   9.090138203224 
 2.965991820055   8.859858714001 
-0.845219367626  -9.306828837085 
-0.141536416364   9.425372651958 
-4.288474814562  -8.432222263696 
-2.495790034875  -9.153887593244 
 9.518894612023   0.928424030155 
 9.337134405276  -2.643783933348 
 6.305364600395  -7.527350452772 
-5.965864315769  -7.877469941836 
 6.707892837149   7.305219510629 
-6.039458496985   7.943599794230 
 8.282220368388   5.604713310754 
 1.805465777511   9.890005378772 
 2.463312434019  -9.810893305016 
 7.995348558898  -6.224476191796 
 0.925175141224  -10.102300214087
-10.132001323649  1.444245118219 
-7.716176314899  -6.733118959980 
 9.133087389670  -4.738871116830 
-9.442948056283   4.228755726216 
-10.008309782786 -2.840344796600 
 5.349019132669  -9.029196500928 
 5.609988863557   8.880556991830 
-10.504678488864 -0.507995009167 
 3.975378291443  -9.881664102744 
-8.668642138166   6.192756986247 
-3.391245031662   10.122701522477
 10.160652014799  3.597198766909 
-0.989209554557   10.777987216510
-5.546154102179  -9.451487934169 
-0.785016076109  -10.978456805013
 3.980029473263   10.278559277610
-9.150303246971  -6.232319116477 
-10.146735485220 -4.622012646357 
-4.928412686349   10.031700486667
 11.190813446779  0.028481086166 
 7.274929338019   8.713893405889 
-7.785555958578   8.281958992042 
 7.667559123913  -8.499120836376 
 0.607079020019   11.431621774997
 10.215908136714  5.193978263215 
-3.396651834358  -10.956468763491
-7.825882528705  -8.470428037717 
 9.313299265595  -6.958319920532 
 11.265964366644 -3.171041451353 
 3.174278789561  -11.274433386825
-11.526689670920 -2.447009620249 
 9.288650848596   7.271062067658 
-11.032203095920  4.242467340680 
 0.601688423791  -11.899499526880
 11.786753151053  2.499270870889 
 2.064105026362   11.967633874211
-10.160101213262  6.690025613245 
-7.229409490268  -9.940809520130 
 12.268486571088 -1.206941243772 
-12.306952809775 -0.772243389776 
-12.252936139510  1.594435423334 
 8.815360520998   8.741941627311 
 12.428621444967  0.923573699829 
-2.054636425546   12.324503263341
 11.297880122591 -5.362671976921 
-2.447034839574  -12.267298475087
-4.101425044266   11.860369510030
-10.301277737935 -7.255164002414 
-11.480031195300 -5.333873605972 
 4.752777215523  -11.770158484149
 6.317275173666   11.043732546672
 6.193183317461  -11.172753402960
-8.043456824277   9.979630211218 
-11.472350898255  5.766681679136 
 11.104955268808  6.486060748399 
 12.263946729151  4.008857149427 
-12.317514666952 -3.925738637209 
-9.289005444833  -9.082401028935 
 2.408465952868  -12.779662790252
-5.118232295799  -11.960976873576
-6.592018156534  -11.324905123359
 7.858336642936  -10.551637001849
 5.227912675777   12.079577124858
 10.771793153662 -7.726309204418 
 1.068616957548   13.215786595294
-0.870304147012   13.253042700971
-6.740417002711   11.527084313394
-9.893910869685   9.018628722118 
-13.201639662684 -2.497372957081 
 12.826257479304 -4.005525843761 
 3.530008729479   13.059789335227
 9.897298204632  -9.232985075299 
-8.612803101331  -10.551862209580
 8.931299506558   10.375981447246
 13.510058367034  2.435863461480 
 13.732852068274 -0.486146061758 
 10.757884759913  8.575847556075 
 13.613323151131 -2.118129715017 
 12.035751159189 -6.749784805439 
-2.757246620948   13.677375180332
-10.958614984243 -8.742369055247 
 14.126162813659  1.017225382861 
-0.480971021093  -14.171508641447
-13.682205840334  4.052107092001 
 6.918007758060  -12.550962308957
-12.425650152567  7.160690751594 
-6.354560154236  -12.982918715311
-3.059986740890  -14.154784443043
 13.611915531066  4.950553882778 
 0.156803238708   14.499087358611
 2.577454027697   14.307419499398
 12.230436880153  8.008050146849 
-14.554919244178  1.369099420176 
 13.103351283892  6.522424826317 
 4.826217769225  -13.870569816343
-9.853451888572   10.970857025906
-5.014211603540   13.908160510987
 8.042181396665   12.426455278835
 13.754264754109 -5.492729754294 
 11.445561464236 -9.580933312433 
-13.814488126792 -5.674059256993 
 6.132346128898   13.618176606770
-13.786602045026  5.744803509395 
-14.805227778324 -2.040319741852 
 14.451245531416 -3.823628509733 
-12.710168480132 -7.873357427439 
-12.045396631982  8.860421715559 
 4.731542486812   14.185906292661
-14.972038844552 -0.312365629237 
 1.532734094143  -14.999816404145
 12.836046908880 -8.040722672607 
-9.727513196236  -11.620060010583
-14.671903030340 -3.816748265191 
-8.051018954483   12.855016000933
 15.120774087690 -1.420134314786 
-5.210474098307  -14.376688499238
 11.278657043983  10.393317985805
 15.163173194009  2.644548173793 
-11.406939971374 -10.375870326234
-11.427250265923  10.365585716412
-8.371779506860  -12.985645084089
-15.236871722013  2.887805138414 
 3.662024075733  -15.258074163270
 6.419800926648  -14.321443104837
 10.813031360832 -11.472397332085
 15.112597594156  4.646908417012 
-0.033127023240  -15.830589620541
 1.701115113823   15.740257248560
-1.595204148350  -15.814341666523
 14.688684560559  6.096609704775 
 15.915708747280 -0.116059604809 
-6.952719806383   14.342485639120
 12.830794273208  9.488023490916 
-13.761744701206  8.095311936180 
 9.685821291156  -12.705669856114
 8.152918916370  -13.755908795064
-7.110762826009  -14.332944610623
-10.035345590772  12.554387127310
-3.769517698536   15.633320306111
-3.145816051199  -15.797624276868
 10.392539179702  12.341893358296
 12.980482318880 -9.589111808429 
-2.094814260088   16.068530709173
-16.227186062636  0.785312048298 
 14.727017057526 -6.927072931397 
 16.345146878303  1.670767046127 
 5.238248489891   15.611164088835
 2.314075789166  -16.311228395113
-15.465708518976  5.710392306499 
 9.009084559351   13.821646223673
 7.723909439048   14.613187896247
-0.241498363250   16.542336273504
-4.702678999779  -15.862324330614
-11.109693002755 -12.320383387245
-16.295729009258 -3.194617233606 
 5.411267847658  -15.807080838406
-13.622580292311  9.676623898112 
-14.051604773481 -9.129304601573 
 14.700071830126  8.204157268941 
-9.222473529477   14.098193609801
 12.463239738457  11.382223397314
 16.514422005887 -3.529157530727 
-16.206767287065 -4.746798343090 
