 1.001068645750  -0.182054467128 
-0.221585286224  -1.080584766266 
-0.051091280467   1.154967047091 
 1.469382386601   1.362194808844 
-2.219711140583  -1.058431946857 
 2.527615038011  -0.377845111111 
-1.886101349846   1.931992336086 
-2.696504546565   0.513584149458 
 0.278255247429  -2.808154387990 
-1.505385528066  -2.583455238627 
 1.879467350911  -3.024384167408 
 2.776813299439   2.520048212201 
 3.683648832745   0.912496137976 
 0.055279695661   3.836966877632 
-3.031895119330  -2.449184167799 
 3.659358973399  -1.880986315576 
-3.947117484749  -1.241045146674 
-1.092048687281  -4.121932516460 
-3.257283863175   2.822311223897 
-4.311973448359   1.291105373811 
-1.831708676338   4.128256057688 
 2.501025695344   4.110808148615 
 3.535290476783  -3.444726629382 
 4.873650761133  -0.972876842831 
 1.620981911678  -4.701346601020 
 5.191486937680   0.593046935380 
 0.711221304236   5.200438485948 
 4.344427046919   3.349405718401 
-5.603041364900   0.514781238287 
 5.008033435025  -2.636762450358 
-3.562344075688   4.408114215887 
-0.588534206653  -5.865686183812 
 3.324716286234  -5.092045068536 
-5.473382752451  -2.813370911212 
-3.146680548995  -5.289326180055 
-2.079292583931   6.031718302037 
-5.579235603239   3.143629033379 
 0.834923221481  -6.418603172525 
 4.925378758547  -4.224084946834 
 4.310655634275   4.863214431107 
-0.181242765665   6.530883097691 
-4.798791222042  -4.596994351998 
 3.190619669069   5.870846724487 
 1.674180673977   6.473117244635 
 6.474964025181  -1.891390282472 
 6.226159472417   2.735995442245 
-6.656959464562   1.648274355363 
 6.941218866281   1.263300184463 
-2.082861990646  -6.741710144270 
 6.379052558545  -3.451718680446 
 7.255580180777  -0.418904333724 
-3.555661901309   6.555050514338 
-7.372668394945  -1.174663406912 
-5.619235565139   5.182077856505 
 5.863604466235   5.010999309462 
-7.205694875097  -2.826272850412 
 5.401464774131  -5.667925409708 
 1.952110546534  -7.585375340381 
-2.385899869195   7.548744876449 
 0.137612019737  -7.943459003495 
 3.459106740766  -7.165496669548 
-7.951418265164   0.761535684786 
-6.826197104551   4.259862035890 
-0.643630601207   8.074297949682 
-5.236578718050  -6.319059834524 
-3.528844713756  -7.484233786898 
-7.820660959536   2.910747170012 
 4.213746365493   7.236911954361 
 2.105159756878   8.242931531298 
-6.834541824581  -5.098314791110 
 8.563814121225   1.000602589732 
 7.935742716594  -3.403265004622 
 7.250824470771  -4.793887222432 
 8.623170864621  -1.722132175013 
-1.416906124238  -8.757600165035 
 8.405658682722   3.065518925874 
-9.048790710984  -1.225597838493 
 4.971937047550  -7.757283307459 
-5.272323632350   7.796249523474 
-3.011566800567   8.957771812858 
 8.114404740584   4.982864879165 
-7.886660835381   5.362201616275 
-0.099430389355   9.616393703260 
 0.133502013955  -9.616833846356 
-2.871698401982  -9.209962250828 
-6.674355503016   6.995441320343 
 4.583014570520   8.705527602355 
-8.960835585716  -4.074133311498 
 3.991745996756  -9.025543151138 
-1.646259970066   9.738782007004 
-9.908550320380   0.475038941701 
-7.534817692216  -6.454023359682 
 7.640658331395   6.448849382024 
 7.815757872100  -6.322263202167 
-9.711964907792  -2.642421129919 
-5.057725711886  -8.742982853792 
 10.104181815995  0.465084960621 
 6.275694002576   7.939009955479 
 9.278822890152  -4.181994472947 
-9.734703912980   3.521408104490 
-1.282503452044  -10.351064604743
 10.461373594327 -1.105924387150 
 1.684408384344  -10.465059002681
 6.715482700069  -8.223844465622 
 1.465784571616   10.602592183699
-8.190693804181   6.919556843573 
 10.229909094683  3.352997268750 
-10.668354055933  1.880488829634 
 9.740131294284   4.790035908720 
-5.233636221097   9.628947217835 
 3.328837392324   10.605841460439
-7.663953802948  -8.072630606556 
-3.074490544134   10.703289328406
-11.142207174693 -0.697908292775 
-4.617540526071  -10.224631004675
-10.011720722440 -5.173382945962 
-9.179481960637  -6.551069118670 
-9.859997734932   5.635156500325 
-1.493566109983   11.295040571882
-6.543622128760  -9.346908765496 
 6.001432860094  -9.760006694888 
-3.306082805053  -11.005420690746
-7.680218489141   8.644092785683 
 9.055499546373   7.203953085970 
-10.905904383991 -3.893019795400 
 9.635276929491  -6.445274512282 
-11.632507112994  0.725857345551 
 6.629819457882   9.602888842976 
 11.219444218564 -3.276020015716 
 11.563548570946  2.079901939289 
 1.065650038234  -11.895142796528
 3.807945913109  -11.407148330554
 11.936553036264 -1.674573048632 
 12.139626415967  0.159914134284 
 7.867547581894  -9.267705662683 
 8.995707743068  -8.177991631997 
-2.005966378931  -12.019419245219
 5.668785071602   10.848596692196
 11.301347324851  4.810206050184 
 0.774081410650   12.453454301403
 11.385708771762 -5.116883762161 
 8.127997164191   9.505040403685 
-12.412066223166 -1.807213609238 
-6.166322616089   11.060579350348
-10.000128512810  7.838273324675 
-10.615886267812 -7.178430372620 
-3.690788871791   12.323718693266
-12.740789623725  1.825167803999 
-12.127772855449  4.330248411572 
 12.456636003866  3.411940833811 
-12.468690398656 -3.409820389851 
 2.271666976942   12.753656084927
-11.537452382759  5.963618504633 
 11.061168933335  6.809902667700 
-7.697838782235  -10.475013132735
-7.748568137778   10.516228869269
 2.293509926252  -12.880035173389
-1.629368835523   13.008815374029
-6.376502324702  -11.456837519538
-9.192821879809  -9.427777587769 
 12.588119450503 -4.051498422703 
 4.425278677115   12.463400795999
 5.734936324128  -11.924953972561
 13.225981979532  1.590643125610 
 9.655968196788   9.222093339080 
-11.884832051091 -6.092838230023 
-2.944860474407  -13.275763253693
 7.400788081444  -11.439374169523
 13.668461117679 -0.273363921669 
 0.339498694888  -13.670115667850
 4.283291474387  -13.031657698631
-5.552715999029   12.551022471169
 8.753855668858  -10.650138795609
-13.801723223005 -0.928906129911 
 11.003374559222  8.486151692333 
-12.986455639218 -4.986364118873 
 12.468161146325  6.226108614566 
 0.169323688196   14.021028684545
-4.866177412120  -13.154507026844
 13.918576608742 -1.787119682221 
-1.175829164158  -14.061683601627
 7.817921459941   11.755902811832
-9.453556728464   10.512605000500
-11.244986507312 -8.569990201338 
-13.950304210778 -2.497491751662 
 11.964106029770 -7.692609733558 
 13.981914516022  3.356732315668 
-7.858437130623  -12.253639572570
-14.599918783393  0.600646340064 
-2.172952101627   14.494018173255
-12.622298734518 -7.486625329462 
 13.725821929249  5.263910193033 
-9.667166906869  -11.080543359213
 13.622453978391 -5.562186095621 
-10.810279132337 -10.020530458280
-4.899578903346   13.907311393932
 11.318316014637 -9.507727057141 
 3.371965375114  -14.414323964140
-7.078439744718   13.034566346218
-14.176669403631  4.373677228467 
 6.713102406472   13.316173708003
-12.082412027202  8.796714787704 
-11.017259774780  10.183388345494
 4.529401837931   14.321368669500
-14.781179535352  2.761583080670 
 10.541410786997  10.725387747349
-8.744494556947   12.243092564524
 1.506737022160   14.993060648813
 6.246957454975  -13.719133877178
-13.341344771511  7.028493413214 
-6.650931169980  -13.562237725418
-3.987895691616  -14.674575899419
 10.033559818627 -11.514720011239
 1.933642331614  -15.278841032875
-14.539160287215 -5.094806120739 
 15.463015136184  0.427683329925 
 4.851486452483  -14.694474930683
 13.101256586076  8.256922449289 
 9.513299355679   12.221922263853
 15.184219179328 -3.060374562820 
 3.279327525292   15.183834041421
 13.620450298379 -7.632104173438 
-15.203523913543 -3.700119444534 
 8.426794320478   13.318301013346
-1.441541269783  -15.712004143347
-0.673612131414   15.771339343193
 15.694219489321  1.949167448768 
 12.127732538168  10.255445404492
-12.477065542093 -9.930812540658 
-14.336879351835 -7.251852242788 
-15.029800762323  5.682166720637 
 15.652966275840  3.775293047013 
-8.489281021410  -13.685394631619
-10.773594187159  11.977832335473
-9.747400765721  -12.827822941964
-16.119364756726 -0.199645196934 
 5.914771392018   15.123976657080
 8.072954538555  -14.092040282096
-11.575403530277 -11.409377595731
 14.965202174569  6.386055362586 
-2.879595680807   16.021868268768
 13.174311704697 -9.564821906032 
-7.222620856286   14.654616834363
 16.326090234755 -0.833319140135 
-8.588444363183   13.910932062196
 9.606778834510  -13.258468898675
-15.841982018875  4.270851366164 
 15.675827239269 -4.853170018886 
-16.275433943084  2.407616628415 
 7.547160684864   14.625146121992
-14.034570179646  8.666695638754 
-5.353911912716   15.608740553152
 0.714731058672  -16.531993037336
-13.122898158857  10.125607157749
-6.620840642315  -15.289498336183
 4.678159893737   16.019360512864
