-0.547960626490   0.452177316913 
 1.171147605608  -1.032891454403 
 1.466439351393   0.898754693405 
-0.157148113537   1.969109843595 
-0.412815113379  -2.227456708158 
-2.439717470158  -0.297436420072 
-2.232626513416   1.349386847189 
 2.757500721170  -0.225382618823 
 2.870364574228   2.059466842265 
-3.033574096109  -1.891917404781 
-1.597852380748  -3.323891426760 
-2.164202306227   3.200844388108 
 1.533453207473   3.564264443759 
-3.926210968467  -0.054217418978 
 3.151531769515  -2.426256168118 
-0.694513813224   3.942892468174 
 1.986455371412  -3.537873043341 
-3.451526478149   2.320813747031 
 4.191297903280   0.505395817393 
-0.404970105016  -4.275480624074 
-3.493967765043  -3.601373306915 
 1.091754949646  -4.911266346375 
 2.962310346940   4.103607083223 
-4.656385609613  -1.985238833107 
 4.289533256644   2.818981825092 
 4.658981231419  -2.189112042155 
-4.930166101983   1.732349324809 
-3.444797806053   4.088496218381 
 3.948153838221  -3.745320850140 
 5.450638710326  -0.793323487566 
 2.892897987331  -4.868318026589 
 0.671434209382   5.724384962416 
 5.663941363076   1.068679117012 
-1.776406334192  -5.491688690202 
-5.869654816147   0.302510748771 
-0.949679210558   5.813671360566 
-2.663765620355   5.392257660398 
-0.286849010746  -6.134891716848 
-5.597636826587   3.242845873208 
 4.982510233948   4.163735338992 
 3.379545426168   5.572462084667 
-5.591817805901  -3.626245358024 
-3.775986658695  -5.534796775197 
 2.306647253089  -6.399867403067 
-6.594052039685   1.824825112527 
 6.799074280749  -1.971812428772 
-6.849351278436  -2.081332437526 
 4.853506115994  -5.289338369999 
 0.617192825825   7.257601632643 
-2.794620081557  -6.767348288177 
 6.116334024903  -4.042581934685 
-1.681440839629   7.260197843695 
 7.474962522287  -0.621923607638 
 7.466187334196   0.904308194846 
-4.745101215343   5.872264087582 
 7.129979091980   2.651179269090 
 2.397547445561   7.369879058404 
 0.216356681801  -7.755936764179 
-5.290614919072  -5.696256397172 
-6.969806097444   3.921182398619 
 6.243099316970   5.012164295808 
-8.066913636836   0.639935643998 
-1.644126037593  -7.949167470003 
-4.332393602882  -6.953638177939 
-7.267112388565  -4.210768576786 
 4.379183419172  -7.174689699974 
-0.374785024712   8.401291700502 
 8.287230327074  -2.429902016922 
 6.485203366807  -5.824819521190 
 5.848326141581   6.568348339151 
 8.839126530402   0.083752229987 
-4.500302169935   7.635596698376 
-8.502241922134   2.547259163689 
 4.402618517046   7.715192841682 
-3.097088875362   8.442837862054 
-6.258867392634   6.574227416209 
 2.444939093839  -8.874195155908 
-9.227878772836  -0.828355898557 
 1.113376726491   9.215170034320 
 8.472440002778   3.804591908528 
-6.517988842783  -6.619771897110 
 2.679027534868   9.004504959319 
-9.114669735884  -2.401138647817 
 8.471566407860  -4.169697536313 
-7.732284681912  -5.711523202315 
-1.908046355297   9.452381141386 
-1.463950152010  -9.559927498817 
-5.618421483221  -7.990539896179 
 5.655966022943  -7.999102912724 
-9.768402329807   0.847790125820 
-4.343433885974  -8.797470061886 
 9.823741582553  -1.911348105688 
 8.376779374097   5.703856396818 
 1.192383116223  -10.073112564545
 9.960968382480   2.454716765803 
-0.337618381995   10.346302598741
-9.503137199641   4.134115664852 
-4.645006273157   9.304680701738 
 10.476952338635  0.628975084757 
 7.327474786057   7.626008251168 
-8.924092699563   5.716673438465 
 5.835246256742   8.912066238526 
 2.086439812088   10.528573502202
 7.699737786851  -7.497163197388 
-10.043681021200 -3.899779822792 
-7.637332806640  -7.632422351217 
-6.595252939802   8.614537324707 
 9.953658922699   4.390826367087 
 3.775684289414   10.259502768656
-0.577969298380  -10.932934846503
 10.919353061150 -0.863640076033 
 5.104602281254  -9.741863436549 
-3.566915330871   10.642676401975
-3.260038002400  -10.747649244587
 9.390679545051  -6.168000130474 
-11.052400202237  2.049250328347 
 6.880306296238  -8.893713784476 
-11.086777440600 -1.876430455587 
-9.697554330343  -5.928847231752 
 3.093543709277  -10.991786399585
 0.775384785595   11.490384948430
-8.817986433408   7.494676274971 
 10.525204008166 -4.918457582090 
-5.144788646409  -10.491793291726
 0.773101507163  -11.744174188333
 9.229667889967   7.636889236145 
-11.151241345635  4.473496099469 
 9.252151850884  -7.671519090782 
-7.445252082539  -9.515147197332 
-12.124647337015  0.173062598901 
 6.709053524633   10.158608850163
 10.684643080865  5.988442747942 
 4.557519982662  -11.373158044877
 12.055694552584 -2.227113559411 
-5.412718581834   11.005165064517
-2.770269052901   11.979113247865
 5.020631382822   11.286561530545
 12.283075304356  1.814658037213 
 11.762791288654 -4.033909047764 
-9.705069925246  -7.859808235559 
 11.608143897246  4.676456880084 
-11.691303158589 -4.483175565549 
 3.377570675131   12.140485189264
-12.246520445296  3.327162808226 
-2.841446478666  -12.379502625815
-10.503853229483  7.184703671979 
-11.331267268091 -6.090406682588 
-0.676084777525  -12.894120685278
 7.316485493484  -10.710577476076
-12.852587402629 -1.781683821560 
 9.006038966856  -9.353208561362 
 1.961197193035  -12.888269905731
-12.940994605608  1.606122709402 
-0.689419383998   13.052226619252
-7.564286109527   10.663827259228
 11.775348633775 -5.754608355444 
-9.003227950861   9.580933528956 
 8.307739139538   10.373967949697
-9.363910070872  -9.496212854906 
 10.963808356465  7.622156436168 
 6.567839581981   11.841723671568
-7.098668483535  -11.556378274067
 13.112143155674  3.588379039477 
 9.613737021811   9.633000402630 
 5.646816760756  -12.425338019158
-13.217840492836 -3.438990696598 
 13.685198724673 -0.213014621579 
 13.584750642845 -1.793032753929 
 5.010928610987   12.821891397914
-4.164393045136  -13.149794123505
 11.623720301033 -7.431200102426 
 13.773313384605  1.575123362920 
-12.852160703735  5.246321796036 
-10.806953328467  8.781425251320 
 10.689202397164 -8.965386033096 
-11.166657610639 -8.405873862471 
-13.980843227815 -0.782637864845 
 2.009419187336   13.883378855650
-2.566090316459  -13.876001045178
 13.691801358323 -3.429215075927 
 4.099506286538  -13.580375967442
 9.017349346062  -10.957121779519
 12.823495735341  6.117242368906 
-6.126788690658  -12.909005825241
-6.691439582732   12.650917418538
-8.666130664704  -11.452548214364
-3.401994120339   13.963440873983
-12.383707849936  7.520593930663 
-5.322065050311   13.484043621752
 8.417595890860   11.924648051470
 0.109962633367  -14.598183729151
-8.312457983918   12.060873056601
 13.687379553896 -5.262958844067 
 13.010789179361 -6.771251255307 
-14.654734383553  0.652938251703 
-9.582911465233   11.109837309119
-14.521519564363  2.626378385035 
-13.358309249987 -6.360653325434 
 11.636205950744  9.346324057126 
-14.784837032605 -2.189989776739 
 12.884335910866  7.622145616350 
-2.102645405164   14.823398050018
 6.946101808336   13.316546431094
-10.325305703990 -11.007088849406
 14.941306581475  2.520705344939 
 10.604779614632  10.845782075366
 8.031958539751  -12.891027670287
 0.437084565494   15.187448083494
 2.579736293697  -15.043827275264
-11.652215490701 -9.872291135722 
-14.424506558812 -5.103559971406 
-4.942923805795  -14.490363205921
 14.692702735150  4.356535325114 
 11.288299493276 -10.479615817162
-11.314727962241  10.457893566625
 12.994288975250 -8.294622596299 
-14.640134277058  4.890699803164 
-12.380676439297  9.237974356611 
 15.452303797178  0.998334591191 
-12.761120230253 -8.778106629337 
-14.029425184421  6.689136241837 
-8.336431310832  -13.139026716210
-15.646588914922 -0.854401166997 
 15.419378651167 -3.183888376100 
 4.140479350150   15.209579953028
-3.573472326625  -15.377690103053
 15.778639448572 -1.611167666739 
-2.148362763486  -15.856842369405
 0.911927779051  -15.993337818404
 15.215952553774 -5.055480234397 
-0.627509765867  -16.054155307329
 9.175270069083   13.236676365279
 6.639241813630  -14.689349939491
 10.051240054871 -12.639166787770
 2.215907886874   16.017849997174
-4.857427294629   15.428701670405
-14.368295463486 -7.532167034378 
 6.368548201094   14.937629927242
-7.761485427565   14.303869958828
-15.983780136173  3.139523903510 
 10.626708588874  12.353296574306
-15.946174302868 -3.437262345707 
-10.302212965880 -12.715119025673
 14.637339688396  7.446370066385 
 12.538225768255  10.710121107492
 15.130698105468 -6.564841411111 
-10.953341202708  12.339427037909
-6.318721026856  -15.275987073138
 16.281976538174  3.406847675863 
-16.705829705798  0.227557567769 
-13.969331932880  9.172345701022 
-9.531088312031   13.744754629856
 0.482644748227   16.734717790582
-8.145031371106  -14.640586562074
 4.594193492643  -16.206372548924
 11.847721531476 -11.974789352862
