-0.282107299388   0.175984961718 
 1.142161756632   1.246107833837 
-0.980344372373  -1.535477591448 
-1.743119299798   1.541600524268 
 2.359717459431  -0.341106013476 
 1.424294384914  -1.965654697728 
-2.398151632286  -0.405405812435 
-0.090366761014  -3.117059508379 
 2.679433584529   2.006021819292 
-1.674195159631   3.093212355398 
 1.662353168202   3.144615029985 
-2.677491101503  -2.410572105004 
 0.128312788278   3.705041825905 
-3.923201391227  -0.297162807726 
 3.218148333725  -2.271249625107 
 3.933917149966  -0.914941458295 
-3.643118167513   2.461847637663 
-1.798962796317  -4.074000426371 
 0.859323588678  -4.624462917975 
 4.378566364132   1.761179669543 
 2.944209366282  -3.914493539073 
 1.769750240963   4.700504313116 
-2.999003918718   4.202808590147 
-5.076840435703  -1.279369016675 
 0.365137370938   5.266762994779 
 5.342870199828   0.073752305200 
-4.292486376332  -3.192115437960 
 3.481994781990   4.124180173255 
 5.119473621037  -1.919894870886 
-5.514556398821   0.524482503981 
-3.341745448220  -4.434181305586 
-1.344238520558   5.409952281477 
-5.203437773926   2.081123794563 
 4.468736995032  -3.715259031026 
 2.289614100866  -5.568491705598 
-1.293495740628  -6.190632782137 
 5.232413735531   3.653975450790 
-5.854657023950  -2.654624214583 
 3.851394309703  -5.191616740581 
-5.311823261823   3.837872752205 
 2.246870822934   6.197215162406 
-2.859754487471   6.146623128896 
-4.572463153041   5.198613239909 
-5.033552615520  -4.754073307302 
-0.207337526792   7.106866638100 
-0.131098268491  -7.152886627568 
-6.588635963987   2.935128437979 
-1.707053234066   7.146319956028 
 6.912253087955   2.540340746932 
-7.300235170570  -1.492520029221 
 1.724989219554  -7.340191015990 
 5.808735765671  -4.990744064908 
 4.222613898429   6.474640356270 
-2.590630076374  -7.339668832565 
 7.621781181931  -1.653984597247 
 7.890112017128   0.122001941664 
 7.281307337410  -3.359164605508 
-7.974831900198   1.043548425381 
 6.415432542628   4.851850299689 
-4.200406175248  -6.914217518801 
 3.631634127928  -7.292632685841 
-6.803269565309   4.488590441878 
 2.950820778534   7.649662150711 
-6.729985402385  -4.713748669144 
-3.583670147958   7.495994939562 
-5.949735293895   5.842536974237 
 0.663320638861   8.538249443053 
-8.562546251086  -0.652468717864 
-7.882937065473  -3.663469907678 
 5.946308856858   6.363024646289 
-8.598326396913  -2.277255769552 
 8.176327164746   3.616945929214 
-0.829815540704  -9.051401530766 
 9.113491558105   0.999973307129 
 5.291254410459  -7.539135766546 
 2.057146899034  -8.991480215999 
-5.462221182667   7.550928457880 
 6.807587023237  -6.528057959163 
-1.510312267207   9.350982658407 
 8.884466008068  -3.517539775568 
-6.576865411113  -7.139686290821 
 5.657396018416   7.923849080677 
 3.740565073565   8.996123927688 
-3.882446225263  -9.123504753254 
-9.748904969187   1.811437601193 
 9.905348487444  -0.476403962506 
 2.279259725576   9.672925774926 
-9.202251428982   3.777819658030 
-5.579492450563  -8.280553422704 
 0.332949346280  -10.013942721412
-8.457909276164   5.383685619490 
-7.899944104926  -6.264709217150 
 7.593025177077   6.735666320996 
 8.309377753858  -5.993470635638 
-9.649364293763  -3.542995216616 
-2.288772726591  -10.064452056786
-10.269804751973 -1.195659275538 
 3.667855492159  -9.693544715035 
-4.429151243600   9.435727636747 
-7.930167886087   6.830479544207 
 8.858812760987   5.828602715210 
 5.214653141271  -9.403872769204 
 9.532070935121  -5.088375300350 
 10.631495122426 -1.944567165963 
 10.367986655125  3.150554081915 
 0.278248994911   10.851561894966
 10.933739500226  1.064961307044 
 7.790153889808  -8.216725995011 
-1.218117807537  -11.268562207727
-6.343205306002   9.410785337378 
 1.890603727950   11.214130614599
-10.708820350297  4.007214062268 
-11.282111143621  2.113233714599 
 10.835049441977 -3.833081679078 
 4.033118196196   10.776735118951
-9.719291953290  -6.176079188149 
 6.766598164807   9.383163197200 
-8.373217475738  -8.045589836537 
-3.278486502098   11.140119797109
 5.508390343381   10.252635671899
-1.787678070233   11.503381877399
-11.665555289510 -0.186883903653 
 8.348053383690   8.151193710084 
 10.581443698239  4.924639018764 
 3.178033802433  -11.273058822397
 1.597357248539  -11.644551470958
-10.132132488574  6.034678038521 
-6.848062799320  -9.683424530203 
 7.092664877830  -9.573449046544 
 4.697528416571  -10.955834141610
-11.789549663731 -1.945908569185 
-8.152312759858   8.801605080983 
-11.471667946231 -3.521271328865 
 11.999493176461 -0.372563447156 
 9.806132074694  -7.143751886238 
-9.323741118768   7.780174202286 
-5.040930266206  -11.154671158094
-4.904025425873   11.326047350526
-11.229454343267 -5.436190513610 
-2.907096631683  -12.146714151378
 12.496766995543  1.248130047543 
 11.580563871776 -5.270392726100 
 2.526068362744   12.630573693807
 8.144892890215   10.007497401509
 10.844700093267  6.994714568046 
-12.570182950244  3.136314541937 
-6.610856089086  -11.186839905638
-6.857103201707   11.040754515442
 12.611096747307  3.268679932035 
-13.087469261812  0.438549818916 
 0.388228229776  -13.116450922113
 12.849859993356 -2.783121037886 
-9.117114838620  -9.483132465084 
-3.713378740828   12.663685274826
-12.368772884143  4.825232510040 
 11.987965765823  5.814759214314 
-4.407577074127  -12.591588471792
-0.117369267757   13.383055705379
 13.365650565493 -1.021633193760 
-1.570465659656  -13.319001703744
-2.001649829750   13.262131657805
 5.953966406853   12.043900339751
 7.354819696252  -11.256840291972
 9.699392297341  -9.398369602684 
 3.898311109462  -12.963838671481
-11.697263686318  6.815904632556 
-9.584119517162   9.564408230180 
 11.607041239404 -6.980637637284 
 2.060498782882  -13.402152909382
-13.358909198201 -2.428598206812 
-13.007488307225 -3.906714943422 
 10.588525399617  8.544312434584 
 13.790184311327  0.457631768876 
-8.517204497296  -10.888083325701
-11.158198066139 -8.207599585356 
-12.851099800344 -5.448472700092 
 13.217775615731  4.684625805461 
-12.187298315806 -6.987149319080 
 9.833610755136   10.039358948597
 13.302983846446 -4.542501864384 
 8.889306617072  -10.897690564563
-14.080088259585  1.676741365472 
 14.058899708643  2.122376019211 
 4.702975050201   13.437187127017
-11.239037317989  8.770977952767 
-3.173342348136  -13.905815122519
 7.618194916904   12.294124517634
-14.048182423523  3.451591132380 
-7.331279483065  -12.516011648016
-10.764981850555 -9.724821509824 
-8.274675809867   11.976632758006
 7.072387340429  -12.785720417892
-6.036647934012   13.329195285914
 5.677882584532  -13.491136853055
 14.470112351730 -2.254087353016 
-9.586477323778   11.086363506379
 13.160823305977 -6.498883305130 
-14.695725466070 -0.615533394913 
-3.608846346138   14.307144858277
-1.065766216692   14.759093315729
 11.539642346063 -9.325776928038 
 13.256644027314  6.962377418932 
-14.574401760654 -3.559865761895 
 6.191924749246   13.690798189588
 10.415517631111 -10.868841178959
-14.947040261128 -2.099459490956 
 1.176321990681   15.087141336621
 2.703218667407   14.896617573942
 12.778801591921 -8.125786176560 
 2.429359604960  -14.949688075329
-13.101237621429  7.605815521913 
-2.093233525852  -15.012318808435
-14.025064456429  5.752901434073 
-0.535911115168  -15.171831200515
 9.844821397915   11.580929503106
-6.484547685640  -13.784712685727
-9.001541218740  -12.351296366335
-5.095790104103  -14.433399948460
 15.326588565637  0.360794851657 
 4.400022872335  -14.740819025386
-13.271171587755 -8.050772700991 
 8.960107702684  -12.719209376322
-5.245506080123   14.683895536771
 13.098282695555  8.546251020007 
 15.081141985241 -4.449696814562 
 15.274292359347  3.835831494259 
 14.579293916066 -5.989356459534 
-12.418104502198  9.780254764646 
-14.970483180988 -5.098566279673 
-3.604004518931  -15.401715103729
-11.247305807506  11.222071364274
 11.816265752769  10.710021470222
 9.001177494232   13.199066391220
 15.898870383873 -1.759758300811 
-15.809920343032  2.670567448135 
 0.985124668231  -16.050439898800
-3.044268948327   15.899642537440
-7.896418084135   14.199184526588
 4.027475560494   15.750147121915
-13.080601448754 -9.699485118219 
-15.638746080707  4.709748292149 
 7.954317162943  -14.316623443868
-16.094000823274 -3.344580920386 
-9.377281553283   13.502606586249
-1.078155671370   16.421117875902
-16.563469753693 -0.795591755996 
 11.628465524946 -11.861885305331
 12.683189976829 -10.768741718703
 0.473293918799   16.735135920704
 14.356925647220 -8.633886501030 
 8.159679219943   14.631899175465
 6.425391925183   15.483477704431
-11.517307953109 -12.192846845325
 16.632754764117  2.185510392893 
-7.605506472657  -15.008132346454
-14.213811132410  9.003709547703 
