-0.977054004525   0.178873229685 
 0.878983606410   0.521295441356 
 1.126788491175  -1.030664255165 
-0.375727484676  -1.660910408233 
 0.105758469611   1.929351389944 
 2.508267517609   0.543497597541 
-2.737178176815  -0.109135152975 
-1.940037334675  -1.952499158246 
 1.065032460967  -2.564636319438 
-2.584396890906   1.484383340223 
 1.431802886358   2.730809683085 
-1.224547587227   2.886577718757 
-0.656055118632  -3.320787704972 
 3.399804678217  -1.661676916601 
 3.255339492647   2.230565316184 
-0.365605727381   4.158170855712 
-4.010979915688  -1.383351398729 
-4.197299969478   1.200304792245 
-2.286286781552  -3.732110204385 
 2.772244844908  -3.449906943221 
 0.846579510371  -4.356276364772 
 4.535446013724   1.346192805743 
 1.723458141630   4.453082529587 
-3.659216338614   3.286311943470 
-2.446585547785   4.322552611114 
 5.083861723540  -1.099020797259 
 3.263353974724   4.185617269178 
-0.066174897605  -5.549657330305 
-1.361980003461   5.380412677491 
 4.829128021771  -2.863021669101 
-4.364865677628  -3.838337906599 
 3.035410014738  -5.315360949032 
-2.743028632479  -5.611052707006 
-3.989352098788   4.843604531851 
 0.231347617191   6.273838595504 
 6.251279272783   1.192984713732 
 5.550317355681   3.161604010352 
-6.080143888358  -2.247334938084 
 4.767781394065  -4.508075321032 
-6.562492301234  -0.007338893083 
-6.389591757440   1.803570808697 
 6.325664010561  -2.273489940049 
-1.152280834128  -6.696285692304 
 4.953943645602   4.674035304548 
 2.685816758233   6.275618647725 
-5.853061181609   3.807149018527 
 1.162433471920  -6.913839803700 
-2.953179005235   6.543258423313 
-4.584291582469  -5.630227035618 
 7.343855370172  -0.038209933834 
-3.045551186858  -7.101781206739 
-7.638237938755  -1.836813389845 
 6.529558816212   4.469818702814 
-7.001566286547  -3.753282395302 
-7.351894832599   3.073806622810 
-0.171918786614  -7.981427893567 
 0.667337472553   8.043841352853 
-7.985914974335   1.225119012509 
-5.193573599142   6.193781751766 
-1.141687538818   8.118593106782 
 7.529094707693   3.348421711988 
 8.090621128171   1.592789253372 
 5.406097077155   6.376915981667 
 3.017842153750   7.796825645623 
 5.454582942080  -6.348451992030 
 6.594129939003  -5.162836390271 
 4.081866358859  -7.323382752612 
 7.742487031684  -3.251038269026 
-8.420843019907  -0.212184914818 
 2.132030592599  -8.211917987569 
 8.367685505053  -1.441440986697 
-6.855685995561  -5.259945850052 
-7.336652061374   4.732071809660 
-3.154366284023   8.317269557629 
 8.980750265302   0.350351395870 
-4.596217421700  -7.790907822410 
-8.596615723878  -3.179896190455 
-1.408654787517  -9.182702846079 
-6.940857017298   6.305899373548 
 8.077850136781  -4.909656457552 
-9.370062287377  -1.720009009914 
-5.810280624676   7.628941075514 
-3.580733562910  -8.936553641625 
-9.468601216368   1.889255464366 
 1.276444163800   9.594098305706 
 7.056346039136   6.757387173478 
 9.410110163785   2.655969624681 
 5.776093111234   7.903722393597 
-4.709331028475   8.671498336513 
 8.268939389103   5.591206156820 
-1.243702150381   9.934181971186 
 9.897824772856  -1.894273297161 
-6.575152425120  -7.703701997028 
 3.929808138012  -9.372661773998 
 0.910876522303  -10.124166491310
-8.905413779327  -5.060957248600 
-7.898548084904  -6.522371299514 
-8.511530248488   5.756379847078 
 3.360289982620   9.815970067115 
 2.588945291084  -10.078793171284
-10.448859662360 -0.396287261521 
 10.474470191466 -0.110826647457 
-2.566480757835  -10.165596351522
 10.441073166930  1.389531408868 
 0.117246866255   10.567356306957
 5.044315263013   9.321033607112 
 9.775061678236  -4.111295488610 
-0.975422932459  -10.629453473605
-2.812850490692   10.317374429349
-10.129565879324 -3.429009751928 
 9.815003127732   4.418634777173 
-10.084001248596  3.833566753092 
 8.671478596564  -6.562246323960 
 6.009265780142  -9.099531882116 
 7.468966650343  -8.060332555753 
 10.827585005548  3.167316340293 
 6.963747935924   8.884490745377 
 1.869708430244   11.147405691510
-11.123708978925  2.126110808398 
-11.258956507543 -1.712063442457 
-6.484984586175  -9.379717480908 
-8.293004076280   7.894725466927 
-4.284252294287   10.703692052286
 9.699653570229   6.311084599920 
-5.725740590364   10.129754753939
 4.855220305622  -10.583428447959
 1.233735125533  -11.591615864580
-5.166135167256  -10.497617789175
-10.339277054384  5.793421075462 
-9.298727709008  -7.476227601552 
 11.901477955877  0.996167199067 
 8.830654084524   8.047249025512 
-7.189540899964   9.554074745129 
 3.828128950041   11.380934544052
 12.071143900127 -0.707107915913 
 10.874887798430 -5.297876380234 
 11.928804735341 -2.314087481580 
-11.629032725818 -3.618322355832 
-11.690262097644  3.519480575736 
-12.184988971932  0.882780141938 
-8.390275129848  -8.962326377859 
-0.260526106141   12.277754436878
 10.329286578106 -6.740647574440 
-0.957191304597  -12.325392783899
-2.436642315256   12.128321844710
 5.683668943857   11.010585689300
 11.838249597665 -3.837737011214 
-3.881023374966  -11.901675721878
 12.264264263723  2.590568180121 
 2.852134737828  -12.236438905065
-11.521588435534 -5.176044160961 
 9.556906915582  -8.434139016488 
 11.363454312650  5.849722721264 
-6.593165006029  -11.139892949630
 7.277182668734   10.707184203488
-10.939056441116 -7.087003372098 
-10.545105995585  7.809925108735 
 9.015378266459   9.609337984781 
 8.144022973738  -10.421125642131
-12.970253949543  2.721216199547 
 13.250975499985  0.329368712418 
-2.712923886383  -13.008848990133
-6.657427997769   11.503444050074
 2.342898708776   13.118114763107
 5.857868098729  -11.977761085760
-10.028484771882 -8.854875977819 
 12.636889269958  4.404497500560 
 4.341442390283  -12.679603414654
-3.864161055853   12.846547152284
-9.829327250391   9.250091255473 
 12.450762214018 -5.273801767032 
-5.411038335743   12.395572437312
-11.791389720275  6.647166955734 
-13.401830000604 -1.969384544965 
-13.156424364783 -3.513393235272 
-12.753001892663  4.795386418789 
 13.560965550381 -1.416527212515 
-13.690559003995  0.362181514235 
 11.836531744009 -7.199900856345 
 4.306805041171   13.234503800245
-6.042743271667  -12.580503429971
 13.755718391064  2.781326265869 
-0.310625281829  -14.102615738177
 10.859556537942  9.050097610705 
-2.456349571488   13.975091569350
 12.164694526808  7.347757161394 
 6.768989778365   12.522581086320
 13.673675936348 -3.971808053032 
 1.710125744141  -14.158284508105
-0.010781220053   14.308720165639
 9.998385620185  -10.267869430713
-8.961036440470  -11.240090887832
 8.429258855860   11.747482613549
 11.279442858372 -9.209550557285 
 5.710538952068  -13.476941795237
 3.235635449066  -14.306313594536
-9.763501061206   10.957106378693
-8.149993057235   12.211556694179
-14.688107318814 -0.897579961215 
 10.112659470572  10.693565530960
 1.609144227299   14.638144719900
-14.388585938096  3.619752734072 
-12.164887279775 -8.496032277334 
-12.544535465872  8.020835620884 
-1.722809224869  -14.810451417226
-4.246718689391   14.336134600044
-3.232770084765  -14.601893832021
 13.586122778504  6.275537329479 
-7.627333652820  -12.880864213245
-13.721441783993 -6.195680222241 
-14.936349943793  2.123369916969 
 14.350065922949  4.855442741947 
-6.955850568677   13.525002135412
 15.178335972574  1.497012304091 
 13.311761391735 -7.618574282285 
 15.023891578367 -3.185493935574 
 8.469393427317  -12.867102089551
 5.701293266079   14.312622023787
 15.409357738163 -0.345999806417 
-10.901626664081 -10.967111507571
-4.957949442845  -14.694330299255
-1.491231438772   15.443648301073
-14.484880313155  5.633859631826 
-15.434899505451 -2.593686895336 
-12.425642481608  9.535517449065 
 3.354741450683   15.368433132172
-11.345619119010  10.912078523756
-9.357652140218  -12.904184707609
-3.227849169052   15.629995697072
-0.225279019563  -16.013399600800
 15.066630726354 -5.506368837600 
 10.203586253169  12.389051813775
 12.944598828885  9.523207687379 
 8.176780287708   13.834962926598
-14.058426332787 -7.808665715646 
 15.993516335911 -1.735564584759 
-15.545998251294 -4.306230474449 
-10.004032777480  12.682471993773
 11.690884934225  11.171604268017
 1.649228680925  -16.099090186973
-16.150450103967  1.209610827944 
 10.424321418166 -12.444430309460
-14.482732155877  7.440772640724 
 4.392347898832  -15.703727353579
-15.922118842409  3.722860360654 
 6.534838126045  -14.993512661466
 1.750308831768   16.272787730957
-13.469154087551 -9.486533562873 
-7.134804665599  -14.866479625387
-12.472500134874 -10.888657743164
 11.991610306844 -11.431234173186
 15.535559989968  5.863144481103 
-5.265674345061   15.806753074615
-3.548976691408  -16.310506981253
 16.141777465651 -4.359039597843 
-15.276920489442 -6.868070870222 
