 0.849405141248   0.943611569590 
-1.130879244004  -0.902489498914 
 0.543745883285  -1.982433492376 
 2.173483954387   0.037310067119 
 0.124769005299   2.287328767986 
-1.918405900207   1.550530739839 
 2.249705110402  -2.212836818937 
-1.923791574042  -2.557337700528 
 2.701262987986   1.732412363719 
-0.395373072094  -3.244399080050 
-3.129920148751  -0.949903166901 
 1.135059305537  -3.416240733537 
 3.431517389875  -1.231908372028 
 3.674301548832   0.520262980572 
 1.758224280408   3.284301793218 
-0.230463000469   3.815168248661 
-2.752405719008   2.996999889552 
-3.682129904173   1.810607216303 
-4.093647775879  -2.364702690739 
 2.890428393371  -3.847476050036 
-1.554365340942  -4.565535012561 
-1.742358664314   4.652989986119 
 3.254225438090   3.778656935920 
 4.620397858368   2.031477486024 
-5.042723603483  -0.423129403327 
-3.492526642383  -3.781576774971 
 4.872601803746  -1.827484749087 
 5.353843066233   0.419067287588 
 2.434254619915   5.060393349958 
 4.485283937612  -3.399195732203 
-5.035087334418   2.625911133643 
-3.841276998803   4.279708240325 
-5.748528286212   1.261895769584 
 2.162289804893  -5.487358294391 
 1.108652892239   5.963157998551 
-0.216463827125  -6.104471833813 
-5.034484519961  -3.548420654495 
-5.886273634938  -2.026433357090 
-0.575852219094   6.288770364452 
-6.517660605843  -0.139939761037 
-3.471282931185  -5.647199284176 
 6.312479280820   2.074425161712 
 3.988982121214   5.502341554188 
 6.214901301153  -2.797988649474 
 1.210830532588  -6.737383729794 
-3.636052664824   6.190550571234 
 5.434343958453   4.729556671752 
-5.029739927239  -5.197621618784 
-5.202133590971   5.055402513860 
 7.289874450848   0.110961384013 
-6.931632252833   2.584657472446 
 7.306939916144  -1.701734525434 
-2.014493840325   7.366808949658 
-6.475295547634   4.121312757105 
-2.389943591303  -7.300549818381 
 1.858110679954   7.475773023423 
-6.690699238930  -4.040942324203 
-7.461627009468  -2.330928549302 
 4.716402508938  -6.260046752266 
 6.052377262374  -5.054012589471 
 7.233846451363   3.599531978603 
-0.992674580009  -8.028245196830 
 3.283226716537  -7.605894897014 
-0.658860398285   8.272037003613 
-4.331807260172  -7.144760836774 
-8.338777087303   1.634959842311 
 1.564654785151  -8.363285438644 
 8.209151536951   2.394959584173 
-3.427883902081   7.906854725466 
 3.395249167609   7.956890501375 
 7.977580434985  -3.704669192605 
 5.695046891107   6.725179914458 
-6.131611402171  -6.575263507509 
-6.474137074239   6.317226115633 
-9.024141746750  -0.726988468094 
 7.549974338801   5.069976854392 
 0.158514532284  -9.159267220230 
 0.953618312192   9.124382163272 
 4.966038144890  -7.756533513778 
 6.634329736720  -6.498840719061 
 9.470214975478   0.918379376412 
 4.990400437688   8.126286350713 
 2.845708065456  -9.169956643169 
 9.630730309471  -1.082547119099 
 8.875765211890   3.982126991573 
-9.079317069184  -3.552881570216 
 2.750100355904   9.371263467693 
-2.793056404923   9.484501313688 
-9.081453566121   3.978170481796 
-4.824365544157  -8.665013981153 
-2.264338683230  -9.713657435724 
-7.909734715567  -6.124713362534 
-5.418915947318   8.534147482840 
 7.822172555581   6.550468256518 
 1.522997221501  -10.183318714946
 8.515390944026  -5.815406499417 
 4.342561295399  -9.475603026424 
-10.263666231575 -2.285583837717 
-6.867486667782  -8.082974848295 
-8.991916654140   5.638285284654 
 9.038235309844   5.640007710695 
 6.176426911901  -8.735157243077 
 10.046332735214 -3.716014277383 
-0.603539177179   10.703026426311
-10.640117558643  1.420109798835 
-7.300782349986   8.116762484032 
 0.224355038278  -10.989764182774
 6.673840078599   8.861108310011 
-11.134182065425 -0.471980718399 
 10.740514836466  3.307973701777 
 1.849613492470   11.108356704765
-10.871267762727  2.951991554907 
 9.973084974205  -5.353622865696 
-3.672460605057  -10.710772235969
 11.349591384592 -0.040198106550 
 11.276831323356  1.754624751430 
-3.793884225609   10.774221123295
-5.482956646301  -10.131455085694
 5.263693849617   10.319922337656
 7.895240195029  -8.623425535653 
-1.303434434813  -11.624032592380
 10.522546030723  5.183110667132 
-1.975783857375   11.576393546607
 2.316514160988  -11.577827919869
-10.559185890901 -5.317539825915 
-10.755487859235  4.956531891432 
-6.282773383818   10.059754528567
 11.791505667817 -1.481310673624 
-9.311332953253  -7.724418282783 
 9.487571687135  -7.654199218991 
-7.977863348312  -9.298366334055 
 0.228425357463   12.259716162430
 3.779499488061   11.668351491238
-12.255887932178  0.958702850964 
 5.246833790707  -11.138432873601
 11.954425957473 -3.071916782549 
-12.268926733290 -1.461713248459 
-12.043319372779 -3.394156068977 
-8.399358445821   9.420699656811 
 0.664821704004  -12.617396763430
-10.049773057138  7.687831938422 
 9.326836158107   8.577846739679 
 10.482211043118  7.154900190518 
 7.437530975765   10.299362317280
 11.985004806638  4.437820263473 
 11.438995616142 -5.723815849638 
-2.823286076723  -12.505077743088
-12.540081228397  2.668652931291 
 12.851133176517  0.558834511856 
-11.174120012756  6.471695493039 
-5.041187772301  -11.965127621592
 7.992046700486  -10.437769117721
 2.746917005270   12.885928651685
-10.820267420493 -7.548736296487 
-9.505385403871  -9.259055670162 
 12.472719222795 -4.593331345424 
 6.783424909406  -11.514419447856
 13.304461328445 -1.466245665323 
 13.152663210641  2.491681999855 
-13.402923154872 -0.022228755407 
-7.536502495555  -11.121400773026
-0.793125884984   13.425599003758
-5.141169407815   12.442366788668
-13.355387037786 -2.626683575479 
 9.049183841148   10.168173198812
-10.046347589538  9.198360058651 
 4.793905333891  -12.763720100538
-3.000188332859   13.417652310839
-12.778437837865 -5.078913351059 
 6.567540563197   12.140174444716
 3.269096325980  -13.453096702736
 0.837902990857   13.820904748463
-13.142444986171  4.498006262096 
-7.551655500841   11.670033368629
 1.645326491376  -13.841230975219
 12.687699715161  5.819516733570 
-8.852341071907   10.860444264368
 4.477101410060   13.391749613521
 10.216967698174 -9.826529752257 
-4.133390350668  -13.608711354096
 11.547333749217 -8.399941074536 
-0.406913428921  -14.299204967609
-14.260508037198 -1.353965011302 
 14.026203654350 -3.343028163282 
-7.037889867388  -12.627306573216
 10.711443651729  9.710951395703 
 11.756891599690  8.462523836379 
-12.717315822323  6.945963171797 
 13.836169925917  4.407365225775 
-9.746723590671  -10.801541754904
 12.728680705907 -7.088010837101 
 8.509287326303   11.867070733182
-11.725205328644  8.765121726512 
-2.778768897741  -14.432631284709
-14.581885651271  1.920202111154 
 8.184870547960  -12.262985000007
-12.668462920821 -7.552660148422 
 6.730824131921  -13.159264960922
 9.596948548241  -11.260696067954
 14.832947774541  0.171137931886 
 13.780280949614 -5.698415103223 
-8.865528563165  -12.054082327614
-14.969427143216  0.269003477329 
 3.206340769592   14.697093055426
-14.689447367816 -3.419230876322 
 6.388360993449   13.676152757948
 15.022534200713  1.991699775856 
-4.617924032614   14.437638064255
 1.557844882478   15.158130285070
-8.937728304823   12.424666311521
-7.408423794212   13.400173304074
 5.627264440455  -14.255352643323
 3.764896477463  -14.873904824603
 7.884316525056   13.258900097165
-12.237892832740 -9.409429084887 
-10.362674626778  11.496386925417
 15.405080661746 -1.787998379103 
-15.154890101886  3.379223597110 
-11.582479502399  10.606943950787
 1.989761011022  -15.640603225190
 5.298379803714   14.893485396225
-0.723037864397   15.797969105315
 11.507776213233 -10.855901143467
 10.163314347709  12.156467741295
-5.795046817002  -14.752961146054
-14.434198725219 -6.618526343128 
 13.999773518921  7.538485696056 
-15.801497090465 -1.841981008670 
-13.775210527683  8.071639096806 
 12.463240079796  10.068443217780
 13.693992970269 -8.338997417593 
-14.965774633553  5.971340679604 
 15.209158051363  5.374091986553 
-2.391986471090   16.016274334536
-16.065507920317  2.148231242898 
-11.532628686230 -11.394755958994
-13.747235962403 -8.656211715553 
 11.646437729962  11.517960870906
 16.031980889475  3.412464895065 
-15.601784310696 -5.080749638737 
 10.789858062168 -12.404308760325
-7.572089102656  -14.597277813861
 15.483276007944 -5.720284812694 
 5.004262948780  -15.764604969229
 13.311349134810 -9.858332683491 
 4.189345755691   16.038376171068
-10.333272768504 -12.981772964527
 9.493656279013  -13.642021775930
-2.746167508618  -16.392236110570
-6.473063000979   15.353664275594
 16.638829321492  1.095048818723 
 0.766151860329  -16.717963358310
 16.743782090546 -0.756585208262 
 2.640848769684   16.581725135213
 6.724106474587   15.396747471909
-16.816108618268 -0.608357056504 
