 0.392340240074   0.335592875717 
-0.677549985230  -1.129859341887 
-1.399429962024   0.760713681222 
 1.210192271003  -1.159629920844 
 0.704215306443   1.821364246009 
-2.230493611214  -0.906896001547 
 2.469129848566   0.079185106719 
-0.918580624819   2.330790053141 
-2.624914939188   1.744877748569 
 1.776372202982  -2.717138440590 
-2.410442965887  -2.681976909196 
 2.216066823923   2.901521744226 
-0.490261574359  -3.849040290848 
 3.689255318217  -1.402132898483 
-0.940334785549   4.051263035818 
 4.187088938733   0.237896867377 
-4.056904812119  -1.358612582316 
 3.920501812235   1.838005237194 
-2.592795270076   3.579471244560 
 0.928311719048  -4.471994800078 
 3.541740918134  -3.011553527631 
-4.653781935997   0.837050433159 
 2.460171656063  -4.068907134906 
-4.337452436026   2.412151376334 
 0.379742498472   5.088765701231 
-1.988549743846  -4.862630971306 
 2.287166583728   4.863115233463 
 0.021534813479  -5.678465007177 
 4.311060194813   3.753384995263 
 5.866824216322   0.200868836565 
-5.755207654792  -1.299741580015 
-4.812607692836  -3.492627194551 
 5.609036827995  -1.985554478086 
 3.961721073189  -4.505589120838 
-4.590384086866   4.104699158868 
-3.831804500496  -4.914805021150 
-6.121271555417   1.728043790051 
 5.636670993442   2.965640664412 
-3.650139320751   5.322164702817 
 1.703264118266   6.264386083000 
-0.061235231252   6.527012118269 
-6.727297205339  -0.009011371919 
-2.223610313541   6.359000744413 
 3.523616096882   5.900496527114 
-2.945251252499  -6.395463809371 
 2.879609001465  -6.427006793024 
-6.518826217805  -3.119305991345 
-5.527083031259  -4.882214732889 
 7.098491995050   2.110813743770 
 7.520243222826   0.528448587086 
-0.730310037007  -7.590526268515 
 5.502271788693   5.291149637169 
-7.506593052710  -1.622614529159 
 5.251533650289  -5.670163035088 
 7.426874762945  -2.332146871036 
 0.796629992664  -7.746463312987 
-7.446810383975   2.438663540356 
 6.435419771702  -4.495121602269 
-6.402159722880   4.594207134361 
 2.655189185357   7.579244925827 
 7.255979583391   3.836298544201 
-1.591177123724   8.083271079040 
 8.195817362387  -0.843478838988 
-8.247182598286  -0.286001447867 
-4.531494450880  -6.915093997186 
 4.770154481266   6.862351576424 
-5.240095055234   6.535490305712 
-3.934702182100   7.428786174863 
 1.267920489084   8.335064761243 
-3.343751726871  -7.957488943095 
-8.716904493418   1.402863082316 
 2.020283590116  -8.614927712801 
-8.100786418768  -3.575361775907 
-7.210008195105  -5.184879004412 
 8.638143154128   2.396920007216 
-0.052341427852   9.161886952725 
 8.367375972636  -3.914288824117 
-8.983832454351  -2.175049224133 
 6.610162745070   6.575672190405 
-6.604998455008  -6.615467499376 
-8.375460503300   4.284365074767 
 7.084119865277  -6.193874819557 
 4.981241342144  -8.015999319315 
-6.671593457651   7.002454741138 
-1.022233898514  -9.634972825253 
-3.202660690303   9.207615742435 
-7.972536567957   5.767171441147 
 0.791580633122  -9.813367591250 
 9.517994923738  -2.665841611601 
 4.211198439197   8.953462161213 
-5.606283919850   8.231996506585 
 8.002599644055   6.004229859891 
-8.733764453364  -4.949833878270 
 10.029665978943  0.431193421493 
-3.196058446942  -9.566461165700 
 9.029767780633   4.509251460130 
 2.620265831778   9.748211669149 
-1.854805268696   9.996961196980 
 10.144732068171 -1.112861186101 
-4.814387568363  -9.126095260306 
-10.322251375239 -0.982111094885 
 6.755472720007  -7.872462941901 
-10.375040642039  1.643628687024 
 2.521307895271  -10.295428203069
 8.730201959814  -6.170853384997 
 4.271451602375  -9.808275718863 
 6.407364054559   8.662036752572 
 10.518176872521  2.872415243846 
 0.220777111706   10.944969771790
-10.469151746777  3.201243298374 
-10.207424985204 -4.206187612626 
-6.420659120205  -9.081970198828 
-5.248117940807   9.823750467481 
-8.081986251011  -7.782259337644 
-9.714412167849   5.796111926316 
 8.436743681122  -7.655827279924 
 6.387922412371  -9.472459190535 
-1.827845243730  -11.283665643538
-4.043891678476  -10.812295665212
 9.038582199718   7.241905925443 
 10.191201890334 -5.516031824893 
 2.083908048766   11.404274232884
-7.332658302935   9.012731192176 
 1.145118232267  -11.562563146774
 8.056977472569   8.386780322757 
 11.541075435393  1.517162780640 
 11.784200082848 -0.202625570418 
 11.743938111827 -1.737570125670 
-0.365612230331  -11.877602743193
 10.870439343053  4.831011779404 
-10.154011172546 -6.308701187125 
-11.963531386242  0.088151548033 
-11.850764832366 -1.642330658956 
-9.444129940913   7.363049390396 
-5.749341830550  -10.518597572127
 5.684534085315   10.733182144830
-3.314320817524   11.782558263527
-0.560988538489   12.293524453193
 5.635654529790  -10.981974107482
-11.459881986959  4.588440448036 
 10.131776081388 -7.080925197912 
-11.910297866649 -3.493319604653 
-9.649549193336  -7.923099997699 
 3.987536313144  -11.835593025482
 11.753351588371 -4.451191823092 
 10.566298121649  7.059782659279 
 3.585568814871   12.225185823247
-12.814325084551  1.784554845528 
 2.614368225214  -12.693629015208
 12.401167304357  3.870922816977 
-11.594373399386 -5.865711324329 
 9.859841804437   8.540270695111 
-6.273636489988   11.476680040037
 8.367179521971   10.055281536833
 9.430920963788  -9.170018391428 
-4.400116862955  -12.397000686151
-9.193495310846   9.447446360940 
 12.909634984904 -2.824160850338 
 13.255517195062  0.869764159942 
 5.099311263681   12.319000230916
 11.852011405769 -6.183603106297 
-13.374310680585 -0.443736175902 
 1.673294051290   13.283025229488
-1.718965247944  -13.341009157152
-13.036612857770  3.343563571220 
 8.402442758828  -10.531964861904
-7.346672254916  -11.496612986507
-13.548952777189 -2.227768446264 
-10.917247046030  8.441732397973 
-8.787534690883  -10.663577801611
-11.978088745162  6.936641320914 
-13.012834735398 -4.727344756400 
-11.631408248639 -7.514382408507 
 11.470632480097 -7.771448782947 
-0.052389628642   13.895710420158
 13.639198501751  2.715089555540 
-10.575572865662 -9.105226983175 
-7.926156733137   11.491054306534
-1.758701218832   13.884290116243
 6.670917955971  -12.350593551003
 12.906929586184  5.565571074763 
-3.455202493183  -13.674227036925
 1.093183804870  -14.070747725597
-5.362409570039   13.086872452491
 7.252593044138   12.287961756065
 13.230823115244 -5.358753010674 
-3.956165165968   13.867751907201
 3.209956303795   14.115120744794
 11.309132553134  9.038613761187 
 12.205037726158  7.800643032208 
 11.031361079033 -9.394959664209 
-13.759765789994  4.767101206671 
 14.537698105325 -1.075507272887 
 14.161944701373 -3.722529715916 
 4.506114659679  -13.947062992984
-0.681281495772  -14.699983855135
 3.030687705283  -14.429009213377
 10.041398574964  10.803070751756
-14.335365928339 -3.537546092268 
-5.184025256666  -13.876102629914
 6.161987714531   13.507420595782
 10.160346022868 -10.951406733856
-14.839546850210  1.912046182553 
-8.587211389365  -12.355144620189
-7.176565419620  -13.233633666151
-14.708744802811  3.462233278896 
-12.512556338494  8.479535281898 
-13.950906017602 -5.956566645779 
 4.664015105874   14.531370512503
 13.336321336618 -7.427638731125 
-2.674453031370  -15.067401687287
 1.894118393487   15.203288115274
 8.442036819961  -12.786671000725
-10.386538763920 -11.299553845017
-12.755530021380 -8.563897729329 
-11.821056164978  9.850285240340 
-6.925627936890   13.785245571474
-15.255650479395 -2.319760238221 
-0.418017700705   15.430039022244
 7.177019152565  -13.771918091917
 14.676149251973  5.239246789060 
 0.581914261808  -15.652544035053
 15.266797074152  3.549940824483 
-9.141050869866   12.762181011294
-10.365574184674  11.847250108732
 15.510575274755 -2.820554660328 
-15.770370058157 -0.653827288657 
 8.720665902238   13.167432348961
-5.683916059546   14.740864838137
 15.842877608890  0.114348116857 
 11.884056874983  10.502353258042
 15.860244380827  1.843365924895 
 5.721313246771  -14.944149097592
 14.710442810045 -6.298460629780 
-4.018936057634   15.496589453191
 10.235040881291  12.341558121295
-12.382243566819 -10.192441175913
-15.223373949267  5.235940640873 
 3.445616221494   15.756058484465
 15.645694430877 -4.350035442807 
 13.476772846980  9.142600281927 
-2.162679992969   16.150279202945
-14.121939095031  8.130251612402 
 3.948381000392  -15.831121718790
 14.689206702590  7.153233184036 
-5.265302643852  -15.468904928421
 10.375527687475 -12.630067418267
-7.022478072763  -14.787806197092
-14.405317169471 -7.861782603206 
 16.366036506836 -1.291528347583 
 13.786602871891 -8.951616442216 
-0.841024313834  -16.429409063375
-8.439808377873  -14.164760502626
-9.874076106031  -13.214334267154
 12.313905833717 -10.996784932143
-16.432778010352  1.729217581016 
