 0.416649211371   0.674089858902 
-0.920649881580  -0.416476655439 
 0.261638905394  -1.420872189727 
-1.846322831771   0.803918633421 
 2.033471094673  -0.547424375190 
-1.429081278958   2.320737866885 
-0.620666985698  -2.696405921213 
 2.468114654465   1.548794130641 
 0.837592913637   2.875368967467 
 0.857923007820  -3.064249823257 
-2.634258178107  -1.894584594698 
-3.510522369693   0.689465814749 
 3.581853303890  -1.302354896191 
 3.995148970398   0.237034092932 
-3.208969345854   2.633982043094 
 2.739435556424  -3.180427820992 
 3.988344589230   1.737560208450 
 2.230706475095   3.918090904284 
-0.284798191535  -4.604658927851 
-2.483176892193  -4.099493392055 
-4.044381271571  -2.716938439938 
 1.438472758738  -4.720098823341 
-0.619582031999   5.176034868140 
-2.357127575778   4.684009228138 
-5.322794703298  -1.058491106418 
 4.350047768236  -3.425750387658 
-4.788991591210   2.850137441826 
 5.252641472149  -1.944542050263 
 3.688043473016   4.299588540400 
 1.575760824080   5.467326946032 
 5.816555114749   0.224591017344 
 5.638938867561   2.482860813366 
-6.169506074019   0.187878091736 
-5.935105176804   1.713891489882 
 3.335198614141  -5.250352005602 
-3.992193157549  -4.816366205430 
-2.573749839942  -5.888700245436 
-5.256077251276  -3.751490975845 
-0.622552427692  -6.562559380692 
 1.760978724331  -6.502705402529 
-3.892718810421   5.642577763375 
 0.253174797181   6.868324154063 
-6.256946151305   3.227900129403 
 5.100623863498   4.869304384183 
-2.588882869376   6.590511212374 
 5.482675423751  -4.485158986806 
-6.657999151497  -3.087743943665 
 3.533844471416   6.468384316566 
 7.023037755709  -2.243809087291 
 7.405822421855   0.077424558229 
-7.530941870895   1.264651660194 
-7.623420129433  -0.520197088881 
-5.201458575937  -5.759891348121 
 3.269758723546  -7.099749963087 
-5.484955050546   5.737530886143 
-6.363880735653  -4.771444095924 
 7.719715848665   2.046957185247 
 5.243593354703  -6.058692707060 
 1.286112149419  -8.014384727974 
-0.812436280456  -8.248184668776 
 2.479314544215   7.915883908650 
-6.852212316896   4.694884747652 
-8.138383409429  -2.271275877269 
 7.450505838711  -3.996578717959 
 8.362203569866  -1.409539158344 
-3.888966710982   7.647056610118 
-4.667456102708  -7.237516315706 
 7.201995820077   4.794289370099 
-2.727065711738  -8.270515527265 
-8.022528571316   3.558970686695 
 5.540674407755   6.920379899905 
 9.050887611002   0.393498609424 
-1.810386285044   8.881705957179 
 0.654438057938   9.044743556921 
-9.086871801901  -0.174140775331 
-8.426535524048  -3.801090649286 
 4.462572793684   8.184894281829 
-9.295418772978   1.792267348322 
 6.282874561698  -7.188467701173 
 7.910106037137  -5.520504969193 
 2.243894275277   9.402214798685 
 3.293573125706  -9.199009794823 
 1.791559390466  -9.637712674902 
-6.430828452625   7.477483389468 
-8.204149028762  -5.543191998682 
 8.976651233214  -4.428505458528 
-3.859631553694   9.240525797222 
-2.054381621460  -9.808925149104 
 10.032062662700 -0.970761323333 
 4.922009530386  -8.843099897208 
-8.713251066934   5.232816087505 
 9.075269740212   4.707088458961 
 9.801197110726   3.087159415644 
-7.484616864969  -7.077246887897 
 3.790376157052   9.587379401142 
 8.012466472643   6.502448015911 
-0.313127975402   10.370834298382
-8.085223344594   6.720839152325 
-6.342801374296  -8.411428205027 
-9.940336434789   3.565783498043 
-0.715755359586  -10.589069083351
-10.602839977006 -0.976301539235 
-3.880518127309  -10.028627433627
-10.817263309366  0.834152123964 
 5.407032722111   9.445874387040 
 10.656880401382 -2.537968393561 
-6.187273867214   9.069504276226 
-5.414474836468  -9.636689686871 
-10.942368357057 -2.527021089518 
 7.431480884904   8.433898488922 
 1.200359265282  -11.227628117469
 7.123045815246  -8.766313202134 
 3.025997867858   10.944079437842
-11.107048981290  2.539976895174 
-1.629573681080   11.293907090740
 2.930921703925  -11.084093833223
 11.355493254469  1.739958772037 
 11.508930101868 -0.291109966265 
-2.767629613842  -11.217582610822
 9.703760457993  -6.347554090762 
 6.133850971405  -9.971387656525 
-9.958733610423   6.357145122073 
-9.258970005834  -7.353903238141 
-10.806882776614  4.842627248507 
-8.445618288699   8.365362513645 
 11.432217634137  3.354730611285 
 10.718828272850  5.209281950610 
 10.764724147339 -5.141933430355 
-10.896577796511 -4.997834641841 
-8.477170328572  -8.673912777410 
 6.924377856262   9.987962204690 
 9.822003973261   7.234255095562 
 1.090235664920   12.154501025107
-4.970336891270   11.195422334403
 5.113975560673  -11.132641583336
-3.220326863466   11.869500833144
 9.336510261477  -8.124960904298 
-0.134599776831  -12.395082658445
-7.110960631905  -10.323136075628
-12.007087235709  3.849493087956 
 12.464867981996 -2.053145057799 
-12.195231304879 -3.504699891564 
-9.987685609471   7.868392147988 
-12.633735215955 -1.435285788699 
 5.957973394388   11.355186279037
-7.985009758746   10.043045358541
 12.860186651894  0.651253709540 
 12.261956089802 -4.180518822327 
-12.955459772842  0.379177701023 
-2.257047872426  -12.866646365162
 8.866711955911  -9.809293105642 
-0.681760593998   13.239911699712
 9.990735770034   8.801462922637 
-6.469987684931   11.655046522419
 3.455634846139  -12.895239277908
-2.289373467151   13.196692276319
-4.146792963328  -12.741274711497
-10.036767640016 -8.913412631059 
 2.078630265217   13.382001920184
-12.035570025832 -6.242819754269 
 8.400199261942   10.673919672648
 4.981373021940   12.664994035883
 12.262311150074  5.923600830182 
 7.825189133821  -11.172301163950
 13.316051022812  3.045525576332 
-13.484454680784  2.262642944517 
 11.381336617173  7.646335587698 
 11.148514957483 -8.183187576502 
 13.085165953983  4.660079390073 
-9.806308812173   9.909417373384 
-5.999472888268  -12.586145893365
-13.195108653758 -4.837783395268 
 1.476798552525  -14.008844794685
-5.259806891792   13.073750937995
-12.523742416598  6.461782902752 
 5.520842751491  -12.991583095080
-11.679761145786  8.007085629081 
-13.946242815711 -2.502491358584 
 12.367500279679 -6.944847239487 
 14.129151352468 -1.802430334740 
 0.722777727861   14.250054174553
-9.130247619325  -11.154574664480
 4.044574743991   13.863293340655
 14.441478290582  0.852364585500 
 13.291396596605 -5.733992199567 
 7.139042339910  -12.599366828069
-0.891445841964  -14.469898423616
-11.575422090967 -8.742810430928 
-14.524765231957  0.034367046714 
-3.046257691832  -14.212239998452
-13.880497952635  4.410778920092 
 8.321482082210   12.220044826515
-7.921837093387   12.512565328533
 10.328159432353 -10.654715486600
-3.491810698929   14.430732905819
 12.926414842279  7.352091825277 
 11.110892740734  9.932765980584 
 3.499846160212  -14.492688079457
-4.890241939350  -14.106751883650
-12.973512170764 -7.636020904055 
-14.968934960213  1.735148564520 
 12.282857381255  8.853718337019 
-7.398169903026  -13.243342587347
 15.272053626683 -0.719503120106 
 6.939318578686   13.674243972362
 9.271334786198  -12.240397867195
 14.771116992933 -4.241318790621 
-15.038462350145  3.368837420669 
-9.554748965178   12.092078494563
-0.214932228275   15.443642755200
-14.161123189074  6.205885427133 
-13.363379935392  7.790518656288 
-15.397296810797 -2.036227042311 
-10.925172540994  11.090250285189
 10.344027381154  11.691718319864
-10.806136428941 -11.278622049464
-12.581658206776  9.290424719505 
 15.137348003230  4.001988093863 
-1.736978157951   15.575060215662
 15.418619676839 -2.816187438705 
 13.020281456317 -8.768263547849 
-14.917942220890 -5.083106021506 
 12.101719000661 -10.156468863445
 5.032711637778   15.007899265602
-12.019192173471 -10.391412032936
-0.542457630559  -15.931976626816
-2.394054105737  -15.789703600217
 0.991969881708  -15.942595505257
-13.083756636199 -9.168515564613 
 2.615742422115  -15.761084179135
 14.515879927935  6.705972438461 
-16.020411448237  0.424571652236 
-4.146666036182  -15.481853264123
 8.323435975339  -13.698534521041
 5.294588371599  -15.185796566452
 3.655332196387   15.668453636000
 1.721593127576   16.005379049162
-5.312232439058   15.248513903623
-9.851497796158  -12.825543794690
 14.898684666584 -6.397923084198 
-6.266137597311  -14.960224703492
 16.123834991286  2.254295696169 
-7.009443650738   14.801761163261
 11.975267459572  11.229465338637
-14.674548920311 -7.418234565297 
-15.764952422458  4.936190215938 
 10.039600856286  13.183724706329
 11.239188716204 -12.274652136345
 14.577018321564 -8.190592947245 
 16.728626706346 -0.027664088195 
 8.860427354696   14.216219160839
-8.613417565556  -14.417678323158
 14.344933311738  8.785592979350 
 16.752676970057 -2.038429868599 
 6.837752364161  -15.452552060827
-10.275810512211  13.466096187269
