 0.026328227185  -0.676997168211 
-0.270623565719   1.149911662680 
-2.094693010561   0.385087217437 
 2.138355634559  -0.254016825602 
 1.753655525067   1.538631282540 
-2.017487999462  -1.295415386152 
 0.433486644960  -2.584988274168 
-1.660336054301   2.205569210317 
 1.924048153165  -2.161511434563 
 0.746565971937   3.020042970013 
-1.611073654446  -3.092863836648 
-3.616630986810   0.212070404741 
 3.685189516786  -0.147935180614 
-3.425436241362   1.754868262430 
-3.541195712825  -1.535299951802 
 3.662114718955   1.567806095604 
 2.508412585779   3.258768880978 
-0.895034234418   4.183213006569 
 4.008051111914  -1.617517000129 
-3.163269805180   3.280247274610 
 0.409835816088  -4.777674262846 
 3.176806087365  -3.634106805004 
-3.779391411692  -3.213046756991 
 1.739239120790   4.693641249694 
 5.247386263464   0.729866846413 
-5.334078208792   0.360562433963 
-0.018141482301   5.471818247109 
 5.560908971510  -0.805437790640 
-2.881204104058   4.937065703425 
-5.146102223148  -2.536266595399 
 4.693944668997  -3.312625502814 
-3.322545712317  -4.711658032371 
-5.278629283318   2.478638774139 
-5.790949919645  -1.158571215194 
-0.777351551361  -5.884412064719 
 4.670231838468   4.021447532482 
 2.252886713700  -5.866062164189 
 5.933648815433  -2.401331633688 
 5.864879109909   2.642107897895 
-1.811751163295   6.206706221772 
 3.724116601900  -5.319787114289 
 0.744779784315  -6.514742598745 
-5.015557503738  -4.551722342176 
-4.384559553216   5.252553633033 
 1.619178990843   6.720881343000 
-7.116318196829  -0.279378785239 
-5.719988327313   4.366582560004 
 4.551861640150   5.612647304446 
 7.271167053208  -0.420500493786 
-2.764148804968  -6.769220167724 
 6.087403722401  -4.070493098579 
-7.348552560731   1.443942885601 
-0.526703874457   7.477826067870 
-6.892980883300   3.078581920982 
-0.472452798607  -7.557645124394 
 3.193587461557   6.883900723017 
 6.417492123845   4.079256347901 
-4.446921560523  -6.221900240442 
 3.595759720511  -6.854537855289 
 7.749801413631   1.032795032551 
-6.671964665304  -4.132877669374 
 7.660208925705  -2.180088659197 
 2.053902056413  -7.735373368696 
-7.784095321018  -1.892112928623 
 5.276279786904  -6.030513442381 
 7.612405961804   2.605833550795 
-5.025933328462   6.626436244139 
-2.146604835073   8.238753889737 
-3.780943438302   7.705886303716 
 0.649145021375   8.563900550586 
-8.717593934709  -0.561937914301 
 0.829022696050  -8.696334268150 
-2.059589138742  -8.585273859986 
-6.701854428387   5.763820170601 
 7.242762932541  -5.215066358184 
-6.695318017679  -6.056055624138 
 6.926589721489   5.798272162472 
-8.879389334181   2.325723348611 
 2.313710830153   8.896747329715 
-4.269157816103  -8.170970268678 
 9.080037361932  -1.610486321290 
 8.430079287956  -3.808282948030 
 9.278365503691   0.546249230963 
 5.014441425556   7.937804466414 
 4.324474845521  -8.400554785432 
-8.122695368234  -4.915195500628 
-0.444336696083  -9.600033869593 
 8.667644247938   4.186845128152 
-5.892865751787  -7.676637028802 
 6.015278914816  -7.618372811258 
-0.579730233234   9.732815150272 
 6.500037644944   7.290641205424 
 2.055609151196  -9.605099732145 
-8.249783887368   5.631391855435 
-9.301582440648  -3.702058254125 
-6.794669929436   7.563902734822 
 3.975319496039   9.457765765992 
-4.180863823761   9.395156313186 
 10.354850135334 -0.813445983779 
-9.392440344670   4.498481508043 
-2.119657655684   10.223684443873
-3.838148273154  -9.714197864686 
 3.656090729135  -9.825499644809 
 10.306047957446  2.141044049932 
-5.703656549660   8.897516143962 
-10.608599571983  1.262119419458 
 7.618528748927  -7.531432562115 
 9.529069035698  -4.922698228551 
-8.198510767199  -7.194858001348 
-10.660873363024 -2.450669074591 
-1.313782560072  -10.909934955735
-10.977893053981 -0.951954167594 
-5.351469056047  -9.731569936115 
-10.592542759491  3.409476498891 
 2.493450487647   10.892393010437
 8.326778897633   7.496701232309 
-9.417592803357  -6.078247451329 
 0.339900686566  -11.210019073148
 10.849773655524 -3.005105541861 
 2.428508896487  -11.071083565356
-6.938410263929  -8.974198610546 
 10.646241378153  4.072913576073 
 0.651672119852   11.383734934163
 11.407667031591  0.432696318651 
-8.921398800965   7.160789748147 
-2.981093480220  -11.073674406437
 6.814036486780  -9.340578025534 
 9.560975122016   6.520106490477 
-10.976758781699 -4.082416706916 
 7.683915989053   8.935313733432 
-11.903392964065  0.279077070231 
 9.554765180013  -7.120469581428 
-4.869439988436   10.904408004797
 5.358213849216  -10.725634108865
-8.246642445147   8.803589803679 
-0.698165179619   12.068726741585
 5.982357841392   10.505988410327
-12.008349553278  1.802271649274 
-6.686877927543   10.154963753525
 12.223455462775 -0.945250099677 
-11.273369072757  4.863382288033 
-10.563068279862  6.260035954436 
-3.451284422122   11.870594911052
 10.859926897952 -6.298698424095 
-2.036264640525  -12.399067474354
-4.395412165109  -11.879518290117
-12.565271766002 -1.672014362027 
 11.291964443944  5.787737017265 
 8.818339433465  -9.165470459350 
 9.496010696767   8.470158917560 
 12.164491085301  3.769127841353 
 2.621099280526   12.463527730575
-10.333438577004 -7.518832727217 
 4.316631342293   12.062862111100
-5.990396988816  -11.342012020729
-11.576272443631 -5.577571696294 
-12.452237442095  3.377744665077 
 12.294428682442 -3.922170339283 
-0.111740383729  -12.915490942347
-12.510612835173 -3.224581630604 
-10.360721815634  8.021221684623 
 4.240164676934  -12.408812877867
 1.976917260546  -12.984948011563
 7.424820227001  -10.973707027525
 13.201331506059  1.600602917400 
 10.258665645622 -8.568403100812 
-8.955690281695  -9.950145151349 
-13.413130144624 -0.407179841084 
-6.207290683016   11.970009939573
-1.284318199082   13.492538996501
-7.867329441819  -11.041962323043
-13.492135713168  1.380710983682 
 7.396507072481   11.397060836244
 13.520408551368 -1.731533313599 
-4.591425207062   12.859339197226
 11.227268259230  7.772164149874 
-8.053805058977   11.186109263244
-3.150391111099  -13.569925745978
 12.378911891078 -6.396332442891 
 1.325415678791   13.874473774183
-12.909823204457  5.476777179422 
 9.967609737185   9.922935754961 
 5.817994065361   12.827871556774
-10.742564986466 -9.159680052449 
 5.677999797419  -12.966281691054
 13.124231682495  5.409103806168 
-9.491463708270   10.728187533843
-6.885901995548  -12.592455021307
 14.392315852773  0.554651270574 
 10.344191058456 -10.103188488443
-11.872664774710  8.253868177859 
 13.958670236553 -3.847756257764 
-4.897405025745  -13.645876995116
 12.765956263362  7.022956972781 
-13.876609953933 -4.532891661480 
 3.263727595796   14.231244480658
-1.899673956391  -14.497084654639
 14.103799484804  3.912966007290 
 8.935018621520   11.650241216842
-3.414263974520   14.292796015883
 7.724754850352  -12.536842981758
-7.583364871382   12.670244796011
-14.604919249650 -2.215871437777 
-14.813968404302  0.188902518641 
 11.745641320702 -9.135669255737 
 14.735789685229  2.164378383911 
-10.338033373213 -10.789600257778
-12.224817530009 -8.605670361684 
 13.817071426191 -5.717476170943 
 0.499983003991  -14.986475357872
 14.986305121031 -1.221204048026 
-6.365122324099   13.643772859712
-14.983862329332  2.054457892023 
 9.541793163803  -11.921705579502
-13.560626103435 -7.074240080805 
-11.671759706207  9.905573125127 
-9.228198512496   12.256258048253
 4.443101543051  -14.731402143208
-5.056071436848   14.535555413705
 11.592699180788  10.143251580288
-9.100515781823  -12.454106963732
-14.741351715180  4.566000801542 
 2.980278972205  -15.173439416014
 1.758672035354   15.367517670570
-0.709530381563   15.646658507069
 13.328336948355  8.449171972242 
-13.888047612950  7.500025396442 
-15.369730669724 -3.674992578596 
 15.060069445822  5.124490466008 
 5.772388767215   14.828769533593
 15.511014066584 -3.621687917033 
 6.905710448842  -14.370435311821
 10.995948101305  11.665770770070
 13.295919444671 -8.978059720541 
 14.216532830393 -7.518976867844 
 1.720056520714  -16.000086228492
 15.721454707668  3.616937638758 
-2.679958686347   15.931007437215
-3.940742007544  -15.709530104739
-16.192479047269  0.938299057522 
 8.214804706233   14.022926043471
-0.447156008205  -16.271200726216
-16.219958539293 -1.455484786947 
-5.561719304045  -15.309457042613
 3.408283767460   15.943646867425
-7.387487192445  -14.640777551528
-8.532474951406   14.023622853958
 15.618586170758 -5.385651564661 
-13.545048822798  9.516795848392 
-2.404369202295  -16.396615503877
-13.963820699598 -9.009248087441 
 16.650422409517 -0.615953819463 
 5.684192689063  -15.671823298035
 10.243479426018  13.158434473495
 16.612827113135  1.586018862247 
-13.023069545602 -10.462499314843
