 1.209499962730  -0.324083899839 
-1.058367047501   0.697511080890 
 0.124872251419   1.627040335039 
 0.409935287540  -1.934836052212 
 1.605134923094   1.184819361822 
-2.097070012929  -1.078888425719 
 2.236221541113  -1.732293267121 
 2.935267250368   0.341004648813 
-2.908286868783   0.958454140813 
-1.194036368622   2.964489436138 
 1.622466574702   2.866890360609 
-0.987822422896  -3.413564990035 
 3.047980188422   1.864903987922 
 0.359203053240   3.923449067918 
-3.277952705197   2.582231450976 
-4.150650301987  -0.506455733306 
 1.415194427640  -3.951143695355 
-3.841334476381  -2.152140434518 
-2.829800149676  -3.609930700822 
 4.659498766830  -0.677589088399 
-4.860982674507   0.878238697262 
 4.199305203511  -2.616268163114 
 2.275053951613   4.489143335603 
-1.872387351953   4.720496311714 
-1.672858726819  -4.800173185817 
 5.244170620667   0.919875173891 
 3.052200870752  -4.611732120474 
-0.444444720806   5.625773400154 
 4.111917418245   3.979646467777 
 1.124908273535   5.654825726254 
-5.605846467086  -1.510174302748 
-4.478221010056  -3.975356195172 
 0.075084949252  -6.140499779176 
-3.368677819887  -5.175622509824 
 6.226086852023  -0.408212866599 
-3.220656286786   5.449458759512 
 5.788567118768   2.613792724222 
-5.651244370435   2.905274831746 
 2.212547938912  -6.023574504886 
 5.553901730826  -3.420578678818 
-5.730310817392  -3.117060395332 
-2.264140809300  -6.347610413774 
-4.793476485198   4.761996550608 
 6.743741780917   1.140936894921 
-6.922113613942   0.844983759658 
 5.025531175661  -4.964960578673 
 2.777058478368   6.584017100809 
 4.456819268070   5.653178401034 
 7.236696735375  -1.545272254285 
 1.466828822378   7.429349920379 
-0.540093940081   7.637385710513 
-5.503040104111  -5.376566470288 
-2.338072480313   7.329968860679 
-0.261513659533  -7.749997074315 
 5.956816566061   5.075958482649 
-7.448460574802  -2.597197118399 
 4.435702925868  -6.526116929668 
-7.836233014629  -0.952062986728 
 7.898058895785   0.177772941527 
 2.956016020757  -7.348118895218 
 7.607084407409   2.777605689430 
 7.364056880718  -3.411126802192 
 1.253780921782  -8.069637817221 
 4.235660928161   7.189542092305 
-4.403794906840   7.120602025202 
-7.106596309603  -4.876066481477 
 3.014601362768   8.117052477301 
-6.630411983863   5.690495466854 
-8.717589475810   1.126068064990 
-8.076890138541   3.500047421448 
 8.624166010667  -2.573761669714 
 8.973305056094  -0.901593717775 
 5.743261733138   6.957738136821 
-1.228726436401  -8.961713611916 
 8.991210272917   1.223444970135 
-4.510251787271  -7.932937423108 
-3.067816488540  -8.618985631234 
 2.599494848336  -8.844054741193 
-9.251888371357  -0.403986305083 
 7.792838754519  -5.009603415359 
 7.432331885842   5.539893639515 
-2.717266669142   8.880009154327 
-8.988769153565  -2.674393552805 
 6.764916471815  -6.606301494447 
 0.436713876967  -9.598952933746 
 8.946354663447   3.508956595385 
 2.003651184698   9.477521348532 
 4.800253232306  -8.595717969477 
-4.255162876428   8.968469212546 
-8.377973742519   5.545616251415 
-6.559220627569  -7.627709848909 
 0.446145587420   10.193094116340
 4.473141243653   9.184973953814 
-6.310417391081   8.151139941326 
-4.305873727683  -9.468504779900 
-9.455235672213   4.455877796006 
 10.577765180073  0.341999035773 
-10.515093820883 -1.374049170623 
 10.536340919127 -1.399829555470 
 8.587253140312  -6.307363740396 
-1.151029732160   10.650387311033
 4.105826717577  -9.956826836180 
 6.070820316650   8.930412509634 
 9.776931779055  -4.679092763949 
 8.722833096772   6.439192626412 
 10.521539021813  2.617706580357 
 10.441835421086 -2.992625885624 
 6.865983038217  -8.431647563736 
-10.462748472983 -2.965241682933 
-8.104673875392  -7.303612550586 
-10.821254611224  1.502174494354 
-9.574007756275  -5.418985897442 
 2.540289902358   10.906009909556
-8.812254702282   7.005112987410 
 9.967755766538   5.260760054702 
-10.895599091134  3.173705642731 
 8.231825956973   7.871799365705 
-1.168860234096  -11.470616100916
-5.155096169218   10.321257682292
 0.416300434882  -11.572767401426
 5.720960279138  -10.077675806368
-8.084892757098   8.370225181914 
 4.866397124222   10.718554365738
-10.079388423753  6.111701260399 
 2.562891143634  -11.537921580932
-6.838411579362   9.663975829476 
-3.428665999618  -11.520874263777
-6.502723086239  -10.138466745341
 12.008790166208  1.578665151096 
 12.108437471561 -0.688458159562 
 11.398110142985 -4.151908278217 
-3.879764113326   11.504673660332
-5.236694932114  -10.970123300955
 11.603986930705  3.717174899782 
 9.669451269650  -7.463430980821 
 10.810509192949 -5.827618763872 
 12.005996251623 -2.718748960188 
-11.080199171077 -5.407382417532 
-8.044309759954  -9.351412676007 
 10.146964566253  7.019874587820 
-1.944552069438   12.210597824350
 8.157029403361   9.467322940165 
-9.405086077088  -8.237479492772 
-12.380308832410 -1.773846602654 
 0.150691828588   12.526686599743
 7.663964452766  -9.999926276155 
 4.819596008121  -11.736623717959
-11.570882136286  5.223506299602 
-12.846630353014 -0.084865960078 
-2.391589166847  -12.625771752688
 6.275909451785   11.246329704719
 3.971817617424   12.260737750546
-12.312750311627 -4.066438602342 
 11.795822004324  5.570435347892 
-6.288854127178   11.451605245589
 9.136232323659  -9.363887583106 
 6.727131708284  -11.263150855977
-12.827637946790  3.101811236631 
-11.042375449943  7.291411239159 
-10.172281450052  8.543696897750 
-10.899184110658 -7.652568309460 
-13.263088809394  1.489849090732 
-7.732661666739   11.023387576449
-6.590203737000  -11.801379953290
 2.557784637814   13.311921620549
 0.469329817278  -13.582637573098
 12.467778862759 -5.432832449706 
-5.096675670342  -12.610088994773
 9.656539857542   9.611860317381 
 13.544562522071 -1.685572973040 
 3.030175873352  -13.388453221992
-3.706048150969   13.243130727415
 13.751385480205  0.589398825901 
 11.839716940011 -7.029541057009 
 8.228048783715   11.093780511019
-5.190854409338   12.924074797317
-13.621157826115 -3.183066534600 
 0.407232528723   14.007678447926
 11.370795667271  8.405418829755 
-13.403030614502  4.553341431776 
-10.385680368135 -9.666350494794 
 13.450797303576  4.539193715849 
 13.906205733794  2.944943779118 
-9.442289287221  -10.949742577407
-9.984247892810   10.501752942239
 5.231215051484   13.536920650472
 5.310695551113  -13.566570564537
-7.321116076539   12.605434554729
-8.130710025929  -12.104514181749
 11.737824554220 -8.678699888117 
-14.544261798928 -1.476543756495 
 10.572428639668 -10.096821124988
-2.040077039365   14.519166404861
-12.652013577900  7.460096414778 
-14.705120690813  1.075852286377 
-3.191927184763  -14.407983888793
 14.081777183425 -4.735720783776 
 6.871912272192  -13.194424998808
 14.526270791653 -3.264740902797 
-1.329930772447  -14.871840807100
 13.344722401702 -6.758626039387 
-6.802237528823  -13.423286925698
 7.109885219391   13.313604222498
-14.658003552281  3.621366412293 
 1.537451401831   15.020450833698
 15.108933255602 -0.052121572673 
-13.521114898999 -6.749786534209 
 9.277518392591  -11.975366914301
 10.615804927169  10.820630734207
 15.081767275068  1.651411221721 
 3.515153561527  -14.825935991596
-0.342288376254   15.346340560949
-4.109856612372   14.897476380839
 1.718548192574  -15.370309371476
-14.664388462389 -4.947590033892 
-11.798582508543  10.018490705393
-12.369033018529 -9.356466926310 
-15.363952358485 -2.741708378536 
 13.574361503242  7.713200261312 
 15.517949471185 -1.784681099012 
-14.583532589977  5.797593949034 
-6.511290151129   14.320571938579
 9.937598814360   12.331127440459
-9.733504763237  -12.511599650326
 4.472621099970   15.215432326069
 12.939313977220  9.194589611818 
-8.901268800441   13.195522687451
 15.156385057757  5.159427466093 
 15.609258133579  3.630556206583 
-8.617193273897  -13.548678261320
 12.696108239169 -9.851594205042 
-16.061451939619 -1.151270462033 
 2.944732336296   15.863440190144
 6.025334514914  -15.001526572116
-16.172741352633  0.485757592834 
 14.759881068720  6.669769528786 
-13.450480212829  9.027074486857 
-10.956487871562  11.939818715178
-2.705383166299  -15.996189781402
 0.298655199937  -16.273733288424
 13.884478969317 -8.515485700564 
 8.199622328578  -14.117125242007
-14.050740520674 -8.331435637442 
 6.041293046640   15.195319842806
-5.486774321155  -15.430519574347
-2.881184973307   16.165950054779
 8.707163853035   13.928287825133
-11.869713389597 -11.368835282557
 12.266096772736  10.945730566490
-7.592837902958  -14.721686451830
 15.131327431210 -6.902953178074 
 15.985182824438 -4.708001063399 
 11.033727185632 -12.529042308032
 12.212943478768 -11.519167090156
-16.079303358198  4.829814565539 
-1.275828145222  -16.802378648558
