-0.034508672710   0.692557479210 
-0.935064088695  -0.811681763962 
 0.981420042914  -1.802348313170 
-1.607509021287   1.316321912541 
 2.307209640761   1.037217036686 
-2.462622018060  -0.737508246959 
-1.280133463504  -2.283399788300 
 2.612847400846  -0.527764130352 
-0.800829632632   3.118117175116 
 1.532589721173   2.842385500688 
-3.262724377285   0.967369114944 
 0.561090205000  -3.902119905206 
-1.271893941188  -3.928162605142 
 2.616788409211  -3.226924074624 
 4.232754966410  -1.190170685238 
 3.665386308321   2.649801870892 
 0.211151071698   4.543819150217 
 4.479748594555   1.087806545846 
-3.093255196452  -3.544445335921 
-3.916673970105   2.669564376730 
-4.717143544484   0.499084052839 
-2.522616430633   4.069550320807 
-4.681786068302  -1.974881389294 
 2.780210488756   4.291215604430 
 2.105758420387  -4.737103964413 
 1.517611364972   5.482256884060 
 5.741921876164  -1.103536798446 
-4.886877937165  -3.489935919787 
 4.826499136954  -3.602445689714 
-5.993496084205  -0.619631107647 
 0.121632992264   6.111038266551 
 1.108242513939  -6.040704913505 
-0.986751174583  -6.145852312596 
-5.380336772638   3.174778543493 
-3.979154109250  -4.817306795320 
 3.852445544762  -4.945565064556 
-4.476545495064   4.393442138386 
-6.264265407451   1.336558984302 
 4.277391462170   4.818162862409 
-3.176510598833   5.748058578679 
-1.561672683149   6.453444363960 
 6.320887633605   2.229552239650 
-2.924512291604  -6.057217482728 
 6.821767835566   0.537706440038 
-6.949256493591  -1.858618729680 
 3.378331632995   6.353387094642 
 6.827669214050  -2.687134771790 
 2.671257106270  -6.992519371346 
-0.316899722620   7.696759574774 
-0.119008927321  -7.709546061297 
-6.624671082158   4.065741990630 
-7.810920249366   0.466777430169 
 6.839043956702   3.876658161801 
 2.294920329994   7.650237929025 
 5.841436149270   5.447653817317 
-3.530722584329   7.287966223826 
-6.772226195369  -4.595939304103 
 4.874717101941   6.597112697764 
 5.622525472360  -6.049711128650 
 8.155169851096  -1.395072311127 
-5.802243605953  -5.923874155770 
-1.680527574602  -8.133217856569 
 7.902100392304   2.561729035564 
 6.761682800545  -4.887661551819 
-4.707956115757  -7.181234015338 
-8.494308896313  -1.436170711385 
 1.728382956243  -8.498486007004 
-6.148328448092   6.158374710287 
-8.481972877609   2.140327798668 
 8.896313229842   0.298533542186 
 5.063494288772  -7.463912790667 
-5.210341336984   7.364499632180 
 0.499212775506   9.126393423668 
-3.136428966919  -8.591731267692 
-1.968964540839   8.940871520041 
 0.324822375349  -9.208341075165 
 8.321428326429  -4.336847200123 
-8.069181730590   4.801797958285 
 3.431390211892   8.884495552852 
-8.878222023480  -3.482220915439 
 8.734783630542   3.840824601749 
 2.043353861390   9.459932694698 
-4.094528634461   8.836770935304 
-8.186363636910  -5.317467341567 
 3.170014709281  -9.299873152136 
 9.413041266194  -2.948449034740 
 7.126113499920   6.859442468448 
 5.188182779938   8.435281317681 
 8.404485573427   5.324761861833 
-6.156177767421  -7.832724495380 
-7.338103804605  -6.861108436247 
-7.821239174491   6.408314981656 
-10.153115174148 -0.201518901694 
 6.535550244760  -7.783515959679 
 1.865388480441  -10.068933688840
-9.592138402133   3.676561855674 
-10.212765327741 -1.701801730555 
 8.478036846952  -5.945512055842 
-1.015743544514  -10.308597422300
 10.433439884378 -0.182995044843 
-0.677323847897   10.439277307716
-7.068478877446   7.902671357059 
 10.482607702282  1.645975816939 
-10.500381441020  2.207551035792 
-5.663005203218   9.176687552313 
-4.856110801991  -9.678986481818 
 6.769391308924   8.478760428955 
-9.749611561055  -4.894625641238 
 10.218542385579  4.138194521698 
-2.793227520822  -10.714514085462
 6.115083996012  -9.246769967882 
 2.090655771308   11.038107894430
-9.233960157168  -6.407310547942 
 9.910347435979  -5.351298665792 
 10.554937874543 -3.930896296063 
-9.406270378602   6.291312950758 
 11.065031934462 -2.445455854767 
 9.840549506142   5.788599704948 
-11.548027149470  0.511346120283 
-1.888902958008   11.445623670511
-4.120333369597   10.889410123289
 5.790924168036   10.113409461712
-8.595583067810   7.969213537904 
-11.718220863967 -1.183840105430 
 11.811786316311 -0.994542198619 
 11.846955491123  0.579025655703 
 5.088101094119  -10.745795527567
 0.202096184299  -11.888242083367
-8.643533796081  -8.191802533575 
 8.605569345998  -8.236949109515 
-7.245342365956  -9.468655481316 
 3.040745404976  -11.556426224485
-1.597883840724  -11.908785397590
-11.285508500793 -4.228803872829 
 0.911705685413   12.047940160400
-6.827313025365   10.228106858216
 12.133488186397  2.643042925984 
-10.795499609632 -6.182616208365 
 10.491773603655 -6.770514204633 
 4.199932683832   11.782762884495
 7.940040499288   9.747450517957 
 9.304437680378   8.510532661564 
-11.166052687918  5.949060434418 
-5.566886375249   11.385216785421
-10.197729845056 -7.570705152015 
-12.313112776889  3.576776521989 
 12.635922826490 -2.328254165229 
 12.273385884571 -3.929965810259 
-6.582612657805  -11.142920656609
-5.192628675234  -11.888009409757
 1.361574062142  -12.910608580987
 12.101443102768  4.853361687340 
 11.193193579451  6.752642242423 
-12.955473210777 -2.151314992385 
-0.540639241647  -13.298439107372
-10.828063886618  7.871700946190 
 13.388279428571  0.708241768186 
 7.942918467618  -10.803518869095
 10.121351046269 -8.835106322600 
-13.374094774737  1.416622194775 
-2.465738199546   13.221071075287
-9.717172959125   9.361538404533 
-2.356291966597  -13.287950491448
-8.196826093109  -10.763463109768
-0.722276171420   13.543681235177
-12.912922541653 -4.151579091597 
 12.238466136994 -5.892527864734 
 6.075210688822   12.154429931138
 3.936045139162  -13.018283209140
 5.906755057458  -12.253275740439
-4.058440476746   13.047552163820
-3.859134138325  -13.132406075555
-9.463170449578  -9.956494915891 
 7.630590540005   11.509231207506
-12.725905686383  5.484752748638 
 13.641317781999  2.902796581158 
 3.475187557350   13.506962791762
 13.884932826715 -1.338166546073 
-12.563519477837 -6.346489638785 
-8.737052415817   11.057628371775
-11.048419323301 -8.809938100293 
-7.171677957187   12.364972668118
 7.456054334627  -12.222972953122
 0.679576033885   14.322916132463
-13.727008020892  4.186360940195 
 14.054020108698 -3.164587071151 
-14.520402797548  0.066266672138 
 11.984343442646 -8.227719122360 
 1.068961165630  -14.525233522873
-11.283099517445  9.484037136739 
-1.784513842338   14.654664895320
 3.079232567144  -14.499469108792
 13.847786029556  5.288439076631 
-14.591570144892  2.752977517936 
 5.246326745471  -13.901086722522
-0.389975910253  -14.882894256046
-12.593608051401 -8.014911727269 
 13.952941865380 -5.398620145118 
-14.038945722646 -5.249858799067 
-13.288110607560  6.934608211541 
-2.620061071480  -14.767070067870
-5.113473755517   14.145071948525
-8.213612188598  -12.622855583562
-5.947362795418  -13.906918161043
 9.721912396263  -11.607558014194
-15.038070990845 -1.797780125237 
 6.715259484226  -13.576540387725
 9.125154918007   12.125814952422
-3.445288682137   14.784478390479
 15.159678400672  0.999177823808 
 10.520470128256  11.002490058946
 12.186983476992  9.191064087309 
-9.668646578782  -11.826748402313
 11.649797015018 -9.893460578363 
 2.618792256192   15.066960011458
-8.740648820467   12.652498816770
 14.867824026066  4.101134479348 
-13.019655242999  8.427325058252 
-4.704555631037  -14.799108396496
 13.907784956786  6.938675699904 
-10.999271820800 -11.037012573370
-15.090257325378 -4.003721031474 
-10.301606472757  11.746504079158
 7.720212132660   13.612148949121
-14.165804476581 -6.836629183985 
 5.394613043706   14.805618044480
 15.612061343223 -2.460500583505 
-12.415057941090 -9.837887054208 
 13.660832321925 -8.196200401193 
-7.584013568808  -14.025271651708
-0.728421845996   15.943712719024
 4.046466199886   15.602963280103
 1.639116670810  -16.082049448203
 13.793077572571  8.439077330581 
-6.599842315134   14.822718469706
-2.608436098044   16.045330756407
 12.030253482575  10.964736047605
 4.057287283814  -15.778314821124
-15.421568182585  5.261335892851 
-1.490036689164  -16.269338878907
-15.963457151170  3.515824091745 
-16.240980536378  1.993440311533 
 8.838478878979  -13.822326253756
 13.180538049396 -9.789754721394 
 0.174880478530  -16.419844606508
 15.396927974428  5.786894979899 
 16.468096098591 -1.181879702474 
-12.471526528001  10.836484064064
-14.189414339231 -8.655913184386 
 9.393982675200   13.832951070765
 10.854478057680  12.737617574969
-9.620292570872  -13.768696712252
 16.727422324720  1.890824492320 
 1.016711917938   16.805012262035
-16.640007640553 -2.571239353720 
-13.660897831122  9.909974015279 
