-0.101875103082   0.442196299864 
 0.933185663472  -0.984718725080 
-1.065857039722  -0.933560774641 
-1.200274650451   1.537117797237 
 0.249849742336  -2.331408814440 
 0.618975984519   2.299470367640 
-2.468132184390  -0.142855931906 
-1.436018894033  -2.574504264048 
 2.819224384081   1.261934486199 
-2.706581520315   1.966595240527 
 2.396006711683  -2.465489642262 
 3.552555462421  -0.924933578412 
-0.593607080221   3.770933067042 
-3.704339724229  -1.125526719100 
 0.666078037909  -3.957059840774 
-0.967926163469  -4.032745200172 
 3.071774524634   2.947219888939 
 1.563376390413   4.138538364038 
-3.373519909085  -2.906307060421 
-2.321065267790   3.902558031901 
 4.659961791756   0.569943291328 
 2.535379163065  -3.976211652461 
-5.108084775048  -0.379032657777 
-5.085296866963   1.254413505521 
 4.782167707139  -2.323447898503 
-0.373689290843   5.356009612034 
-2.217840766452  -4.917670128672 
-3.940592577929   3.741403117692 
 3.144874738731   4.645076382636 
 5.670510315643  -1.090425683816 
 4.844609710973   3.168553842202 
 0.843057628827  -5.787085599302 
 1.671339888043   5.752018687302 
 3.883682090200  -4.846421630961 
-2.154550858974   5.867449836970 
 2.615491230826  -5.687861851917 
-1.227320711194  -6.144978166411 
-3.596566699517   5.235917590572 
-3.776103131922  -5.108590894488 
-6.391932874786  -1.341981507976 
-5.751133261173  -3.116679012407 
 6.294082294492  -2.637498672100 
 6.336268772303   2.748902458327 
-6.366736468234   2.751605135384 
-5.063717577787   4.744384502013 
-2.855945553193  -6.328740019839 
-7.075594173573   1.088197255504 
 7.107835292624   0.897136436811 
 5.167638101557   4.965072525813 
 0.215153073953   7.176322030031 
 6.043967574611  -4.181209165451 
 0.395090501845  -7.399745799694 
 2.187827418887  -7.170002727533 
 7.409671670770  -1.288326266046 
 3.033392121426   6.887871625095 
-5.461385985917  -5.424573552818 
-7.779647629618  -0.486952287686 
 4.692926712045  -6.227214664688 
-4.636195118470   6.325341815251 
-2.890999842331   7.310993612167 
-1.271972896599  -7.974653154168 
-4.155860880368  -7.146792775577 
-6.930182708828  -4.568982501544 
-8.005032541834  -2.679844559164 
 7.824391748053  -3.191348108249 
-1.542705082640   8.378205737977 
 7.020273825438   4.861312734364 
-6.418835444450   5.645882381503 
 5.133110568496   6.997551107518 
 3.420512183987  -8.041240363291 
 8.759391001896  -0.459608520842 
-7.707986417848   4.203938566107 
-8.849603967969   0.977482263364 
 0.137743529611   8.935023891702 
 8.759502397505   2.090076133480 
 8.917691034645  -2.032523184641 
 6.746496168122   6.397791407141 
-8.827627200157   2.945918960156 
 5.346601999682  -7.651432140062 
 2.066625946078  -9.165061140391 
-4.404771068058   8.306347174205 
 1.782053918458   9.232534233036 
-3.691851542093  -8.734031510285 
 0.219596887897  -9.488367167195 
 3.552567235741   8.802148684257 
-8.534351045951  -4.296325126242 
 8.911692386651   3.680911624948 
 8.358567185389  -4.829048287111 
-7.073488287380  -6.607852948326 
 7.146458963159  -6.683427355621 
-7.865235401577   6.143495120020 
-9.995826444129  -0.486007416750 
 9.967790072051   1.147901153122 
-5.383447677778  -8.515292893002 
-0.837792798445   10.107197605650
-9.814570916646  -2.666849747235 
-1.166565924162  -10.221150141751
 3.922973259676  -9.515025222951 
 5.204636063498   9.043126530056 
 8.260768516850   6.393460612460 
-3.331006533379   9.913801381772 
-10.488960083404  1.024014498368 
-7.050900861413   7.836916106708 
 10.658901704984 -0.372391757455 
 1.008801672000   10.726470446667
-9.346052216459   5.368386039646 
 1.940420745959  -10.682233200618
-4.894128878973   9.751238636927 
 10.645268211378  2.496092709106 
-3.500749345340  -10.444144882592
 7.187155646411   8.473341990718 
 10.387260485269  4.025738176017 
 10.653366593357 -3.318155386660 
 2.782732547704   10.817825736886
 5.755305961752  -9.577965507568 
 9.733029927324  -5.525621614334 
-10.724748069831  3.552918754107 
-11.367498951785 -1.202760067110 
 3.553846464228  -11.042762454878
-9.063219586068  -7.305613110711 
-5.290328997563  -10.372381808784
 9.909332844642   6.164767033856 
-8.030596048421  -8.506245458276 
-2.440088626253  -11.508731581005
 11.660772184523 -1.811611225236 
 4.970145120829   10.704242105797
-8.922458156309   7.740157915389 
 9.070274141640  -7.624339432446 
 7.807517054304  -8.929753805255 
-6.957096693606   9.622836436125 
-11.030647628579 -4.502607974829 
-0.816984746218  -11.977707504574
-10.861938520399  5.318732613125 
 0.188994532138   12.148494901067
-3.245629056280   11.708694678475
 6.901379115853   10.009189100017
 9.158713347961   8.140216650410 
-12.147045106552  1.616208996662 
-1.547545003934   12.163761770210
-11.946462862251 -2.858633124089 
-6.007425130820   10.810754773938
-10.660817029859 -6.270232349134 
 12.377634808380  1.293217268303 
 11.531378427013 -4.733315118508 
 12.129144364726  2.973889614619 
 0.679488482778  -12.509165374010
-7.115688421952  -10.313571945768
-8.447010330912   9.286351501443 
-10.317631443715  7.157803176665 
 5.623424020486  -11.255391639605
 1.752836968642   12.744199437273
 3.103630385100  -12.488616010063
-4.693730843356  -12.057043256265
 12.933186415881 -0.838161026364 
 12.093279025183  4.716357854724 
 3.819359587252   12.446713648660
-13.054791052890  0.019005539251 
 10.666664441021  7.538625760603 
 11.271777831725 -6.838745412662 
-9.638363528282  -9.202591554000 
-12.368004725584  5.020053132763 
 13.198634668223 -2.331122550966 
-6.442682221107  -11.829768475103
-11.742095339390  6.642952696002 
 10.583489358376 -8.494540328582 
 9.506010968281   9.702736946691 
-13.463024191320 -1.828204066647 
-10.417801539947  8.773926518285 
-13.392992486968  2.489669271916 
 0.035487185940   13.645426852011
-2.983892201517  -13.446116705095
-1.586307335305   13.689311607373
 13.594469266295  2.277194458144 
 5.143450066807  -12.793355123591
-11.627474818972 -7.450357674155 
 6.557559408921   12.186488558157
-8.823686346851  -10.676984436497
 8.090699917969   11.260755350990
-13.334288133922 -3.938163468777 
 12.441381545976  6.208632068479 
 8.348701932957  -11.143913475738
-5.216119285111   12.943677660038
 6.971679478715  -12.137094511347
-12.855274557907 -5.641320120769 
-9.013637294861   10.782269395708
-1.525209881369  -14.038654066746
 2.285842750833  -14.019097309307
-7.522471606964   12.088467758689
 10.207475528550 -9.975492981965 
 13.578387159624 -4.760338620801 
 13.884862930734  3.908747035515 
-13.796620847180  4.239912163985 
-4.009683533964   13.890119982110
 13.081441526953 -6.195299995376 
 2.209336599046   14.387128603474
 14.586772088312  0.530448188182 
-12.214598835120  8.089834742100 
 0.150638609888  -14.778069807491
 14.732484139132 -1.471101157592 
-14.540301577443 -2.952436772674 
-14.794434872482  1.140707864227 
 12.295189896644  8.329094892729 
 4.659621763301   14.100951522301
-4.802276115786  -14.122202093009
 9.662598616632   11.444748721737
 12.729310280199 -7.977854107748 
-10.789631274171 -10.467527296952
 11.702816315296 -9.496147704902 
-13.407136229497  6.918685601008 
 4.824526533834  -14.427518016720
-13.321022731245 -7.347388075471 
 0.820541537188   15.246364367843
 14.791958193491 -3.799956497427 
 6.360651259962   13.923474844065
-1.987054983112   15.180810645402
 15.115969186806  2.479694834507 
 6.850402994332  -13.753011753894
-7.228962560953   13.575148968412
-7.646429905937  -13.351843370900
-12.339585040266 -9.192724853427 
 8.048201641941   13.145898024452
-11.031684303067  10.776773131658
 14.359262542365  5.668092775339 
 13.753597218857  7.138097817237 
-2.534141790986  -15.309878624007
-15.143904975092  3.472314353335 
-6.372090141924  -14.214075708852
 11.331344961473  10.689298903110
-9.340926353672   12.477240480793
-14.427799556525 -6.141073086447 
-5.238145425346   14.785869966016
-10.197699897504 -11.942758950924
-15.871770072549 -0.543565731260 
-14.968697046300  5.485091079628 
 2.526487835245  -15.742308895588
 10.684702277582 -11.925749113879
 15.451293413043  4.260421124476 
 4.031836313412   15.540062764886
 14.286708368675 -7.381573974209 
 2.294841880593   16.072754735964
 8.653747987160  -13.805284181764
 16.124275765500 -2.345757642360 
-0.415340646738   16.301012947087
 15.230445633311 -5.866899183873 
-3.989410582815  -15.835606384634
-9.243447077378  -13.469321026088
 16.370054379710 -0.835111534336 
-13.293333922485  9.650473991645 
 10.763533786546  12.519737670418
 12.464703729300 -10.960406603769
-16.574432991236  0.906353703507 
 6.148508686328   15.526394620553
-14.796536786703 -7.780287681149 
-8.750367091222   14.278352643367
-3.745946312352   16.420450328698
-1.506313215586  -16.791959538593
