-0.749433486638   0.953635419583 
 1.084327556990   1.062666018203 
-0.540336780473  -1.689931672369 
 1.478933938002  -1.038930858148 
-1.944981427286  -0.645981596086 
 0.960430484706   2.615005049090 
-0.745102392606   2.735221167137 
 2.917075045614   0.044808330224 
-2.929975071454   0.579665053837 
-1.916968347181  -2.621146684072 
-2.303539988665   2.549557088178 
 2.720358449176  -2.478426041524 
 3.507918947922   1.501930830861 
 1.246288755107  -3.741110866676 
-1.168905156559  -4.031509897281 
-3.716074203927  -2.061475492925 
 4.190297622065  -1.329943041331 
 1.851282660075   4.174867851168 
-1.661194872083   4.263712204922 
-0.020932911245   4.707443686088 
 3.276150030323   3.385730851463 
-4.808414922695   1.167834634181 
-4.928999852030  -0.611292243968 
-4.199512749658   2.700475889825 
 5.181488919257   0.303683155894 
 3.756071176408  -3.887917929450 
-2.747555728019  -4.686175513054 
 5.222706483801   2.118378470547 
-3.624914281952   4.388404203957 
-4.437903887314  -3.608326546757 
-0.704084379261  -5.795659361046 
-5.545376441822  -1.999722912184 
 5.282603372035  -2.702122642946 
-1.874099617704   5.810878045806 
 2.648123862690   5.563823127829 
 6.149558784809  -1.034585953344 
 4.383425720883   4.561617949520 
-0.159803505134   6.505626475862 
 2.816437408475  -5.909326800491 
 1.210821552776  -6.497959248188 
-5.864629268035   3.141893938343 
 6.775951776929   0.639535627637 
 1.722613594529   6.832547043621 
 4.521168772410  -5.410577920018 
 6.050586405453   3.664195243236 
-7.108341591694   0.897236591651 
-4.259769348233  -5.841124317757 
-6.062547276350  -4.112004279317 
-2.182223780327  -7.037822861697 
-4.856964440210   5.578971889379 
 0.018128136728  -7.446049481054 
 6.234007158895  -4.255341123135 
 7.662980501533  -0.694344730516 
 3.509298622061   6.868709801154 
 2.458493203980  -7.425836739621 
-7.788983455641  -0.726015026789 
-7.397825323213  -2.655462900584 
 5.453032323866   5.701286715907 
 0.490153222239   7.874097914952 
 7.570021361135   2.253702608095 
-2.582832210339   7.531438732657 
 7.733505921455  -2.822366490212 
-6.536452884189   5.015140145064 
-1.267860792593   8.339906657022 
-8.107630189285   2.515619758372 
 4.527453585250  -7.196881616428 
 6.035700600220  -6.008129877295 
-1.518606212513  -8.395689863152 
-4.374141376368  -7.399406712988 
 8.601604327847   0.657883276140 
 7.468288145768   4.799743164713 
-5.996572282431   6.586419163204 
-3.034070362674  -8.384005124689 
-4.440694939903   7.756650311139 
 2.674669837800   8.548791283129 
 4.868593621506   7.541334709035 
-6.592325118922  -6.317346373740 
 9.179685466625  -1.442882574348 
 7.979503850758  -4.818790892203 
 1.073433895950   9.259969112182 
 1.358705003232  -9.241767540167 
-9.072259972730  -2.390315160692 
 9.132559423113   2.183828096321 
-9.430412599313   0.702773775872 
-8.803491959800   3.943506146035 
-8.501799253674  -4.893910638931 
 6.834407546285   7.090984797151 
-2.229326873408   9.649953381238 
 9.025005590976   4.508311815415 
 7.253046245177  -7.053660758727 
 4.029873862355  -9.284546791582 
 0.025132670455  -10.246987441951
-2.542526210165  -9.953042597647 
-10.369403562723 -0.600276971625 
 6.098517894137  -8.408101788234 
-4.754902210464  -9.245328047203 
-8.111431727586  -6.526394204267 
 10.391761282812  0.685748109685 
-6.972701646300  -7.794927221089 
-4.510875091893   9.511410309449 
 9.979345476714  -3.486122071949 
 3.039504758247   10.209596208274
-0.578826796787   10.684365115354
 8.691597353807   6.280176556646 
-8.589766030817   6.479357383667 
 10.206608113122  3.423701495973 
 5.080434682292   9.729463517219 
-10.367329258442 -3.707699831490 
-7.346883199288   8.219558282709 
-10.607305392078  3.039648827017 
 9.350473875948  -6.018279931723 
-1.310977945852  -11.139534801597
-10.160070546361 -5.311592355700 
 3.699784689416  -10.898218102820
 1.700080911543   11.404495852111
 8.205502182239   8.130171296211 
-11.484402622500  1.273689920527 
 11.450871051814 -1.562895861841 
 10.375177406547  5.195668904070 
-10.444448041571  5.264968972870 
-6.267587002823  -9.875451791337 
 1.687358011360  -11.599715665561
 0.193912893586  -11.783776500657
-11.705048636079 -1.559252415277 
-2.829193447214   11.532799718367
 7.559478211654  -9.184928897088 
 8.817319214067  -8.063329554943 
 6.800529263902   10.021322638710
 11.920875871153  2.193748267630 
-1.049817568833   12.181198861493
 12.245265109531  0.330099457449 
-5.255965881307   11.169806298279
 10.235540000688 -7.257063709982 
-11.839723913750 -4.256124335826 
-12.379408556012  2.534457463353 
 2.900785395730   12.325886092228
-8.281550296639  -9.586960993700 
-9.299140740541   8.639972836357 
-4.790202263814  -11.805993607255
-1.744068845004  -12.700674378579
 5.551553792010   11.577347458371
 11.921709298721 -4.791883870086 
 2.858787281657  -12.542820892470
 5.978190973062  -11.397124427304
 8.602800970122   9.589726386156 
-10.414754716167 -7.656661861335 
-12.163213543786  4.413424979775 
-6.853784445128   10.980007227845
-12.976420114832  0.663395419048 
 12.432729799400  4.114788761243 
 7.750649435950  -10.693723839492
 0.996134629510  -13.170536785540
-11.426224614879  6.682469284275 
-3.394842743279  -12.818341019127
 13.129283589686 -1.923069448845 
 10.391991840092  8.319673106939 
 12.988143320083 -3.528383104703 
 11.823023458354  6.444788632355 
 13.439908586635  1.291144958843 
-8.694201546819   10.358472924898
-7.587728921758  -11.195446162551
-4.065945965070   12.901238129185
 7.904829275878   11.088854863627
 1.537321412608   13.553078682074
-2.594018216605   13.445779087264
-13.519874506991 -2.272993567474 
 11.993641360943 -6.687103405451 
 9.516215541635  -10.028740479155
 4.303661825142  -13.274908393829
-12.203229770390 -6.772138747423 
-5.831993237207   12.740293891684
-0.487853728135   14.014127080982
-13.591117720634  3.533195103016 
 11.158914839922 -8.593231304815 
-0.861470309468  -14.081935189362
-14.132145451823 -0.653299868649 
-6.687082930533  -12.483951802597
-14.080502421367  1.735368429723 
 14.229630970161 -0.236894602246 
 6.663677257004   12.630939898620
 14.008157086155  2.918603767864 
-11.006053636909 -9.150778157824 
-10.082498830103 -10.413329152929
 2.807943296016  -14.238603193137
 3.171741187455   14.176627999980
 7.452158551731  -12.478227431230
-11.882658382329  8.480325917185 
-13.489991995366 -5.711291419672 
-4.720210855823  -13.932560903002
 13.357244210730  6.255001273372 
 13.441202440504 -6.158892980251 
 12.334360513822  8.179206267402 
 11.117342794114  9.783658396256 
-10.174592089974  10.770236937540
-8.492130228519   12.195721904346
 9.696390122170   11.367569628394
 9.486868379383  -11.609187126753
 5.654247052638   13.891775772886
 0.810628580432   15.025053739483
 8.484569279202   12.480435598864
-9.086003586782  -12.071646575097
 6.226848810842  -13.778879572571
 14.841484850444 -2.954963764526 
 14.504005078523  4.451207809966 
 14.395300457562 -4.846413161444 
-3.790718809082   14.733790546157
-2.093575664160   15.209489000539
-13.395386730213  7.737897668947 
-14.875210281318 -4.417477036668 
 0.254034551067  -15.530047985015
-15.552616472839  0.646810346200 
-14.822077767854  4.782837300341 
-15.543335151136 -1.267846438117 
-7.019058923294   13.934211904630
-14.343186259737  6.407860001209 
-15.503880359621  3.155465257884 
-2.885579881718  -15.577813086112
-13.368749799668 -8.564846608868 
 15.756469038705  1.962867681891 
-6.182796114847  -14.647671240669
-9.996594419423   12.370504724275
 13.035665744050 -9.129666837830 
-1.351714447718  -15.879007462130
 11.240114956747 -11.340436966774
 4.541576177595   15.328125138840
-7.962186654158  -13.895482227786
-5.870233879671   14.919134831467
 2.620718455870  -15.834500897786
 2.968488587136   15.855534033129
-4.865911289126  -15.447880581787
-8.602887678371   13.749932815881
 5.007177511148  -15.462666915483
 14.856130670871 -6.666690525722 
 14.866361873297  6.697227146480 
 11.153248296803  11.931435503394
 7.855748227792  -14.320364045677
-15.987139176530 -3.365025986766 
 9.544058984929  -13.275149678800
 6.953402022093   14.812136965526
 15.865106457944 -4.127387038716 
 15.935925502071  3.861485105728 
-12.586496224710  10.588018633970
 14.321533428811 -8.139801544097 
 16.441320288263 -1.079125123875 
-12.387824301578 -11.037387715321
 8.838686162619   14.099454594227
-0.994479164863   16.624833480455
-9.671930967267  -13.570010960715
-15.423229034336 -6.493056584703 
 14.339148989840  8.709065321590 
 13.030392980577  10.574321743553
-4.501678474732   16.187365070941
-16.760434588305  1.595574922997 
 1.693009286863   16.765899921248
-2.757377965095   16.642819947651
-14.343056521609  8.909545922348 
