 0.248036476652  -0.116211520952 
-1.347871543044   0.750595333891 
 0.682816782507   1.609963135450 
-0.136071641903  -1.972901214540 
 1.392296004487  -1.655406382823 
 2.140239794825   0.810863473584 
-0.567847545857   2.630004887686 
-2.372352752361  -1.931456002959 
-3.090492910603  -0.071826206135 
-2.587154079707   1.770588267521 
 1.361004216811   3.180761199740 
 1.293887939728  -3.409002480235 
 3.771032890826  -0.821875228458 
-0.981790803727  -3.810403979321 
-2.357562443543   3.418904981297 
-0.792330408943   4.138992831536 
 4.076289141547   1.145460518559 
-2.490027178343  -3.622735733345 
 3.297840263112  -2.988710321326 
 3.661137017293   2.838332990533 
-3.751713531827  -2.753989530448 
-4.696132025313  -0.868474535230 
 2.597443665926   4.135247401529 
-4.992774495837   0.705400093687 
 2.466882205005  -4.466876454331 
 0.486769902385  -5.341230981628 
 5.416027361041  -1.389220301562 
-2.431190023098   5.049304724078 
-4.189290774273   3.849879948040 
-5.321911572530   2.454613876751 
-2.419668814787  -5.417744912474 
 5.802034229271   1.467866107504 
 1.437946090489   5.839269266297 
-0.863106004323   6.005262691234 
 5.272143367956   3.067826723778 
 5.380422067424  -3.029874283081 
 4.536788523519  -4.277477837013 
-5.494728853366  -3.164708110855 
 1.952116174102  -6.033332297425 
-4.510280474419  -4.483049339731 
 3.110908184177   5.549179423094 
-1.121003630421  -6.720080245403 
 3.657352105330  -5.942704877916 
-6.769515807010  -1.927493076283 
 7.024409530955  -0.447537580859 
-4.002275954070   5.837433027141 
-3.663492830730  -6.288475148109 
-7.324348141292  -0.398895889394 
 5.402819770465   5.105016541898 
-7.352801929904   1.185810580636 
 7.016575198254  -3.048623952665 
 1.699237109271   7.508802080674 
 7.668585469999   1.168870484168 
-6.823929926391   3.700762192832 
 1.719235236749  -7.593089568736 
 3.322349822885   7.124596867770 
-5.642481433969  -5.608900876505 
 0.300142303583   8.124425168600 
-2.304251027220   7.906483833815 
 5.895419156965  -5.826204774138 
-0.115841245367  -8.502208082277 
-7.758341361380  -3.531378237249 
-3.099131461458  -7.953664255048 
 7.732409406754   3.684340846543 
-6.143690101120   5.995474476503 
 5.258617007128   6.795890110090 
-4.960325718952   7.225377683596 
 6.816642429838   5.609792687763 
 8.868958016087  -0.788026228335 
 3.826972496866  -8.164130810981 
-8.951675409422  -1.403833965068 
-5.053830263879  -7.562581270023 
 1.325457761028  -9.110144402417 
 4.118812110084   8.444840202058 
 9.284080783256   1.637108208051 
-9.443532729469   0.376342516697 
-9.255497162521   2.072710408563 
-1.677440924203  -9.470144664435 
-8.364456939108   4.779975218899 
-1.116503609017   9.580222351357 
 5.849225270619  -7.729532986371 
 2.270814464281   9.442369248541 
-7.275267839995  -6.484421920342 
 2.818413722101  -9.401363425052 
 8.602871368022  -4.746683659769 
-9.429970070437  -2.871547177654 
 9.652595773194  -2.224031796959 
-6.485170649966   7.523501667795 
-2.907295992683   9.583382796534 
 7.210494930285   7.061493596993 
-9.409506109952   3.650022874327 
-5.440291088146   8.678509759281 
 7.847780376775  -6.685574118737 
-4.416434843170  -9.414483244000 
 1.020126084755   10.413089710340
-8.677419170720  -5.874334328795 
 10.531071730340 -0.588734092191 
 4.674659144897  -9.516776798569 
-5.835356854083  -8.905514225487 
 1.128804852987  -10.651745769543
-0.626808811600  -10.702079487268
 10.042852257688 -3.958758366380 
-10.759229410578  1.396380752477 
 9.163334363218   5.857883881347 
-8.956516435568   6.187342078492 
 10.217047008862  3.927223067080 
 3.864091490441   10.289704455969
-10.187903730140 -4.206241575758 
-8.090322047864   7.593588943880 
-11.073299369872 -1.086801648021 
-4.819073756267   10.056079358702
 6.536004014760  -9.108505214731 
-0.341049648656   11.222953887053
-2.858849854335  -10.877804477411
 11.257431187865  0.786990416669 
 7.762036758781  -8.227511526278 
 6.759559117942   9.110864978847 
 9.487614002154  -6.421495303138 
-1.845478220713   11.307369844930
-7.718736928989  -8.473799430347 
-3.591673763952   10.936507247664
 2.254653121292   11.365978793669
 11.280884048831  2.682203842979 
-10.515653354765  4.956283722317 
 8.155330648612   8.364872756082 
 3.963897532519  -11.016428596303
 11.677943164514 -1.602322746613 
-11.294516653212  3.542792494290 
 5.626763867742   10.418547516654
-11.618652110377 -2.607943624872 
-6.338880162659   10.097627248963
-5.135144478416  -10.784081725040
 2.196169387886  -11.838639805164
 10.707989870182  5.570682811639 
-0.370715699407  -12.241771814841
-12.089901868787  2.202243803535 
-10.513939204146  6.513310639928 
 11.571694766669 -4.370796669022 
-7.864953034772   9.644823341343 
-12.528521250021  0.654514011445 
-11.127484694132 -5.805165395137 
 6.492158912186  -10.814333162358
-4.920419436118   11.687912463672
-12.638467603794 -1.287819212211 
 7.947987296650  -9.940375512505 
 3.738917003268   12.217162741616
-7.226334051201  -10.540077354495
 12.786146169759  0.790598067800 
-12.159881190407 -4.069607900750 
 9.155911056330  -8.979470808164 
 10.026392791657  7.998846155773 
 0.550983683738   12.832295519065
 10.207647673746 -7.906914267088 
 7.577219481267   10.517815793628
-2.206939356915  -12.787371567354
 11.483877441174 -6.094833344034 
-10.252339435576 -8.149053428900 
 4.985918373412  -12.163516310975
-12.232290011201  5.101912093288 
 12.494357657326  4.533550452996 
 9.033813896771   9.770879541700 
 13.019821690672  2.919488399224 
-0.980727364500   13.311268944157
-9.374749291874   9.569252967297 
 11.532604537218  6.951147248081 
 2.271281901471   13.277104562435
-10.839696158968  7.997669181672 
 12.970397045969 -3.813909030242 
 6.175497341567   12.030783492694
-3.965285285853   13.279411084631
-2.481595296007   13.640679560214
-4.266734018505  -13.194520231487
-8.833958841827  -10.723371978657
 0.309121247197  -13.970557419081
-8.436224288699   11.167214775925
-7.111877862699   12.083195072712
 14.002166285039 -0.847435523033 
-5.951495751711  -12.709302943995
-13.862996128324  2.312740838139 
-13.535297922749  3.813489472549 
 12.914444748722 -5.608012577631 
-14.110761197417  0.430535953686 
-14.093521227190 -1.868728036341 
 4.709005443616   13.494428684004
 12.084550452871 -7.639348742166 
 9.995460278805  -10.225021312728
 3.130673017842  -13.961286453966
-10.490025400094 -9.804433801155 
-5.522070079493   13.307625659114
-12.010426073735 -8.059156893508 
 13.193079968797  5.980670324298 
 6.628057170029  -12.888355805205
-13.194352161268 -6.009513747074 
 8.659629223832  -11.737823778621
 10.641229724593  10.048315104477
-14.199236527326 -3.641609925297 
-7.836088394352  -12.428198857020
 11.683786516603  8.921725401097 
-12.943355655592  7.213393533045 
-1.187783758757   14.825483060102
 14.631399019743 -2.713113295188 
 2.653089791194   14.794187696820
 14.996217597400  1.569240442975 
-10.704315723792  10.645858197950
 11.637069924789 -9.682176523998 
-2.314162313794  -14.997787816542
 14.875738448990  3.166810963747 
-13.990586862962  6.131010796430 
 13.262495899216  7.649690264968 
 7.965052360112   13.081930337339
 13.615220393818 -7.129336055395 
-7.100509259466   13.639190850225
-14.501046246246 -5.134207469944 
-3.217441317688   15.046460930522
-9.778667660121   11.999841821211
 14.891985059330 -4.286451939421 
 9.303043743793   12.393525746747
 5.064505352616  -14.789102404703
-0.480676172541  -15.645609990486
-15.214279275970  3.725027555774 
-10.110782041778 -11.982325834245
-15.688163776141 -0.476623950624 
-5.118495730183  -14.838347600276
 1.196612876100  -15.665963742967
-5.292713060017   14.834119904963
-12.468630500368 -9.634109272431 
-12.772249309077  9.245431430801 
 3.191439692826  -15.533570244398
-11.543071056164 -10.906465719869
 0.411559189560   15.926249993391
 6.893768782403  -14.416408018060
 5.577214509576   14.989148648040
 10.503443022484 -12.087620014645
 8.754656285847  -13.428400902589
 15.087349726023  5.625550694029 
-9.234854028213  -13.223004461707
 16.112208626794 -0.849679984850 
 11.193443967309  11.622317022821
-16.114956790715  1.167023128418 
 12.337731905040  10.530311664632
-9.145575278730   13.452706777455
 7.357431910650   14.530238696790
-14.049662487153  8.309053778561 
 15.310363495191 -5.928926731667 
-15.936883839350 -4.050280728033 
 2.341159997065   16.332749397135
-16.441558737695 -1.951088114495 
 13.999800301296 -8.913097153546 
-1.871175725843  -16.491032882135
-12.343736567823  11.094797054549
-15.693907632904  5.421823019048 
 16.455524591003  2.503875132228 
-14.359459360717 -8.559711320910 
-6.811550292453   15.307987315969
-15.144394489341 -7.258739825016 
 12.050595633358 -11.810031410986
