 0.155399769289   0.509339204579 
 0.063707315019  -1.339289482823 
-1.467414758408  -0.851598030281 
 1.715299342073  -0.800760235469 
-1.569784024974   1.428824507241 
 2.042579261421   0.758358650905 
 1.300042556308  -2.344670947721 
 1.539251691183   2.634912240512 
-3.040269353764   0.553730966394 
-2.998314840877  -0.959583341522 
-0.137643552154  -3.162655365732 
-0.642397616574   3.122468379131 
 3.007722602288   2.316813394005 
-3.239868561357   2.376540547507 
 3.987242634142  -0.572888460314 
-2.290968172322  -3.416828521830 
 1.704672649399   4.164129234509 
 3.302494654691  -3.096652230010 
-4.602973428129   0.219089265660 
-4.118337032360  -2.238485033463 
-0.997531747445   4.625740205399 
 1.879465682165  -4.478385860666 
-2.918714457774   3.935320371419 
-0.183736451134  -5.070817397346 
 0.544770945665   5.145207785284 
-4.991331452962   1.865999117202 
-3.930022463988  -3.751452118328 
 5.022698527711   2.083793007422 
 4.023616556904   3.873301380974 
-5.632981738114  -1.158656909586 
 3.018666160523   5.052529254064 
 5.567014731421  -1.914682855283 
-2.279552749525  -5.509136156299 
-2.158583056213   5.800334093573 
-5.510054214355  -2.978302456156 
-5.268424727664   3.395257116902 
 3.159718220161  -5.577702870215 
 1.687693581916   6.190372625854 
 6.420657626458  -0.280145373033 
-4.468461968008   4.717231172713 
-0.897631383874  -6.438058781214 
 5.553548887166  -4.185653795479 
 6.517827293499   2.453180869054 
-6.917462688630   0.976374835727 
 0.057835406017   7.068096700232 
 5.931222508585   3.886170522992 
-7.133488325616  -1.158787440018 
-5.320302700024  -4.955006788204 
-4.071937195722  -6.144926651898 
 7.179446189080  -1.676358527966 
 1.141087233192  -7.307017793957 
 7.346201326767   1.162357874334 
-7.028794855725  -2.803755304999 
-2.795543011742  -7.095631163113 
 4.842192183427   6.023573470952 
 3.067433994479  -7.112496479678 
 7.007528080887  -3.469990751805 
 1.434606601760   7.689074743358 
 3.690615260332   7.103272922334 
 8.047408058147  -0.408732658289 
-5.144445175629   6.360084465012 
-1.951421388595   8.022562890461 
-6.497841014399   5.193565523891 
-7.388685287248   3.877999949582 
-3.464645252406   7.714952964419 
-8.190061072802   2.249017219933 
 5.750646675464  -6.308581513957 
 8.065294362149   3.053192869671 
-8.638509009155   0.184634894528 
-7.414625951033  -4.507011046954 
 4.612333554997  -7.391102651599 
-0.496437701282   8.827478666779 
 7.618643652728   4.547252005098 
-4.978139423759  -7.353175131186 
-1.028106805920  -8.823743712682 
 6.615218774176   6.026747284119 
 2.777018108448   8.560540382336 
 8.530877643248  -2.899133379408 
-2.675525015084  -8.613713538276 
-8.799142524747  -2.214181811840 
 9.243556636546   1.189688556361 
 1.024372951006   9.306254668307 
-6.499732458080  -6.939422088405 
 5.393383271950   7.964495018663 
 7.609756173814  -5.923447288459 
 3.174074618995  -9.132066370003 
 0.655662268637  -9.688889042360 
-4.951551669586   8.599106676084 
-8.154361380469   5.991418285549 
 9.795868785375   2.652136690027 
-6.907336247748   7.454564715175 
-10.090485672514  1.440770179019 
 5.645460713990  -8.570966254872 
-2.971870458114   9.864812698097 
 8.709404639681   5.592582959038 
-3.934573001828  -9.608926277552 
 9.575834695494   4.214799529017 
 6.975302470381   7.844716187730 
 10.476569316915 -0.973870316536 
-9.418653544806   4.721535342121 
 9.510465473344  -4.539032285329 
-8.262367477988  -6.550969658863 
-10.156383468748  3.157500879210 
-9.614634180553  -4.628737509882 
 3.668656004749   10.075702685705
-10.607291308819 -1.831319858438 
 10.801974959072  0.540191886355 
 2.223194434042   10.635432134285
-2.411186443845  -10.646333991230
 8.001835084724  -7.526371006837 
-10.982391881082 -0.269918080641 
 8.504039330883   7.115956839617 
-0.469139658286   11.088149610546
-6.243791804821   9.384287935929 
-7.704752410178  -8.243192549715 
-6.561203071073  -9.234958854414 
 11.010081372708 -2.803159859203 
 5.265909970371   10.217963023330
 0.891041085665  -11.484822835300
-1.056345501342  -11.537534673031
 6.982881168760  -9.283306008285 
-1.928988477146   11.544966217734
 6.670417603494   9.648054148338 
-11.678486662012  1.105511699419 
-9.535565648590   6.850190169958 
 4.597825351888  -10.831261145728
-4.930967174465  -10.741000604107
 2.999489599186  -11.488051643932
-11.168010963525 -4.104255882626 
 11.515001310672  3.184803901830 
 10.756894880900  5.214917820550 
 11.919140730168  1.666777543147 
-9.761600329458  -7.267247313913 
 4.363945803735   11.427634220816
-11.981590626580 -2.511716906367 
 12.283149219374 -1.076177322217 
 10.481465053906 -6.564408412551 
-4.510842820068   11.525835945182
-11.707121461210  4.367704775763 
-12.156934380704  2.929648883879 
 0.648168719140   12.510205529076
 9.759191876062   8.008238209615 
-8.691120770726   9.156803925146 
 11.830576344372 -4.409943437614 
-3.885634724878  -12.031813970367
-6.717360753042  -10.733987623237
 9.280909061403  -8.655207198620 
 8.396290982851   9.601121907888 
-8.009150351593  -9.930929566287 
 2.224256236484   12.572636301760
-11.236369772744  6.181506504227 
-7.806241573142   10.392197820870
-11.220834370087 -6.616952319895 
-3.332907784035   12.671827307868
-13.130038241549  0.585409351942 
 0.236642143130  -13.141724167710
-6.193096614030   11.644654353808
 4.555783478874  -12.409570419000
 12.258485097660  4.964007638382 
-9.831380816323  -8.938954583936 
-1.503308130812   13.270264074560
-13.349520363623 -0.995222578913 
 5.874061751155   12.028967744927
 1.896343655614  -13.361197859531
-2.215382581577  -13.393969045789
 11.594309440821  7.107882594566 
-13.450548693176  2.158308132973 
 6.465840363794  -12.014006414995
 8.976466675073  -10.350431716927
 13.745126776885  0.853173750196 
-13.470384434430 -2.922737740149 
-13.136352227447 -4.402513770945 
 3.752332411518   13.386184430607
 13.552972327130  3.235018791332 
 0.080608840656   13.938997839365
-10.719034943954  9.025001922813 
 12.185135353775 -7.036092230159 
 11.112340388917  8.789298742415 
-7.706629530188   11.913256028982
-7.299814126913  -12.175372411692
 13.752905761848 -3.534728480421 
 7.387561440280   12.133241840433
-4.441130150525  -13.496416043433
-9.249799434221   10.822716050893
-9.182922107040  -10.977232644390
 9.252063684377   10.959610330635
-12.582414369658  7.038162542671 
-0.535838986881  -14.468023532359
-5.921160215756  -13.234163401685
-3.012999927709   14.299441709038
 14.598151775788 -1.547515241552 
-11.987260324325 -8.517038108377 
-13.671943332923  5.430671809518 
 13.540489809767 -5.758962949782 
-6.759135651062   13.270983645791
 0.945927319390  -14.866092268527
 13.370309715384  6.597299198280 
-10.676949546138 -10.434818970722
 11.925013618174 -9.044477318547 
-14.470465504806  3.964565337727 
 14.131090674831  5.123263835106 
 6.118269419372   13.786105585941
 5.268317757996  -14.141540969643
-10.765878181415  10.603869805042
 6.680546292140  -13.612842230336
-2.229202003988  -15.037126076224
 3.215896324437   14.876439023504
 11.119123618028  10.421392052973
 3.609558522148  -14.848886768851
-15.103724841537 -2.538170991347 
 1.438119299185   15.258809381431
-5.629369415533   14.268529866382
 15.210815402811  2.333607595592 
 9.410361627019  -12.178251788711
 11.175341057891 -10.592828149073
-15.410250070526  0.167297423302 
-12.415303333433  9.150229429306 
-0.627292492192   15.414744379287
 12.789411629962  8.910696785464 
-14.024150969935 -6.810361210893 
-15.392296071134  2.508224425387 
-9.041205530607  -12.709178551108
 9.237709341913   12.625325953053
-7.507294442643  -13.934328760454
 15.347749855071  3.925241958913 
-10.146433693082  12.183179608255
-12.320772236791 -10.010133318298
 15.087667423417 -4.997444996339 
 15.888921354382  0.983295241650 
-0.940552863102  -15.928708878559
 8.539362882359  -13.496175314217
-4.408799463676   15.420511362420
-5.713527808516  -15.021552879836
 8.100253892678   13.889734302604
 14.088448687086  7.919749053047 
 10.784316136338  12.077680139940
-13.834136001352 -8.439842430368 
 16.155749635458 -1.373857465569 
-4.226311218171  -15.671698780195
 14.922049447615  6.400080226587 
 2.248731582272  -16.104343327398
-15.389754107476 -5.311014600899 
 14.384460137042 -7.672995123496 
 15.891491890233 -3.656073763427 
 0.570041398270  -16.343872076311
 5.873466593527   15.414724704245
 13.031092207778 -10.117312773363
-10.889105784654 -12.551213473611
-11.692211675197  11.857043342171
 0.277719208123   16.681874368754
-2.316039933161  -16.559924294993
 6.246731487653  -15.549766893645
-14.795289378229  7.886562146288 
 3.221442529622   16.467582541675
-16.732793438349  1.797039031341 
-16.688370653761 -2.204971987368 
