-0.358125612544  -0.523321100058 
 0.005715175584   1.060784764552 
 0.637419935442  -1.771114867655 
 1.927742888567  -0.837217008392 
-2.268912097422  -0.814376780595 
 0.912582341500   2.314403023384 
-2.221735137462   1.546243850074 
 3.038299689500   0.287844603043 
-3.326215451166   0.377529853611 
-1.207457075485  -3.219062038362 
-0.984099622836   3.503735064159 
 3.259064032316  -1.631216553644 
 2.854845535050   2.405853318647 
-3.719149480124  -1.528681046119 
-3.444485141663   2.469174620980 
 0.558903834546  -4.222692880372 
-2.627875218565  -3.715380278620 
 0.967249258081   4.614413861221 
 4.759918013195   0.564151502787 
 2.587331468063  -4.250523299113 
-2.311582624662   4.508658687138 
-1.005393741919  -5.028963062564 
-4.915050084789   1.745299233410 
-5.326671913079  -0.129109682669 
 4.823793247380  -2.454856305758 
 4.138363035958   3.621835067917 
-3.781365856660   4.138287913110 
-4.116210805531  -3.946678139327 
 1.419152456755  -5.620580181316 
 5.435206610248   2.181703511034 
-5.248416351843  -2.903236546719 
 2.749114801763   5.470283294457 
 6.039892731664  -1.025698735525 
 4.501825112058  -4.689043758934 
 1.115900795974   6.407422750867 
-1.144679463750   6.556327653795 
-5.733965171042   3.511605072763 
-6.798304956451  -0.630144258975 
-3.801913771955  -5.707812167779 
 2.729430323100  -6.501228349255 
 7.069697393980   0.817347797324 
 0.284612234610  -7.247760881746 
-6.897989102987   2.333020387746 
 6.507704057583   3.268795099642 
-1.367900764920  -7.209012846208 
 6.990967100924  -2.358763321493 
 5.144620680121   5.364519283425 
-6.824493257836  -3.333120906587 
 2.445467877352   7.207437698405 
 3.836402742731   6.598849175512 
 7.636051098041  -0.689015775209 
-2.896458576296   7.155970389751 
 6.716423209388  -3.983607619762 
-7.773126060787   1.020307455620 
-4.770570603124   6.385057729770 
 5.766812975019  -5.554446287896 
 1.844676818541  -7.801237703729 
 0.237705019213   8.086603243495 
-6.384922876595  -5.097508094676 
-7.915124304211  -2.256954007978 
-6.333191251357   5.314693607399 
-8.391160175849  -0.801889456983 
-3.602088648297  -7.677762113200 
 8.442274433832   1.585922636033 
 8.023584089348   3.154801126731 
 4.356015875877  -7.838549782134 
 5.165328407228   7.422440277843 
 3.847283840467   8.323932751914 
 8.573562565603  -3.492110723856 
-0.795706447365  -9.230909983220 
-2.396309801997   8.950500607789 
-4.309717696670   8.262287421487 
-9.081399782673   2.109497531618 
 9.390851953858   0.105074070841 
 0.803886233728  -9.370229993568 
-9.453768437700   0.558804308020 
-8.318927860568   4.607178848074 
 9.381279533767  -1.567658500678 
 2.315822059044  -9.243714399141 
-6.035140474175  -7.374882484004 
 6.950785219268  -6.546421923282 
 8.503718079279   4.602096479222 
-7.420508481823  -6.235549846140 
-8.745099275544  -4.280717766138 
 7.909942876553   5.989518074438 
 1.843863358318   9.771527530030 
-1.007633948351   9.906085313715 
-5.097347821271  -8.626318956334 
-7.756615115062   6.374641604343 
 8.649247235845  -5.099222819130 
-2.230715415875  -9.793511386324 
 6.928359355379   7.316574820125 
-6.210108335800   7.986474834540 
-10.192385482931 -1.693445696824 
 5.618969511049   8.885534734400 
 4.929131447672  -9.319518040444 
 6.714508028338  -8.222425145925 
 0.418865866911   10.644008477818
-0.189082433103  -10.668938239299
 3.678435075995   10.030962494458
 10.575933837218  2.674871983359 
-10.990637826039  0.635534134470 
-3.022917407187   10.679917965354
-10.320708355822 -4.219723102226 
-5.896392839877   9.509969364460 
 9.767112559215   5.500126618405 
 11.182650970262 -0.809813216452 
-8.275218781856  -7.637430081664 
-11.130552363120  2.288962476581 
 2.919333308758  -10.985322585627
-3.705542459670  -10.764201187005
-10.753355125323  3.906422370038 
 10.633067525277  4.262338267141 
 8.552351138580   7.742639590522 
-5.982473169977  -9.892821559002 
 10.079988288108 -5.712163202788 
 11.526956699093  1.303269564040 
-1.422547670776   11.514774707753
 4.429424606183  -10.783816528389
 5.294451718339   10.396404091207
 1.856491117370   11.671691767928
-4.669865653335   10.872188529022
-1.377503050919  -11.800110671299
-8.078635604705   8.716823134472 
-10.337975814999 -5.870819601830 
 9.491961134678  -7.244226525822 
 11.441324367671 -3.442980523180 
 1.169244397445  -11.904261670973
 7.007623113637  -9.797918050942 
 3.451519001851   11.728849183600
-11.952982890097 -2.585792171140 
-5.175883314931  -11.177136665208
-12.344388509992 -0.131464542810 
-2.902193995029  -12.060382555321
-9.493241801743   8.023968697321 
 7.423811199624   9.984349064103 
-10.567025259220  6.606172800960 
 10.351101337391  6.988290614790 
-12.443511068105  1.497198572558 
-10.189055887831 -7.511904861561 
-8.631487142479  -9.317705588714 
 12.490423777753  3.119532842078 
 8.734791602417  -9.537501012499 
 11.708184001812  5.516875747102 
 8.905885760944   9.394705852287 
 6.344399133884  -11.456632805745
-3.700262001945   12.576228333877
-11.979881725767 -5.369804302741 
 0.268089594223  -13.156656495609
-12.864033448572  3.024024960293 
 12.271696936491 -5.043703487122 
 3.593990580127  -12.845006548916
-12.516949891031  4.702942598348 
-6.644626443360  -11.617631263277
-1.247770952692  -13.333670439541
 5.130239028434   12.398047133821
 13.437837189346  0.751699100980 
 13.066386610515 -3.236568706436 
-0.151731575656   13.529508473606
 3.067664881141   13.186549925607
 13.454538345565 -1.636868334669 
-8.784043649006   10.375375049056
 10.643207889657  8.473839364549 
 6.857665649332   11.818691527452
-13.624811014049 -1.405789832904 
-7.538299715021   11.493089897243
 10.228860487837 -9.207565439774 
 2.156770466392  -13.603260584376
 11.434738105215 -7.700373067525 
-2.463522735608   13.601354257924
 13.189661133065  4.514631863888 
-10.368024497219  9.454588110649 
-13.925020573160  1.758624049714 
 5.224775198481  -13.048100983048
-11.830493281250 -7.627816223318 
 13.895711210820  2.268543215192 
 12.168243452558  7.236612821723 
-11.562630147976  8.178379701873 
-4.061101617459  -13.657965905592
 1.771639775726   14.185250667013
-13.475735380660 -4.875532552262 
-9.493226614719  -10.819420509375
 9.713463146021   10.749467098095
-12.981831424527  6.440997575670 
-12.944959398061 -6.566507106235 
-5.752571698755  -13.338700994889
 13.042023330687 -6.449246101724 
-6.378140277397   13.086568232420
-4.343644047175   13.935504381032
 13.984031955908 -4.565450899394 
-14.334844231443 -3.532520585993 
-14.760563752495  0.457457098625 
-8.166489876237  -12.314152655660
 4.253538629606  -14.200720333888
 8.966267703455  -11.822864482273
 11.055111934185  9.956999294479 
 13.476414791154  6.306029615230 
 14.662432732587 -2.724325376447 
-14.066223804413  5.202524838324 
 8.603459680851   12.296421958107
 0.527553711955  -15.000368179636
 6.391664936405   13.635575518921
 0.101919064485   15.065493296097
-11.552544630818 -9.691600761051 
 5.039629790333   14.321229704491
-10.531556760185  11.060094805973
 7.803224005195  -13.163657356229
-15.213742568698 -1.983422548568 
-11.919018515311  9.808406984714 
-15.162744134439  2.937758985368 
 12.385940496689 -9.368608550592 
 3.396939913315   15.163522708132
-0.922936173173  -15.527431587385
 15.545485770416  0.912105585892 
 5.812018262279  -14.458869108462
-9.307721205672   12.555494733326
 13.501349220733  7.971250385338 
 15.394169991699  3.052339533999 
-1.484062785727   15.683127033747
 15.690835751636 -1.515864517428 
-11.156023714959 -11.147384460343
 2.993504513686  -15.490375618555
-3.341338648222  -15.426128042136
 15.110939138153  4.746175537052 
-14.949843154956 -5.274134989485 
 1.877950762682   15.763376527888
 12.575715940233  9.824727250502 
-14.538628051040  6.633768423273 
-5.626971073909   15.015157388531
 13.653909415986 -8.534149105064 
-8.299963926557  -13.875631432840
-3.809234311252   15.713582216693
 15.489464563538 -4.813055452520 
-7.000883467528  -14.664511998883
-7.990940318563   14.184196209613
 1.286763133934  -16.363590958324
 8.911982404998   13.853561599833
-13.786300971948  9.051047776879 
-16.481680141719 -1.109744448701 
 14.921012838234  7.124628361192 
-16.262768070612 -3.278439449751 
 11.806300708264 -11.658149122616
-10.911161131117 -12.631990751064
 0.630204473917   16.716776038551
-15.299355048521 -6.779797717729 
 11.185880860480  12.476138008933
-16.871441406082  0.962044267458 
 6.370519542330   15.671096538790
-14.044504385316 -9.566178192453 
-12.909639954210 -11.100501526898
 4.121586416549  -16.538859437222
-2.748222081514   16.828985748210
 16.968039138694  1.767637031707 
-5.823072422628  -16.053701652262
 9.712736291268  -14.057750255281
-16.250650450570  5.423882659717 
