-0.093330683960  -0.544575073380 
 0.146278575801   1.470063109223 
 1.484700260894  -0.153460783129 
-1.509195401710   1.675516071899 
-2.378104666268  -0.652419381520 
-1.758451093077  -2.031272263343 
 2.509851664156  -1.324269114204 
 2.675194593946   1.302789660278 
 0.022436878422   2.991171048688 
 1.644082024973   2.538611681859 
-3.085727766201   0.939827071883 
 0.825695966951  -3.147677711431 
-0.775036734536  -3.203314939930 
-1.445547562050   3.391453640453 
 4.038357439888  -1.022814174313 
-3.851936406907  -1.824922521066 
 3.423613349208  -2.739129799416 
 3.544018556822   2.727351504645 
 0.703433991657   4.423317933627 
 2.319782740161  -3.861383749214 
 2.514959593715   3.837564928816 
-3.272175743737  -3.270640274002 
-4.672964704204   0.122374694363 
-4.016103667851   2.710518998502 
-1.625066305364  -4.667248052245 
 0.737486169846  -4.999941406321 
 5.281355586290   0.395906309887 
-0.966098692892   5.620706115747 
 3.858258495242  -4.316493679244 
-3.364000213805   4.746886465892 
 5.509774409273  -1.879548323027 
 2.306427770431   5.353297810849 
-5.748789376493  -1.181892429905 
-0.764135642600  -5.932520211406 
 3.960813433545   4.528251246115 
 0.646233838953   6.025109903572 
-5.785704017035   2.040551504616 
 2.799146897872  -5.644487388691 
-4.101961125105  -4.886332435585 
-2.628070940856  -5.886563706929 
-5.118863432102   4.021123547271 
 6.153950401699   2.177207942545 
-6.830070456575  -0.124432952913 
 0.480176594258  -6.870122756688 
-5.599213846064  -4.041145055575 
 7.071826272967   0.005738697162 
 5.784936841121  -4.076118014513 
 6.031672403157   3.773208207323 
-1.833273250054  -7.168245588614 
-7.292099645966   1.628707124753 
-6.765516563109   3.301593972792 
 0.102447101567   7.532272927639 
-6.978280100724  -2.877770655392 
 4.993445493308  -5.728346036776 
 7.400565309584  -1.968581281536 
 5.515385846848   5.328692353762 
-5.319087246775   5.525139331274 
 1.816583103900   7.498854391575 
-1.687773351172   7.540350158001 
 1.860267588249  -7.508423071530 
 4.352953300035   6.417622465759 
-4.012206293454   6.672754056557 
-5.784119385034  -5.700649856722 
 4.073777749670  -7.232495743831 
-8.356916210824  -0.578585718291 
-3.685149716948  -7.557833037831 
 0.483784399708  -8.395978880255 
 8.364073543864   1.080239220656 
-7.416302853925  -4.564527950153 
 6.658815548892  -5.628431444877 
 8.226750603589   2.962011216072 
 3.639162275203   7.991875801458 
-8.436567823804  -2.496848029150 
 7.610467010309   4.434376234800 
 7.607468194131  -4.455941282649 
-5.205989113025  -7.265661115322 
-2.592374894232  -8.612099008618 
-6.951298703510   5.907280085180 
-2.772123629097   8.727577059095 
 5.894624079445   7.009841249041 
-9.062754192796   1.636567258865 
-5.956553968241   7.056984330145 
 0.401413119452   9.332150261811 
 9.232186639037  -1.494258730139 
 9.177352592584  -3.154775017563 
 2.065957043207  -9.510802838102 
-0.436098614789  -9.761919058791 
-8.883465732994  -4.111063823851 
-9.850341446356  -0.858880329124 
-4.634308007978   8.759115932955 
-7.672580656931  -6.295518952204 
-9.197614328867   3.805505788326 
 5.757144171212  -8.155730696548 
 1.823688096351   9.827094402720 
-1.020404844135   10.001152944131
-6.717413319658  -7.496263634522 
 3.902084030444  -9.291081305922 
-5.062464074268  -8.763075316190 
 8.415514266121   5.746302278436 
 7.552749686203   7.061091568548 
 4.169635477244   9.539059376855 
 9.157753751506  -5.080408711607 
-10.107848587065 -2.832971610000 
-3.875005465603  -9.762507128797 
-9.091726606413   5.347004634725 
 10.660605384723 -0.568080951343 
 0.881629974511  -10.702074182829
 9.646279129965   4.757167415230 
-10.531726746620  2.780520151040 
 10.793497300290  1.512851444679 
-9.225294802406  -5.923800739540 
-7.124430609434   8.354189315890 
-3.530271633196   10.434820703511
 6.517063425076   9.022819019427 
 5.390032221768  -9.777952583009 
 10.409920418141 -4.178033405856 
 10.693125086891  3.518065500867 
 1.210335884572   11.235296374065
 8.992431098965  -6.878678732171 
-8.568115152307  -7.510780978042 
-5.324454479422   10.121725449151
-2.262760758471  -11.240205303436
-1.974211360607   11.303056864172
-11.473191605630  0.371807543906 
-10.502975674548 -4.704186377466 
 7.923509278489  -8.406910535012 
-0.668740887368  -11.722283944050
-9.486228594168   6.965614289104 
-11.694570697345 -1.800577651183 
 9.306585968422   7.441079457592 
-0.407313087519   11.914969758031
-6.929832082694  -9.900378383790 
-11.004876633135  5.076273505957 
 5.886442996416   10.627055990435
 11.752962409081 -3.087727847983 
 3.174421646036  -11.784503520437
-3.867779540437  -11.630552719185
 1.652038744621  -12.151109678131
 3.088728723317   11.870714322734
-5.510823831329  -11.068977459880
 12.359402371468  1.014111721976 
 8.194305736310   9.375756756741 
-6.905044723185   10.442231174351
 7.209084503434  -10.276261385312
 11.349177319874 -5.520158914862 
 4.793031757703   11.708291105131
 12.644576209457 -0.630789685823 
 11.694377946298  4.894545879790 
-5.044833524402   11.641706716574
-8.645465295818   9.349032657340 
 12.263015016554  3.459163164664 
-9.013231861754  -9.018162070505 
-12.267584019973 -3.518580808339 
 5.404539760454  -11.620298197801
-12.800157836395  1.264564315880 
 11.209852002872  6.527575722229 
-12.672448600590  2.905658726154 
-3.469959699336   12.628568460006
-10.543182860458 -7.819074373709 
-11.523736669354 -6.356720585690 
-13.161490382974 -0.361894188055 
 10.212705062695 -8.489018978276 
-1.127641159991   13.290047143269
-13.290905767750 -2.055995614074 
 0.559521820123   13.465465903835
 13.308701066714  2.265130477613 
 11.468600549429 -7.475873305051 
 12.772053351232 -4.970682146450 
 2.129903544411   13.596170359935
-12.884064463825 -4.896565192484 
 7.859471366262   11.342208789250
-10.331942891178  9.186173037373 
-8.280200732098   11.085170451998
-3.107104902493  -13.545339698227
 4.483670248892  -13.190028473524
-13.075583554287  4.888835300657 
-12.477774327309  6.294608914114 
 6.319804420441   12.631557991472
 9.374151843694  -10.585187240585
 14.045584902321 -1.647211498829 
 12.792027241567  6.073619467506 
 0.981308353882  -14.132118175579
 12.640297613088 -6.474773131745 
 10.691382316754  9.399161967890 
 2.862239070935  -14.014963422718
-11.903806490013  8.032196470060 
-7.292725696929   12.459080112641
-11.129293726377 -9.273215189072 
-14.431330552052  1.295179975123 
-5.829557795607   13.280606521001
-14.239408448812  2.944257746301 
 14.053440941226  3.741789273596 
 6.824202576899  -12.848157888752
-0.695980669886  -14.557067663822
-6.067035676337  -13.256611554152
-14.584003851307 -0.975147389459 
-8.872347307541  -11.653762757978
 14.623427089173  0.950419819480 
-14.212005548310 -3.775966122702 
-4.053571595735   14.138114311267
-10.243239134993 -10.619337567437
 4.699714456269   14.017112141807
-7.563677431215  -12.764421806953
-12.593944204620 -7.844951726366 
-1.628507480955   14.933119790480
 12.339698992189  8.581528635679 
 0.262877416628   15.081655372517
 14.771767823557 -3.115693232000 
 12.286829108705 -8.950528791166 
-9.652806923091   11.853895749715
 14.299991833635  5.422873876088 
 8.886822382392  -12.477468889051
-2.372437260635  -15.135734373744
-12.013911476752  9.564432952556 
 15.151320250013  2.546718303796 
-13.832708174157 -6.709676990592 
 9.887200242333   11.816548111992
 1.971265987101   15.283137253948
 7.650070461581   13.384938314674
 3.461107677350   15.038456190723
-13.975933351490  6.621221871151 
 11.563297711412 -10.326535335380
-11.192925686476  10.842217857866
-4.569164384316  -14.939269472422
 6.119797940440  -14.382562511985
 0.965690849087  -15.641117526698
 15.609102302912 -1.675653473377 
 3.939051227075  -15.205779641274
-14.841742941343  5.289534785936 
-13.467995739453  8.359488293827 
 13.870961695732  7.707020044651 
-15.907848378012 -0.183269793753 
 14.483394776297 -6.996927544341 
 15.296638348659 -5.072525575225 
 15.488678355817  4.452823893895 
-13.192636246062 -9.306324318673 
-8.321941792122   13.837751682883
 12.375151085989  10.394971773446
-15.998132388332 -2.705429173518 
-15.967892896867  3.010491641277 
-5.413083914694   15.338551896293
-2.786908019007   16.043257743682
-15.768836062844 -4.838026297017 
 13.679175719939  9.261219878199 
-7.971343227737  -14.490300226593
 14.010654189689 -8.888173334017 
 10.660970032426 -12.748280284577
 8.164738906458  -14.499051440026
-6.307663359751  -15.435887700430
-14.554460485542 -8.139537710345 
-10.904555623025 -12.724606447050
 15.295664266688  6.880965011576 
-10.171824062505  13.373718372557
 5.353969206253  -15.974846718090
-16.799612504211 -1.400921792980 
 11.969282207466 -11.884782776460
