 1.116671045177   0.275623447850 
 0.241992516612  -1.132743118654 
-1.341395078201  -0.674896052133 
 0.663471587318   1.876627305797 
-1.185688896998   1.892373678389 
 2.234029737516  -0.757327431143 
-2.383560423418   0.504850314044 
 1.492940819430  -2.187122148631 
 0.098296484745  -2.876892850991 
 1.793310910337   3.033209650110 
 3.174560023719   1.636172160667 
 3.634843022023   0.194916410551 
 0.339228880586   3.738321618693 
-3.603584018458  -1.181351911373 
 3.425009250756  -1.679171255768 
-3.376655898872   1.784986249500 
-2.751062489999  -2.737467487832 
-4.046304373262   0.270070307393 
-2.347617920564   3.448435435718 
 1.634583690677  -4.040765249838 
-1.204116529589  -4.644690750819 
 4.898319536688  -0.912257173286 
 3.406450967483   3.709691109849 
-4.064758450314   3.217080797295 
 0.313358611601  -5.194629087158 
-0.858780634325   5.164423744247 
 2.165498033199   4.795863544957 
 3.387502719429  -4.091601405206 
-5.459049656456  -0.948774148443 
 5.218947093000   2.164966161410 
-5.590376254911   1.008133285715 
 0.785653761615   5.652531195364 
-5.260881926136  -2.578446406837 
 2.377694326641  -5.484791149546 
 4.920556979069  -3.544809302810 
-3.924170428311  -4.829618289233 
-0.514711383221  -6.499045366203 
 6.555245790955   0.102367446614 
-2.779349730076  -5.968140704182 
-4.124284153917   5.159366515597 
 3.274329279553   5.834130907298 
 4.657270426311   4.842599164562 
-2.549383355997   6.321258400135 
-6.906087937393   0.132670688098 
-6.702032372583  -1.851420357207 
 4.265618255227  -5.567202105922 
 1.303938205476  -6.909041648508 
 6.835615921341   1.855844243123 
 6.999807981739  -1.670748455569 
-0.817826152514   7.221798452129 
-6.352058616332   3.656939584246 
 1.779412654761   7.132649991795 
-7.185609739491   1.765298584103 
 6.164100995826   4.183252311705 
 6.020574042960  -4.567972978114 
-6.272232586380  -4.415302678689 
-5.447928099065  -5.679640930736 
-4.312912737705  -6.723526865700 
-2.345296970821  -7.768085742035 
-8.053160638224  -1.102846775810 
 4.763443931998   6.719711758941 
 4.052020126115  -7.176344748547 
 0.761847804834   8.326004289437 
 7.459676179800  -3.832911953118 
-3.059167998639   7.853741335373 
-4.482710334350   7.202325870611 
 7.815250855081   3.360024472331 
 8.540250627380   0.136083779091 
 8.390101192991   1.640633843421 
 5.580158726670  -6.476972713051 
-7.948861638015   3.213039820488 
-6.868449361201   5.237545765073 
 2.837886748494  -8.273108127525 
 0.523496037410  -8.764674200749 
-7.989437951133  -3.678514227073 
 3.432128693064   8.161663882339 
 6.230832746785   6.297493272965 
-5.881464956378   6.627079693988 
-1.102125270349  -8.824433858679 
 8.756742628955  -2.019520221368 
-6.185562406663  -7.042300120636 
 2.141339333432   9.153818342278 
-9.345708737758   1.293734957397 
-0.941894451235   9.474636779838 
 8.022017756091  -5.230716289804 
 7.944358172387   5.439138115904 
 7.130328239660  -6.494423357249 
-4.361774863483  -8.608284734788 
 5.334300161601  -8.062574976275 
-2.888099272845  -9.246560988988 
 2.080330720252  -9.618971662470 
-8.270404741882  -5.417746312142 
-8.855997347632   4.474963181980 
 9.371644380393  -3.668585229562 
 9.954117418097   1.850825898496 
-9.688699182369   3.122036960411 
-5.394769045226   8.733695783244 
-9.389951727723  -4.301916826589 
-9.998627040289  -2.737783027564 
-8.221473446267   6.327066755681 
-6.749405421233   7.894106914139 
 4.564588396902  -9.455225390620 
 6.888930928056  -8.012079216714 
 3.459856218476   9.988511920203 
-10.580761735544 -0.270420529991 
 7.109779825577   7.957154378570 
 5.294437143157   9.320304389559 
-3.288226629671   10.243277845731
 10.148903906603  3.619975661557 
 10.819481008314 -0.446225721064 
 0.600166396133   10.872409518084
 1.072412645025  -10.902810945410
 2.123977183162   10.792662900753
-4.117245409067  -10.237862251441
-0.791257872989  -11.090166137063
-7.434334702916  -8.285118647799 
-1.191693253288   11.081230675339
 9.713441750085   5.568898106194 
 6.195932914980  -9.465479873118 
 8.445346079222  -7.645615013872 
-9.235746435191  -6.696996651530 
-8.390536649796   7.932519127630 
 11.126528311741 -3.114445205986 
 10.516702875460 -4.793310164236 
-11.499043972538  1.377826805682 
 11.396089054752  2.523348838987 
 9.078689876491   7.351867884700 
-6.533141718065  -9.720899128468 
-4.733689739782   10.768618695781
 9.750631368994  -6.626480029442 
-6.226610979163   10.022425881145
-10.319489455583  5.754980694641 
 11.798653405432  1.058666369085 
-2.298186087579  -11.675464847479
 6.825366609793   9.874544639302 
 5.379074908672  -10.801440187100
-12.094067691891 -0.048166139616 
 7.848989182676  -9.228178103654 
-11.602730303632  3.497687161366 
 4.661051068966   11.358955302287
 8.363991752786   9.065822222878 
 12.234666401004 -1.784577269721 
-4.124971772333  -11.763252740275
-3.698979830870   11.927961412146
 3.166887990649  -12.098685809211
 11.441524278388  5.140756870731 
-11.612884819272 -4.767983530594 
-8.300615086722   9.734965524511 
-11.735802605579  5.104521371266 
-9.533869919406  -8.540166194688 
-12.645356802196 -2.044267023666 
-11.004967954868 -6.611438609709 
 1.170976478098   12.798926204045
 10.686210283546  7.207729051554 
-0.524037155465   12.899354077413
 1.723853635114  -12.854814696409
-1.255490906726  -12.910171908532
-9.868557279645   8.424253171367 
 13.021236163934 -0.457873723903 
-6.002414273412   11.658334652367
 10.162774265327 -8.433351517832 
 12.798473369205 -3.284051710256 
 11.238437321617 -7.094606163290 
 3.896565916475   12.727975177248
-6.845206807173  -11.433996005171
 4.717262950843  -12.470065271374
-11.340251137464  7.021923946924 
-13.198109589736  2.095535039415 
 12.331847542215 -5.183492434913 
-12.937971046014 -3.576395966727 
-7.508593684559   11.145370428990
 0.240249797495  -13.514119273467
-2.562136910488   13.271571466178
 7.305068871189   11.573464227099
 13.633146736861  1.538921598795 
 6.673814518478  -12.069874423725
-11.033218045409 -8.407555038342 
 5.912713131575   12.558989724668
-5.085138557513   13.005534642544
 8.836665577394   10.861428882393
-8.495416459904  -11.179313010066
 10.248537287180  9.609943521094 
 13.621643740000  3.671213330709 
 3.124157744094  -13.829927380454
 2.475169229171   13.983576271060
 0.379530740311   14.244288032216
-5.408255337474  -13.200294148021
-9.842676018373  -10.371259628111
 9.178260036956  -10.985287322931
-13.588471374156  4.694173197527 
-13.103594267606  6.154685579604 
 11.775564689368 -8.577778642598 
-10.308504777171  10.333426834734
-1.339035291002  -14.564379264189
-14.510155099506 -1.851943325091 
 12.502972135321  7.623063738363 
-6.850416622266   12.982137371257
 13.034998414667 -6.819845172349 
-14.760675796958 -0.320892593072 
 13.599975987818  5.779162995145 
-14.473970713440  3.063548140154 
-14.748465951407  1.249139479716 
-3.137038098424  -14.467510842660
-13.223648554082 -6.681879741103 
 10.613262080095 -10.368246326664
 6.206135680335  -13.604128960288
-8.955402264110   12.029780648275
-12.700344607708  7.995185315534 
 8.408357678159  -12.455052802090
 15.069952719184 -0.269080304473 
 2.006189891753  -14.966860578927
-11.658205395083  9.616574017336 
-8.121955974816  -12.745342721663
-12.652058565313 -8.315610405053 
 0.454708411938  -15.158074899148
 7.808351500418   13.002322481008
 5.260662689375   14.297345053432
-14.477395057676 -4.763051023745 
 14.409845796550 -5.091818475338 
 15.275065653032 -2.224932399091 
 9.263160880609   12.390358645424
-4.779051722112   14.730172577609
 4.183299763441  -14.944765089916
 15.466658759464  1.295678433112 
-1.089511035798   15.524596450014
-9.593119701499  -12.281562275604
-3.357306312806   15.220431598371
-7.102742523949  -13.879172698846
-11.623032139903 -10.501960330931
-4.922786105081  -14.877544419399
 3.981131404268   15.212492554728
 2.300012413097   15.611373418881
 15.636753878952  2.946289810829 
 0.452723646689   15.910029470495
 12.230521911555  10.189215794134
 13.327326936235 -8.721724657070 
-10.967203271034  11.877370132111
 15.717451112109 -3.967112037154 
 9.963571948217  -12.939067909636
 12.827928244340 -10.139396228425
 5.924850808755  -15.241135189399
 14.045837092551  8.388843736993 
 8.479787911426  -13.994856936226
-15.210498157945  6.141727174395 
-16.395903130756 -1.625891012201 
 11.141898994358  12.139158386640
-8.409396877904   14.204960994822
-11.362633939095 -11.988354000753
-16.158073501508  3.511966899268 
 15.045795153351 -6.872479287153 
 15.128186725406  6.922457129089 
-13.966896161741  9.064002742187 
-2.652360896071  -16.454353834206
 16.702404214971  0.337852550131 
-0.570675629779  -16.703335082198
 2.264517967253  -16.565177238835
