 0.423183391410   0.586667612745 
-1.202612713614  -0.260212627498 
 0.294435450527  -1.809855044059 
-1.182276202230   1.402576928293 
 2.090633307883   0.725585919638 
 2.224313463733  -0.911406987214 
-2.251023058903  -1.792602827511 
 1.638555570667   2.388392734097 
-2.881009798337   0.390519071758 
-0.289067181131   3.224814552145 
 3.472203868278   0.006818229443 
-0.137810413699  -3.700590019461 
-2.917046085633   2.330051463827 
 1.497575584201  -3.472998994701 
 3.541851595407   1.546461010518 
 3.640391414378  -2.169172169803 
-2.472457969129  -3.711821553146 
-4.418478987795   0.632083645266 
-4.265156733128  -1.371459971179 
 3.360054794233   3.112106514218 
 4.894032408607   0.520409274408 
 0.949874833171   4.891057451489 
-1.279314482360  -4.835186770070 
-2.991864741713   4.119550336573 
-4.298700721337  -2.892702093228 
 0.334231430044  -5.171655064015 
 3.355569980073  -4.048505000724 
-4.881172669213   2.091537726377 
 5.191275666865  -1.566074562552 
-1.856031773812   5.155926604293 
 2.636629124199   5.151665744865 
-5.901226044662   0.208668952090 
-4.077549266466  -4.538484607880 
-2.787918511818  -5.466622152300 
 2.810582859786  -5.499016593261 
 4.450616654388   4.284965887219 
 5.891647815754   2.077340202195 
-5.092911103412   3.949628567433 
 5.423811613417  -3.687639617410 
-0.117620601577   6.662863068744 
-6.456261610465  -2.427333603936 
 4.098673123546   5.750305722200 
 0.720936072449  -7.063817651632 
-7.021443932583   1.327710219829 
 1.789328480864   6.972667191948 
 6.722622356160  -2.646644872867 
-1.558078997189   7.139888263593 
 7.265270467101  -1.096175041942 
 4.374414767833  -5.948418508730 
 2.246422664788  -7.231716183690 
-5.032314747198   5.683418747769 
-1.365382556674  -7.486237691856 
-6.678983238783   3.659223240999 
-6.164932052330  -4.477669063877 
 5.863879185709   4.952482267551 
-3.793162971273  -6.672910059690 
 7.903012143278   0.941189432177 
-3.271769730601   7.289332234567 
 7.002997451613   3.927059910786 
 3.236681899302   7.425614197359 
 6.247219225671  -5.211155627770 
 7.807699302354   2.553752201890 
 3.764678908929  -7.564857713139 
-8.500420306758  -0.572062371564 
-5.520180933984  -6.577225667699 
-7.624028649578  -4.003775025351 
 7.681466643244  -4.124073220958 
-0.949507036139   8.748109525983 
 8.798800519312  -0.423730582085 
 5.600948809129   6.994268000636 
-8.322456228866   3.403128071344 
-7.382831600325   5.303179991342 
 0.899262801772  -9.074890120500 
 1.562668988104   8.988643667300 
-7.322133231647  -5.517421232449 
-3.952401200577  -8.306211872344 
-8.866556358482  -2.567298366584 
-9.225796088179   0.964724831456 
-6.595003941173   6.610496398725 
 7.630339118948   5.570104692649 
 8.839497001141   3.755375412915 
-1.069067340368  -9.571467755435 
 7.451471923401  -6.174289645714 
 2.495492906677  -9.357199038433 
 9.242372911182  -3.082307566878 
-2.793956870203  -9.402474425706 
 6.043377241538  -7.742305383446 
-5.793207888420   7.954358240952 
 9.774213170026   2.425958863122 
 10.206045931894  0.128004187832 
 3.705678109425   9.510570217837 
 0.198410054863   10.213312093999
-3.764570565715   9.507145719260 
 10.208599957849 -1.795367904600 
-6.400122368146  -8.260798466654 
 9.287301881446  -4.983285834039 
-8.047730245373  -6.833035872270 
-9.688649840202   4.226376613368 
 6.044457276086   8.682707868144 
-10.279957323388  2.591840376225 
-10.511690816107 -1.599096072416 
-5.147274922821  -9.315041808117 
-10.050178300611 -3.513490042266 
-8.281862768639   7.093776160934 
 5.378003110097  -9.592747600418 
-5.702685124359   9.484901190277 
 9.091399096953   6.328339489629 
-2.123442824410   10.884872778963
-11.108104466365  0.082471701491 
 11.027284838837  1.489978765991 
-2.434909121810  -10.931388493581
-9.938386612352  -5.251870454546 
 10.572774250371 -3.844329667098 
 10.537454018680  4.189384512545 
 7.698214505276  -8.426503203849 
 9.321912882598  -6.677389357827 
 8.129318500350   8.155881392749 
 1.574061110662   11.453217221150
 3.494341312131  -11.069256440082
-7.673355786313   8.801044887175 
-0.364599994713   11.753790930440
 2.026364849671  -11.605579981034
-10.177807707379  5.983280876802 
-9.685824709856  -6.898770912688 
-0.122515719671  -11.926450642083
 5.946368441556   10.392394222917
-8.355917926756  -8.654078245334 
-6.435812889795  -10.164475707841
-4.801667915748   11.090159346641
 12.031028106991 -1.368960733985 
-11.758463048250 -3.288563887590 
-12.196071793804  1.427229870143 
 4.183067777659   11.620128385404
-11.386984602509 -4.805627909578 
-9.962181625180   7.607285225397 
-11.847278012199  4.172904158656 
 12.152141152349 -3.226705640966 
-1.858584064946   12.435895532815
-4.855645325905  -11.607124160089
 11.633404450341 -4.907312340338 
-12.664516347213 -0.307486645304 
-7.134966702284   10.477671554553
 12.556646520823  1.884900991398 
-3.680719816600   12.187585313736
-2.664697057263  -12.608444566871
-7.980502858263  -10.122728479981
 2.394719960804   12.755887691433
 9.382590301357   8.982402147801 
 7.961063818094   10.315506391301
 13.070638325832 -0.063734201278 
 12.143099282236  4.885380433344 
 7.193257836831  -11.003031762731
 11.330715381109  6.749054562271 
 10.833580535688 -7.525145237907 
 0.764715682980   13.169291247570
 12.751266949284  3.457373630062 
-10.342740700209 -8.304387754263 
 1.674058058950  -13.195737631520
-13.138271969042 -2.158732588523 
 5.821039000883   12.068636497397
-12.144485770669  5.739377497726 
 9.501464724603  -9.580421030450 
 6.059150083182  -12.062392948322
-0.196329004715  -13.613677897327
 13.544478388441 -1.585724533600 
-13.014924248276 -4.251404937375 
-5.297602441547   12.627615236775
 10.808474883892  8.496864108083 
 4.812471809300  -12.926563268590
-13.528321464660  2.699148935309 
-4.172632286767  -13.233992643272
-0.972324782385   13.849600113244
-7.397893111625  -11.782078187595
 7.377096164924   11.825401706734
-12.113354561930 -6.906206149292 
-7.148073428968   12.030592342815
 12.405647341492 -6.766525046425 
 3.303425165483  -13.777039906478
-8.920387153478   11.024835271918
 14.194539948454  0.939755308748 
-14.229284683753  0.103144588217 
-12.139033119777  7.473692604414 
 4.727050752660   13.484874079430
-10.431660667586  9.770138675037 
-1.747367769041  -14.189331540012
-13.765130527328  4.399526841352 
 13.400320896556 -5.452960896793 
-6.568453374807  -13.061432300935
 13.557310228244  5.503498763766 
 9.025369255294  -11.527525656294
 10.758037871735  10.052084575004
 14.515077136176 -2.770254360503 
 12.081132046430 -8.513969379506 
-14.603185990313 -2.535016713926 
 0.672714701029   14.811079666046
-3.552315413194   14.396018392260
-11.065464738462 -10.046668471689
 1.033219488202  -14.913975789723
-9.293906370156  -11.718623076719
 9.948694778890   11.365864882466
-14.523238449041 -4.217976598667 
-15.061653368990  1.660365483849 
 3.751864334274   14.682497838328
 14.965419028587  2.400330680303 
 14.650389486751  4.116350622844 
-5.943325909877   14.021446898472
 5.349631597547  -14.357664096152
 6.896315113813   13.724352718339
 10.959622454369 -10.768851744696
-13.628565042989  7.112487324434 
-12.251805036779  9.359351311804 
-12.900747454928 -8.468797888968 
 9.053742655935   12.593260166703
 7.334443437700  -13.721981425650
-0.935460272145  -15.535324790303
 12.349648117011  9.483011180958 
 15.686197437474  0.034573900717 
-15.736945748363 -0.112753716895 
-8.657538083718  -13.169901892401
-3.206202193354  -15.451036305296
-10.475589044368  11.943053014194
-14.803470141885 -5.804966624417 
-2.733475789170   15.667520987154
 1.950583009830   15.798598033955
-15.321335223630  4.507008279671 
 4.250239484781  -15.445497021589
 14.958089537915 -5.739462529237 
 9.298752861901  -13.051851372358
 13.775299708001  8.199344201548 
 15.923708185350 -2.176897089253 
-8.146843846800   13.893736070354
 15.133446042142  5.758264481195 
-7.415641896122  -14.422538795682
 15.702722875937 -4.152818114947 
 12.996930804408 -9.750028716448 
-1.189652016918   16.214918138516
 2.128616928204  -16.125574721035
-12.724551147834 -10.163286842378
 11.506418878149  11.552306929827
-14.389534962662 -7.703677597411 
-5.488708434139  -15.408233926666
-13.961921148121  8.624625861747 
-16.119192011096 -3.363588293646 
-15.199606879760  6.373403926497 
-16.495100154471 -1.480563536809 
 16.261734515463  3.289005324569 
 16.631858665880  1.705698222975 
-16.562589060216  2.302078775799 
 14.602696888176 -8.325747270884 
-10.050607746402  13.519609431517
 4.407599376150   16.259934876600
-5.347498084460   16.011993511785
-12.713005512177  11.164522232889
-7.356308341502   15.299326255011
 11.776207274608 -12.250960914753
-4.381714324000  -16.474966439644
