 0.707006176171   0.542280366416 
-1.057451463998   1.278908330120 
-0.909873211902  -1.704932243393 
 0.829377709958  -1.890730596410 
-2.074285391102  -0.096197461306 
 0.150001822901   2.217038446676 
 2.189433535687  -0.821794734147 
 1.964429007695   2.205451301263 
-2.372155788442  -2.102851300517 
 3.032300017304   1.097803300929 
-1.818310506236   2.832280899021 
-3.027740114366   1.515376149268 
-3.726735759260   0.180216228751 
-0.531248380610  -3.813282781018 
 1.301588347864  -3.918118381629 
-3.964736489478  -1.451356320825 
 1.887189834771   3.831249304978 
 4.305746811592  -0.189708403151 
-0.687366857079   4.354389121163 
 3.720015294535   2.508420191572 
-2.846419623237  -3.592955258867 
 3.848958137207  -2.529534976921 
 2.983780409622  -3.886282386558 
-1.703402172334  -4.761414702131 
-3.694610685839   3.568989504421 
-4.383923124815  -3.242182328687 
-5.473198874571   0.014802667249 
-5.364471254687   1.801221125222 
 5.510883598147  -1.733594204039 
 1.024544751607  -5.709589255295 
 5.845958537028   1.059891350456 
-5.650682819099  -2.227582484849 
-0.481396577479   6.074492877377 
 5.402429504694   2.896109906052 
-2.668284223747   5.629199662627 
 2.853681004819   5.546571342292 
 1.128964374086   6.166062750223 
 4.584127387848   4.344425592184 
 6.325542911415  -0.438896688789 
-0.775749952233  -6.300512767543 
-5.332116547871   3.594487911703 
 5.608463545804  -3.273665851917 
-4.153137190278   5.011386233773 
-4.620441549935  -4.769810645121 
-1.713314849162   6.990613340509 
 2.998116220115  -6.570660534895 
-7.280042830980   0.004296254080 
 6.954938908137   2.280824209781 
-3.325464483308  -6.565344581195 
 0.408778761546  -7.508083810873 
 7.317792859432  -2.035421898778 
 5.659579363211  -5.119687783575 
 2.576974541383   7.192998992266 
-7.429538239949   1.917660621367 
-6.922515780690  -3.337858803090 
 4.569253793389  -6.239926895114 
-6.138656666480  -4.735663876770 
-4.417207201894   6.595513592590 
-7.737863506385  -1.968648527004 
-2.318851484262  -7.690611616659 
 1.170270060662   8.014757309047 
-6.735542247220   4.622230130103 
 7.172388264688   4.002416023036 
 6.970266257376  -4.374553719557 
 8.313473806260  -0.863973513874 
 5.757835139473   6.082290084376 
-0.827350183926  -8.377728414861 
 2.217964269626  -8.191918763295 
-0.617712048792   8.485315708095 
 8.420615023759   1.590664084505 
-8.713325772629  -0.641912022006 
-4.689045308325  -7.434914337628 
 3.990369225614   7.888390692554 
-6.123588286811  -6.508379573818 
 8.285240578385  -3.480368453416 
-7.705692802085  -4.820372941250 
-6.695593645298   6.228401963859 
-9.214236440400   0.839363636081 
-3.480356019577   8.603798065583 
-8.246191839220   4.326111792416 
 7.282757421704   5.852359698881 
 7.345551631328  -5.860457109293 
-3.488845847383  -8.735266918041 
 5.693660342913  -7.637009889733 
 9.040637297185   3.263692198012 
-8.878418544566  -3.772905389434 
 0.171649604472  -9.717869888189 
-5.287041585007   8.268016366341 
 9.856312891848   0.025319723586 
 2.524769721634   9.562470284113 
 0.612285961722   10.001339067401
-7.737035494804  -6.415620665796 
-9.785952315349   2.375728984918 
 4.253337822311  -9.182184632423 
-0.998769733971   10.104870131746
-2.605424823155   9.847328430228 
 6.951952359964   7.561321151069 
 5.737634446820   8.519924086645 
-10.031883252277 -2.259351265650 
-5.418918282966  -8.799286178036 
 8.868645678337   5.513498560109 
 1.986333866503  -10.267390303198
-1.112887930876  -10.497034732110
 10.356716572733 -2.554436927997 
 8.958541923675  -5.853095499330 
-8.315556948865   6.819493473318 
-10.778912571191  0.484368755302 
 3.934593188532   10.120372263593
 10.055593472429 -4.135552395664 
 8.167995239493  -7.218447003317 
-6.962539342024  -8.487888591805 
-10.009968486038  4.703987452960 
 10.333371900638  4.247278982953 
-10.004519274833 -5.011159951386 
 11.122722370644  2.037434321520 
 11.259238064234 -1.223536059800 
-3.461708452275  -10.822272831080
-5.276420940974   10.167274894669
-9.228467969654  -6.823445674658 
-5.079393732018  -10.359014670715
 7.567985711714  -8.823150442994 
-11.347770004102  2.575572612537 
 7.252484867005   9.253651545394 
 8.388861449431   8.266193729401 
-0.946476520528   11.749961550684
 5.566772424738   10.405675818954
 1.970780678836   11.642315463807
-8.028076242980   8.670297058594 
-6.859586878510   9.660996127487 
 11.938517001453  0.196480767668 
 0.893124991329  -11.941133849565
-9.963340176450   6.733450370773 
 10.084428277280  6.551619783827 
-12.096180324795 -0.773745175300 
 3.897523401838  -11.519900865406
 5.475648973295  -10.987724647122
 10.026063591753 -7.365399790462 
-11.748855047729  4.208476486538 
-8.933443196443  -8.733994625167 
 0.490686163156   12.489613375254
 11.312762989957 -5.413131688519 
-9.497167900732   8.332233604782 
 7.194343097258  -10.389025895320
-12.091828203539 -3.825411034397 
-2.065222683945  -12.566551387312
-11.500075694464 -5.720576742893 
-4.415035511525  -12.109184253682
 12.391225257151  3.786401827187 
-10.786198415534 -7.194462841781 
-3.564366405328   12.483059923908
 2.905476533613  -12.689588014336
-12.836921364195  2.198158598325 
 12.940649554591 -1.524271104261 
-13.031797122090  0.490318045445 
-2.004775783423   12.972458810129
-7.693530730104  -10.652335314658
 8.320953568241   10.311002812700
 12.714889273230 -3.856625527289 
 4.385295472851   12.553888388130
-5.540781346789   12.092467325788
-12.007417845723  5.757831204133 
 9.813764755664   9.049980686439 
 2.967796068935   13.064969588866
 12.163428615614  5.649445696796 
 10.854359094819  7.908645160713 
 10.061934500780 -8.950173867051 
 0.016522738981  -13.513907714668
-8.005796094362   10.887799365004
-13.543990261946 -1.250608534600 
 5.488153648176  -12.501519197161
 13.489306471472  2.459300358411 
 8.834280227685  -10.806288515157
-6.516387062373  -12.376025999838
 7.363768869984  -11.901268129956
 14.053089403808 -0.486705831424 
 1.933684060895  -13.977018621231
 0.997698400008   14.116117467333
-13.902518960031 -2.830438950891 
-9.776838436169   10.326006171361
-12.424499914587 -7.039482659565 
 14.257206310257  1.072601237139 
-11.073935213720  9.073818011398 
-1.702776794963  -14.222365504758
-4.359210174780  -13.656846927270
 3.965042715214  -13.784045546172
-13.646967685953  4.545456437465 
 13.556556555734  4.811591162884 
-12.234532157653  7.573294099846 
 6.922502935295   12.626582825656
 14.071502207486 -3.170739594818 
 12.589491166161 -7.055904206626 
 9.961430646341   10.567368237366
-11.818924143285 -8.492325980243 
-0.491947452314   14.589279840920
-10.501385592833 -10.177220782186
-6.859955988356   12.960726569335
-8.206167352341  -12.164353487952
-5.003186765491   13.870866807676
-13.823983201676 -5.271779716834 
 4.523598884741   14.103821844129
-14.822230214713 -0.363622347509 
-13.540677836906  6.090697661375 
-8.567113584408   12.293961852960
 12.569941718758  8.198239199241 
-3.427168015608   14.665400273598
-14.795671543352  3.069309933591 
-9.677186323271  -11.621669212244
 6.056659330222   13.859054410456
 2.980814664285   14.839149507101
-0.191212076566  -15.139013213275
-15.075777331321  1.514995712214 
 13.548776694264  6.855931363974 
 14.039685496752 -5.821993174106 
 12.582386536744 -8.637176012407 
 11.910827254500  9.698636922224 
 11.740917970961 -9.920927621059 
 7.007830138828  -13.728253293808
 15.493654058116 -0.019751351190 
-3.008497320421  -15.244848559390
 9.656714511271   12.220405195367
 15.599846565859  1.757940934442 
 15.283558442325  3.628268974732 
-7.453931410143  -13.833393844728
-10.655393003104  11.577884406176
-15.585251630357 -2.352061105454 
-1.887514325834   15.687472733549
 8.549102221315  -13.328256407812
 0.384472651587   15.841934683318
-13.961786098888 -7.632907427903 
 5.813425698927  -14.831477015404
 3.805361177698  -15.498641161072
 7.563088434726   14.080673435195
-5.883610660267  -14.889719693062
 14.194085706123 -7.504368537061 
 10.353554967573 -12.363220276697
-12.027430202624  10.808911066414
-4.522719243489  -15.620299198758
-16.300491309889  0.202407881707 
 16.170638440319 -2.077037548771 
-15.669155616935  4.529414530910 
 11.623742174898 -11.497436936485
-15.857673807274 -3.998759989698 
-13.590146426450  9.108121091732 
-9.950972456275   13.005292493819
 4.995029370181   15.661398064718
 2.253626554831  -16.288205656960
-8.375511408154   14.232828225349
 0.702865090548  -16.520840296529
 15.256186279495  6.534404280847 
-13.183627983984 -10.164236774165
 1.704483565648   16.623971842592
 13.355689788849  10.110729506844
-1.156323648832  -16.715342096190
-7.164742539304   15.187328639341
-15.222049219848  7.110926935730 
 9.460394791689   13.992594893324
