 0.118865099175  -0.392218029683 
 0.471191786332   1.947367495341 
-1.632231905428   1.373361958916 
-1.918030513032  -1.228797327021 
 1.249097487775  -1.925807694097 
 1.969007255976   1.644254574667 
-0.249228646871  -2.613621819748 
 2.959286444098   0.241309517236 
-1.301675698960   3.073549115952 
 3.156803256360  -1.335223481696 
 0.782288535684   3.711675537811 
-3.801861067538   0.035158840484 
 0.895450564058  -3.708824469094 
-3.048365076866   2.429293010176 
-3.275573083833  -2.235544264101 
-2.028552246412  -3.492329279644 
 3.738523600558   1.812920254521 
 2.549790526518   3.449785530435 
 4.588436682666   0.408680794357 
 3.590184156775  -2.920143142608 
-0.891838881460   4.753136844354 
-4.640982081724  -1.600105532327 
-0.976556963422  -4.940795542945 
-3.636585565887  -3.707975098099 
-5.006563101802   1.445327302775 
 4.994343430391  -1.620363040164 
 0.869957672375  -5.263807925426 
-2.798557461516   4.567274951414 
 0.612989028195   5.356483432870 
 2.398993060176   4.957227942311 
 2.458785887998  -5.213030853471 
 4.928158411659   3.129610726412 
 5.882941843983   1.593962938671 
 4.027735157651   4.698462241034 
-6.027903001332  -2.189005490554 
 6.437175214503   0.192824811097 
-0.595564023835   6.423250646155 
-5.400389433427   3.757229894215 
 5.909692953942  -2.971266828515 
-6.615557961445   0.281835326918 
-4.409682407364   4.944566798805 
 5.018735460612  -4.461837389846 
 1.867342433968   6.528547424916 
-3.289563557159  -6.052165000149 
 1.664939290803  -6.795872614629 
-1.898207385778  -6.755566837062 
 3.509334039301   6.139876790716 
-0.216867165112  -7.070043598245 
 6.967153313940  -1.835718600534 
 6.587774906754   2.941838911403 
-5.588709977517  -4.773084086947 
-6.987864992621   2.422669663956 
 5.686968621076   4.795119849403 
-7.396329736569  -1.104117668012 
-1.984793088525   7.291696412964 
 0.731260432761   7.552861931977 
-6.747185175381  -3.716120184765 
-3.500764229339   7.188621310087 
-6.026189943100   5.403109345426 
-5.135790091549  -6.258599015784 
 5.250002332544   6.248064235719 
 7.486083271267  -3.398454058734 
 4.473124101375  -6.918918709668 
-4.986951391634   6.565211895597 
 3.195629703081   7.635710742863 
 5.881127955032  -6.037598607007 
 8.441583398450   0.697470619355 
 0.995094085435  -8.452494270459 
 8.469396686975  -1.136751774677 
-8.560399418116   1.200562324172 
 8.493908388358   2.277008854000 
-0.304907122943   8.834751879321 
-7.574582811724   4.692352168261 
 7.344406875192   5.081809603300 
 7.311699181528  -5.270742347213 
-1.825304578443   8.856033455780 
-3.316972690580  -8.484681737253 
-8.744170392565  -2.777871158909 
 1.707675163181   9.029168362808 
-0.970732771893  -9.141126260157 
-8.793733103533   2.941912547578 
 2.503007776730  -9.281414866391 
-7.348073868276  -6.222459460693 
-9.644023950182  -0.670682209730 
 6.900164692596   6.803370991980 
 4.718697284140  -8.478425780056 
-5.764695839719  -7.861806032860 
-3.371512826707   9.235377326907 
 6.537137442009  -7.494631275701 
-7.508482625395   6.591644163050 
 3.927082277997   9.213337084509 
-5.829152593588   8.235539175240 
 0.612485199621  -10.074052052583
 8.964348802805   4.700595706882 
 10.134640315433  0.240246383571 
 10.059868937987 -1.279219257489 
-8.640689734657  -5.461187187734 
 5.633322172501   8.639492353442 
 0.749326483431   10.306509555091
-2.468606168779  -10.052248906638
 9.934361687042  -3.441736116454 
-10.536646259161  0.928889823021 
-10.317913289396 -2.443616020609 
 10.023166362163  3.613344032740 
-1.193598056450   10.631620091578
 9.123222060350  -5.685039206538 
 8.052341345153  -7.139982174903 
 8.606385408345   6.488467774188 
-4.531361604526  -9.961672721755 
 2.723834379856   10.623507189295
-9.819168375900   4.900615479473 
 10.839771673890  2.097914532142 
 3.530258535552  -10.610257019859
 5.974543298174  -9.503929704746 
-6.136819221459  -9.458544692759 
-10.425066015704 -4.316572136163 
-0.297150360132  -11.301379266816
-10.799976438845  3.731051095099 
 11.478455482688 -0.780396882117 
-11.309761128130  2.312181858658 
 7.506205430804  -8.813339308997 
-9.606599563660   6.543380892656 
 1.423571097286  -11.544824367978
-4.181383104918   10.889394733681
-0.023282966600   11.690915426825
 11.479700850268 -2.553840419891 
-11.941222784962  0.217271735099 
 5.149819578618  -10.783699430017
 11.993442647615  0.683326375260 
-8.417641792661   8.586058157297 
-11.852319825483 -2.300260051234 
 6.285431316847   10.363599230425
 9.539693592571  -7.481251441783 
-6.699235827722   10.117284850696
 10.123336026662  6.720423529919 
 11.238285266220 -4.789878423054 
 11.098435330960  5.140229962352 
-8.915364473404  -8.446856512699 
-7.774895198547  -9.620136022730 
 1.446242305097   12.401017549609
 4.766624753876   11.553053345538
 8.508760101274   9.212952539824 
-11.301286015173 -5.620096956201 
-4.820544130960  -11.701457006935
 9.042506205383  -8.908179194459 
-2.716250830458  -12.427867796416
 3.120796369222   12.333244661572
-1.047434970371  -12.709247080867
 12.575554295716  2.604210747347 
-10.650194765291 -7.192565241197 
-12.161516497111 -4.160624166484 
-1.132455346932   12.823939652846
-6.430586528598  -11.241071445789
 11.333173123098 -6.366002971437 
 7.834499444788  -10.438611679140
 12.553717288683 -3.808398068185 
 13.130582275842 -1.909832978849 
-2.874165192630   13.005250200790
 2.407535505344  -13.252252944098
-11.486824115785  7.034269153508 
 0.812283176554  -13.475308964709
-13.279677396632  2.637761692549 
 12.907052272201  4.335658879021 
 5.439855902980  -12.585804865818
-8.374035871246   10.911283319746
-9.628652230292   9.892106897324 
 11.256954314433  8.104959678594 
-6.786692889607   12.105906560803
 13.881481875655  0.080745710833 
-12.960892543798  4.976459810236 
-9.786422626965  -9.893950397668 
-13.864180511963 -1.335342810990 
 1.134205159737   13.887748880370
 12.889457042484 -5.307474290579 
 4.339457397949   13.247567307731
 3.985824475118  -13.416797682694
-8.661455634652  -11.009343495141
 7.354369217120   11.923569335321
 12.503676334042  6.403600622131 
-10.930944933081  8.948856053933 
 9.492923678060  -10.476971485211
-5.388024623613   13.116648282784
 5.869451623333   12.949131783054
-3.828653566999  -13.785862345448
 14.209230053354  1.781686659076 
-5.501328844884  -13.236352861733
-12.070274586319 -7.939991202480 
 7.504551961636  -12.364897381338
-13.743908386652 -4.665948797403 
-7.380317814135  -12.499791340320
-14.482251479873  1.189586239089 
-2.196086378029   14.416041037232
-1.260611439553  -14.530937628570
 12.552062214131 -7.648281494729 
 11.155659917571  9.636772181728 
-11.439985890568 -9.400458840846 
-14.493907684903 -3.220194966499 
-13.281341145808 -6.667159459602 
 10.138683973712  10.866126614981
 3.323859542207   14.488830874962
 14.788112636811 -1.703331676861 
 11.391021868911 -9.650587587441 
 1.603485624187  -14.856300633993
 14.767375514473  3.248423039252 
 9.127001897652  -12.105150214828
 14.618173006043 -4.042174635192 
-14.885773998840  3.220305628010 
-2.693665741927  -15.015402978982
 14.499639478093  5.139646728666 
-13.675135476118  7.062032607337 
 9.089125451568   12.534400214167
 14.082155746973 -6.496386542816 
-9.033876121521  -12.621417398888
 14.000985108768  6.719971973900 
 15.523033455747  0.544893731698 
-9.046271883992   12.658664745506
-14.519734139347  5.650014379172 
-3.501531445714   15.205230827304
-5.478289888815   14.676231383742
-15.666456635099 -1.525915037883 
 5.903690224418  -14.595051678660
-11.162139408042 -11.142453653576
-0.286653128039   15.834453519712
-13.151876404899  8.886883640757 
 10.941760585963 -11.526807852035
-0.439212559485  -15.969084952918
 12.802283431058  9.576938941586 
 13.725522967517  8.290621882569 
 1.972013134948   15.956606790483
 15.827497920506 -2.939158206257 
 3.348666916253  -15.752542405354
-12.364025298818  10.406828635067
 8.503201760304  -13.783095636042
-8.056888988498  -14.120677485367
-16.277013667665  0.110491450906 
 13.711653669381 -8.836078875022 
-11.163806396784  11.949107700691
 12.114756836559  11.011270036109
 16.230321655018  2.224805160245 
 3.672925397848   16.018887117544
-7.368848041373   14.694742194452
-15.758455090422  4.692184136973 
-13.671297242448 -9.257137244473 
-6.423882408714  -15.261766934731
 5.473058499982   15.649771874816
-15.547588362460 -5.804664621885 
 10.706987599061  12.680058351780
 7.546387010362   14.848226231631
 4.996894441685  -15.949406737650
 12.973387396786 -10.578347055824
 15.540585071973  6.355840943324 
 1.112931292792  -16.757121105946
 9.139581683300   14.117731235108
-4.837956828723   16.108159697837
 10.430705687874 -13.203235220638
-4.564274323697  -16.242912516957
