 0.490285945093  -1.110751794369 
-1.153918838416   0.548648017372 
-1.231000105028  -1.041856034647 
 1.988978613102   0.338766388127 
 0.172336059665   2.497299347761 
-0.779443777646  -2.527084697460 
 0.754655352014  -2.588177045754 
-2.317334528541   1.837196419886 
 1.749889852305   2.501191026784 
 2.514335392131  -2.172849886690 
-2.796308055581  -1.880589888441 
-1.439276499491   3.120150415391 
-3.604416287622   0.530337090371 
 3.535538959247   1.506637507151 
-2.440110208374  -3.669530656675 
 3.278132539758   3.019972643511 
-3.926301345831   2.386175369029 
 0.205930432388  -4.640716508347 
 4.645935153824  -0.266130594317 
 1.554493894700   4.425383523409 
 4.081702156519  -2.547782703715 
 1.955972689315  -4.618082629907 
-5.276448594062  -0.373172638047 
-1.268899583780  -5.152875412260 
 5.036671470313   1.737612234663 
-0.200193371302   5.359355480527 
-1.967024683021   5.051526073546 
-4.547008662237  -3.026545459120 
-5.404255630589   1.515797754294 
-3.740044866696   4.412211482340 
 4.942720239021   3.330128383080 
 4.270947315866  -4.246728911078 
-2.784100604078  -5.342180439770 
 0.193611449659  -6.413103056810 
 6.368470618851  -0.841072618835 
 6.003535555134  -2.511204411088 
 2.411873964247  -6.085232155423 
 6.473920383740   1.056253908236 
-6.615559855838  -1.314124835747 
-5.698792908187   3.627335257786 
 1.070637365837   6.700797646202 
-6.126589732151  -2.966204595437 
 4.477000522360   5.344695077859 
 2.989928255562   6.317283292593 
-4.725057823811  -5.215098407761 
 4.170808316531  -5.932428417861 
-4.590145706318   5.856458371643 
 6.312055387690  -4.070236712473 
-2.110390279382  -7.245174336864 
 5.927194082128   4.715995195215 
-1.431177176599   7.584205568694 
 7.769689917606  -0.136069464371 
-2.934152116740   7.243904217998 
 7.338137550135   2.951958278509 
-7.218375203406   3.238168759245 
 5.730488992076  -5.569066541461 
-4.162030297453  -6.867858549197 
-8.008725109389   0.684181004265 
-7.724096179597  -2.679480352613 
 0.790355587118   8.375388025481 
-8.417293626622  -1.082094153956 
-0.701311241763  -8.468294460341 
-6.971587612135   4.859018721909 
 8.408340862077   1.444837784503 
 2.488170208976   8.170778131062 
 1.300438375217  -8.463293918246 
-6.331679430790  -5.922829115672 
 8.139589983260  -3.147214382109 
-6.146290863150   6.220952449269 
 5.594428698595   6.756979697800 
 4.858008804826  -7.360419328196 
-7.680555200732  -4.442195228649 
 4.103697813304   7.996420018674 
-8.993137826396   1.976663963583 
-5.220879715424   7.671580209914 
 9.323496942653  -0.656823052789 
 8.897895967203   2.868621456425 
-1.873305725046   9.210120073172 
-3.927441252766   8.604395889850 
 7.791844779401   5.368137879703 
-4.260181951677  -8.495324310666 
-5.652579278460  -7.703331439647 
 3.292421518675  -8.987930962137 
-8.943992738145   3.554821798467 
 6.650325861476  -7.168330562977 
 7.750543437618  -6.101965790595 
 8.640523372628  -4.875562381419 
-1.790225746007  -9.778049679865 
 7.287639443528   6.797952418895 
-7.764225782782   6.571971795594 
-8.731835789263   5.271835250685 
 5.832550236976   8.386064237259 
-8.154094446185  -6.175898252071 
-6.732088217110   7.724369620679 
 0.340311482633   10.241085888681
-10.238686280448 -1.119925285922 
-9.702194281088  -3.580199033135 
-3.519669955054  -9.802414902177 
 2.144004196353   10.220290851325
 3.942132889301   9.765349103388 
-9.266875555708  -5.044242134655 
 6.007420672594  -8.717014996275 
 10.021013911558 -3.551306368269 
-10.277009771779  2.767463149032 
 10.548570711428 -1.728758914305 
-7.277919101930  -7.927955617188 
 1.718061638273  -10.726225188043
-0.134702907306  -10.886569423216
 9.363733469637   5.564160449592 
-10.835135855680  1.120696451104 
 10.152683423158  4.095370932680 
 10.975411041826  1.203005619404 
-6.162542139657   9.247483859043 
 7.624816360968   8.336585541730 
 8.345948835804  -7.661844874361 
-10.231138811074  4.953568765242 
-4.832178672881   10.506414054674
 9.104519238267   7.142674748564 
-6.707882611438  -9.461946703142 
-3.426116616488   11.101193016344
 9.615705471533  -6.604914868081 
-0.392334764360   11.701920120490
-9.137468730298  -7.467672263167 
-11.783559537649 -0.911977892359 
-11.452056881670 -2.993246107069 
 6.706363275672   9.848638108307 
 11.517211680866 -3.224915778632 
-2.103118868518  -11.780402159749
-10.867084012296 -5.012109982217 
 5.241413731338  -10.782147394199
-5.644991690586  -10.594764379950
-1.923260040755   11.860606276766
-7.893769689603   9.115259391755 
 7.039797465235  -9.837317620137 
 4.334557249057   11.304328376417
 1.157503067120  -12.192825822494
-10.416180932476  6.567760232835 
 2.532953771670   12.054719438833
 2.951667166788  -11.976771135153
 12.519873048690 -0.775309382006 
 11.658597611225  4.751863476071 
 11.294050181244 -5.587912192281 
-12.390400698573  2.310826127619 
-9.312815099363   8.523354357975 
-3.920470198622  -12.033776779523
-10.665603259283 -6.850072191730 
-6.921745686375   10.624906087859
 0.887658511463   12.686615994740
-0.887285843454  -12.763131650257
 5.889863179984   11.359905537086
 8.608362919275   9.506298962262 
-8.634856708133  -9.491496751676 
 12.829044846199  1.431081986886 
-12.928188225861  0.511428040613 
-12.067416301105  4.678705562445 
 12.530863885529  3.246720574417 
 12.849944851427 -2.476911143911 
 10.796171910193  7.416773871306 
-7.135497793493  -11.103025373141
-12.966846201976 -3.073356377676 
 8.646640004680  -10.166723077273
 11.973843988615  6.245983657122 
-12.683635875580 -4.788360838309 
-6.295789416183   12.036543666804
 2.394043616441  -13.387125024220
-12.199513432957 -6.378166471792 
 6.882924531269  -11.922410306714
 13.115728066082 -4.184388989012 
-0.321363016525   13.798405986655
-4.946717629472   12.913415794519
 13.853246535991 -0.027206323125 
 11.081870225054 -8.450273373740 
-11.147801544488 -8.395536704088 
-1.867412168601   13.840836043962
 10.619000466612  9.172921760999 
 0.325434698137  -14.047422795341
-4.953712100599  -13.175988003800
-9.180832421148   10.690662737661
-3.334651998750  -13.716623219093
-3.479970834597   13.766463475984
 3.451252022751   13.805599680104
-7.964689692197   11.910513363359
 4.177796556169  -13.711513361982
 14.242159926786 -1.712665766075 
 1.156953326304   14.305764347883
-14.281094563011 -1.491477116907 
 5.300461551381   13.345119602794
 6.818439291097   12.646642418668
-13.699131923408  4.483813880248 
-13.118818635079  5.993837096867 
-9.807457909154  -10.596249801077
 5.673606990350  -13.292935068446
-12.185746925731  7.906683999160 
-14.553979506403  0.230235407727 
 13.598079283365  5.234951823484 
-14.307776107177  3.057878588371 
 13.092646611007 -6.613225093068 
 9.036681239859   11.597070055147
 8.796916420030  -11.860236393059
-8.393716999481  -12.200644210939
 10.583495371939 -10.369595832783
 12.688447232634  7.758459127212 
-1.120655715749  -14.930304766966
-14.014721206606 -5.650214958733 
 2.105489932790  -14.974988816354
-14.848939752535 -3.048997706513 
 14.765148853753 -3.436338316165 
 14.861127543415  3.120312592742 
-12.001068658651  9.416320776315 
-6.269396198448   13.983669768210
-12.979184943316 -8.203963265308 
 14.549393115037 -5.019748033525 
-4.659482662108  -14.680624986465
-2.797741692175  -15.238669854700
 15.481660111369 -0.661082008472 
-6.989946428067  -13.898343764630
-3.134012266851   15.261420480132
 0.037033699272   15.592445916933
 12.741954295863 -9.041659556305 
-11.290704786017  10.805146586936
 14.040377888461  6.969102036904 
 8.271751704846   13.317887123470
 10.689952840402  11.494831369550
 3.967592361909  -15.242323452488
-11.244230265533 -11.135029907787
-13.851624040128  7.657713031526 
 4.483898803933   15.214106601457
 11.974779407575  10.416146890241
-12.628841721764 -9.662717989597 
 15.174578000826  4.831580242313 
 15.896717176388  1.062469102575 
 6.796271770963   14.458166238249
-14.305557127872 -7.213949319661 
-16.012775025046  0.835151145789 
 14.653047149127 -6.767236008901 
 5.971334242283  -14.997190745405
-10.253660661353 -12.561459602597
-16.007539419457  2.774914628115 
-15.382855340414  5.272159928101 
-4.975825838239   15.489639402214
-16.322226967265 -0.760909484714 
 7.575674637251  -14.550044987363
 2.877913806631   16.159578446253
 13.693859772172  9.094754490967 
-9.459135234322   13.468063475174
 9.737291958646  -13.467151042065
 16.386630143845  2.819047737500 
-7.792516412665   14.728776467210
-15.646121154601 -5.791784173167 
 9.791350402727   13.574223321139
-11.265019733355  12.379502388272
 0.520348829711  -16.787540814796
-13.666495971370  9.767266643426 
 12.310193890960 -11.439349062934
-4.274057198819  -16.336579693829
-2.451613074504  -16.760912285492
