-0.022951605837   0.817844627220 
 1.093260673464  -1.126860234157 
 1.735769099371   0.948416345282 
-2.264066199928  -0.437122497695 
-1.089803265670   2.284386885930 
-1.781751430643  -1.971952341599 
 0.795170031369   2.666391976971 
 0.984553778474  -2.984773562737 
 2.646070554590  -1.744299192232 
 3.383448165054   0.185009984830 
-2.717629978259   2.206724288554 
-1.111598728036  -3.491203168196 
-3.928998811851  -0.556770421386 
 2.391569380743   3.353855033817 
 4.206677272570   1.652756884301 
-3.929860304698  -2.287358264797 
-0.120262376500   4.684164978132 
 4.911974122644  -0.773131964992 
-2.013615075665   4.577696048441 
-4.952916374195   1.223336874566 
 3.949005021382  -3.398950750070 
-3.707956565612  -3.790037213666 
 1.583948181710  -5.398016064484 
-0.337821626653  -5.749274466919 
 2.683693077104   5.096924303916 
 3.105906621418  -4.853848221744 
-5.726847582705  -1.685669220690 
 0.913626346388   5.915063307720 
-2.036568675583  -5.650192647898 
-5.336023884360   2.802994943129 
 5.313340885315   3.233294454481 
 5.469879541266  -3.138532452951 
-4.113449216846   4.857049779683 
 6.264212058084   1.205615444146 
 4.470883577234   4.584931288262 
-3.720860027433  -5.391642349826 
-5.794788355628  -3.195251967605 
-5.029146180116  -4.565426515921 
 6.584637817981  -2.071908536004 
 2.493048868280  -6.624106238411 
 5.379829945630  -4.666141269371 
-7.148205758414   0.109213692910 
 7.142704636400  -0.308917369305 
-2.250330559757   6.860381839044 
 0.666003654638  -7.210545817002 
-6.921372076993   2.375039163038 
 0.257959612299   7.416890283865 
-1.439410910698  -7.359204697636 
 4.567787557489  -5.989919876422 
 6.841171978780   3.177487249929 
-4.165054395374   6.358835092716 
 2.821659454156   7.085910742288 
-4.542400675284  -6.649722095470 
 6.174183727683   5.253446558190 
-6.038063266605   5.468626203148 
 7.323736817767  -3.625724303042 
-3.170946702476  -7.615907759879 
 4.815249308408   6.724524398301 
 8.170854105125   1.604774410515 
-6.705889319858  -4.963037103350 
-8.194354695261  -2.012420711106 
 1.895217799876  -8.345882263011 
 3.446540058346  -8.012259616625 
 7.501301529974   4.541414000247 
-7.903225889914  -3.847364284599 
 8.780190883896  -1.270166921873 
-3.385952253807   8.231080314924 
 6.812394166236  -5.778787339567 
-8.871626160991   1.073908965251 
-7.537376449115   5.017260338173 
 1.596127193583   8.914416035811 
 3.976680404659   8.162269700044 
-8.481646729029   3.414288578827 
-5.076269144234   7.779279049025 
-0.127289628810  -9.322471939845 
 6.271313241202   7.123462851857 
 8.940298758209  -3.247911189050 
 8.345758022340  -4.747629601426 
 9.634074776936   0.305531740027 
-1.299099422373   9.611851927502 
-2.073594231149  -9.562979894886 
-8.212734555091  -5.321712311665 
-5.333041417603  -8.290160639684 
-9.853995153958  -0.314411284626 
 0.294528105954   9.899381779256 
 3.104954420562   9.406465145216 
-9.484302526903  -3.338925002369 
-7.351720744318  -6.885584316206 
 5.535090265838  -8.461115439186 
 9.266881767144   4.231081991741 
-6.691593486191   7.692746503845 
 10.016923135767  2.342638954796 
 2.642195873235  -9.965043093578 
 4.116526513733  -9.474999731154 
 8.611901617398   5.705930482102 
-3.812797016139  -9.787903634073 
-3.429926199235   9.975723033727 
 8.403924429779  -6.384415043373 
 7.907490191611   7.088663572545 
 10.335195267534 -2.553664169341 
-4.961338427512   9.497611338680 
-9.264779135883   5.547254305124 
-10.743398666742  1.582527091332 
-10.345293417969  3.334612295967 
-0.862392183430  -10.912400677683
 7.537502829353  -7.953408913213 
 10.978187339698 -0.945551031902 
 1.419288887351   11.006269692457
-2.083547385601   10.906771979075
 10.072893035940 -4.845260747225 
-9.939794868557  -5.199459571000 
-11.065356392971 -1.895624909285 
-8.924434900906  -6.819510351940 
-2.852520253997  -10.963935833366
 11.332247507266  0.858860716556 
-0.608549315616   11.372941410104
 3.725243863237   10.803743279103
-6.121405873839  -9.811525088718 
 7.779240664546   8.602819233349 
 6.413588934693   9.755226250671 
 0.833432948234  -11.645619926030
-8.010356235056  -8.501669371652 
-6.457868637383   9.748498094774 
-8.079472535919   8.591138008108 
 11.531870168406  2.502335157676 
 2.724830531268  -11.483536203360
-11.855551298582  0.438347270265 
-9.267408749051   7.624889360755 
 10.861239114035  5.106418043151 
-4.560430815646  -11.141613781651
-3.526610688997   11.545045512619
 9.329506136790   7.733615647469 
-5.051889776748   11.032314244811
 6.472444825255  -10.370475438006
 4.889772664842  -11.212620297333
 5.408579141515   11.012453542921
 11.891206152395 -3.192739044121 
 9.495903306309  -7.867401401376 
 2.665991921520   12.108299492645
 0.502808801819   12.432948958694
 10.604299116968  6.605783233519 
-11.463203296835 -5.106747596885 
 8.590581344827  -9.165609160781 
-12.546048332664 -0.906638043370 
-12.054754764303 -3.659406403361 
-12.336439847250  2.731093466048 
-2.351495438293  -12.540777316025
-1.716222161062   12.718743575891
-10.721311926502 -7.072640287019 
-7.933983121043  -10.100979029275
-9.537357687815  -8.620039716432 
 11.931830571271 -4.787366979210 
 12.892791548957 -0.660784993287 
-0.577452378897  -12.994634712723
-6.337646557125  -11.391626928840
 10.910179749453 -7.152211807528 
 4.303777646745   12.431725425828
 8.218284685623   10.279156376529
 13.079041406354  1.901250354857 
-11.971161402051  5.724597537811 
-13.201893021522  1.478886406987 
 1.898126251473  -13.154296552533
 3.766377621192  -12.765135378524
-11.291034878508  7.111373249265 
 13.168093530297 -2.339410400334 
 12.885260470112  3.733207617866 
-6.341568955260   11.882962132628
-4.547601020437   12.684854253575
-9.449292473418   9.616661041612 
 10.002322642123  9.233883199027 
-13.493415015433 -3.225935244024 
 5.280449954005  -12.920273206637
 12.906000793453  5.336609232356 
-8.396916905533   11.194067025858
-11.059697204616  8.648666803793 
 11.351796546775  8.283648069181 
-4.387002872420  -13.351686245246
 9.312988040045  -10.600571544086
 1.829593493232   14.032876550788
-12.409260478049 -6.819758937162 
 13.660069950872 -4.073403918289 
 10.751884164776 -9.383584073911 
 5.926041049292   13.030077512923
 14.308096490937  0.904177654263 
 12.523848369203 -7.034126871755 
-13.274128280071 -5.579205282267 
 1.040278937576  -14.411788738264
 8.291848946692   11.848387349625
 13.339659653566 -5.750065113231 
 3.276467701534  -14.184779862731
-2.706016828718   14.391906162683
-14.633541063857 -0.903507990900 
-1.732185002666  -14.560530001235
-14.122508232539  3.945586717387 
-0.578841190431   14.661093059178
-10.000631834450 -10.764048927384
 7.532981121788  -12.642919115540
-14.611471980410  2.053022529758 
-12.951149234236  7.226990057693 
-11.193513860708 -9.783297455946 
-7.490052862825  -12.872941800733
-7.635480604811   12.832697343256
 3.326430178646   14.609478784657
 9.816900055696   11.428341299179
 11.037460823444  10.365696162424
-6.424451107474   13.738214083398
-6.204043073392  -13.913334402469
 14.911710772454  3.247056226549 
-9.269474139378  -12.126326532212
 13.333978861627  7.486986138134 
-9.960046736917   11.607803476366
-15.294905961694  0.526659091195 
-14.577815082610 -4.662289824289 
 15.237960634581 -1.767464531589 
-14.256906094864  6.042959773407 
 12.707094219057 -8.997617454545 
 5.399923708383  -14.615821125737
-4.263867817744   15.050082619456
-15.485601347462 -2.674642485578 
 12.768134429801  9.166778627071 
 1.910846905714   15.650352815153
 5.247188172225   14.924916079218
-3.740087631595  -15.420589749853
 15.425255800466 -3.856532794965 
-11.932159107819  10.514296800487
-12.794735469815 -9.528295131442 
 8.864544831981   13.305233571119
 3.299376827072  -15.707369861182
-5.307642817485  -15.158670637810
-1.249285951421   16.018399728950
-14.524154189545 -6.937695880622 
 13.969282158954 -8.117485944342 
-9.326466111767   13.199729992742
-11.191036464392 -11.709255605292
 8.919086159649  -13.525275427453
 1.240704755826  -16.161728192394
-2.301238225414  -16.092287683860
 11.000693555163 -12.030485372822
 16.355463574433  0.398614743836 
 15.475276684388  5.398932442859 
 15.283173208909 -5.986324260954 
-0.786481139563  -16.460487089829
 7.718043801860   14.584758731321
 11.241911848431  12.166120337282
-8.871151302880  -13.996583315260
-13.520532796058  9.777763484376 
-6.754405761245   15.306240927027
-3.516826413676   16.374681888190
 7.499313106810  -15.024836801643
-16.602716834355  2.592520424592 
 14.376683383700  8.764738324396 
-14.592935082323 -8.527455644863 
 16.575251817914  3.337890442200 
-16.146135538262  5.147468614112 
 13.220273588468 -10.606926762015
 15.419089834124  7.044048320263 
