 0.004450043886   0.716784380387 
 1.537655146112   0.573423479404 
 1.593455480641  -0.993166653772 
-1.357789485761  -1.485609666401 
-1.377826814003   1.476562299380 
-2.176426566575  -0.185787235226 
 0.532303346060  -2.120099074295 
-0.358684802872   3.095805961593 
 2.859089302516   1.446253050869 
-0.718962648232  -3.157994272411 
 3.067631353468  -1.755875084135 
-3.450090715573   1.189197997874 
 1.169584015345   3.590261657901 
-3.800910134577  -1.039506346492 
-3.282968237376  -2.539406304283 
-2.376898337021   3.641883638630 
 1.291112252769  -4.199507433525 
-2.245054211627  -3.781080244153 
 4.545163665867  -0.652631488543 
 2.817652366370  -3.656391880127 
-4.691787709673   0.238408780120 
-0.971673079665  -4.779880595431 
 4.436101128158  -2.527214904375 
 2.753550511166   4.337447207262 
-4.477352364917   2.576636079698 
-0.084686870705   5.326059099555 
 5.054552504527   1.946547740332 
 0.402304595976  -5.431037837247 
 4.302483458449   3.448039639711 
 1.553265732181   5.316277296349 
-3.925340700192   4.007608847787 
-4.418217723237  -3.533213177158 
-5.437066767357  -1.741591449780 
-3.467979427580  -4.898713233452 
-2.364539157167   5.648851966285 
-6.075962055668   0.912880237208 
 3.323979037583  -5.213810062947 
 6.294595641361  -0.397956808569 
 1.779331615635  -6.090567983383 
 6.042012492695  -2.013125184646 
 4.710807275387  -4.400658347822 
 4.150529346138   4.973965012210 
-6.040923867021  -3.222736626106 
 6.741547836361   1.542968121568 
-1.459653550677  -6.763345605997 
-6.401600431119   2.651623341880 
 6.138116052370   3.380243785569 
-0.339719453904   7.293706276502 
-7.213596973769  -1.156941766516 
-5.088280249830  -5.373019768589 
 0.633940997055  -7.567219570183 
 3.738857755699  -6.900655769889 
 7.595659834227  -2.065728216373 
-3.655318989953   7.048213398636 
 5.944936549845  -5.296929612426 
 2.097398979110   7.708932750644 
-4.250276976029  -6.803136999980 
 3.614995556329   7.170747168864 
 5.657380965747   5.737461715892 
 2.208904761156  -7.916615554969 
-7.356371447491   3.838175041974 
-7.509209501626  -3.754368093047 
 8.346109658286   1.099111116492 
-6.355290625469   5.538151139058 
-1.582168221700  -8.296002157407 
-6.713054573824  -5.165188019893 
 5.273750848243  -6.669949602276 
-8.429968622189   1.247199512386 
 8.534875141913  -0.872091035911 
 8.074118101126   2.994935427278 
-2.160225227986   8.370539475987 
 7.901008012892  -3.673308122215 
-5.282966230858   6.949291168650 
 0.062565798898   8.789035581352 
-8.791956818759  -0.982862407467 
-3.425528101694  -8.659453380354 
-6.161784443315  -7.053700971687 
 3.799371127770  -8.668758389993 
 7.519412769329   5.785701181305 
 9.141152435982  -2.647660843538 
 9.451927771028   2.371115837093 
 9.776302022673   0.621038734664 
-9.179394898140  -3.505037128987 
 1.060400475251  -9.784692432496 
-8.469932820264   5.038977589151 
-6.931775129282   7.050600026499 
 2.566880845476  -9.573837621714 
 1.595823708038   9.785745354204 
 7.727723908470  -6.236119987814 
-9.837017816674  -2.121330603996 
-5.504134085467  -8.442814759242 
-3.811783676395   9.350025099319 
-1.941182846234  -9.928766896725 
-5.242665716980   8.658071263519 
 5.833300481840   8.314417328860 
-9.428953298818   3.806820791819 
-8.678012373139  -5.318729683208 
 6.577787815955  -7.780358561602 
-10.178232206804  1.102808705615 
 8.950120415853  -4.993723667551 
-2.069195675484   10.113969160789
 9.239143260174   4.870423532120 
 5.471126135819  -8.961816807951 
-10.653835899757 -0.361611525625 
-8.462779598347   6.696799878759 
-3.701883803952  -10.143537013922
 3.695465785133   10.152673035619
 0.211872139403   10.919993827410
-7.484256191389  -8.045599873766 
-10.718376190164  2.545805619735 
 8.954681317662   6.649038995360 
 5.350058301783   9.800452570445 
 10.638551984663 -3.486034810170 
 11.062129336431  1.766969097161 
 11.364536497093  0.258542303328 
-5.560861273978  -9.943841397643 
 8.139743762878   7.991989546399 
-10.006363011876  5.489519333968 
-1.273277681350  -11.349100047952
 11.360693822541 -1.635409548752 
-10.842541981297 -3.853379496000 
 4.420896134362  -10.647300104649
 2.009502018205  -11.423111040314
-5.544992152684   10.219294896252
 7.167491539951   9.212687075104 
 9.450045595997  -6.907415162805 
 11.308425050360  3.352911302322 
-7.110150478871   9.616826310232 
 6.315115797987  -10.202048738967
-2.865137222166   11.698365662214
 1.501798668664   12.005255761144
-11.483160765197  3.843558165504 
 0.101011847673  -12.111157082301
-9.044003481128  -8.059317052981 
-4.369159376404  -11.507021101564
-4.421166229822   11.500664499718
 3.539175592969  -11.950839504226
-12.205117377841 -2.649603587482 
-10.355496541408  7.049339966975 
-2.703400581399  -12.234764085236
-12.371277051926  1.996962121337 
-12.556906350203 -0.279141354525 
 11.074274696943 -5.968576265867 
 7.882499220120  -9.808483947018 
 6.506716353086   10.778332939957
 3.378855977946   12.156603647266
-7.752311134946  -9.967480860729 
-10.637441433315 -6.882701373955 
-11.478731769127 -5.418479946777 
 9.538957519657  -8.416998757651 
-9.620265904641   8.428328955296 
 12.805464521853 -0.749436468715 
 8.730543503412   9.445107440190 
-11.432571093262  6.004238283623 
 11.356276006102  6.205752725444 
-1.087479624149   13.209317865656
 2.001304385654  -13.104998763389
 12.902274911981 -3.287612517662 
 13.280832272797  1.594669726463 
-1.352650823736  -13.330025963336
 0.980274606731   13.422127312688
-8.845439482610   10.190269378970
 11.186125916543 -7.573820401130 
 5.007613674287   12.546996124800
 12.963906501626  4.225763338710 
-12.913068777538  4.394864518068 
-13.601648798308  1.137721376563 
 10.832009437405  8.338459491615 
-13.650732412265 -1.488439657701 
-6.775717070480  -12.000779202316
-9.556623188997  -10.054404142653
 12.946237551701 -5.035643085213 
-5.226126380900   12.948939866509
-12.213425732475 -6.974508079436 
 4.873270429513  -13.207082768144
 3.273033087690   13.712800499726
 8.145223663422  -11.507699632625
 6.877012512147  -12.407498586481
-12.000787780700  7.636477069180 
-0.158506321977  -14.286811494098
 8.517766571958   11.503228604378
 3.340396117944  -13.928029247337
 14.316090013146 -0.814566347849 
-7.401127225256   12.348809050090
-13.956123502824 -3.552739961677 
-5.810722903862  -13.212700548183
-13.543687536523 -4.996322016723 
 9.616624381258  -10.790116763699
-10.602816321398  9.920043367216 
-8.874508137113  -11.504453769942
-3.161885198172  -14.263477052557
-14.340375895954  2.815356230772 
-11.188302485922 -9.408046780417 
-1.962030578005   14.498499563737
 10.528145785653  10.176438351758
 0.156503742492   14.681839639364
 12.865426956339 -7.118331472118 
 7.080227834115   12.890058052576
-8.954183088023   11.801331999374
 14.620704301088  2.614303014451 
-3.516380057126   14.432326062219
 13.009073098727  7.401636940457 
 15.099239899152  0.625473012282 
 14.554586591354  4.152798620104 
 11.343066317791 -10.115985064510
 15.125424757570 -2.080453509603 
-1.704845797156  -15.189299306189
 14.136052154757 -6.034562318692 
-7.533027639166  -13.403837163399
-12.748811108395 -8.656884419036 
-13.888913491968  6.766136712548 
 6.652475819240  -13.978096117962
-14.911506461732  4.223057965800 
-15.512444422788 -0.203193084426 
 14.380299197188  5.936506230882 
-13.879396329376 -7.053457388126 
 1.736425863155  -15.474870461134
-6.420110972949   14.223522774989
-15.525955104127  1.656295416793 
 14.985943262939 -4.412444359065 
-15.452526396642 -2.422524036283 
 12.836679870604  9.056977753170 
 5.361499253346  -14.768410860222
-10.484664294665  11.751492632291
-5.176736893541  -14.902290155025
 0.015642675933  -15.781448801171
 10.035719357737  12.216446230534
 1.907758832377   15.775296779046
 12.913362341753 -9.271742910300 
 10.903124596628 -11.684293579884
-1.357942262970   15.927437167035
 15.989244752658 -0.837351023876 
-9.451451804870  -12.972069710444
 4.040248407220  -15.563667524433
-13.157524820914  9.370013514395 
 3.633955652412   15.773553663734
-15.257202993461 -5.472067771336 
-12.107701093631  10.904055122712
-8.239583437920   14.132355379043
-12.486367064261 -10.620627699583
 5.532159829708   15.460008811707
-5.520542755795   15.561078451212
-16.240712598892  3.040601872837 
-10.910533826010 -12.422566857162
 9.890863780270  -13.317638560642
 8.724748844075   14.123580098015
 16.669900846782  0.751260943504 
 8.012985329241  -14.669239802058
-2.713263592471  -16.559381046092
 16.626405024663  2.378016407087 
-14.230111129962 -8.986644125658 
-10.085878273934  13.508140421348
 2.750164705903  -16.632247679301
 16.268761153986  4.599672636040 
-14.973870417031  7.879327920820 
 15.479241147544 -6.847607280098 
