-1.053053212219   0.287585952705 
 1.140185108077  -0.415919953469 
 1.366240680228   1.545739655099 
-0.925323764591  -2.149647270926 
-0.243109529600   2.348472696063 
-1.805697478345   2.076830269771 
-3.035332285365   0.784267309662 
-3.221643809768  -0.794578734873 
 1.764038340157  -2.920999073514 
 0.608159355770   3.724097467124 
 3.224339245371  -2.071174576943 
 3.874021817479   0.220410295859 
 3.014158859970   2.942063171632 
-1.560571538121  -4.145566709612 
-2.071797524604   3.953341842159 
 0.651522934436  -4.576294205711 
-3.826776636296  -2.672851019833 
-4.772910535885  -0.033788083898 
 2.718160904466  -4.220671339826 
-4.308481499721   2.810135539059 
-4.888443820996  -1.611623084956 
-0.588038280101   5.333054198289 
 1.621124179217   5.123864938514 
 5.350013757171  -0.735130312419 
-3.506337968918  -4.200792668533 
 5.168400844283   2.106925244948 
 4.419553891058  -3.602154643005 
-5.641514454893   1.337396612940 
 5.314606532215  -2.332615907486 
 4.127785540489   4.149412560432 
-3.393097787842   4.965665987451 
-6.199310909388  -0.850013613177 
-0.095222040806  -6.266987321131 
-1.987294290865   6.116770495471 
-5.047536104172  -4.127144587211 
 0.265504501638   6.778199327491 
 2.821594680796   6.232216431918 
 1.507457721043  -6.737760710792 
 3.355601212380  -6.187307173836 
 7.024203912878   0.743911940760 
-2.469248066617  -6.675857290392 
-4.251014607445  -5.715106676752 
 6.954598614074  -1.592489658182 
-4.921361432546   5.223716500316 
 6.717049223767   2.936982579958 
 6.756689844864  -3.185040043736 
-6.133017853734   4.318396057008 
-7.524318915155  -0.129058881825 
-6.999865846063  -2.793372100043 
 5.045922277880  -5.706906011953 
-0.948705621377   7.673441118608 
-4.274481488159   6.688569848060 
 4.573790943527   6.556873989350 
-7.606923758494   2.611756345901 
-2.880989898176   7.574519375788 
-6.602185461957  -4.709000712216 
 0.499508747118  -8.145739501801 
 6.312623142567   5.199312681210 
 8.156082353324  -0.659109421218 
 6.946852807925  -4.717791319243 
-1.279575227579  -8.393704447730 
-3.601625134488  -7.798919089269 
 8.570391521335   1.689900363433 
 8.556429341158  -2.150764149947 
-6.068437184611   6.417643877287 
-5.046474890880  -7.281706958259 
 2.061042361463  -8.625302160277 
-8.889609102612  -1.058825303114 
 0.012732540305   9.009595106698 
 3.795348268385  -8.282975763827 
-9.116183854209   0.625801024094 
-8.547309347875  -3.233848167485 
 2.220063833599   8.884076095066 
-7.536102120201   5.272223569598 
 6.111670804731   6.894635186547 
 5.494571874555  -7.450217705818 
 3.815043557870   8.531957889983 
-4.727945778326   8.297171551918 
-7.098557598274  -6.502585337587 
-8.316119923506  -4.886598784344 
 9.744588492577  -0.396277751613 
 8.592473495289   4.745162841307 
-8.806376867611   4.470702546314 
-9.407836997605   3.059375467591 
 0.696303713496  -9.925743105728 
 9.482188720277   3.266962669520 
 7.368468913295  -6.891098915784 
 8.789949795421  -5.002950634267 
 7.895678198384   6.463344364583 
-2.758885572751   9.892506231304 
-7.405815099393   7.155585223274 
-2.017627514725  -10.115575738313
 0.809509977138   10.364062637359
 2.793015094238  -10.058360937210
 10.027521566562 -2.928913486186 
-1.072405963313   10.400393878080
-10.399464947797 -1.182298851085 
 10.472936134815  1.993792928883 
-10.857769160816  0.265802044021 
-8.584704914770  -6.744957586521 
-4.535758977467  -9.933751023864 
 4.437798416170  -10.004390000527
-4.843768975332   9.871441142120 
 10.966248821004 -1.320247002819 
-7.506175413661  -8.121048400899 
 2.986869302001   10.675929244056
 6.100087994769   9.258265444491 
-6.319090184810  -9.131642828399 
-9.496221027616   5.831668092349 
-0.443007888233  -11.225544274029
 10.262718913709 -4.572711941608 
 4.574345800135   10.328126694749
-11.163392740303  1.843024945134 
-9.817931279718  -5.686549837045 
-7.487613732704   8.827444030319 
 8.020305194847   8.360161388010 
 10.798711492249  4.552464596313 
 11.776136353786  0.138251819129 
 6.803402382038  -9.646952431201 
-11.231208365001 -3.927228076834 
-2.134038243164   11.707266417653
 2.630327092561  -11.648930138014
-0.153278353728   11.956831242130
 8.433349415699  -8.486711572173 
 10.318467920102  6.057700799796 
 11.576032819724 -3.037217011748 
 9.528570717350   7.352587050453 
-9.555262287202   7.356171611504 
-2.680508600757  -11.834375006192
-11.626497021585  3.794080010993 
 4.179512853955  -11.525935864446
 0.951733783777  -12.264862178434
-9.140616947124  -8.289896010493 
 11.971179100571  3.001491054221 
-4.270937011648   11.608619279818
-11.073489130407  5.524838112528 
-6.750542962185   10.414517646497
 9.886505229744  -7.508321249868 
-7.720390916363  -9.868208670724 
-12.282029266228 -2.656891610898 
 2.092810305814   12.420485960972
-9.061002089631   8.778771892765 
-12.667507026564  1.248169973747 
 11.724643244532 -5.047656526288 
-11.489545274644 -5.565266596247 
-10.693990041187 -7.010239806086 
 12.807333563476  1.556353371998 
-12.897883660676 -0.384274226047 
-4.431535397337  -12.194359658070
 8.071939442048   10.162198701092
-6.074625542110  -11.538473133297
 6.059547707887   11.548386233989
 8.245980577644  -10.127445748160
-0.822918446596  -13.065860454268
-5.833878722678   11.793962530481
 9.667550401352   8.937001840644 
 4.648137480564   12.534628376827
 6.078688089459  -11.934083536869
-13.062641819401  3.262286577993 
-11.240441561814  7.504403480896 
 11.616559022531 -7.137655261560 
 12.654440530764  5.345994628149 
 1.472319742420  -13.683070393603
 11.610393984522  7.389655660131 
 9.787632426943  -9.740121290425 
 13.772057531309 -1.290040230430 
-2.881158077804   13.568787519923
 3.357928277202  -13.574631737421
-8.100905427799  -11.398879578256
-0.047958916485   14.017276091960
-12.609716778925  6.252704960473 
 11.109232614674 -8.682177783214 
-13.136485980337 -5.171378596826 
-13.310239097909  4.767437241082 
-11.141101394224 -8.715624177949 
-10.490347387200  9.502931211593 
-12.459400784392 -6.784932441671 
 13.591124112834  4.099127486795 
 14.229641840177  0.683971535881 
 8.183261855776  -11.716719483083
-13.837795221084 -3.821340225489 
 2.762183689459   14.092823896483
 14.250479370965  2.197607069686 
 4.917191571889  -13.580305755503
-14.278902673156 -2.181942857928 
-8.923508651894   11.390911215797
-4.376628452236  -13.818059568965
-6.592579565302  -12.946243361367
-10.418631060909 -10.172880911416
 11.236830230629  9.338686621867 
-2.894597317982  -14.325532998348
 14.073662929993 -3.952792323224 
 13.659685761701 -5.399614358182 
 9.752508191676   10.996888312963
 8.091971793467   12.417903503304
-14.828833969953  0.126647758349 
-7.963941250964   12.639290293587
 5.370947697783   13.955766011414
 1.256049618230   14.912394397515
-5.840900502180   13.794004221162
-14.656536628653  3.406795672084 
 9.999675149884  -11.278631000326
 7.493673516238  -13.147382358708
 11.262058887911 -10.259807173015
 1.449620062728  -15.187803558925
-9.663217163482  -11.821244146724
 13.088323731832 -7.880038230969 
-12.035144775479  9.473698703310 
-3.609051607528   14.890244323684
-15.272745177654  1.749606358100 
-1.075997474507   15.364413750242
 6.995682638816   13.767003604341
 3.612585447533  -15.141562817498
 15.548797677702 -1.754854319126 
-15.618245444763 -1.463068622925 
-13.623726333314  7.927530992980 
-0.573116368545  -15.773211871220
 14.969618616044  5.357293474236 
-13.693230883626 -8.087281612108 
 12.643187996804 -9.660085630979 
-15.343485557090 -4.265899922271 
 15.588791880946  3.262481671258 
-14.781444739868  6.034440334393 
 15.905812866604  1.446029099057 
-8.936580668000  -13.266424246317
 4.710563177124   15.314046916978
-3.915827171727  -15.549824668089
-6.778516705344  -14.559086372571
-14.754467167300 -6.504319032025 
-5.395700952778  -15.222224345106
 14.602126443544  6.916107845994 
 14.725737248415 -6.689874348860 
 13.880474571656  8.338617329038 
 15.849261485631 -3.501540841678 
 9.941109773995  -12.847188795805
 3.113082650304   16.025819818397
-2.458641393849  -16.153367392583
 12.307033470309  10.856171525074
-13.278901074096 -9.706191115386 
 10.305770822586  12.863692020304
-11.588552595489  11.756680114995
-2.309047900659   16.371774580056
 11.556021478311 -11.906494909144
-12.176101261390 -11.416644808720
-7.816208072934   14.771245986284
 6.417957793380   15.445519382686
 15.852116724123 -5.339891477098 
-9.480061397024   13.803211902034
-16.471221316868 -3.135810588114 
-16.757146149772  1.118270961988 
-10.445643646774 -13.153734739667
 8.999085255899   14.184870201409
 8.019524520881  -14.774780806071
-4.732250105888   16.172942079496
-13.280419140470  10.494866061262
 16.991633092279  0.162142278870 
