-0.699982190105  -0.099198169397 
 0.932760681124   0.479648705684 
 0.572827464934  -1.138558025111 
-0.521216119152   1.396943509090 
-0.759944547545  -1.947838176647 
 1.047296142172   2.075099755263 
-2.763344987344  -0.282664759009 
 1.797180527124  -2.197668481590 
 2.660852332973   1.252798762579 
-2.516063442260   1.993869530330 
-0.418390171116   3.394047191461 
-0.701034716085  -3.510403867056 
-3.166306669736  -1.741895038381 
 3.487799919259  -0.998125645900 
 2.886822616908   2.816024032061 
 4.078272131231   0.707205725359 
 1.216789663128  -4.063761788598 
 3.019271008646  -3.130197092253 
-2.035556558673   3.994264697151 
-2.519649905570  -3.835432756942 
-4.334620433835   1.964334203876 
 1.410735360777   4.748827282209 
-3.497236631487   3.562000790836 
-1.096287204624  -5.118445826244 
-5.254816690175   0.085688882121 
 4.770993887234  -2.770202975926 
 3.231942496759   4.521586572418 
-0.672289863018   5.604198409249 
 3.018579559070  -4.796338696299 
-4.226801983779  -3.785327885914 
-5.538329218474  -2.144525521132 
 4.661075576793   3.725174619053 
-2.684377174761  -5.338838365667 
 5.655570698090   2.127251927621 
-2.190607683278   5.703149262892 
-5.573823867555   2.865099171886 
 6.213775745376  -1.307430299416 
 2.325209219644   5.976781090343 
 2.238770170129  -6.186190260894 
 0.646373121820  -6.674979794876 
 6.688606934006   0.671822626063 
-6.904944524539  -0.160211256228 
-4.459784464763   5.543004924500 
 4.047702561137   5.881840018246 
-1.795947776926  -6.939141162632 
-5.857855087478  -4.174311448860 
-3.287861426843   6.736965319255 
-7.315503640338   1.823503056635 
-6.152202575292   4.411840155683 
 7.280755978146   2.074994004347 
 0.374060506907   7.590661380997 
 5.798444835097  -5.013368726098 
 6.931989733768   3.565087830010 
 4.090001703474  -6.646495863313 
-7.558958259884  -1.964630993364 
 6.833131419924  -3.861164921911 
 7.999192667207  -0.889176165587 
-5.632264005025  -5.797290743696 
-2.209195385600   7.793572150261 
 5.738808406352   5.769296208771 
 2.413923875929  -7.813332459096 
 2.866434201619   7.666588065846 
-3.568107106621  -7.396656361076 
-0.842994175997   8.471827898233 
-7.578464054084  -4.015217224078 
 8.610636630693   1.059394839980 
 8.289588850331  -2.639627204977 
-1.571835959353  -8.565409414788 
 0.713155391664  -8.761533519412 
 1.415621050099   8.706317661901 
-8.794628538616   0.751853269253 
-8.037585155235   4.101769661531 
-7.058326181146   5.650801439607 
-3.863384083579   8.285689136033 
-5.620282900005   7.210903559379 
-7.344224250619  -5.643744557963 
 4.925888153499   7.940257248932 
-9.382503508904  -0.636890096336 
 6.288338692835  -7.205151538024 
 3.766015017288  -8.852428186629 
-4.777609568516  -8.356955133547 
 6.446005653119   7.191647697821 
 8.529295461251  -4.800090921593 
 0.277378817552   9.814480423383 
-2.732658424408   9.499242644491 
 7.772049575050  -6.158799167142 
-9.748877554741   1.945694591487 
 5.337561100903  -8.429086681895 
-9.628472236093  -2.628112471007 
 9.359455768047   3.485850589562 
-8.825759591541  -5.079440404989 
 10.211576562379 -0.114734480807 
 8.407537006185   5.820656005924 
 3.298459815973   9.679682495715 
 9.978913938030  -2.754842218205 
 1.790009167500   10.200130974941
 1.904378809212  -10.221853022920
-6.809128862405  -8.015948619367 
-9.547347084051   4.619517523328 
-6.429497854404   8.487722707291 
-8.539445290650   6.487966956175 
-1.022449697450  -10.766555116621
 10.605360566853  2.262284527945 
-3.260659294492  -10.468614115179
 6.956214472345  -8.557243102076 
-11.037141522969 -0.467716542894 
 9.803133441862   5.191336855844 
 7.742755724851   8.018854919848 
-8.519530403276  -7.218154157131 
-4.875769885862  -10.143070825456
 10.484678541390 -4.340431172857 
-1.677506281339   11.256666905838
 5.208732257722  -10.313502841403
-6.373556459134  -9.644262371536 
 11.466239617132 -1.788140320205 
 5.414876690959   10.266740052407
 6.709512251776   9.477418171274 
-11.145848784367 -3.284407897968 
-11.444486429844  2.657133338402 
-4.767449940697   10.750534455842
 11.807442073881 -0.324447765380 
 0.638974670169   11.825236061348
 2.790133514871   11.551436152351
-11.885009258466  0.944229694148 
 2.398615884045  -11.715272593134
 10.086583499721 -6.530289909315 
-10.080545691683  6.687047634972 
 4.134488656254  -11.368545028040
 8.702435141709  -8.425166745026 
-7.877980941667  -9.229518514186 
-0.031174822556  -12.160253984418
 12.104060860518  1.278427070251 
 9.909447898506   7.168975774781 
-12.152158887726 -1.492130562986 
-11.139524029047 -5.216273112898 
-3.328075862593   11.874130742643
 6.831497446037  -10.292770421907
 11.726643067142  3.963619019986 
-10.231567631995 -7.028779652978 
-8.944426860190   8.771257502115 
 9.256402205580   8.519717112587 
-7.457018202189   10.165589864085
 12.243758548899 -3.225194915977 
 4.727134645005   11.784187374657
-6.113821663280  -11.143264435939
-4.630104903742  -11.913629333943
-11.957804329544  4.573953828023 
 8.379941384972   9.848355306535 
 12.679583316601  2.750803815732 
 1.376493308240  -12.958088392815
-2.067997270460  -12.879961364260
 11.964950208998 -5.205047613937 
 7.119249968222   10.962794905200
-11.551800709011  6.190985362288 
-0.949585753314   13.139911646003
 6.178203597874  -11.666485450825
-9.569688140127  -9.279352649850 
 0.798884348909   13.321086166435
-12.918810179603 -3.953166412487 
-13.190491244815  2.995738651296 
-6.567176925216   11.845684567910
 11.608499034221 -6.980875742114 
 8.445098972477  -10.648910149397
 12.228656486522  6.197468825012 
-13.755442787608 -0.266319349336 
 3.015764676635  -13.439605147740
-5.198091475108   12.771272934370
 13.776283410433  1.090175473107 
 13.807581852015 -0.638022822761 
-13.742123647314 -2.206272550236 
 4.026215533683   13.340086380767
 13.187692332272  4.693473178938 
-8.140783498514  -11.460367872890
-3.362640667935   13.669215193309
 9.844970994542  -10.069682493296
-3.585374913079  -13.658759480584
-11.682020031967  7.978637229228 
 11.003284299545 -8.946452669936 
 4.699312169371  -13.389594800815
-0.515993773249  -14.210709285268
 13.942715443493 -2.847969073012 
-11.982226436655 -7.795001174753 
-9.180142227678   10.961566845715
-10.731090156833  9.468207408287 
 2.345267758738   14.150158730520
-13.390660564934  5.219024203171 
-14.383035527546  1.174336231420 
 14.226805925572  2.532616787107 
-13.386859566956 -5.468366193971 
 13.769591740492 -4.545275663591 
 8.416620766501   11.894121182617
 11.192005104151  9.389947170859 
-6.396252318352  -13.200347320720
 13.353584062034 -6.099778115902 
 1.410893254421  -14.723834869948
-8.112889684444   12.379858176245
 7.025691620499   13.079538278139
-2.247939490729  -14.752365620449
-13.223189973401  6.942813188169 
 0.248145339455   14.985171618381
-1.467038719422   14.925360479487
 10.186716807845  11.015118773028
 12.853667779847 -7.825550864309 
-14.900614676972  2.673997950674 
-4.985335429441  -14.316505916004
 5.193490508581   14.322342421475
 12.726558664162  8.429747095294 
 6.737211256188  -13.706175869323
 3.042364046895  -14.985572426268
 8.255679805028  -12.901360435968
 9.918644725020  -11.689942284230
 15.330146241204 -0.398849049279 
-12.013411908583 -9.597721344391 
-14.877981922606 -3.995548576484 
-10.750976194831  11.085291965598
 15.299163192069 -2.203019016105 
 11.424678221754 -10.422292534035
-8.120564799902  -13.199498686563
-11.020356995880 -10.928417018156
 14.304752018058  6.105653049677 
 15.532262377558  1.122926476838 
-3.976137944227   15.142224250010
-6.567357129377   14.219249735407
 12.565692176102 -9.350670327996 
-9.531508249412  -12.447461818299
 5.435021821281  -14.711759047002
-9.637521447860   12.653545127139
-15.261022575307  4.682130117394 
-15.838970882711 -2.182136711549 
 15.323669724734  4.571759020209 
-12.980823397133  9.360662442300 
 15.181249964044 -5.345552961392 
 14.427879760222 -7.259896178850 
-3.760113386355  -15.738041822546
 14.203402554402  7.835066855777 
 2.032631603424   16.104952972158
 3.611040853396   15.827097161105
-14.966627478009  6.377814978325 
 0.859083841476  -16.249939483664
 12.776597331038  10.108220196103
-14.663436369760 -7.399568197889 
-2.369898933824  -16.302260576884
 9.742102145985   13.286539977412
-13.728700979680 -9.184361967669 
-0.639087412526  -16.540861275069
-14.332951629718  8.312345002009 
 2.387897202101  -16.468761628704
-12.356077323589  11.161914003606
 8.347966938216  -14.483470696617
-5.265467096853  -15.906585404390
 5.892906711750   15.701674648158
 12.228267236571  11.510865949399
-16.788312503766 -0.574338438233 
-7.387632044211  -15.111998088897
 16.522615047748  3.216170633489 
 16.811959037372 -0.988540499723 
