 0.470329861844   0.966637216250 
 0.628366620424  -1.347084165246 
 1.597350162488  -0.066173866887 
-1.387595476499  -0.805580495920 
-1.886629069086   1.538374724302 
 1.781115631952   1.894294111793 
-0.239669340423  -2.689315870081 
-2.892231750219  -0.168035599804 
-0.944128879446   2.950420121199 
 1.994748631310  -2.683617832101 
 3.352861999121  -0.325118243921 
-2.211573449337  -3.019191230820 
 0.880915133889  -3.702462784371 
-3.582050718846  -1.641190539249 
 3.648780619098   1.763403601118 
-3.177524999930   2.549039529393 
-4.189359001900   0.808748889901 
 1.125102658319   4.220206301398 
 3.260614927002   3.307981970795 
 4.241925541556  -1.909191728793 
 4.810228088586   0.359377337546 
-2.864624509450   4.176957239617 
 3.347853274539  -3.822442937682 
-0.154650838413   5.207502282993 
-4.774803390236   2.297232592474 
 1.162354409675  -5.191099666144 
-5.242069900491  -1.000744015195 
-4.594003678099  -2.825065901553 
-0.538357596965  -5.441197210094 
-4.414902865299   3.782261644672 
-3.147203711299  -5.229147005534 
 3.206979342699   5.213462921386 
 5.556547453334   2.727142098042 
-6.107353096405   1.131899588593 
 1.852613430091   5.985315084754 
 5.986022456339  -2.154640588255 
 4.809336422040  -4.188399350431 
-6.018315305856  -2.311717115234 
 3.229264985369  -5.676646862473 
 6.567921303904   0.221222470264 
 0.265143446429   6.786590471163 
-2.876834570576   6.189859716421 
-4.848531814737  -4.822122450332 
-1.335601574347   6.719375893239 
 0.329864779276  -6.877468405280 
-1.988972439019  -6.743041414131 
-4.521113439051   5.439245018278 
-6.561004004139   2.944704418564 
-5.819142585156   4.347226389650 
 7.231744017624  -1.210637505916 
 4.817692331558   5.531432499314 
 6.425454044222  -3.835548185588 
-7.627428534765   1.628167877999 
-7.852670925084  -1.182753602901 
 2.230857941346  -7.669785802562 
 5.896794974436  -5.443570348880 
 3.727400621230   7.203374177768 
-6.674819889624  -4.770496361950 
 6.343058255941   5.217401418637 
 0.597085279792   8.270474290424 
-8.334591569090   0.277486638211 
 7.908510294978  -2.907986671453 
 8.076660406774   2.605367881217 
-4.623991449494  -7.212881147991 
-5.610284096237   6.495431163723 
 8.536520925805   0.968358613808 
-0.392928932769  -8.606524617169 
 8.678835393510  -0.784217810883 
 7.698157170922   4.122370019125 
-8.184190062794  -3.190137681830 
-1.061223160580   8.757994182287 
-2.686004697769  -8.422323026021 
-4.380219570444   7.775480020000 
 5.034663393551  -7.377664272512 
-7.108995900925   5.458548246412 
 2.316522434196   8.676560357678 
 7.922904015795  -4.517726788023 
-2.584161749001   8.754699914662 
-6.562496902713  -6.456507578150 
 3.456129451816  -8.544435251227 
-8.807516611639   2.845398562609 
 5.096365633682   7.875724696817 
-8.310005482062  -4.685821118349 
 6.681242379494   6.849072379213 
 1.103017635904  -9.548803950913 
-8.458978462608   4.698838484898 
-1.645364124647  -9.553580702081 
 0.722557838771   9.785202758205 
 9.631625227419   2.006906791875 
-5.952088820210  -7.924819188636 
-7.105646260151   7.129566495058 
-9.734613887957  -2.741960758487 
 8.162170584678   6.008624446361 
 9.801536794040  -2.610333947870 
-5.961595849012   8.467451727567 
-10.430560189429  0.215540922263 
 9.718919596439   3.915204141083 
 10.476161617819 -0.226445225642 
 7.282955166141  -7.546354369055 
-5.106774868330  -9.197989292957 
 2.999106014872   10.145233163582
-8.560771506215   6.271450140725 
 6.607031297491   8.435117073379 
 9.028134336121  -5.788031938576 
-8.526890769422  -6.549121243151 
 5.614395465206  -9.201650241865 
-10.463163411990  2.711782006262 
 9.989560900287  -4.284310421254 
-3.163020024068  -10.474786732107
 5.259437820293   9.661776940791 
-0.764193480265  -11.021491654459
-9.995813665590   4.995238378073 
 2.654093663002  -10.876582982804
 8.101450379748   7.804209297454 
-0.376858189862   11.249622536631
 1.330672208970   11.215031430769
-10.050103420682 -5.184176221207 
 11.173424343712  2.054477825949 
-7.189197399457  -8.853056143643 
-2.159710355054   11.275591393220
-11.400828436294  1.401946626870 
-4.062970716202   10.795256372091
 0.770222191017  -11.593759739977
-8.311550022764   8.140187638321 
 11.366007119686 -2.612732595637 
 7.182953884939  -9.207608426675 
-4.848122972011  -10.744525471825
 8.903818874079  -7.809868060844 
-11.752779632638 -1.711115786337 
 4.417676774502  -11.250849854838
-5.928644565094   10.570945245749
-6.343154681815  -10.327908196887
 10.200100314195  6.784173852780 
 4.921954160789   11.278538673717
-9.839240632513   7.465897018594 
 6.625673632104   10.493374077463
 12.377965189174 -1.478281392836 
 11.167357281465 -5.718822211742 
-9.963090472319  -7.631455826225 
-7.806420335480   9.827340872987 
-3.500062401839  -12.087809545848
-8.957923266408  -8.841051381307 
 2.359638933804   12.398951194300
 11.520617964683  5.179271466002 
 8.516929849937   9.333821662732 
 6.324030229761  -11.046340100163
-12.250390920679 -3.579483679003 
 0.855698599629   12.777863866089
-12.632749584107  2.321191242347 
-0.866599520378  -12.821686840591
 12.100038558398 -4.380966824409 
-12.874433419388 -0.590839521329 
-11.396211926928  6.169883924164 
-11.381000965651 -6.206529258816 
 10.403894370883 -7.739602162763 
 3.063164719679  -12.634572328792
 12.635543266142  3.062878228194 
-4.596884989201   12.252814357787
 9.051126389321  -9.498308979256 
-1.297582093187   13.114913341388
-12.669566829770  4.049723041045 
 13.324675607148  0.427335443893 
-5.490750304306  -12.195872598541
 1.540698537163  -13.308617856701
-2.257162556308  -13.385279377501
-13.389877031286 -2.273378427125 
-13.574389807042  0.867087841355 
-9.670932654110   9.565117359165 
-7.086667764530   11.679014134127
 3.762610865843   13.223586736275
 13.712036392740  1.949991170112 
 10.578266237917  8.969435265988 
-3.259722727874   13.507501491987
 11.992686575397  7.056584641316 
 12.748084448825 -5.877951853445 
-8.200935574257  -11.430369995889
 7.840784026389  -11.711509330864
-0.059525198714   14.135309083207
-4.346865090728  -13.452319457136
 13.739326642880 -3.448441151576 
-11.862529241045  7.877038468594 
 9.553552267376   10.559494200885
 4.413238994282  -13.560841052239
 11.957719700111 -7.821570590574 
-5.845326527089   13.125735951924
 9.288120724592  -11.017967490267
-13.348329493939 -5.489192780072 
 7.897552386920   12.126550575560
-11.682687110863 -8.550402489991 
-10.669090144212 -9.821726637752 
 11.244734096705 -9.174398031919 
-13.016253566331  6.522379431850 
 2.404404784125   14.381613837143
-12.767713300130 -7.178256364672 
-14.503101601725  2.253865326064 
-7.062830600717  -12.889116615308
 14.711751440688 -0.170386916937 
-0.512889604479  -14.712591243413
 2.730322726948  -14.487832034821
 6.078716680330  -13.496574204512
-11.352814370828  9.609274643541 
-14.418587964177  3.754879952576 
 5.053348535514   14.025789370857
-14.909187918792 -0.662094528885 
 6.903111496724   13.357200597372
 14.328779202353  4.677401857089 
-14.918468455567 -2.239342067693 
-8.674029198316   12.364817944896
-2.686110692608  -14.872264727860
-7.346472220497   13.209087381229
-5.789489855316  -14.002346238838
 13.864929586532  6.291435828654 
 15.151023886685 -2.036293502990 
-1.015354365520   15.344176087499
 13.164288900250  8.091868789762 
 15.268662625221  2.462373999671 
-10.048678710673 -11.774792745910
 10.831825519588 -11.135118457014
-10.526675298474  11.514359916574
-15.579363593567  1.104452324856 
 0.914364720109  -15.606184967201
 9.887027211121   12.119620731145
 8.463080535508  -13.183066547311
-15.177329433423 -3.939474327658 
 1.486076438147   15.614206794169
-5.251629625668   14.784333095377
 13.994860067040 -7.101662924567 
-3.558015668120   15.291118404485
-4.615227576098  -15.123014632742
-8.833413974884  -13.298638677187
-13.615723616958  8.410127954038 
 15.362653116931 -4.608368511322 
 4.845867155402  -15.290567431113
 8.718236711225   13.477881091056
-14.646348312267  6.594189203467 
 12.208726043079  10.462230969794
-12.453391753090 -10.312579625475
 15.697761807432  3.937797842087 
-14.800461207739 -6.579913677548 
 16.206320928666  1.009996806280 
 12.328281732157 -10.776211180815
-12.452854166949  10.710480835813
 2.500158806955  -16.283134945669
 13.790328833873 -9.098161153232 
 7.435590958412   14.809684142798
 4.537968533831   15.969990509827
 2.907523150497   16.374662404731
-14.539146765793 -8.111246797192 
-16.379838559496  3.243871262101 
 6.126564750743   15.559885686170
-9.097344916309   14.031570782576
 16.687155950747 -1.132900517476 
-7.303760732310   15.160144896496
-15.972902932436 -5.362936671479 
-11.862755863262 -11.990354848436
-0.826874344912  -16.860251145462
