 0.389880617805  -0.710431670220 
 0.166379456412   0.820495019073 
-1.720923028487  -0.196720103589 
-1.465877431053   1.296902865732 
 0.916564188767   2.224552290093 
 0.094266309905  -2.542772010752 
 2.044061674737  -1.567895616158 
-1.920607167638  -1.982678346054 
 2.915118261564   0.033122216878 
-3.484598971083  -0.243456462865 
-0.151572433339   3.745328726628 
 3.250496825331   1.955652004837 
 2.228508731148  -3.095657331811 
 2.134218278879   3.194085832733 
-1.666441139908   3.626455403077 
 3.890656203590  -1.595933807007 
 0.903014084496  -4.147824094676 
-3.658991768153  -2.257672285071 
-2.641544933238  -3.423784547866 
-4.068110806934   2.076023462739 
 4.893586217920   0.270774097261 
-4.906109459226   0.763870741946 
-1.096119997099  -4.848812853528 
 3.530256518030   3.853655433045 
 2.338835062341   4.827899142411 
 3.712045847542  -4.196338706880 
-4.192557519785   3.783424386264 
 5.361421903272  -2.113928983518 
 0.854614570044   5.732230039019 
-0.887142958621   5.738462463111 
-2.540235425785  -5.325172082367 
-3.924304936978  -4.447070450813 
-5.802766119410  -1.591358989486 
 0.427726332073  -6.110512765962 
 5.596600374906   2.634057989538 
 6.384346874144  -0.637754907523 
-6.436231302064   0.577079688583 
-3.729104545357   5.413674878874 
 2.062279614677  -6.364297686157 
-6.349660714943   2.169069721251 
 5.424478399449   4.224624867933 
-6.082097342430  -3.364669061325 
 4.059384119163   5.944316958361 
 6.103471947266  -3.836161994884 
-2.875739716497   6.705106519347 
 4.269989448436  -5.942230906613 
-5.909408056610   4.375700787713 
-2.833780488666  -6.856619025073 
 7.004551608790  -2.519929978178 
 2.428484983154   7.157847381777 
 7.392637957854   1.730410735157 
-0.909290874763   7.803314066793 
 0.747327954184   7.846480729221 
 7.114045373718   3.441421313049 
 7.958564584564  -0.198938120965 
-0.482059792027  -7.960046911020 
-5.365714110850  -6.196990371877 
-6.546683079723  -4.941664722892 
-8.333758282955   0.065048777525 
-8.078419010835  -2.268783480041 
-7.935558256098   2.755076568121 
 5.579054343981   6.319911160517 
-5.250998509260   6.694782346878 
-7.688957850343  -3.797505629820 
 1.039598243584  -8.567328297118 
 2.814985406724  -8.197744919416 
 8.507493199023  -1.970713699162 
 5.572861913740  -6.732326863889 
-3.126564941860   8.256428186830 
-7.326163917610   5.179710408557 
 7.587376444387  -4.909877746486 
-3.777574090121  -8.428178559237 
 7.736559943085   5.125763196412 
 3.864019444983   8.458901965125 
 9.193789499371   1.451196283623 
-5.209718127179  -7.833240503308 
-4.784032013053   8.133518226243 
-9.376165007907   1.381823642456 
 8.953392284789   3.316853824719 
-0.672556163764   9.536981237401 
-9.626371191753  -1.031759685180 
-8.072621112123  -5.348187678871 
-2.209339304249   9.502842489499 
-6.633498719036  -7.165221733826 
-2.549877089157  -9.486037435036 
 5.246149782577  -8.347524258179 
-9.051389628831   3.943363993900 
 9.358266516194  -3.292330286290 
 2.375952930145  -9.655018125154 
-0.753081470517  -9.955386543830 
 5.433242516249   8.461147795255 
-9.237339930370  -4.133978367356 
 0.920270823355  -10.097212611046
 2.594826585236   9.961584289967 
 10.267090771160 -1.778538493618 
 9.197831056274  -5.177072624876 
 9.458933515023   4.749078382855 
-6.952995448782   8.032916342508 
-8.250731946675   6.750472382119 
 0.675227309629   10.646715896007
-10.365823389177 -3.016204208329 
 10.816698136915 -0.344619506457 
-4.375594990035  -9.963599469121 
 10.533879842993  2.951191006780 
 7.732321445975  -7.820276619206 
-10.898210772123  1.803574476383 
-5.630187697926   9.509287315506 
-3.896646314004   10.393129124496
-11.110840924919 -0.061460672703 
 4.209916721278   10.296185273732
-9.769448724433   5.421001065196 
-8.655552339464  -7.095504742766 
 7.889482375639   7.950822861277 
 9.014638519507  -6.676055033192 
-6.415557240723  -9.301161063970 
 4.382067596087  -10.456802979282
 11.321947727463  1.484313955815 
 10.689388213104 -4.028450009194 
-2.331686566881   11.188277647750
-1.343047692637  -11.500608253791
-3.318561943441  -11.118552543659
 9.257235071026   7.052652350962 
-10.612455203847 -4.833393247414 
-0.891926352214   11.659334134306
-10.977439721072  4.072286662037 
 6.118877655164  -10.303652651913
 11.841424174535 -2.004232057402 
 2.818660257320  -11.725353306121
-7.462865986885   9.588470364955 
-8.573851847210  -8.613700354687 
 1.149005769527  -12.157417435907
-11.999559695094 -2.667103357246 
-10.105188062652  7.001439387368 
-9.161258256692   8.204619628249 
 1.751216884780   12.174678013223
 11.748767165534  3.907563017304 
-6.127129870379  -10.864388621586
 7.521671055796   9.961741644884 
 3.270356091759   12.089894157210
-12.459533854571  1.284444733795 
 5.938904695506   11.072398024924
-6.072446977140   11.090907902724
-4.805035009604  -11.709121282726
 4.408733216518  -12.026494486062
 10.679982778308 -7.120670993712 
 12.873053971528 -0.461784866908 
 12.837015319656  1.106440071538 
-4.186691223892   12.212845893452
-10.692406952264 -7.249197218269 
-7.735571663098  -10.421808797983
 9.115100822754   9.247342761840 
-0.539881267318  -12.981049450061
 11.583142813690  5.917862251966 
 8.744230964483  -9.753884124548 
 12.571085297958 -3.755149505118 
-13.140370760165 -0.894287875733 
 11.801971691911 -5.968981800525 
-0.963347811638   13.214058543760
-3.304340534733  -12.841448852731
 7.678491039239  -10.965306175798
-11.892101619077 -6.346583297200 
-12.474516273573  5.126357032746 
 10.360010694036 -8.716018883104 
-12.941292682351 -3.980896646350 
-10.635822887430  8.527898113291 
 11.079943428091  8.005559150533 
-13.494683522530 -2.464845045893 
 13.464445717308  2.647131584417 
-10.553162317059 -8.774990852173 
 6.599865881415  -12.056301775192
-13.531788606401  2.621720480416 
-2.490096907429   13.600561120131
 0.669126332910   13.820899914209
-11.782495961608  7.314354413159 
 4.793395975167   13.121745505614
 2.771523950298   13.709473113252
 3.868182303438  -13.495007051120
-14.032920369193  0.905667849650 
-9.897251591676   10.117217738918
 5.468690302221  -13.090939617267
-6.368563454484   12.705514372649
-10.007180563152 -10.262989425479
 13.330754085181 -5.332541995525 
-2.320698687381  -14.181481386641
 12.713426439574  6.910064815570 
 13.537870889411  5.136960433775 
-6.916622019147  -12.756122473895
 10.864120610516  9.651818251297 
 14.535717546498  0.944194658870 
 2.264483547609  -14.417053742304
-8.243384366666   12.219085112934
-8.367740285884  -12.174570165693
 0.765011980421  -14.762394822525
 8.539383865547   12.108277776268
 14.479684271729 -3.267847494466 
-5.129644834392  -13.960451914848
-12.440652428725 -8.161627957761 
 12.816193810498 -7.760028242514 
 15.004343975957 -1.755525094417 
 4.018726455799   14.564301736594
-13.681538765119  6.555750852131 
-14.415081677344 -4.887296611418 
-11.678512127355  9.805891185746 
 10.246345359198  11.339931136972
 7.572356320569   13.303458395325
-13.678349713397 -6.949983314420 
 8.990786439033  -12.454387554207
 12.436128707399  9.017995999098 
-11.687261318748 -9.972914211709 
-15.251600040213 -2.121132903808 
 11.196489764321 -10.573302147775
-15.440601567070 -0.281738748385 
 1.419810767132   15.391819864086
-4.730707981450   14.738577382450
 12.342278431436 -9.389507963674 
-15.220549397865  2.976986516811 
 15.517876211024 -0.246014208751 
-12.864165572604  8.688942375107 
-3.104499015373   15.214786920490
-15.534633243657  1.245548829433 
 15.449481924008  2.162465284407 
 4.659180477110  -14.926810037395
-10.440646436030 -11.705220748754
-14.801577734353  5.251006553271 
-7.248446447872   13.974872719675
-6.593343176008  -14.301030162039
-2.038947797958  -15.670503575060
-10.482838770380  11.934198616396
 6.781883550381  -14.464146503151
-8.081083078208  -13.866869984710
-3.778383959125  -15.648083404408
 15.558925438385  4.214984782255 
-15.730149812923 -3.595189604735 
 14.546103970015  6.985891821348 
-0.131651009664  -16.140915960906
 5.381112571371   15.272406174256
-0.927499841519   16.209782056864
-9.504101734669  -13.185839765619
 14.606927078260 -7.176365154854 
 1.401473333328  -16.248916753972
 15.459146580489 -5.364019370888 
 10.522214511844 -12.555019748640
 9.243236775269   13.685232057687
 16.214130635580 -3.371251675243 
-14.153541295206 -8.634253731836 
 16.516463876833 -1.482438136925 
 10.513714470459  12.827561792931
 3.621296159980   16.187375384994
 11.817236832844  11.911120297708
-11.991937193918 -11.765363102015
-14.574684170350  8.420065563289 
 7.141573248439   15.285160231938
-6.331160968432   15.652630819750
-2.360621062902   16.738212542196
 16.845550139826  1.484514306892 
-16.911164756100  0.450215658412 
