-0.028124737330   1.391426536520 
-1.156509433386  -0.833941160295 
 0.883157588231  -1.195532548000 
 1.830490398501   0.181301411655 
-2.264856944836   1.743296066892 
-1.925946893569  -2.220551720314 
 0.845279818015   2.859585150469 
 0.338004061551  -3.064047086639 
 2.361058759280   2.067734876501 
 1.971715431449  -2.531302089744 
-3.472161688050  -0.288183728970 
-1.618623616824   3.109414179163 
-1.155822754986  -3.770732174669 
 3.973386465619  -0.019925991852 
-3.915931769560   1.768899715717 
-0.205979193970   4.317142284996 
 1.534679204624  -4.068850787074 
-3.560062298323  -2.579203482946 
 4.128138681993  -1.943509215532 
 2.815738816524   3.889487758649 
-1.709572954524   4.630289918362 
-3.226303640922   3.792270042309 
-5.011413403827  -0.173752408407 
 3.363959954796  -3.758039770871 
 0.015024784381  -5.159244503803 
 5.304446355284  -0.953884730559 
 4.858097610978   2.596973037708 
-2.741660778958  -4.941970618283 
-5.059315183589  -2.655496846551 
 0.620509262706   5.724977723185 
-5.553292144089   1.676639516784 
 2.357174740300   5.368022731048 
-4.093155445386  -4.266543425633 
-4.847865838537   3.819156044182 
 2.721793073217  -5.577971280099 
 1.320532323631  -6.311139246990 
-2.974996510461   5.750452456227 
 4.644375451873   4.512815077595 
 5.680697594950  -3.330450606464 
 6.343652128374   1.771725425666 
 6.601134233886  -0.092455334404 
-0.944188059201  -6.554141509240 
 4.397958897137  -4.954354392500 
 6.772854536410  -1.646716820545 
-7.113351095277   0.536175163721 
-6.527785454649  -2.983566266153 
-0.353394762565   7.263502966566 
-3.424039957594  -6.488151467462 
 6.288696271748   3.801768771093 
-7.236076085396  -1.302039078006 
-5.042248379266   5.485676311834 
-6.656618449458   3.501245740658 
 2.683383147899  -7.183794123755 
 3.585724783632   6.786876235893 
-7.407136987073   2.066914104290 
 0.352493972225  -7.839406733880 
 4.326444008316  -6.566365718812 
 1.868643334505   7.758033803165 
-4.189747439328   6.799570641224 
-6.629779406902  -4.618855599244 
 8.064389471325   1.835764700134 
 5.163182878487   6.479096872368 
 7.111224212206  -4.320054944489 
-6.570283093604   5.126572994275 
 8.415138200155   0.100079846601 
 6.082037615718  -5.933126002526 
-2.981547275206   7.966173643530 
-8.539146425650   0.041943855766 
-2.562797551137  -8.283122582662 
 8.582200405049  -1.700187746117 
 0.047057954612   8.783320624635 
-5.929187187483  -6.504033391366 
 2.031245477431  -8.601932313638 
-8.699565419195  -2.266309872499 
-1.562962349474   8.950256297264 
-8.002282768862   4.345888190362 
 3.556236007832   8.400076704714 
-8.655234244801   2.908203341156 
 7.316982861844   5.554132492671 
-5.943819522548   7.035938396289 
 8.664537973115   3.293030862277 
-1.304810452361  -9.183649210993 
 5.187045579993  -7.906843597243 
-8.656350309238  -4.018620390814 
-4.436436936226  -8.507401244543 
 8.890355709031  -4.061173719692 
 9.885275389199  -0.685074575615 
 7.635473919712  -6.364454785853 
 7.119722262117   7.180796863412 
 10.089413297169  1.041384440850 
 2.522240478164   9.836590955573 
-10.157990996600  0.010728010693 
-10.073845396739  1.535685620928 
-3.407291942852  -9.605734484757 
 3.358891083626  -9.645292579849 
-2.913426244251   9.807284709486 
-8.406952732736  -5.885469350134 
 1.481475279192  -10.212481803415
 10.000482220451 -2.622244318188 
 8.899817795488   5.475627696232 
-9.740759739150   3.973635815114 
-9.062600768165   5.530955151118 
-7.386308078863  -7.634929516831 
 0.450219010803   10.616043927314
-5.677683063058   8.996475604690 
 7.216947674317  -7.866395299590 
-0.724431939707  -10.708413346229
 4.369255864052   9.832433231620 
-1.112012057189   10.802897003357
-8.407983862658   6.904931005053 
 10.259226058265  3.820768321799 
-7.185933875604   8.278220788338 
 6.067328361729   9.200897469463 
-10.230869514521 -4.154557510265 
-10.787144613289 -2.464459532905 
 9.637275644698  -5.823565559345 
 11.066844377534  2.270250031494 
 11.277833803758 -1.245157657757 
 4.771498820018  -10.301379646109
-6.249422749142  -9.478838111368 
-11.025706601509  3.102073179597 
 10.756208521858 -3.960168398892 
-2.952708119417  -11.128800375885
-4.848567161660   10.669761641237
-11.739148882793  1.524877540355 
-11.827243417819 -0.853070725152 
 6.747772258833  -9.795031680538 
 8.882725869946  -7.934695220755 
-3.553852044933   11.435530224240
-8.702623369959   8.409135442637 
 0.839795973686  -12.083629352020
 10.857503085736  5.393340262504 
-10.769123161237  5.607520642498 
-5.500236315804  -10.827588041862
 8.587258827809   8.588749486407 
-10.490677889512 -6.187901270870 
 3.870977758094   11.673460868449
-8.066087282231  -9.349819559262 
 12.309154892075  1.144834373543 
 7.553750871924   9.835787358282 
 3.413381756430  -11.987607003188
 10.013875286222  7.430065003039 
-10.201969374024  7.271457629312 
-1.145552008793   12.526965968195
 12.163967233326 -3.273570919579 
 12.063928535934  4.152477478334 
-4.105157010210  -12.097799822776
 1.848934951944   12.692308757762
-7.661657664883   10.371189911018
 10.749274728779 -7.143089653055 
 5.411551085247   11.847565813433
-10.221932667311 -8.081693093731 
-11.887411647812 -5.420560674389 
 12.959616219660 -1.670854894136 
-12.900621661658 -2.457962612590 
-1.702032045897  -13.095332555947
 8.648665582740  -10.099385287329
-4.990821994667   12.395036099127
-13.396430196036 -0.798977591660 
 1.600235214904  -13.392412395067
 5.957710235280  -12.108319792828
-13.378959872415  2.009738058135 
 7.001732882927   11.667966058355
 13.365840484362  2.598815248763 
-0.249863220394  -13.633552205849
-6.731959708424  -11.882321854305
-13.179729792995  3.672960239884 
-6.487882981738   12.178212243752
-9.571148748465   10.048631126525
 4.530101571336   13.151246430705
 12.368538559389 -6.390745839992 
 13.021141332095 -4.958082897455 
-13.269046566983 -4.614709514140 
 13.764204891741 -2.989466458451 
 4.372333452165  -13.402857770435
 2.771616537481   13.875584079679
 14.152443338207 -0.547864830770 
-14.170293031822  0.511169423923 
 11.535689621894  8.305367882343 
 8.002901951738  -11.779955936293
 13.257372242752  5.209833297351 
-2.698923235521   13.997492559088
 10.007433143153  10.178753709466
-12.619926537917 -6.737642697564 
 0.161257833206   14.307625653412
-12.478926143513  7.141264676789 
-11.737557446313  8.468617165079 
-13.322411930315  5.741034418848 
-5.804758245436  -13.299910578852
 10.996799488436 -9.575796843669 
 14.659388572073  1.095539930433 
 3.077121522237  -14.426399024870
 13.216802639271  6.927399705502 
-9.239606484058  -11.731522321430
-1.242525644340   14.906280441876
-4.951996205177   14.134715677983
-10.573493635234 -10.641732448893
 8.769640075764   12.197672249449
 7.198953087578  -13.207533544870
-12.408640300719 -8.617216113159 
 14.502557283951 -4.305721960826 
-6.706459894188   13.685586551885
-14.962536352160  3.045599542775 
-0.492191089062  -15.264308162909
-4.327014752991  -14.679071843476
 6.735771459710   13.772564755716
-15.043599421107 -3.115348178707 
 9.514588979335  -12.105333502383
-10.383665046828  11.465187030580
-11.572596240775  10.391254508467
-2.316867877282  -15.384258062205
 5.676953296217  -14.499541256683
 3.838589010068   15.107194562431
 15.512117679772 -1.623580923624 
-15.557786616345 -1.323961555012 
 15.337062491002  2.964211993798 
-14.428400163744 -6.034087018691 
-8.674639788114   13.085217113614
-15.058758816697 -4.650148866581 
 14.980046532087  4.970158425947 
 0.937867244935  -15.760919957648
-8.230856807051  -13.571676292768
 14.405053739489 -6.738915299737 
 12.736331393348 -9.602206433038 
 2.025474800053   15.821358234051
-14.455675588900  6.786403830757 
 13.683465368212 -8.297558210469 
-15.985444794714  1.042781969517 
-4.206887741718   15.523605316623
 11.097686641321 -11.646283035057
 15.769433683174 -3.208652610022 
-13.384981748839  9.013555177650 
-6.258261188610  -14.874156616469
-15.433989839977  4.792997712869 
 12.365667355267  10.491945986641
-2.131323170157   16.133469425177
-14.307161739211 -7.880884731457 
 7.192906558973  -14.719492403493
 16.386282771938  0.177026934364 
 5.903614745583   15.290132895872
 15.400278858739 -5.612707412758 
 8.842884135337   13.818537926399
-5.802472366145   15.378943213448
 0.589597850141   16.441726838975
-12.373474423056 -10.899901892758
 13.899485105467  8.917437806590 
-10.139488797250 -13.087368375797
 10.297979536225  13.010551310410
-11.396342529442 -12.116747307075
 2.254193767194  -16.656788247161
-16.410239707687 -3.913399816645 
-0.447778663281  -16.917277080759
-5.337493172837  -16.068266287229
-16.934454188249 -0.189367868760 
 9.875188429806  -13.784606698553
 15.358479645990  7.226376280663 
