 0.139435480523  -1.278267660180 
-0.000353073034   1.403498147063 
-1.479205660227  -0.445865885355 
 1.680418466509   0.074051222911 
-1.563104689748   1.456721221671 
 1.589503469003   1.661687504756 
 1.563592618756  -1.775996230003 
-1.300051805648  -2.614892475449 
 0.272844182342  -3.011303580407 
 2.949358862856  -1.187813573540 
 0.188778472431   3.228036554629 
-3.200629474216   1.593614627059 
-3.431701354396  -1.080994605623 
-2.072249241011   3.291168637172 
 3.964214821980   1.144079196845 
 2.997354696515  -2.905599520580 
 1.852116914951   3.833949968313 
 4.367674387350  -0.312557320417 
-3.283457306852  -2.990237890713 
 0.512715557644  -4.564162564524 
-2.115997670093  -4.149219210237 
-0.404838033733   4.677086586426 
 4.299354615978  -1.955108655753 
 3.405792421763   3.451948034851 
 2.083894059175  -4.467637569328 
-4.983639560988  -1.063244384202 
-1.908710981365   4.804295818432 
-3.456879232897   3.877979607608 
 4.778515536624   2.703982897627 
-4.885265632506  -2.564847659041 
-5.448110278528   0.880375421235 
 5.581988766280   0.731347820514 
-4.922319900918   3.003409784681 
-1.318205438146  -5.743649787108 
-3.981030492966  -4.413610194360 
 0.865566787263  -6.208447213763 
 5.691310561293  -2.679788198505 
-3.012405914901  -5.572420053787 
 3.090344982679   5.630181143546 
 0.570438684643   6.399816545012 
 2.996739265889  -5.707089844027 
 4.576554824656   4.920935945924 
 4.773901904415  -4.900134922343 
 6.883573297079   1.861575541011 
-7.134930443609  -0.832091519050 
-4.521657892588   5.643180462454 
 1.992496022718   6.954756291304 
-2.164709498728   6.916508725709 
-2.267791761842  -6.953418785001 
 7.375708563549  -0.509249180605 
-0.727720902586   7.397882234467 
-6.252513031986  -4.371478787395 
 7.194970944507  -2.711657652220 
-4.964204913656  -5.912261545702 
-0.684392787636  -7.716881764404 
-7.366143324323  -2.532622789834 
 6.361568474222   4.511845758776 
 6.538888581784  -4.337917611295 
-7.577606579082   2.750167116188 
 3.402434908798  -7.343401122377 
 7.527026117141   3.267352506241 
-6.389282064579   5.164427664551 
-8.193559186569   0.605250524725 
-3.748435144767  -7.365436445581 
 1.832576500493  -8.202201638312 
 5.353492771658  -6.901860867310 
-5.216903594650   7.057919887359 
 2.395666684314   8.471785929639 
 8.900451055358  -0.083737000174 
 8.661452329553  -2.184879481029 
 6.701405075507   6.029340996027 
-0.075405572359   9.017684134660 
 8.924850073440   1.766926201539 
 4.963964650851   7.735047216419 
-6.391385173757  -6.639776264974 
-7.566924382166  -5.265105488870 
-2.348990972804  -8.921508022893 
-5.285771631668  -7.679324347023 
 0.600008452537  -9.388819739693 
-9.380756986203  -0.720714996743 
-8.709739374267  -3.720729659958 
-2.941992026899   9.026544669886 
 7.453641172467  -5.880307697413 
 8.099308112947   5.121130056096 
-8.666021715030   4.148739549084 
-4.499508860890   8.555378255638 
 3.885691932378   8.891873357463 
 9.159678275276   3.581285413354 
-1.531078966144   9.754167523470 
 9.080432457842  -4.202938066818 
 6.928829264628  -7.289186358729 
-9.635993476019   2.966544567445 
 2.199347162018  -9.867029913136 
 3.684034774079  -9.417004771568 
-0.817659570831  -10.094501626053
-9.831499968954  -2.688931919557 
 6.967324391939   7.591873602960 
-6.924122938538   7.694302036062 
 5.455580326898  -8.810545490712 
-8.723182515600   5.671882309257 
 10.072019056465 -2.696047662276 
 10.459256885758 -1.182758610919 
-7.638718118125  -7.596478909160 
-4.985952029549  -9.632353099284 
 10.874184364724  0.479237822794 
 1.312341226855   10.832058351708
-10.824165359597  1.444438217094 
-5.858902703281   9.278882783585 
 9.352964706226  -5.822864685866 
 0.365012921662  -11.046124356563
 3.754038115302   10.437052191639
-11.126610950416 -1.113375075581 
-9.104381705934  -6.561441342843 
-2.352251956251  -11.006553426295
 8.567691166063   7.478956037748 
-6.675989618120  -9.214079990237 
 10.332635228868  4.815841205923 
 7.143267616477  -8.903034656554 
-4.573640839145   10.484235016746
-10.690758445527  4.257473643464 
-10.277380691407 -5.269055580479 
 3.005659784358  -11.153198227821
 6.896563983043   9.340562477205 
-8.567435645899   7.856659135702 
 9.002861375225  -7.412375982529 
 9.849575133102   6.299558144150 
 11.570930444190  2.335156009232 
 11.586252506394 -2.331734250517 
 0.185836296680   11.889132645937
-11.464863162623 -3.205365804132 
-10.085561205915  6.484423080643 
-2.353133464107   11.792444591454
 5.208307851628   10.853580822609
 2.474540165082   11.887570100643
 11.511182962225 -3.921577591250 
 5.497066015870  -10.875687380938
-12.249713367061  0.152132243100 
 12.288693762537 -0.400462553009 
 10.908920738617 -5.792658163097 
-3.954154644510  -11.768564618167
-5.390964393514  -11.218169058704
 8.627586628659   9.001526667416 
-1.774421989200  -12.470959707383
 11.871494258976  4.236418377197 
-6.356769714248   10.902806163956
-8.309688214775   9.519449294797 
 8.872121281845  -9.016494877311 
 4.060881056516   11.993304071533
-12.409709790734  2.890904154873 
-9.163659173102  -8.915778516911 
-12.644511360498 -1.999407325620 
-10.880067347226 -6.780373080914 
-11.883484221531 -4.970491715852 
-7.959260329160  -10.145882550733
 7.593989793385  -10.444723233376
 1.425297294559   12.965324891096
-10.417265806288  7.973936722914 
 1.119492486044  -13.096531734844
 7.532903680333   10.876765882512
 13.117054393178  1.791750724476 
 4.412479256474  -12.616399047414
-12.607653384479  4.457910863468 
 12.504631415091 -5.175979487421 
-0.281927887989   13.592154209853
-1.817238906510   13.486711662187
 11.620525906366  7.214689354244 
-10.658223360983 -8.592414000837 
-4.514384584129   12.926204242767
 6.277901783962   12.249070307375
 13.680081110215 -1.570336349853 
-7.085964455215  -11.827152812142
 11.308798290194 -7.919748052064 
 12.532297683380  5.989182494990 
 10.285604540302  9.415096162084 
 10.368946780517 -9.344203703677 
-13.898404471939  1.605374173141 
 7.113430448654  -12.079169834422
 13.498396954535  3.926881669171 
 12.315646571954 -6.802720921067 
-14.081017580176 -0.458951629243 
-3.867154366666  -13.565363649854
-5.447194281998  -13.016131135527
-6.637041875037   12.542392335134
-13.876295514326 -3.116277318581 
-12.415695704108  6.955003744004 
-12.725084990131 -6.471573481524 
-13.914781184719  3.257138204380 
 5.884914715572  -13.060385540448
-0.898244691893  -14.305094908805
 8.863154303151  -11.278488537448
-10.094353156237 -10.197092424267
 2.431589641642  -14.165167456468
 14.403030292914  0.620959835763 
 3.749406769764   13.921711091826
 9.300669949570   11.175438287868
-13.831955229530 -4.693484234949 
 2.304778871141   14.440040829593
-10.477226096580  10.201458015694
 14.239613276363 -3.456264864139 
 5.461264368097   13.663934271572
 14.520949788649  2.762084809145 
-9.212445792852   11.599450667122
 11.964927297358  8.913615270510 
 14.054514750054 -5.021810960831 
 3.924172587171  -14.408013079591
-14.835029826362 -1.954237077932 
-14.073352199128  5.207602595953 
 14.046341485585  5.458426727783 
-1.334052667563   15.019315131588
 0.897711073822  -15.106556623361
-12.499914551820  8.601684958576 
-5.378691893958   14.210436387246
-9.488543117240  -11.930327284425
 10.780302247531 -10.798375888309
 10.833318952667  10.846687379135
-2.232628948904  -15.217596607780
 0.520824360622   15.432675067168
 7.794580535793   13.409460011514
-15.314638332048  2.569789170776 
-14.255705434222 -6.234908655960 
 13.886084660957  7.033837378273 
-13.415528265083 -7.896038040807 
-5.892744916868  -14.452561501516
-12.528662442596 -9.329595008057 
 8.273116406344  -13.273417909859
 15.576946761994 -1.537932415281 
 15.072030396272  4.328609871066 
-13.847950427683  7.410594831745 
-4.025976980990   15.263881715425
 15.737068917340  1.592878436613 
-15.841033725397  0.912922283872 
-15.360392613533  4.074047686654 
-15.529103234080 -3.569788429951 
-7.589381442253  -14.067268350653
-11.909497233606 -10.736867778703
 6.756775639339   14.549184606441
 12.345530245521 -10.372081099752
 10.208558540427 -12.481307432538
 2.410422595552  -15.984792628940
 5.743895706559  -15.119378825583
 4.201360834427   15.622701305840
 13.381225328370 -9.131483869643 
 13.696711807637  8.656399439432 
-2.675408000992   16.030215145327
-7.966423823054   14.181763040476
 15.686932603338 -4.470962869262 
-3.995780041712  -15.845278792311
 10.662269979443  12.385105126240
-16.301180119228 -1.233016690666 
 15.194978466348 -6.215818520571 
-10.535086914017  12.594556707276
 3.989095293771  -15.955686303049
 14.509836253085 -7.760243813468 
 12.576168628764  10.656026265098
-6.728142599477   15.095279355404
 16.540304408064  0.033885572994 
