 0.065612517351   0.273132807641 
 0.607246902764  -1.209606835928 
 0.516953335202   1.724636801297 
-1.112438681482   1.557791570092 
 1.958923190303   0.995763302019 
-1.351392341693  -1.767336911325 
 2.289001878545  -0.627356163980 
-2.386670741682   0.691619119893 
-0.177881435131  -2.870734138615 
-0.654864326530   3.034273508484 
 2.000950638003  -2.631703568064 
-2.265548834470   2.568373379242 
 2.542640200657   2.572674606149 
 1.265976042441   3.388890719002 
 3.488973827589   1.292079326593 
-3.433842651221  -1.713798494617 
-3.902873672291  -0.267981414345 
-2.335163355158  -3.783177060665 
-3.788940281423   2.484420782092 
-1.201278214889   4.439411628754 
 4.038893910944  -2.244779275004 
-0.074263128774  -4.673951183987 
 2.576687937149  -4.067139081697 
 4.841429552347  -0.034382268611 
-2.947879824682   4.138994741071 
 4.326846743730   2.845366088964 
-4.731564541950  -2.834848995349 
-5.348815218222   1.381132522871 
 3.280794966959   4.576712631309 
 0.943098820152   5.595845020950 
-5.681972985555  -0.371559585570 
 4.159380166157  -4.157171916630 
-4.097067829582  -4.233688022081 
 5.814284163877   1.955910082109 
-5.127787085754   3.509823864380 
 5.890172968370  -2.037172551132 
-0.356345230039  -6.260413576217 
-2.670034553530  -5.748737612382 
-6.176185869583  -2.076982251611 
 6.600323596931   0.277279840793 
-1.782183131536   6.444941815624 
-3.392925387898   5.808266055134 
 2.688969118450  -6.238881367221 
 5.782644513258  -3.685897497880 
-6.689493851610   2.436470589541 
 4.808984087564   5.288737596715 
 1.694475759315   7.049222449787 
-7.343377224019   0.398433577652 
 4.625907129156  -5.882482031927 
 1.562697477532  -7.344310386672 
 3.667913858353   6.560261496232 
 6.564005167595   3.794629455026 
 7.421058144266   1.892038115965 
-6.763685396396  -3.636663409468 
-5.772008982916  -5.131560803343 
 7.272714940662  -2.622746840220 
 0.282235041849   7.766528686013 
-6.647010133297   4.062426870159 
-2.092465907638  -7.592656400962 
-7.748182571751  -1.466109438622 
-5.089624157843   6.032135080632 
-4.633359825800  -6.494716587511 
 6.126105157329  -5.430345170896 
 7.204875946713  -4.210026114375 
 8.401391634965   0.099959372999 
 6.393904272619   5.848309563316 
-8.690751672533  -0.274573328841 
 2.673584646317   8.286166455145 
 0.700624724588  -8.707178800331 
-2.360418316775   8.535479223789 
 5.000745919882  -7.351408008242 
-7.350329557178  -5.174531007387 
-8.367566836366  -3.443181525075 
 2.653993325236  -8.694414035649 
 8.897065510674   2.177656818270 
-3.975532684244   8.285377515454 
-8.407398243093   3.774793349424 
 9.162479996517  -1.305881082285 
-2.905512944385  -8.855749785856 
-9.076575126792   2.251094182573 
-7.062761862429   6.423530366709 
-0.075912404142   9.547361656272 
-1.071473197072  -9.510987652178 
 7.139697805951  -6.563119240368 
-6.758145922979  -7.055803921550 
 5.419369191876   8.211795060691 
 2.112447693209   9.677521748896 
 9.017254662875  -4.150015323999 
 4.493542920304  -8.953176600366 
-5.621979952482  -8.303640670762 
 10.010411655148  1.027171876610 
 8.454751514324   5.637500012529 
 9.273779917248   4.194397251913 
-5.788153249033   8.514109781652 
 1.702893181661  -10.211549344944
-8.895513191453  -5.340487382280 
-2.653427279780   10.137941104822
-9.919982567025  -3.540990044078 
-9.907226003568   3.678040110497 
 6.204376769663  -8.714771570684 
 10.439319670080 -2.349657113434 
-9.146144525244   5.587043774159 
 7.517130378726   7.723146478903 
 10.613148741564  2.411045389568 
-3.028280514682  -10.455071223993
 9.338045736077  -5.660784634258 
-4.540048432615  -10.056698182033
-11.029797741391  0.584876718103 
-8.361919192882  -7.218248411967 
 0.160782808349  -11.058628594234
-10.842614936843 -2.204282862449 
 1.036913691144   11.118772008286
-1.534442974859  -11.187772737062
-11.083823447557  2.203283470842 
 4.940062870728   10.178112471790
-7.466700636711  -8.547980954178 
 3.306321665715   10.861460852684
 6.480785338547   9.409888878797 
 11.408134077863 -0.650119935124 
-0.782248721131   11.537321193953
-10.395121610796 -5.094452419147 
-9.029831360546   7.275892285059 
-5.861251710452   10.035790317196
-6.326587491679  -9.831499694535 
 9.044463510203  -7.469921963897 
-8.164250612787   8.641213930179 
 3.740587052011  -11.294506617214
 11.447373775458 -3.600571852208 
-12.062313179263 -0.604568058052 
-4.585807642682   11.180937450885
-11.468356151855 -4.040663286661 
 7.436408712347  -9.683955962616 
-2.301410727283   12.004567333816
 10.850375489022 -5.644273583530 
 12.135003123706 -2.250510926021 
 10.261649721311  6.965615764193 
 12.060264980445  3.035096262289 
-3.926010149498  -11.929651104350
-12.521007632912  1.175548788276 
 9.223713032726   8.645964176938 
 0.285099476484   12.649595098146
 6.273193824687  -11.042882011579
-1.109594998369  -12.668464479985
 6.133555198525   11.173120896154
 12.646652249172  1.598805896487 
 11.584844143048  5.337086748004 
-12.656390337490 -2.110398827977 
-12.227604698077  3.895154545773 
-9.739471022602  -8.360908813626 
-8.591771448761  -9.565795030833 
 8.180813152304   10.011360731496
 10.619246660092 -7.452673885583 
-11.063668287798 -6.787206999815 
 3.739773934142   12.440801496026
-11.430383521683  6.214627317304 
-10.219387434348  8.377160614810 
 2.277909712713  -13.032484522105
 9.627293920506  -9.176474368166 
-2.854398133277  -12.990668079024
 3.970588350796  -12.864375291693
 13.438848377921 -0.826047090635 
-5.540197600255  -12.341691141377
-1.052002452005   13.516932574960
 12.491537973297 -5.306144541379 
-6.913420999844  -11.719683809299
-13.396982300436  2.644322177155 
 2.123170466911   13.497932153148
 0.301416118983  -13.701972987440
 10.846936659725  8.471626567730 
-8.522518367107   10.845164567428
-13.183035986949 -4.395140906475 
 8.150378701240  -11.268728037649
-2.856828083915   13.629266660794
 6.127857169243  -12.568397297875
 6.096724146134   12.713593985338
 13.090113468296  5.265843938471 
 12.320187280442 -6.891017743242 
-13.192498769060  5.081385255866 
-14.149366373520 -0.478258676007 
-4.314459362796  -13.484825567517
-7.157703344415   12.227901864071
 8.036161911041   11.689521304536
 10.046042663470  10.158807665049
-10.479726201983 -9.775446197194 
 14.335473190925  0.386543034144 
-14.322073467055  1.021580469532 
-4.642201260386   13.589368812321
 11.377130391609 -8.940481887484 
-12.390785351080 -7.584175377268 
 14.391103199738  2.183163336484 
-10.647201049004  10.028718646404
-14.480328624950 -2.368474950530 
 12.302835419301  7.998875822460 
 14.219062330631  3.766463476617 
-13.489518360406 -5.873193075312 
 2.497344443987  -14.588057647053
 14.417674995323 -3.653158288327 
 10.415145492941 -10.621044227565
-0.712812543009  -14.870560492312
 5.366532279191  -13.896989681535
 0.326941138419   14.945557304781
 14.963582829428 -1.916111319037 
 3.030746287236   14.779620075531
-12.828573318492  7.957526687790 
-8.375464646999  -12.593149679150
-14.554889362583  4.132638657931 
 13.528797052464  6.786142669720 
 9.756111830009   11.722196694255
-9.158919986437   12.212967219994
 11.886949396578  9.638186734391 
-2.218952012992  -15.163627806207
 7.424265315884  -13.629978491906
 13.157743440027 -8.256491638618 
-12.694949221607 -9.099354605700 
-14.512983167344  5.822706352002 
 9.001503559205  -12.804313227797
-15.637358751221 -0.917372263413 
 15.643756069617  1.201686050414 
-7.963340616784   13.521891957597
 15.693020065770 -0.334228520566 
-6.901072540438  -14.132780492957
-1.170977090897   15.696565344503
 1.709927308957   15.756600678630
-9.928946230963  -12.405797806574
-10.663762324449  11.814521010336
-6.758720598209   14.451194179186
-15.946186088787  1.145867670464 
 15.230356217884  4.901056444125 
 4.057048832515  -15.480003029663
 11.391540336758  11.270874835729
 5.401665920896   15.094497351720
 14.841553042336 -6.079565333657 
-11.283902950844 -11.490250345956
-12.197590878819  10.641823925059
-16.010927329316 -2.507196785957 
 12.523316350538 -10.331076276621
 2.275717309702  -16.075471820403
-15.522597332676 -4.803141060233 
-14.290306535361 -7.899816840119 
-3.881982354111  -15.904888078166
-4.703678392880   15.682064637580
 9.442177902734   13.395953373668
 13.715007996035  8.993098362243 
-5.419138178940  -15.481888464355
 15.102916787479  6.424610186378 
 0.234826645761  -16.414710518650
 15.791951457643 -4.693362593424 
-14.408725604204  8.079449470549 
 3.698813536859   16.207109663432
 16.430937400365 -2.774932744872 
 8.083292361828   14.644667485779
-9.672760886775   13.652692695216
-13.768451561735  9.519772468707 
 16.469008702559  3.127308842128 
 7.032245105010  -15.289328649471
-16.534672552194  3.490388524230 
