-0.832339836858  -0.393989665940 
-0.029538731859   1.155315796702 
 1.588412621262  -0.354187221909 
-2.384043797814   0.704665508020 
 1.532080640450  -2.126814419073 
-1.370975500808  -2.317882659205 
 1.679674120411   2.165458847365 
-0.499175732356   2.926175806658 
 2.911355785776  -1.215213085066 
-3.238535862840  -1.240198745930 
 3.537866467796   1.175301984898 
-2.925027115347   2.628731304492 
-3.782195334449   1.342505835974 
 4.124259813451  -0.310152570640 
-0.219899889192  -4.145849065156 
 2.311290667526   3.829812240568 
-2.896254968171  -3.558385820000 
-0.054399856163   4.596455507961 
-4.602582261660  -0.166138734418 
-4.127390632198  -2.499404741923 
-2.129526114347   4.339260124032 
 1.739885803949  -4.527539393891 
 3.550060691003  -3.316951994182 
-1.676832229640  -4.755833062156 
 4.623103092456  -2.176451621778 
 1.402867933774   5.189621032179 
-4.206258452809   3.415291877844 
 4.127423462782   3.551591465689 
-5.338422118539   1.729480741771 
-0.001485116976  -5.711339603500 
-5.613467205260  -1.336688864254 
 5.902200843661   0.109166184427 
 5.882292612448   1.647836329829 
-4.450982793546  -4.368455505143 
 0.067869021203   6.246534621922 
-3.312716438680   5.302540926713 
-1.878506455305  -6.268305692279 
-6.557438604817  -0.105866306064 
 5.705688951607  -3.246443588892 
-1.771022117272   6.399693505832 
 3.614600438141   5.784874036045 
-3.644160872968  -5.938930847592 
 6.856398744651  -1.373843837192 
 4.333894879571  -5.490796860925 
-5.896112423547  -3.810278432751 
 2.922314409094  -6.470762395403 
-5.598110603123   4.681486839215 
-6.678435622520   3.047685708366 
 2.349189503576   7.054059239244 
 6.200144378366   4.108386347274 
-7.040068588195  -2.658791876555 
-4.024192993727   6.660890765900 
 1.147548369879  -7.744241270392 
 7.921681101717   0.274381877860 
 7.880172550513   1.841778081685 
 6.103051311084  -5.566993746594 
-8.145377938327   1.597685603870 
 4.652209690733   6.896899222159 
-3.608256344393  -7.565932082514 
-6.255369256172  -5.593505989451 
 7.216178700926  -4.303428664385 
-8.426787306400  -0.028466318258 
 5.946863467500   6.016907784213 
-0.604248032052  -8.531773885533 
-1.176176215083   8.564192630927 
 1.188476762096   8.649390644252 
-6.355523609159   6.004326636041 
 3.556661390208  -8.131682289467 
-3.326727074913   8.233681635133 
-7.421093356534   4.910404694922 
 7.439597828729   5.003653758773 
-8.138017732619  -3.881400015714 
 8.708949954985  -2.393161058359 
-5.440129014855  -7.336993589978 
-9.025991329875  -1.495660641315 
 3.415470112147   8.494255479887 
-5.467422792286   7.627464293091 
-2.561898937488  -9.096020058021 
-8.706219744478   3.885576743841 
 8.747561101716   4.028664306236 
 9.638460315533  -0.124018194146 
 2.722977782461  -9.384510814388 
-8.114570193648  -5.452908406028 
 6.272165450812  -7.503898715985 
-9.486776176230   2.395265854393 
 9.740257340069   1.762219145059 
 1.331338584748  -10.011221468081
 6.173422595987   8.003050929574 
 8.710221319909  -5.247632859395 
-7.080921070660   7.376090080711 
-10.251829529637  0.014541296394 
 0.916507528448   10.268252432606
 4.943380079839   9.153974667266 
-9.699164927272  -3.883179040370 
-5.280841658100   9.150425543266 
 5.218203588717  -9.222233907737 
-0.542429715141  -10.596988071014
 8.230034637954  -6.713947893597 
 8.526069651876   6.370758577311 
-10.347000843316 -2.528317434882 
-4.720506537382  -9.745421140474 
 10.625647620856 -2.312976703758 
-3.578662735679   10.299495768344
 3.667326979492   10.282930390780
 10.479547177589  3.167398238903 
-8.294033381610  -7.145814298936 
-8.911412124068   6.411301849482 
-1.871147786450   10.838984706818
-9.928874026290   4.811094715090 
 10.189079389517 -4.250042384548 
-6.265720769777  -9.144819670265 
-9.906134494578  -5.404415609235 
 11.433039574255  0.160443585553 
 10.056737680409  5.539974144905 
-11.428984856834  1.426840549647 
-7.669473566042  -8.607784789005 
 2.559249120638   11.343416320485
 1.852360091323  -11.554907144766
-11.223467777385 -3.774490498993 
 9.764142339004  -6.824256875541 
-11.431176008426  3.478046124912 
-11.962706694979 -0.488985493162 
 8.780911187766   8.232651836295 
-5.325838593917   10.805087544851
-2.747672155521  -11.820230880203
 8.425908119142  -8.744949031352 
 6.394269665703  -10.344470399869
 7.576885266666   9.662804099402 
 3.785948614043  -11.693925690053
-4.310611511495  -11.511621172033
-10.135568913480 -6.970195426712 
 5.876457480566   10.910331513159
-8.797707835192   8.729705937236 
 11.478335441679  4.714051928074 
 10.958082070195 -5.852368146568 
-0.061100844087   12.444909007562
-7.513809857128   9.988691855652 
 12.539153098250  1.721498678943 
-11.363325548005  5.782686090951 
-11.405857746157 -5.713793512993 
-12.844476452231  0.836595730611 
-0.309473067042  -12.885310686622
 12.814750299356 -1.742913953312 
 10.552648084978  7.515372433494 
-4.211916479478   12.264043321907
-1.880973856523   12.866908597218
-5.960715572239  -11.589219222051
-10.827597374223  7.354991236640 
 4.898602994065   12.148691716978
 1.798212274761   12.988592158793
 2.498248269441  -12.917145907443
-1.862518117679  -13.049538069793
-13.109313614017 -1.998882807603 
 12.867085743402 -3.254116055988 
-6.692889686301   11.474745260344
 12.387703062351 -4.937192111474 
-8.164348915497  -10.622278161576
 11.840958060656  6.283430763511 
-12.911217443959  4.039538896943 
-12.888160485838 -4.172923774637 
 5.867469052413  -12.232662478869
 9.139870808258  -10.109444795273
-9.660808390214  -9.643289432627 
 13.003765757144  4.155906951724 
 10.498181198352 -8.741615475698 
 13.695180483522 -0.464430673101 
 3.649056910355   13.222350029091
-9.354387803386   10.129272869423
-11.250940555500 -8.086078635213 
-5.707218201392   12.646186275282
 12.275048280744 -7.077108878121 
 1.227839733474  -14.118493375603
 10.103592766660  10.016663452320
-4.788531096209  -13.469214363533
 8.230528341295   11.709415727887
-12.782577952779 -6.463370325550 
 3.688126653535  -13.880086880822
-3.183650908456  -14.069889150514
-0.262039809748   14.426585229679
-8.315930450905   11.823041173901
-4.588013412698   13.738252228820
 8.377630542045  -11.865631002166
-14.556696548627  0.564343781296 
 5.221360629570  -13.627995193404
-3.138416441258   14.258629429242
-11.378282924910  9.157882001184 
 7.069236386104   12.795324722959
 14.475499516665  2.134727086977 
-13.627526976481  5.382284593590 
 14.375429337320 -2.847070607586 
-14.378333930326  2.996125284532 
 12.002560065272  8.592725945791 
-7.645995729979  -12.722332113657
-13.883759762498 -5.413716890973 
-9.680044163415  -11.385793152386
-1.647251964450  -14.925495062635
-14.876834976502 -2.135683101669 
 11.137385290297 -10.210764248624
 14.615145839722  3.840500593295 
-11.066926001381 -10.339456937974
 13.986801414294 -5.830297192861 
-12.974382232581  7.838708842176 
 7.150581653193  -13.374364058904
 9.854641985155   11.547329603945
-14.684189233046 -4.010668858771 
-6.429820756401  -13.799026054731
-10.686813979631  10.865905367388
-7.638214940837   13.197446405466
 13.547526090860  7.009826830033 
-12.364084068293 -9.118961970333 
 3.783133722848   14.929985805859
 12.469533707998 -9.123150722263 
-6.432209420082   14.161035806410
 5.514428396741   14.585393573816
 2.317286560218   15.510866395561
 13.525999150413 -7.960809326725 
 14.591752703501  5.827451322898 
 0.678453330272  -15.734531145689
 15.766102605594  0.391919619618 
 3.188670290668  -15.491833715142
-14.127684404480 -7.137017720100 
 11.589149238501  10.794686447332
-9.630291023227   12.576362790037
 10.359482165472 -12.067977950130
 15.830197043578 -2.021448005679 
-5.269251298563   15.118681581873
-15.850698799966  2.558832185531 
 0.115749885998   16.104740287737
 15.992121079066  1.937250434012 
-1.395653375469   16.051920778555
 15.434393176597 -4.683304726662 
-3.643082935458   15.722730961124
-9.157860795346  -13.302010403137
-4.206947226639  -15.658609595365
-15.178908136641  5.736460871443 
 5.056707943482  -15.439265209336
-16.265893428003 -1.322766113566 
 12.909187467049  10.055077299753
-15.269304052479 -6.028801921592 
-14.601915103610  7.520085804113 
 15.864296590563  4.750446548513 
 8.408978903497   14.340704165908
-6.221095429466  -15.427032349298
 11.071389599355  12.430981061296
 12.814009022295 -10.664888584645
-12.247018292783  11.346679225421
 9.894288712869   13.447879861042
-16.168699617075  4.182801181708 
 16.786251173459 -0.773701062860 
-16.761786221158  1.235010228450 
-13.327167168155  10.266298357557
-1.832571523910  -16.793127780193
-14.481175328692 -8.868449826581 
 3.911294331686   16.571452055022
-12.970951746454 -11.101178947698
-11.369197064151  12.751983485464
