 1.061388396240   0.151339902786 
-0.211785197501   1.242937463258 
-1.257776418467  -0.582764991643 
 1.143441137976  -1.372961555980 
-1.815147092252   1.890380053019 
 2.567431423733  -0.688005465070 
-2.817509570592  -0.245632411493 
 1.308764727173   2.522196507746 
-1.284063649854  -2.646957848744 
 2.308894702089  -2.368807122270 
 1.174755812576  -3.356932414243 
-3.687012899345   1.116744381424 
 3.239594235658   2.133771384589 
 3.890697020551   0.546096285705 
-3.237062312787  -2.521996326753 
-0.766868183274   4.105996453508 
 1.437222443221   4.023612813164 
-1.075070397795  -4.366497626324 
-4.502082313130  -0.159459691168 
 3.788392072401  -3.071337951990 
-2.660609152666  -4.263601041193 
 0.573851484153  -5.223615145594 
-3.945224833883   3.636037085904 
 5.403131290391   0.351318034156 
-2.723446273341   4.682844989893 
 5.229001948371  -1.586437639873 
-4.959036663615   2.345892285349 
-4.936038547472  -2.573558556112 
 2.080641431077  -5.331484430471 
 3.918671626912   4.209771563233 
 3.769242856691  -4.679494184606 
-6.015393004138   1.223318962204 
 3.066011335784   5.478746441909 
 1.229596904350   6.191171485061 
-0.887528834409  -6.335070884023 
 5.902804801807   2.521731862536 
-1.269922208526   6.456361927560 
-3.838282181317  -5.411530905017 
 6.037221400159  -2.887886331523 
-2.424141884087  -6.307320509817 
-5.068739136743  -4.498686974707 
-5.698713447484   3.723170270016 
 5.471195081640   4.106860687264 
 6.857716459470   1.203078579479 
-6.924883548982  -1.036741777868 
 5.581089023197  -4.508852958613 
 7.019226731342  -1.688748427771 
-3.560574619159   6.350468099161 
 3.055026495309  -6.631358199226 
-5.267193576414   5.293942972062 
-6.998984089849  -2.607045811558 
 7.483478038097  -0.228950491833 
-7.022176872630   2.668188970525 
 4.840052959515   5.754382046448 
 1.360024882999  -7.397242321088 
 4.574407125754  -6.007217404645 
 2.637502065733   7.353709841718 
 7.458743943875   2.836111245626 
-0.130444513954   8.057968382872 
-3.799645768394  -7.114819016410 
-0.439444320360  -8.210583232288 
-8.329621207887   0.310724453321 
-7.012943268231  -4.516351488546 
-6.905323705035   4.890383698584 
-1.779959158017   8.284571069693 
-3.250974437814   7.840668082214 
 7.732870327801  -3.618211313461 
-8.394394984585   2.032283017686 
-5.654769426185  -6.540926846217 
 8.670874282250   1.019906628348 
 7.026442158952  -5.210988063126 
 6.376842980863   6.035820347464 
 4.277078208601   7.683892124106 
-2.442518324721  -8.519724327745 
 4.794251700640  -7.547080857183 
-6.073622471521   6.580658306311 
-8.768842082100  -1.955018689364 
-8.288134594035  -3.531454798857 
 6.195577967193  -6.693254884122 
 1.707790381695   9.012461723047 
 2.570485572855  -8.815093177922 
 9.124472982160  -1.711976254748 
-8.474959629299   4.073969771300 
 0.505600284430  -9.407740734225 
 8.515686569971   4.542742648271 
 9.171872304224   3.006263594859 
-3.922371413417  -8.885685088823 
-5.645513940202   8.073443996913 
-8.392897457281  -5.218115652702 
-1.175759475488  -9.813224901161 
-2.900334648781   9.497373209526 
-5.654453426319  -8.312780249358 
-1.003175481788   10.004346305969
 9.397544329590  -3.646115646939 
-9.727769916366   2.878919809447 
-7.317345649571  -7.129146263285 
 8.500875048575  -5.840444681350 
 4.474706575506   9.311748210671 
 6.695750248905   7.877751668692 
-8.721382358926   5.576474904757 
 1.010990831424   10.435263817304
-10.418666038200 -1.461204225186 
 2.111038002728  -10.450703719153
 7.511518362396  -7.675849645590 
-7.341375087555   7.913239832785 
 8.738546661770   6.398031741548 
-4.659485080833   9.785393466031 
 10.909434548461  0.023463680456 
 4.090414348845  -10.209801508083
-11.046750204860  0.803760624221 
 3.089588524498   10.639427882977
-10.625626333165 -3.238412879908 
 10.803941872893  2.716440966908 
 5.595147001921  -9.704015395160 
-8.677291615041   7.216341228650 
 6.116039911523   9.543159429864 
-1.894481546389  -11.196969018177
-7.551775763533  -8.722816713641 
-9.165246682566  -7.115436000798 
-1.832911237674   11.479816354033
 7.172702559399  -9.236625859263 
 11.606626158941 -1.691967451173 
 9.174011049284  -7.332030869990 
-11.445869410838  2.695231253369 
 4.694198769100   10.816616851995
-10.936038779711  4.433102464624 
-4.413334380930  -10.944809681197
-10.387596651121 -5.693865410156 
 7.648086142321   9.053353043900 
-5.989620281826  -10.354165452768
-6.884180210845   9.809772573913 
 10.356803045339 -6.170956957299 
 3.055825314723  -11.696810876221
 11.191208356908  4.667958894090 
 0.453483541080  -12.166079551661
 11.397967391683 -4.447123769382 
-10.213942216565  6.776918816442 
 12.275303410428  0.710100717965 
-3.725142585100   11.765245376396
-0.007707892267   12.344318854543
-5.202525780733   11.241155169959
 10.710728803689  6.260034843923 
-12.485394068359  0.069930851366 
-12.449150044344 -1.506999504991 
-8.868710868509   8.970684572601 
 12.271452170667 -3.069833767853 
 10.128107740714  7.650376290407 
 12.674496689848  2.241628816009 
 9.316957451750  -8.899685576556 
-12.792820658736  1.603107411413 
 3.297060055722   12.487270470488
-1.178159047793  -12.930758978619
-3.485701609886  -12.515579625889
-9.904326412018  -8.472489398333 
 5.885946056820  -11.742510700409
 1.698819997137   13.059382770542
 4.449388944881  -12.433197454102
-5.636223230243  -11.955442872089
 11.875585749325 -6.034438861902 
-2.860355166191   13.027157382128
 7.624139524291   10.971884677797
-12.639289976418 -4.624864500821 
-10.628244460188  8.299904873510 
 12.985428236732  3.950713119181 
 2.533040347859  -13.360077346628
-7.900361210516  -11.116122478957
 13.699305234776 -0.508533553524 
-12.454414926196  5.747538067724 
 9.971809861844   9.461312617208 
-7.837813970620   11.297027375385
 12.969866761089 -4.644984560923 
-0.439984383409   13.789268255815
-13.556426683428 -2.609166912878 
 5.416962103626   12.717266447742
 7.621936188871  -11.534055702796
-13.549904185630  3.159187924785 
 11.416592356628 -7.975664508824 
-13.896271284044 -0.942862972470 
-5.292892312470   12.912808995944
 0.747497038505  -13.944645794111
-11.862234299777  7.402772001755 
-9.373973564260  -10.518133755158
-11.688345137571 -7.883951787289 
-10.172529952819  9.962230028934 
-0.781233784785  -14.393194776906
 14.381196008093  1.004425280883 
-3.492475919773  -14.044929342852
 2.829427233374   14.268358698867
 4.341799759500   13.912690072889
-12.965924965274 -6.707083806954 
-5.183214889768  -13.647039868703
-2.048752871107   14.469843886757
-14.609714496358  1.458101689124 
-4.346186261218   14.081964526387
 9.343057893565  -11.448629255478
 7.062814156708   13.069355175971
-7.856819075143  -12.650833392038
 13.397723535117 -6.638588898410 
 14.472372807433 -3.814379211516 
-11.314405267999 -9.800381214242 
 13.514178761852  6.461836514703 
-12.030987883589  9.023741726882 
 4.066926198503  -14.517795337874
 14.893540638103 -2.354237020302 
 10.901877302276 -10.593122010887
-9.094422347524   12.194578204960
 6.277064475987  -13.862318488525
-14.264039060318  5.343588910998 
-7.005208963295   13.552894168568
-6.680390055152  -13.740556726985
 12.813861207765  8.337694786600 
 9.257781703356   12.240509250001
 11.481878717986  10.194786955829
-15.404071548361 -1.274584633696 
 15.125082319298  3.559801870212 
-14.559847228210 -5.603283494916 
-15.100217287812  3.935668707402 
-12.715718338641 -9.119407472314 
 8.434684820872  -13.213804456208
-10.699136427813 -11.506170925715
-10.600227682212  11.613386705618
 0.734982667211  -15.740476740349
-5.898666883483   14.642185195147
 1.350074445035   15.746097440511
-3.342147315074   15.449662733995
-13.745115895219  7.874080554115 
 3.858077261722   15.364640503903
 14.741278591090 -5.910857824767 
 5.571958747775   14.886923366058
 15.866018933342  1.257109557847 
-15.506101088715 -3.624600846983 
-1.641092460986  -15.848580240444
 13.021393941139 -9.235008294471 
-4.911778204554  -15.192060258663
-15.841974397496  2.607271956434 
 11.009300164113  11.706142074018
-12.080624377045  10.626733161579
-16.089477191464  0.708127507041 
 15.200451993457  5.351572582285 
 16.091128261265 -1.167801558327 
 2.368369649463  -15.986852198178
-0.306929020532   16.255482330743
 16.031266421928 -3.386778455163 
 14.437172815492 -7.802615358428 
 7.106150812312   14.821995712827
 9.105182186906   13.772441010077
-9.317620113516  -13.657589746659
 7.595827639171  -14.688725178209
-12.589632514020 -10.724831185595
 3.937218432324  -16.086114884110
-14.515915371811 -8.068050470479 
 10.336634701257 -13.064040459555
 6.074943666077  -15.520590718350
-13.742641223278  9.540894929698 
-15.601144798408  6.242929233818 
-2.989758281962  -16.566514321174
