-0.760324216259  -0.418590507426 
 0.928508458749  -0.313640616634 
 0.761166028750   1.330770534197 
-1.459559386513   1.174403347047 
-1.240716766999  -2.243807443643 
-2.583369681433  -0.673687973229 
 2.743411147505  -0.405281038191 
 0.109174410402   2.976377002219 
 1.363091090836  -2.699564753243 
-1.781261693572   2.704653119967 
 3.056475413543   1.746778965511 
-0.178952979687  -3.566492875639 
 1.663314116457   3.167878941568 
-3.233868772743   2.273428238739 
 3.373392124185  -2.348369536099 
-4.085908741122   0.781898128586 
-2.307805850827  -3.537653549031 
-0.794797309472   4.225708903701 
 4.411757288300  -0.515362060814 
-4.517290866379  -1.399352822315 
 4.618469669097   1.028031514998 
-0.252264022947  -5.187455937551 
-3.222934057242   4.084959390037 
 3.641073237700   3.956428569464 
-4.323669169575  -3.217256797107 
 3.615360751756  -4.008025619563 
-2.040410350128   5.077138815654 
 2.256567978796  -5.013463718290 
-5.663477601578  -0.195564878915 
 1.146966554171   5.559604636751 
 5.087656356263  -2.799800249923 
 5.430783445168   2.313097754851 
 6.050287917165   0.049813108322 
-4.840025743299   3.670022573174 
-5.774286811932   1.985217502143 
 0.953293505555  -6.189055589551 
 6.135903506635  -1.543318173054 
-2.242148759405  -6.291754922841 
 5.119714884906  -4.315886765710 
-3.850327098129  -5.522282765271 
 5.205228518255   4.407887848284 
-6.794006884961   0.829431606404 
-6.434322078630  -2.414176262334 
-3.432298982903   5.982656533203 
 6.955530556504   1.380823398420 
-0.343594411629   7.111076556071 
 2.843998797998   6.535903313323 
-1.903271521316   7.011980992083 
-7.381391296494  -0.560744829331 
-6.229500920830  -4.015849298817 
 4.531977365987   5.925422121844 
 0.066471752242  -7.558989220143 
 2.614366146762  -7.105582329956 
 7.605699030488  -0.103613463082 
-5.619031040716   5.219896381827 
 7.166787426509   3.141013954613 
 5.016869692064  -6.026806498930 
 7.640044039800  -2.463077744871 
-4.975451628501  -6.580455150212 
-7.520813448491   3.554702602844 
-3.423081598995  -7.602513335150 
-4.865943628188   6.875183779843 
 1.996636090274   8.202685181604 
 7.239343911019  -4.359679065138 
 6.980675941497   4.862050798180 
-8.481464185061   1.400325632252 
-8.577121266025  -1.478574302472 
-8.016766112100  -3.839968381476 
 0.664415102529   8.920978719684 
-7.130335472033   5.447983329625 
 8.967774352313  -0.969323935862 
-1.104533817418   8.961748339634 
 2.394771746659  -8.766033335922 
-0.076483301304  -9.125038426783 
-9.303921889892  -0.115300785124 
 6.631913555298   6.623843399183 
-2.013916927064  -9.192095093793 
 4.272098368601   8.388921422796 
 5.788806181800  -7.456627362937 
-3.451528536687   8.856952333817 
-7.074853728064  -6.698563494147 
-9.426101101304  -2.777322475107 
 9.491247760736   2.548779792041 
 2.958614465488   9.394800963957 
 8.853987520159   4.363494953685 
 4.411554149875  -8.850937091202 
-9.431019385593   3.214005087570 
-6.199895275160   7.816073740393 
 8.924228088678  -4.631540470802 
 10.082334559631  0.587145412869 
-5.319930173750  -8.607416553930 
 7.894909191119  -6.492870869157 
 1.598669471846   10.149410499769
 1.397117257534  -10.220828977218
-4.994466983810   9.036100203767 
-0.377589284597   10.510156989820
-8.540059219892  -6.182109943475 
-8.567561611965   6.148895546470 
 10.122000649061 -3.033133573865 
 10.552286974797 -1.039098274498 
 5.804413526039   8.987968559343 
-10.667005709876  1.088327957616 
-9.701182068032  -5.066848697464 
 7.213283950587  -8.293782457749 
-0.388763365120  -11.052407300444
-10.899622791991 -1.951051004884 
 6.104743978318  -9.320924295262 
 7.481102021453   8.359190254491 
 8.602305726083   7.250846908552 
-10.624752039462 -3.704809941285 
 3.041552113799   10.979847051697
 4.845589402022   10.335584895255
-10.815268121446  3.841691066011 
-6.981183810961   9.111307581487 
 2.473474612224  -11.276126189645
-3.078260608436   11.140674115138
 11.067288017708  3.369614957437 
-10.168830750453  5.683857847002 
 10.345589477402  5.392970090932 
-4.498122922356  -10.775022089144
-6.333114659041  -9.856275701124 
 10.686184466491 -4.957498988409 
 9.925013125961  -6.356416891840 
-7.933506534188  -8.814520932494 
-11.933886566139 -0.272415918919 
 4.170881086336  -11.273360741822
 12.083128387970 -0.693253919374 
 11.656903046578 -3.370345526928 
 9.350487567571  -7.744092604732 
-12.095494339543  1.557367532959 
-2.868503096117  -11.900557737055
-5.774990340425   10.846050850731
-9.405618925235  -7.933384827634 
 1.493332841561   12.257984898815
-1.283751107265  -12.403916887800
 7.880090599511  -9.678706548454 
 12.436647582278  1.548288434117 
-10.672694713127 -6.594283253641 
-2.380087056391   12.521635347682
 0.254973462473  -12.775910465879
-9.576931418454   8.577145458081 
 8.441965704706   9.782378460035 
-10.770957246028  7.289353713744 
 6.748569109836   11.138976832528
 5.240341347100   11.930837545891
 10.386271774398  7.921612962814 
 6.842958013004  -11.129213474322
-11.783650470698  5.647076038054 
-12.652267568207 -3.374076131019 
-13.017046378635 -1.432572101822 
 0.240500555397   13.125810971390
 12.687548986462  3.689401791043 
-4.631102267717   12.379002967260
-7.088619962355  -11.197490706873
 12.344987216154 -4.837503511654 
 13.323123274853  0.237984100165 
 11.501331431616 -6.774189916898 
 13.234369147146 -1.780440833081 
-8.151275472744   10.598124098360
-4.673832192309  -12.542959007090
 3.440016798079  -13.012079460826
 4.971601004032  -12.659155823358
-12.603198653914 -5.146229751183 
-13.540033118571  2.014244480365 
 10.735901686691 -8.497701665009 
 2.878877787207   13.461647353517
-11.044626785550 -8.303848364219 
-13.376212025149  3.661198598867 
-9.009516296596  -10.552344570512
 12.308715713516  6.634167501248 
-6.120034898316   12.608927198079
-2.370217117804  -13.944384670231
 8.970116053237  -10.957194942423
-13.262448520909  5.200767898302 
 13.683792993599 -4.107035106486 
-14.359567183494 -0.732614652158 
 2.014171488337  -14.336040914479
 0.980237326247   14.455427751228
 13.508839545564  5.247775412705 
-6.978125041125  -12.750786832979
-1.812932559533   14.431533956436
-10.613427029681 -10.004210820792
-12.476686964240 -7.621901040550 
 11.686263920125  8.797695635177 
 7.072764562952   12.821291372859
-4.303501044692  -14.028671081434
 7.707509597703  -12.488234240401
 10.796272439142 -9.998463706817 
-10.729185509195  10.079432614075
-11.761501326903  8.863479489205 
-14.150865206834 -4.089150335257 
-14.721399065006  0.870038750351 
-5.112197999720   13.915435834278
 13.177882859506 -6.822520540834 
 10.706288546910  10.326818082737
-9.028013983643   11.868582067828
-0.116485468587  -14.933308030627
-7.654292509055   12.979368101086
 4.636185271931   14.340890361310
 14.875857374139  2.448470711821 
 4.338031604745  -14.446196797694
 15.170043267337 -0.261453929235 
 6.006698801415  -13.965652792157
 8.988045838942   12.280848517651
-3.387616591413   14.900160368707
-13.657748229704  6.932636720525 
-15.152775926365  2.549315340643 
 15.202750695093 -2.423688248425 
-12.274175807500 -9.355660088116 
 14.904834773736  4.083948671925 
-15.052774854460  4.068841237564 
-8.421573011160  -13.247475624517
 12.671627351528 -9.280976157262 
-14.788138975409 -5.454107039802 
-15.464228693893 -3.300058398420 
-15.718591283040 -1.764891044774 
-2.351368753588  -15.676355520672
-6.697190583457  -14.410765179826
 3.329008754855  -15.575656340216
 1.711533266128  -15.870620425793
-14.385577859787 -6.923950645977 
 6.756272452279   14.469112353834
 13.579194340872  8.467877707434 
-10.154232364891 -12.420307818335
 16.004863128179  1.136048748781 
-13.661277904451  8.439259220761 
-11.172166038138  11.556344747326
-3.856138194245  -15.612088210890
 10.607426924947  12.091438403704
 0.636681691543   16.095752950342
 8.276297475572   13.913646256609
 15.710571611653 -3.925513034017 
-1.752918763436   16.126479614632
-7.233470826135   14.532786260675
-16.235416611099 -0.278277127151 
-0.863875385382  -16.355286941999
 15.303440508714  6.078069089656 
-9.589661996838   13.394625203967
-5.904316186361   15.379724278342
 2.936398066332   16.232879801001
 9.315222623971  -13.639882972032
-14.050454822535 -8.779303125889 
 16.596723686508 -0.798642703212 
-15.302411333000  6.517040633027 
 15.510605243073 -6.387308554685 
 13.454693776519  10.036770181019
 5.604573891365   15.846373819641
-12.961397967877  10.746026448787
-4.577872495036   16.205052217826
 4.707537871259  -16.199325181743
 14.748799145653 -8.291286047813 
 11.162330756200 -12.722881886736
 16.231377074134  4.802320587892 
 12.226960165114  11.715868731622
 7.961144260601  -14.969578252281
-13.291840256307 -10.643673868658
