 0.021801921414  -0.657213048284 
-0.720045377442   1.219882210420 
 1.114079861830   1.001124482939 
-1.800996370128  -0.856834295418 
 0.890913151794  -1.954222614220 
 2.524438516817   0.341628938441 
-2.651909226756   0.643469714572 
-0.532706868807   2.835279424929 
-2.791745193110  -2.086833318335 
 3.178936516248  -1.441011209265 
 0.340597165182  -3.497527541382 
-1.195817002961  -3.355427758964 
-3.704261266434  -0.429864238285 
 0.710305272577   3.724812671298 
 2.819808162290   2.722890320443 
-2.030935219784   3.423872416186 
 2.829704304442  -3.054491153089 
-4.424731813727   1.269402536612 
 4.738367211967   1.262518588636 
-3.551896170548   3.411256952564 
-1.055994659624   4.841711140244 
-0.596311540761  -4.984698185953 
-2.593779276643  -4.383511839749 
 5.082727635972  -1.177450738436 
 2.392389010605   4.709752985664 
-3.935223702780  -3.552631702762 
-5.261524650150  -0.974786622159 
 1.521958691430  -5.156264864008 
 3.807044475848   3.955813336363 
 0.867624425353   5.470983062860 
 5.151740506100  -2.944373142410 
-3.021288156371   5.402512864979 
-5.042234619313   3.781118580151 
 5.644322307571   3.319130161019 
 4.435828025136  -4.865516057935 
-6.178891993643  -2.453889746703 
 0.862341501263  -6.634414251032 
 6.691774344960  -0.086730013251 
-2.856348064939  -6.087359453002 
 6.566195814550   1.457710622304 
-6.795489302841   0.073240734274 
-4.687880567170  -5.085826183411 
 0.629708602252   6.989621281729 
-0.875803291817   6.965123911518 
 2.381595491963   6.617136159418 
 4.104847825650   5.891454320620 
 3.329566361751  -6.400534867605 
-6.936783607501   2.028581494672 
 6.995491807459  -2.157428663226 
-0.633174355859  -7.484284750241 
-2.862927521104   6.952745869475 
-4.981378747683   5.723691210753 
-7.468429686255  -1.358361633007 
 6.703758255417  -3.708666140964 
 5.898949571158   4.914965830516 
 7.250090647924   2.886663465402 
-2.305789315884  -7.628369285034 
-6.408234575735   4.756424290562 
 6.067678668813  -5.241045296023 
-6.225282498799  -5.191478506684 
-7.228855328415  -3.809966883886 
 1.258130143019  -8.090148480135 
 8.139497590270  -1.077413562919 
-4.173460554586  -7.177287124971 
 8.380734867545   0.841649753182 
-2.084028222565   8.259389150116 
 2.891949177994  -8.187213023963 
 4.688781656792  -7.313549658632 
-8.612438722991   2.130488193195 
-4.133471644342   7.930559119975 
 7.687851825081   4.578897186850 
-7.880417599841   4.406187321602 
 3.331953977376   8.461850911181 
-0.604256036851   9.097090905574 
 6.611188142536   6.295584864085 
 8.691428595416  -3.008775472146 
 9.024862839988   2.248087436187 
-3.369532393070  -8.690419461545 
-6.240768334996   6.979814176912 
-0.804328522204  -9.453799780712 
 0.938944798259   9.466007166957 
 5.466995223179   7.786300636146 
-9.582862138703   0.678590247228 
 8.388393945716  -4.697424465041 
-8.039149312993  -5.351029757437 
-6.807955610161  -6.979200493435 
 6.364301766001  -7.444003957527 
-9.167503880657  -4.030204595072 
 10.026523357190 -0.499661373059 
-9.798271812833  -2.356364981149 
-3.042254043840   9.646228143740 
 7.768530573585  -6.592948087083 
-5.538472708311  -8.553943275694 
-10.163529566927 -0.768931009381 
-5.690419179579   8.470905526907 
 9.476474479664   3.857455605252 
 8.462591153328   5.871908628806 
 0.731048745842  -10.286532372892
 10.164999799015 -2.015559880963 
 10.379474477414  1.027597819143 
-9.492732922751   4.403116116423 
-8.123059722157   6.653084072019 
 4.741380836715   9.381226011365 
-2.820695066592  -10.158962472645
 3.438496579758   10.181119033880
 2.417357583937  -10.511939800079
 7.830175122993   7.551749480684 
-10.533354253919  2.776344854283 
 10.587790043796  2.579660974196 
-1.733857861891   10.808527639380
-7.394135325103   8.128880660093 
 10.298097323526 -4.206378396764 
-0.161541505917   11.161346435339
 4.592129295871  -10.180463110142
 9.617889413848  -5.761374729243 
 10.028233112030  5.262000626416 
-9.127320170939  -6.861914726835 
 2.221023154479   11.308775063253
-4.246576395694  -10.765873486695
-11.521354249816  1.502407571440 
 6.929613202112  -9.343267562099 
-11.348235133795 -2.689596660546 
-1.802639030926  -11.540657753569
 8.874672685695  -7.625755403003 
-6.802403230625   9.575536905111 
 11.388345517454 -2.894092253872 
 9.374255251920   7.092379275130 
-0.227274534423  -11.761693513875
-11.792550956882 -1.093635050636 
 11.927365428061 -0.090336570730 
-10.768412829980 -5.211652381996 
 6.095599408054   10.309223070575
-4.990959412133   10.897003148072
-3.250146421747   11.563397011764
 1.424779549635  -11.966030531945
 7.456717277887   9.520957278467 
-5.782974694733  -10.649720340464
-7.171604550243  -9.906087412748 
 12.155020131748 -1.590561860071 
-9.432867223788   7.833214827323 
-8.385190851115  -8.962746703414 
 12.160719882259  1.984350826760 
-11.646422239910  4.216058142751 
-10.741856658687  6.249581825808 
 8.808376460044   8.782830852578 
 6.392104681782  -10.786404795467
 11.881258291688  4.243868646830 
 4.269079656837   11.893666956183
-8.327560903604   9.576785997422 
 0.518451226103   12.698161792048
 10.846075764639  6.645518961023 
-12.723545516416  0.277002206979 
-1.924687596124   12.830329833455
-1.200959011236  -12.956638645799
 3.264318876259  -12.736223056525
 11.880489635264 -5.758864339720 
 4.735989530364  -12.445628701712
 5.925761044612   11.965639071920
 0.570813344195  -13.345707545963
 2.762044639683   13.144919677491
-11.089857115164 -7.628058263105 
-4.990161611516  -12.505121740020
-4.066417641728   12.836846973880
-13.251775361828 -2.405644080438 
 13.088066621745  3.215319949039 
-12.063781529671 -6.129530661399 
 9.043152919916  -10.073297629812
-13.327407895347  2.427113537954 
 13.114980185247 -3.746855501049 
-9.842994822607  -9.487145715456 
-11.155866424867  7.914156342010 
-3.017725870241  -13.348328766713
-7.166606777517  -11.710261364087
 11.297023874069 -7.927676344382 
-6.783883824776   12.077210520095
 11.269978240489  8.087930311941 
 9.079402436387   10.488354854822
-12.392394781836  6.262074693497 
 13.869131273802  1.746036332513 
-8.908788202471  -10.823734643644
-13.269191754701 -4.635744412702 
-9.863412627273   10.079055295512
 10.429386398605  9.498433794444 
 10.638776702324 -9.357182317880 
-14.197503930801 -0.199016477128 
 12.387225310559  7.013859958116 
-8.261074942264   11.651460045049
 2.456042960631  -14.086334366783
 13.224329034989  5.588445630393 
 14.284222638381 -1.980835214875 
 4.878183701937   13.572277890341
 7.697993928648   12.376286823400
-14.554245295268  1.367980173740 
 14.624496745225  0.265144679730 
-13.667878164202  5.250693717770 
-14.178384149567  3.664286080991 
-1.187560143773   14.649325737475
 8.779253618704  -11.790225995723
-11.410012551883 -9.268878391528 
 1.051875135843   14.780235310780
 1.130617090128  -14.790343761310
-6.914797355511  -13.295225479639
-5.111960402265   14.123406985215
-14.771964128957 -3.018463391860 
-3.301215917331   14.733359562289
-5.325636727529  -14.170556305415
 7.242616898279  -13.353362508293
 10.571679882991 -10.928682835735
 14.718143135076 -3.923446222596 
-13.301760349031 -7.462975996143 
 9.383619818036   12.030200300329
-8.511895736436  -12.692833694221
 12.116682728744  9.380680071940 
 3.143547472061   15.013255760478
-6.651825180413   13.836728579254
 4.233622005366  -14.765752511567
 12.205051378585 -9.444437501384 
 14.408020575271 -5.577888105185 
 15.066196236512  3.474792197735 
 5.761560568280  -14.368792122874
-14.786357805664 -4.597397345083 
-1.454012909719  -15.423469203139
 15.381391215188  1.935082096108 
 10.897909475821  11.111913105346
 13.240193409147  8.359171739987 
-13.641143948462  7.732271820055 
-10.058885127985  12.057148949353
-15.651521041300 -1.668441656963 
-12.659532952245  9.420947652468 
 13.662824811386 -7.901579663097 
-14.524335964117 -6.246634597983 
 15.806045330446 -1.462883108416 
 2.775986246687  -15.630339563631
 14.633906854405  6.204528916130 
-2.167837944354   15.840970515577
-15.851618352225  2.145811878012 
 7.326404447430   14.289140604798
-2.964839154822  -15.812786325954
 0.281554947500  -16.116713728013
-12.138663422428 -10.663396169435
-14.725597320307  6.654456372592 
-13.143930207653 -9.411869447326 
-10.518936008186 -12.314070259554
-11.826981908508  11.091887703468
 0.190355674100   16.223552417977
-4.753082372278  -15.578138491875
 5.427517116511   15.584094247637
-4.286973492529   15.970316982850
 2.259251413306   16.404028728710
 10.781790291272 -12.642380799697
-15.796251676637  5.213275851370 
 16.231651474155 -3.914723340511 
 12.391000860510  11.264558738984
 15.158220313710 -7.390576597141 
 14.888557693619  7.955481914308 
 10.067056042807  13.554094811895
