-0.281646026362   0.280417529279 
-0.498711536439  -1.227602978245 
 1.648379099958  -0.927201013685 
-1.905189630939  -0.436515465035 
-0.795667585474   1.785981714239 
 2.483616323982   0.336536967697 
 0.666285503169  -2.664078655164 
-1.338070600650  -2.615781717200 
 2.003575462572   2.176444716558 
 0.787574322655   3.248192853926 
-2.273953785840   2.459414211333 
 2.882055288239  -2.146605146309 
-3.761247366451  -0.615564021453 
 4.103533266432   0.349191861467 
-3.768926467583   1.844068234569 
 3.883125971594   1.941137803040 
 0.220161968382  -4.389890102627 
-3.607222314418  -2.598915610919 
-1.392303523870   4.481004384569 
 2.596705024061  -4.126625813221 
-1.275534290583  -4.766666999525 
 5.072586749636  -1.412545215330 
-5.035126011871  -1.765568253135 
 2.632185220865   4.730484240366 
-5.259479098896   1.353659816019 
 4.546866542865  -3.172583839101 
 1.000289989140   5.470169779092 
 1.657100522567  -5.395219096330 
 5.591967972399   0.804365229523 
-5.718929268858  -0.318776568598 
 4.908739590343   3.057024241778 
-0.850888731636   5.908741684279 
-3.411419142410   4.981937859562 
-3.308563972806  -5.087157791683 
-5.167248869204   3.541210316146 
-1.030334420258  -6.421999710336 
-4.904729064722  -4.317472079356 
 6.645991036379  -1.108609858368 
-6.056231705508  -3.219590320394 
 4.072589298502  -5.769097886975 
 0.422420577017  -7.110330269530 
-6.818522775052   2.080956006599 
-6.960577993214  -1.664837083813 
 2.642806902532   6.662357305462 
-2.604296267761  -6.687172138832 
 5.802148755710   4.263601969987 
 2.053055517126  -6.915343097369 
-1.085383670452   7.426901128702 
 6.787835854690  -3.213129148906 
 4.773126274416   5.804380097029 
-4.678517895002  -5.884544520553 
 7.532383926922   0.226185601284 
-5.360578854552   5.319063344519 
-7.831233365352   0.099887446068 
 7.651107540348   1.935795683572 
 0.430130017261   7.890646470471 
 5.979612035646  -5.318749582894 
-1.222911369543  -7.938552007928 
-3.125481048843   7.399937172799 
-4.570439157994   6.746397051042 
-7.360002038688   3.663626785876 
-6.432642716480  -5.241943132374 
 7.331820200314   3.922982936727 
 1.136835402120  -8.460470389211 
 3.395401785699  -7.920128468723 
 8.690526859049  -1.434459976063 
 6.703357979506   5.722180793339 
-8.554219075459   2.203054272953 
-7.750401557458  -4.502148910621 
 4.751998724765   7.628582863941 
-4.057319702731  -8.100150297745 
-2.460985743734  -8.810620153675 
 7.923009427549  -4.595399204876 
-6.099859847283  -6.908296140916 
-0.140608252113  -9.366015124606 
-9.025907166329  -2.531047611851 
-0.537039300277   9.486222938669 
 8.930391220472  -3.264268741607 
 9.349884219792   1.775189930643 
 0.987515620726   9.488238674654 
 7.318591794265  -6.131325669124 
 2.552283598425   9.318994419291 
 5.706433057900  -7.819323149168 
-9.697957681324  -0.675076819875 
-5.996782193297   7.662658962238 
-7.675303937847   6.021035458883 
 2.499650726223  -9.500567097255 
-9.149883844696   3.620780969052 
-4.055491359831   9.004225464585 
-10.050560186697  0.836978908424 
 1.115249522989  -10.194294530137
-8.900960214045   5.140657866959 
-2.261820351320   10.118765276230
 6.903271851254   7.756095349485 
 4.048753123440  -9.576069947643 
 10.436866722575  0.736344024812 
 9.797968011172   3.877303635441 
-1.553663138677  -10.453675931383
 9.093788370961   5.412271041396 
-10.265882547288  2.576328698222 
-3.981411457411  -9.921721881868 
 8.830812699693  -6.083000242869 
 10.385964334571 -2.788358270301 
-7.799735335541  -7.516321533537 
 7.965114920807  -7.567089136141 
-5.854636382852   9.350851759774 
-11.026759168710 -1.390606966734 
 11.060421296466 -1.209855650761 
-9.240790894130  -6.197266269318 
-10.450869837178 -3.900443905940 
 4.279549765807   10.334543005768
-5.730173754142  -9.717637577412 
 10.374253833474 -4.432203071671 
 8.752925053442   7.369029115189 
-7.492782547185   8.649046823436 
-3.739165350640   10.834606616911
 0.032299764309   11.504091434062
-11.511941294676  0.069841399138 
 1.986461773235   11.351637255156
-2.927394311963  -11.301234288772
-10.575991655195  5.320990705642 
-0.740267673721  -11.832070977612
-9.775764209885   6.788394999384 
 6.649084300318  -9.872353168664 
 6.578429406154   10.003858981619
-10.806615988185 -5.480973347901 
-5.326661017406   10.906234570449
-1.753626715494   12.018522049002
 1.487588635300  -12.074405187670
-7.244703577927  -9.786152204257 
 3.896872058287  -11.536735034148
-11.970967954448  2.306684170853 
-5.059539850975  -11.092447874581
 11.987018095132  2.454361231338 
 10.310922925574 -6.622493252627 
-8.620865783521  -8.894203707296 
 11.974225606790 -3.399072522625 
 12.452242675400  0.201910734198 
 8.134809508803  -9.433180020397 
-9.290678233218   8.371657276875 
-9.853643954682  -7.869344510767 
 11.998131157212  4.068056484899 
-11.902325777225  4.409299301957 
 8.608465492541   9.465959502256 
 9.741485552875  -8.410905389211 
 1.379517047083   12.818599501020
-12.375003564164 -3.656930680445 
-12.922484773730  0.798013424833 
-4.302059621483   12.227601595446
-12.898422531155 -1.363965054169 
 11.973149686484 -5.051438683114 
 4.550339077816   12.237600116881
 11.376781732855  6.427141838741 
 3.084319991164   12.870976248729
 13.299990677196 -1.042760999461 
-2.282799924231  -13.144215509059
-11.247941294725 -7.218005139595 
 5.529592042555  -12.214885481644
 13.309967803789  1.721868437986 
-8.974196767726   10.030952479678
 7.021372933655  -11.505986869707
 0.845742956620  -13.464071613846
-4.049615218640  -12.928293555699
 10.979137694704  7.941691620248 
 6.070146494748   12.139493734006
-13.155585883175  3.397698792429 
 11.311493900422 -7.760244685021 
-7.615602841643   11.445686662202
-0.648617583372  -13.758945377072
-12.518495751623  5.796197472437 
-6.044131770940  -12.418135564399
-7.899676017123  -11.328816523332
-9.941325784296  -9.627500378760 
 13.573435462884 -2.731124379691 
-2.585709644881   13.614716610463
-12.717180348294 -5.605295040659 
 12.855658810049  5.301515502418 
 12.263014516471 -6.588488054842 
 7.814919805752   11.521065696520
 3.259596666840  -13.564725389466
-5.970099774137   12.615938910660
 14.127951747282  0.457638294901 
-0.256544868268   14.186136604970
 9.805356011884  -10.302981029278
-11.389432858221  8.584914463608 
 1.626422097759   14.312591447062
-14.410303558482 -1.049755940046 
-4.232294574333   13.817347747827
 10.024460913042  10.422467583897
 14.060262980681  3.558893838024 
-14.581624521066  1.254689520641 
 3.970154503876   14.126251893255
 8.543336831591  -11.937723282256
-3.427890644372  -14.327194463945
-12.796671545671  7.372240097328 
-14.209429547576 -4.123672930397 
 1.802374980690  -14.769394816045
-14.672774858397 -2.623369711644 
-7.469054348510   12.939286048222
-13.182755359613 -7.148722103156 
 13.344444510871  6.912493399564 
 7.176750121065   13.267208090365
 12.316930711588  8.805473154394 
 5.600457224310   14.077034457935
-14.876277614396  3.001862105855 
 7.591752665317  -13.175698725659
 14.706551009517 -3.878226420862 
-10.406436954508  11.130427847084
-14.166801485044  5.711597579273 
-7.759746227436  -13.196543882667
 11.957962473963 -9.601444027929 
-11.905852771337 -9.699493553213 
 15.327907503430 -1.660834408804 
-14.361359484092 -5.684685454241 
 15.445135064054  1.569620024336 
-9.429353206282  -12.419501812582
-11.707654076578  10.305515447769
 13.467359771400 -7.875148424115 
-0.639006124095  -15.631381298477
 5.672307545986  -14.660830623130
-11.128710297137 -11.113478570348
-2.508646039002   15.544647737423
-0.892759790228   15.743800942870
 14.587960921830 -6.035091132780 
 15.792920597668  0.082632004845 
-6.547227425148   14.387549497002
-15.816663075569 -0.010971890977 
-2.314153120771  -15.732837010620
-15.855406456039 -1.607689213842 
-15.330086450740  4.551276825480 
 10.265128572550  12.340418233686
 11.588842159267 -11.121090914143
 2.947159772301   15.793202465783
-6.085814431274  -14.907556723880
-4.787797505559   15.403233669580
 14.842928022794  6.371308204716 
 11.625302511991  11.235891825915
 4.531367179139   15.520229324371
 9.202811491904  -13.336730122107
-9.111327604228   13.419444804921
 0.929286770351   16.225283330512
 13.857927047823  8.546475570925 
 1.325884929637  -16.272853062034
 16.047409647966 -3.138083087176 
-16.281035595770  1.548398962674 
-4.003135193135  -15.889759023054
 15.668257480763  4.943779149766 
 7.127552179538   14.815096862392
-13.853120755296 -8.968325941880 
-16.274178665546 -3.134731039876 
 16.253550668656  3.260521274985 
-14.986736566593 -7.167360827563 
 12.962409429508  10.458790528650
-16.381258770017  3.104249244513 
 8.619753676394   14.380180571065
-14.501619476950  8.441724536427 
