 0.711240931568  -0.509015345205 
-0.795735444269  -0.988324827805 
-1.692112002234   0.245220138457 
-0.637203553269   1.664079399669 
 1.960232862545   1.134358838422 
-2.338700628322  -1.233194239535 
 2.754191292612  -0.583054988792 
 1.953058530486  -2.174928053401 
-0.528048496730  -3.130614641919 
 0.677775254269   3.249054213849 
-2.561066201219   2.362394234766 
-2.590497102433  -2.835928299852 
 3.868130134504   0.750161781108 
 0.748274098451  -4.030452968967 
-3.994478350672   1.229007065543 
 2.529682110290   3.329794777383 
-4.027658825348  -1.728791078710 
-0.852050298424   4.550445833665 
-4.884014874000  -0.477054372077 
 4.336237053269   2.328915887863 
 4.711726288193  -1.457233817235 
-0.809011038238  -4.905578960630 
-2.493310946634  -4.577708317054 
-3.389660059169   3.970147159861 
 5.356640361345   0.211879980441 
 3.687676343824  -3.975879044708 
-4.269339263293  -3.370924708014 
 2.131459961631  -5.038548535376 
-5.533066280548   1.032322651410 
-4.964903624100   2.651518564055 
 1.040329412154   5.533356680243 
 2.656225630893   5.112931036498 
 4.240252734411   4.059061143736 
-1.712109582500   6.035127089113 
-5.775769363658  -2.644462819066 
-0.216916853111   6.426518926978 
-1.711170076121  -6.219238263013 
-3.932468355575  -5.256366110165 
 6.382186675340  -1.566544141831 
 5.736226074773   3.670338308514 
-6.773279252416  -1.329639423487 
-5.317285153839  -4.487340569601 
 2.241681279494   6.597673970870 
 5.888338155584  -3.795255770656 
 0.039437909256  -7.006133871941 
 6.641203237103   2.304480524163 
 2.553849325898  -6.600553096371 
-5.487232011134   5.280246805555 
 5.115582929390  -5.682814172143 
 0.968785314672   7.588675779421 
 7.648095013674  -0.508002013535 
-7.409071446758   2.199162562076 
-7.730205985907   0.599322711465 
 5.580985624866   5.417499298156 
-6.830265381541   3.869768133991 
-1.474475103743  -7.746218130698 
-2.423124937128   7.547072390627 
-4.145743959357   6.844645868876 
 4.148380087803  -6.967631841557 
 7.886852315158  -2.011403140549 
-7.170275667868  -4.190583004241 
 0.901747341904  -8.258570458162 
-3.068012632373  -7.739322143384 
 7.060851385244   4.627336278861 
 4.978717250039   6.837277778864 
-8.041300982939  -2.642567004406 
 7.883554375895   3.267918929035 
-8.528755726853  -0.690097343497 
-0.633461387383   8.542505420944 
-5.225936727353  -6.821009070063 
 8.585481976440   1.000078009630 
 3.155888169949  -8.179034444949 
-7.017231762183   5.436564831083 
 6.617635220092  -6.035266963274 
-6.804284352927  -6.102967742460 
 3.834684758539   8.362692755115 
-0.284543841148  -9.219981717600 
-8.708079021502   3.170100491579 
 8.067431810941  -4.839508131040 
-2.306849818054   9.157809826505 
 5.524490422805  -7.708592380198 
-2.515730586886  -9.174645220513 
 2.042317816591   9.326371139041 
-9.767461549508   0.492362609337 
 9.483298360019  -2.487150587069 
 9.801537126508  -0.591323743378 
-4.549900777971   8.758393707130 
-9.624120057967  -2.267749607186 
 6.557778367850   7.435986144633 
 1.296624735762  -9.890527626821 
-7.104414876455   7.259457153174 
-8.511474169593  -5.577703068480 
 0.739705737766   10.198734561869
 7.965628414609   6.677540000459 
-5.799222011558  -8.656974663041 
-0.990120612876   10.479331559084
 9.672489517947   4.153199155530 
-9.077967012219   5.451092144853 
 10.490227307114  1.476987335101 
-4.148285666479  -9.814194139138 
-7.311327988845  -7.765623249845 
-9.771858696861  -4.461534886622 
-0.483008188676  -10.792211158621
 2.872288982818  -10.415923934277
-3.559639649594   10.225838402275
 4.994344589524   9.624444257369 
 9.290330923269   5.775457643401 
-10.572656307353  2.919075948618 
 2.522755478890   10.770386460444
 8.560987716730  -7.103277504502 
-6.054591953159   9.435571893332 
-2.317350671444  -10.971472600645
-10.459758878468  4.634777848655 
-11.400791225106 -1.279105986001 
 0.930366882786  -11.436983709207
 10.374395657268 -4.918163701539 
-2.396560586385   11.246425425041
 4.731996514371  -10.545560449961
-7.606897883940   8.719320580155 
 11.118111690252  3.236820749738 
-11.090777741954 -3.339449852263 
 7.594530838491  -8.746271954416 
 7.025915724675   9.440992663403 
 0.335650104145   11.845338357702
-11.868336644569  0.374497116080 
-9.693694745267   6.953689704243 
 11.951988350039 -0.975807761593 
-9.920483776516  -6.883440018979 
 9.700287732973   7.254259212564 
-4.042392282150  -11.451598094039
 8.546739919263   8.635514444224 
 12.088969008347  1.813425146067 
 6.480119840337  -10.403162595239
 11.799198173147 -3.354438437554 
-11.237797345886 -4.927221236825 
-1.361779342532  -12.208663509984
-5.604546514603   10.931538840573
 3.463127610945  -11.820753675786
 10.787387264084  5.992352331159 
 1.815382224067   12.220758393198
-9.192311868894  -8.301090925107 
-12.194760106418  2.341206260123 
-6.232570915232  -10.756008837561
-9.251066833253   8.516181798071 
-4.155969897961   11.874264662942
-7.845225010318  -9.921672139335 
 3.426372431129   12.175867682680
-7.617698819089   10.229027385196
 10.284296679817 -7.669310833664 
 12.035520504718  4.757383951489 
-12.784024270406 -2.105862761414 
 11.331036510123 -6.501332602319 
-3.084759928166  -12.722381973072
-12.317276261287  4.466050981282 
 1.790154797283  -13.022116938073
 8.178390051917  -10.310821983810
 5.784653357162   11.865193746648
 7.350911660081   10.964450080229
 5.837971515082  -11.880322732367
-12.745894186590 -3.737908163748 
-13.333178186642 -0.557350437579 
-0.591809231246   13.444341685603
 9.830184135717  -9.251818107969 
 12.659216497337 -4.922130325087 
-9.133155322057   10.060492324147
 13.624981389685  0.373816776704 
 10.944034173706  8.129325108901 
-12.020910527547  6.443055573078 
-4.993238157452  -12.695515639403
-11.765277316964 -7.037443824786 
-12.730670722255 -5.275359402210 
-10.874495681793  8.487795618217 
-0.212821345073  -13.824702963133
 10.152138779504  9.426642410916 
 13.688965156668  2.222275659456 
 3.649043585735  -13.408584160022
-2.692332137845   13.645645255993
 13.396025836237  3.814418135501 
-13.814627354788  1.890003198698 
-6.514964980299  -12.368943047745
-4.281149442594   13.531269505297
-10.546672329195 -9.546318789538 
 12.274005546764  7.202795062476 
-1.802810660904  -14.125156066711
 11.539387022860 -8.511376014879 
-14.003841809895  3.434867545533 
 1.870797035696   14.361243674329
 14.427795071877 -1.976007695405 
-6.929034567216   12.883287889679
 14.066815162235 -4.160016735078 
 9.977134523844  -10.794871040804
 13.602292063973  5.607711939785 
 5.376154318348   13.784292493959
-9.859257391076  -11.082375052402
 9.557319813344   11.363263065003
 0.359827777704   14.869537574124
-14.863958892364 -0.834864544607 
 6.525591150657  -13.397060711835
-13.984228420762  5.213588587567 
-8.386287558149   12.358958247843
 8.216630476639  -12.589311093517
-11.103882823053  10.136323643472
-8.031464728452  -12.720243311843
-14.215901002418 -4.936255734685 
-1.731810532917   15.002817650396
 5.175314432683  -14.197074367173
 13.449792193013 -7.087287491801 
-12.512597896516 -8.682965193880 
 14.886329329991  3.311562323024 
 12.335249333966  9.050048616193 
 1.506805755431  -15.258082111531
-5.545083856113  -14.297268888555
-5.645967204879   14.258659519897
-3.426772719491   14.969898511845
-13.817294521725 -6.812294457020 
-3.796261641833  -15.013282845240
 7.579307993058   13.523734417780
 4.286453822977   14.918663704331
 14.472907280392 -5.689617378292 
-10.314706895366  11.649207267861
-15.432864203172 -2.308853150518 
-15.529974961778  1.969899833660 
-11.782003651039 -10.407971851138
-13.468210214282  8.121571897242 
-15.761766057312  0.459216905460 
 15.776985906305  1.475724817473 
 2.759726113153   15.605470302582
 11.167005162994  11.253018799093
 15.084410286537  5.110535887770 
 11.895958594248 -10.595188549537
 3.895867693264  -15.486484111931
-12.774625041114  9.582349396826 
-0.202774086421  -16.057101159677
-14.624932175466  6.967210705644 
-7.724454002823   14.245676017176
 13.093222247950 -9.558410844265 
 9.176297035809   13.376506767972
 1.111020284064   16.193568261617
-15.814935903359  3.882663860475 
-15.740756321475 -4.209773706151 
-0.554642820159   16.301632431043
 14.418832742840  7.716536314077 
-14.241821388956 -8.273571549682 
-8.341823557677  -14.216230539074
-10.883663314662 -12.404668355506
 16.529750172202  0.034602989195 
 16.105152412262 -3.890574646740 
 10.803270156917 -12.575810326611
-15.661289575438  5.502206802465 
 16.542813925446 -2.013723752840 
 7.353524161824  -14.991036803195
-6.899462807666  -15.246558346673
-2.133518685842  -16.602766341997
-13.521857705286 -9.884557397128 
-2.468377597536   16.593736073560
 9.553553367179  -13.834808061113
