-0.753999364956   0.008196159121 
 0.151364487927  -1.201599568393 
 0.520952333389   1.275748982891 
 1.720140719556   0.130283960067 
-2.108477476168   0.849204886037 
-2.322562887767  -1.148024701706 
 2.001438448320  -1.716920353810 
 0.614830203185  -2.739718450015 
 1.012125077133   2.700516360569 
-1.576588984594  -2.469303962828 
-1.707390539484   2.495807058904 
 3.042186348510   0.847670700598 
-0.472122312929   3.760291611829 
 3.777297403731  -1.098311873504 
-4.022455491322  -0.299631255146 
 3.443836659000   2.316657299763 
 3.077773289748  -2.893828442432 
-3.026878213164  -3.104089826755 
 0.780983479602  -4.547422590004 
-4.002285093474   2.476019061400 
-1.656768511007  -4.436291678228 
-2.194528978415   4.198404108763 
 1.991473230912   4.467298941212 
 4.764420172980   1.193918049012 
 0.564445885556   5.027245376360 
-4.949968676474   1.046814645787 
 5.103469497491  -0.345110200906 
-1.021296684457   5.183710600428 
-4.520520152615  -2.870036125571 
-0.709970166109  -5.721619136514 
 5.211827969581  -2.473943590872 
 4.072302239056   4.411909115541 
 5.507138914400   2.766655399201 
-4.672503596437   4.086716963562 
 1.842991876495   5.966898982933 
 6.275630577130   1.013215481834 
 2.614218605842  -5.925524921918 
 0.988630031985  -6.413645471073 
-4.237408370900  -4.945979152288 
-6.393592832779  -1.303666745001 
-6.550150259951   0.229299754678 
 6.497118504369  -0.969116222347 
-6.019970172398   2.663163121955 
 0.447395446842   6.607658470120 
-3.011030248835   6.116859350388 
-2.439712026095  -6.413651525254 
 4.507565049756  -5.253529587395 
-6.011138333967  -4.147573729333 
-7.177587356927   1.679220670876 
-0.178755026213  -7.427601681716 
 3.558495053552   6.603049436097 
 6.603341167715  -3.687526117064 
 7.077719789090   2.757137321860 
-0.712225079536   7.564144210336 
 5.893020926508   4.843365806639 
 1.727646385550   7.510565302671 
-6.386183374868   4.437752120183 
-4.035497927071  -6.774823180934 
 5.078654417879   6.178575456675 
-2.582228664437   7.577316752670 
 2.367395096336  -7.684673229610 
-8.123422560502  -0.297439672300 
 8.205958261883   0.238028640208 
-1.787561358126  -8.170251576347 
-6.010646326902  -6.064369018765 
-8.303166430298  -2.003116691236 
-5.236383545414   6.804196820844 
 0.888339885269  -8.559558165051 
 6.788472515845  -5.381578755387 
 8.514792251489  -1.946433325748 
 4.416095436564  -7.657466441734 
-7.938484120180  -3.943783666524 
-6.716380221096   6.068959472385 
 6.065179514994  -6.754769113446 
 3.074884126317   8.602973921870 
-3.450446995766  -8.598745018971 
-3.927769472160   8.399675736991 
-2.197365357689   9.067064329815 
 8.232957959328  -4.756302446704 
 8.276650769884   4.682552091518 
-8.697463740640   4.013445111568 
 5.854625500847   7.582558843064 
 9.385168765263   2.006745960800 
-7.856626323832  -5.658258280292 
 9.738294484851  -0.499342356818 
 1.820646612521   9.601707720486 
 0.068164255582   9.777441086771 
-9.688060795812   1.373164770995 
 1.997099621977  -9.610614407645 
-0.123364719954  -9.834533135499 
 7.683254555302   6.287451833522 
 4.753532656297   8.774229510025 
-8.208044253239   5.735703624641 
-5.887209688634   8.198612397536 
-5.175366173110  -8.884712669530 
 3.536860931976  -9.689642330299 
-2.425129954222  -10.063581146680
-9.975443649191  -2.861702031164 
-9.566670522588  -4.307058650749 
-7.290711812583   7.567673959719 
-10.187194260067  2.799083776731 
 9.689714760373  -4.275407235256 
-3.829497372458   10.028335801386
 6.873367906901  -8.305736393122 
 5.224330298643  -9.439305886545 
 8.616127063322  -6.509207819054 
-6.878499891583  -8.431927054403 
-10.929932351427 -1.153820922099 
 10.652012372150  3.353044771238 
 9.417297155950   6.028020996011 
 11.249022147488  0.192174143472 
 7.958105338825   7.993792190641 
-0.368549004239   11.297442963211
 1.453531352188  -11.209662860866
-11.278928528113  0.767902698016 
-0.636630499295  -11.336013285025
 1.686146603822   11.260205756122
-9.758730593876  -5.876758004066 
 10.912940994218 -3.290467231666 
-9.756724685488   5.906970666695 
 4.045918677293   10.863342746959
-6.311851693450   9.849200026616 
 11.580842564093 -1.757461874362 
-3.328406230422  -11.291897741087
-9.037372058359  -7.586510743939 
-10.850307988091  4.835764479089 
 5.730016406816   10.447852731323
 4.475432968516  -11.105894000209
 7.064658918256   9.759718647761 
 12.013565333453  2.022952218635 
-2.368677689072   12.081841101702
 9.512734465001   7.849899781743 
-8.069656831268   9.335574109046 
-12.346129324193 -0.433731043586 
 11.307773670221  5.167154231274 
-11.906812544671  3.604449095165 
-4.874375539321  -11.457591904101
-11.951235071069 -3.564262746672 
-9.482948764011   8.131788932400 
 9.459499288863  -8.201365330635 
-4.665200421917   11.637394584341
 2.847851538210   12.225628843966
 11.584481028155 -4.968924801347 
 10.585206520421 -6.910932541077 
 0.218667121553  -12.646066922016
-6.922974797116  -10.698018148117
-1.354367672304  -12.702307869073
-11.699846687051 -5.179993035672 
 12.822584242979 -0.006136210007 
 7.596559100356  -10.376701069276
-12.797227280083  1.529087681570 
 3.074373799845  -12.566752457781
-9.316789463682  -9.070523786422 
 5.887469571312  -11.634388906270
 12.620945511303  3.400608124216 
 0.676314455977   13.214286551413
-11.273547632132  7.149996610272 
-3.537524772544  -12.911508938966
-11.407187633971 -7.089762671982 
 8.886891327892   10.084310226708
-13.251485499537 -2.367321804336 
-3.731552825474   13.169238333131
-13.453489390637  3.053687615638 
 11.074175631817  8.231045596199 
-8.114484680662   11.180939731515
-13.824195358790 -0.117774021720 
 3.998610213358   13.252545285557
 5.513254305826   12.746764382277
 13.795809314355  1.608621863891 
 10.291737360984 -9.499654303776 
 12.245898806509  6.974734637251 
-1.921143030761   13.980116669638
 1.150035997852  -14.084111486936
 14.021876649763 -1.975762879433 
-6.776796363267   12.441608672206
-13.371536654793 -4.861247774104 
 5.366579700714  -13.183782104461
 13.521044596972 -4.511523662246 
 11.832379424202 -7.967168856086 
-5.452521669936   13.185515532375
 14.269722406415 -0.463319887290 
 7.885259711636   11.952660975605
-13.485428288260  5.019674329834 
-11.395289461858 -8.816643363933 
-9.415090463608  -10.923674970573
-0.904869361070  -14.482506447853
-14.471583802296  1.535544795566 
-13.036855481918  6.504429636995 
 2.127425480690   14.430200198733
-10.166891832735  10.548125835225
 13.677967600209  5.294408470449 
 13.017684258432 -6.848352768903 
 14.400389855177  3.082116329390 
-12.631087338561  7.953151292798 
 10.839719521957  10.265194456629
-12.781984218693 -7.730844664586 
-11.766542176388  9.257206095851 
 9.418282690706  -11.666298769605
-7.143546017413  -13.220063353594
 3.342297637706  -14.678471698140
-5.503590095448  -14.069678039526
 7.158568890720   13.403607910643
 8.044572426280  -12.896881609520
-8.680885928242  -12.490531498560
-8.434421205646   12.696690164552
-14.891545154197 -3.301920795596 
-14.752959629733  3.973010010131 
-4.118404018390  -14.778872561575
 12.841534870547  8.423606939950 
-15.361459769674  0.077743502873 
 15.361252509430  0.610622825243 
-15.327709681974 -1.762871702195 
-13.954312275349 -6.684849930551 
 4.373055620225   14.954037466959
 14.052917446712  6.775962133039 
 0.394007268632  -15.653777128090
 15.705533317577 -1.443902969092 
 1.284422149963   15.724986930662
 9.419631309619   12.669354870814
-11.166286049644 -11.210613259186
-14.689658237823  6.144947917229 
-0.251495494932   15.942611057307
 14.582718177613 -6.489561386218 
-15.833991457042  2.325728236391 
-2.940110314277  -15.732395822538
 6.017786257820  -14.842176487942
 15.428647152247 -4.390804820973 
 12.432205764877 -10.149309181267
 11.132704600596 -11.632757625561
-7.587392636925   14.203455480540
 7.532230753451  -14.307200797549
-4.616867441355   15.508829269558
 14.047563287245 -8.041941174606 
-13.214940118824 -9.363046392019 
-2.438687837018   16.032630510962
 6.476145483103   14.919425561856
-11.720053224664  11.277952978337
-15.585466108240 -5.287480378704 
 16.004871524839  4.074826715346 
-5.629023249411  -15.570594891218
 11.729193430513  11.729597225780
 2.199130302080  -16.450457204994
 9.213372752662  -13.858576932400
-7.127168661043  -15.044525834366
 15.514954582345  6.041751664471 
 13.392997582432  9.925632592437 
 10.482159158034 -12.985573155644
 3.127989035407   16.403348308090
-14.279185834210  8.733092662320 
-9.304251577484   13.974477824428
 16.693333657977  1.858604215930 
 14.418269486999  8.657297516192 
-10.727950066970  12.995485247932
-10.688159056575 -13.071375528032
-13.192227683390  10.653890421742
 8.181937638907   14.857490748880
