 0.217171768961  -0.648209803732 
 0.545844956147   1.504615448165 
-1.542776167045   0.824864638932 
-1.558423683741  -1.070560103603 
 2.212278992394  -1.008876431394 
 2.471642488312   1.520847467933 
-1.324320834405   2.728700205356 
-0.819796537121  -3.017647452390 
-3.241078718008  -1.037516806266 
-3.359629648602   0.755390199111 
 1.514295976609   3.172986596073 
 0.691502203321  -3.512399816038 
 3.790466659432  -0.565874720905 
 2.572110499643  -3.175137717879 
-3.032543118670  -2.800959877304 
 3.937361138612  -2.411710630883 
-0.152354532742   4.628252169324 
-4.673042973174  -0.422547869871 
-3.811979655050   2.855026558549 
 4.271191035617   2.168809038353 
-2.541619227321  -4.289510238176 
 1.363792536674  -4.892893597276 
-2.358215793159   4.774532743522 
 5.340156555701  -0.460601204240 
-5.277536823671  -1.816404094168 
 2.168557696846   5.186096991742 
-5.331286358014   1.947250103512 
-4.363546271966  -3.696878739423 
-1.190874411479  -5.627084601119 
 5.729017756616   1.111317149816 
 3.026482373423  -5.190516271888 
-4.184880284234   4.380934120170 
-1.234101676355   5.991042419765 
 5.446851309467  -2.823267451275 
 4.982252413606   3.667171504604 
 4.037189893267   4.852374998893 
-2.936539076740  -5.807920427063 
 1.206821533613  -6.476918671656 
 1.243690772248   6.505837123169 
-5.959018877267  -3.189972194629 
 6.847543089420  -1.105920883029 
-6.919024217594   0.946859147520 
-5.724206960462   4.051301216185 
-3.628851172070   6.003933078513 
 4.554339925256  -5.346690672077 
-0.185363175268  -7.059767660819 
 6.438004056078   2.919018201683 
 3.361039507627   6.292152127311 
-7.122830699590  -1.386973798475 
-0.420855968657   7.414641570309 
-5.026699965678  -5.472827636769 
 6.028515709053  -4.374922210955 
 7.455363294785   0.518874197986 
-1.819605609086  -7.295902282933 
-5.267826597945   5.583650368040 
 2.521241687176  -7.475669367329 
-7.413260112974   2.981033468784 
-6.420216882493  -4.766221144042 
 2.554392652433   7.634009363906 
 4.137632620621  -7.042313907750 
 0.747728837135  -8.294971199422 
 8.144505692122  -2.040751869748 
 7.206404120932   4.326781581302 
-7.864855074007  -2.997062692032 
 8.090780103053   2.330630653758 
-1.825439800809   8.312566728964 
 6.405526163308   5.620341668687 
 5.149696633815   6.793667799843 
 7.722779541426  -3.618335305373 
-8.551258341907  -0.815793162231 
-4.735012162014   7.180452377283 
-3.146817228704  -8.014083345119 
-8.632971252654   1.047175383848 
-7.503950665401   4.504700942147 
-4.997198097705  -7.286652804216 
-3.362910969140   8.283018536986 
 6.545474829165  -6.091546388876 
 0.864103056439   9.016509982937 
 9.097960728196   0.687377053752 
-6.966952153459   5.965275202599 
-1.288818143188  -9.094878025807 
-7.923646142634  -4.684865228802 
 7.899784425693  -5.125755696715 
 3.520897233692   8.847186915510 
 8.883865562594   3.674855391609 
 9.686830629458  -1.054491902125 
 6.695777623090   7.220028143236 
 5.130283033083   8.447134815716 
 0.635829288161  -9.863031967428 
-6.545399007536  -7.482187196321 
-1.310724894299   9.867991120140 
-7.775710252246  -6.331025561456 
-3.143354502534  -9.531678605434 
 9.571757078481  -3.038120837686 
 2.343955533471   9.875664662540 
 9.846678965992   2.465260103134 
-9.778308179968  -2.736584827613 
 2.465375547627  -9.863716378448 
-9.688874377297   3.163980971774 
-10.265849591093  0.221824893938 
 6.841474149367  -7.666028355714 
 4.535223102333  -9.302341919792 
 8.697473014786   5.735554454779 
-5.381810899408  -8.924974820369 
-9.650208111360  -4.387150559743 
-6.885951752095   8.085660679422 
 8.262241995486  -6.773330742986 
-9.569673112658   4.935222411700 
 10.791807193049  0.548984601844 
-10.815830734448 -1.342685999923 
-5.687754696761   9.369940933324 
 8.214462374738   7.259493228251 
-1.299990763451  -10.896266151075
-3.952817881471   10.263219450805
 10.178157662508  4.744842902972 
-11.004030654392  2.308221276765 
 9.909734680459  -5.414435854800 
 6.337971147489  -9.397577851094 
 6.368285887321   9.395441983994 
-0.294167891947   11.355071325331
-7.227686464974  -8.836623693009 
-9.042852012073   7.058113255483 
 0.185703581441  -11.551322145386
-9.635862429485  -6.461078902603 
 5.107593965510   10.522465816966
 11.582551398999 -1.918815087387 
 11.316601165563  3.193399412188 
 2.033475950423  -11.632974306702
-4.767386902043  -10.851324045300
-11.942062039862  0.006310733935 
 2.222673549650   11.759484846755
 10.178243834249  6.335693147729 
 3.876161508581   11.438141506283
-8.412113396404   8.802310426243 
-2.291034270221   11.983693272749
-6.321389263015  -10.455584549927
 7.874859611081  -9.347192718076 
-11.889481967937 -2.845583003827 
-2.311272784525  -12.042749034310
-9.167481051274  -8.153036508631 
 4.299544335831  -11.491042372818
-11.043186055903  5.478047335655 
-11.433401664797 -4.664730572242 
 5.787980033300  -11.076894401654
 12.513871994535  0.730221405778 
 0.694872440505   12.635352217437
-12.147170803777  3.594542234780 
 11.804413197451 -4.842803309169 
 12.326948814238 -3.329272015432 
 11.574595504987  5.490887619941 
 6.866271432882   10.854231117037
-4.050911242145  -12.294282051253
-7.804465612436   10.341619680354
-10.256029469238  7.955014664921 
 7.274466868359  -10.765695024162
 13.041184550880 -1.130745862768 
-5.200820384050   12.023470905839
 9.075963728440   9.456620129516 
 9.568670224658  -9.046960256420 
-0.830550324041  -13.156807023541
-1.040448313053   13.266700659284
 10.965240977194 -7.625945225319 
-8.821297834122  -10.129565528950
 2.354579223248   13.260428802982
-13.594275443398 -0.107271118917 
 11.066913834642  7.895867714443 
 12.838519760201  4.576708701456 
-12.159958059096  6.481306311925 
-13.038200658670 -4.553121342871 
-10.404186521752 -9.095495276717 
 4.470602235139   13.083982935305
-6.649147293551  -12.173463179888
-13.523787568947 -3.104666033465 
-12.520825335397 -6.093950050942 
 6.448438312361   12.342189253302
-7.222989399916   11.911477584177
-9.780956948936   9.922445817775 
 0.714835265230  -13.917958971938
-2.808490632061  -13.655565650954
-13.879660252324  1.374231580654 
 3.035713186261  -13.648872754511
 13.762490445627  2.630330209801 
 13.402282889023 -4.470426946118 
-14.061860534707 -1.549683518666 
-13.825977525020  3.048590634672 
 8.639193438468   11.251485079674
 4.625007453550  -13.559648939337
-11.894102850637 -8.028915570220 
-4.784978862416   13.568360947950
-4.967116353819  -13.521311461260
 9.443623206322  -10.905238610757
 7.565556210548  -12.302455455921
-8.610710332028  -11.633816104857
 12.737968730123 -6.956513742853 
 6.195683786406  -13.137806346712
 14.213319925924 -3.100083074503 
 14.563926913366  0.919956213029 
-9.111853533467   11.415897109737
-13.681870167408  5.333899675833 
 0.395070288144   14.686550942159
-0.788144626087  -14.686498840997
 10.835060718578 -10.026977417211
 12.825635703081  7.330375942299 
-3.252980889248   14.543728156316
-10.041202528685 -11.074367141531
 13.865188123984  5.746260980005 
 14.998453178078 -1.091745809526 
-15.106063360654 -0.387916848262 
-11.470235223371  9.850882730438 
-12.620176175716  8.449588149165 
 12.269382263764 -8.997825058888 
 4.312709955494   14.618691843200
 2.207026309128   15.117625772579
-14.148024603664 -5.789217131741 
 14.792541685634  3.923064972162 
-13.449581672780 -7.342833121771 
-7.496796531874   13.462659338430
-1.727197452558   15.368234186167
 11.471921386744  10.449122998023
 1.463628270700  -15.454568919821
-4.283143892965  -14.974728992188
 7.167754100765   13.889744108049
-12.054785753171 -9.974346402107 
 8.483394451639   13.149831061959
 14.982583726842 -4.655263312080 
-15.229227232174 -3.846602065667 
-15.519312123285  3.278502327273 
-6.002489082716   14.695724801811
 5.944212229207  -14.850734628047
 5.951658677608   14.849118485010
-9.003121021341  -13.223794993144
 8.727030524192  -13.427512387193
-6.806728376703  -14.613956374876
 15.996907656065 -2.225898577616 
 3.738858396214  -15.758018311097
 14.515327200962 -7.190104308440 
-16.179846912085  0.812098935179 
 0.821609153737   16.203575937102
 16.088119305721  2.181028449440 
-4.365711771876   15.649123611537
-2.777527187798  -16.036522298350
 11.026013833886  11.994101468360
 14.303832917221  7.933444708005 
-9.688124730819   13.290036531311
 11.903918641001 -11.441744856771
 16.511252599662  0.263616569732 
-14.937455850438  7.212453685087 
 15.756992221330  5.187432917263 
-12.267948895255  11.234967338892
-16.635295878197 -0.912062043773 
 13.041885576084 -10.446607587597
-16.059501445723  4.776437325832 
-5.601316478297  -15.791745648018
-15.294918795538 -6.857534552991 
-0.652635935138  -16.761206229020
 13.590417282723  9.851258889689 
