 0.887762654329   0.606741902657 
-1.094311735417   0.469474948668 
-0.235847536576  -1.196334345836 
-0.488006361629   2.156001448488 
 1.536567243277  -1.737204033306 
-2.186645261435  -1.171470960340 
 1.745499161060   1.931314037233 
 2.697554737491   0.718528729041 
-0.205820194761  -3.142001621166 
-2.613828339540   1.770560625482 
 0.488928546085   3.546929421355 
 3.027803709267  -2.178904326706 
 3.729293550646  -0.807729503312 
-2.271242100695  -3.108797744491 
-3.583501443167  -2.263117917223 
 4.142657438281   1.306367921914 
-2.277728746048   3.752012596729 
-4.406862666133   0.591005690986 
 3.520821839800   2.841560063450 
-0.876600888136   4.620153703389 
 2.116487167113   4.371476726669 
-4.106244901525   2.757477039655 
 5.086625962556  -0.039936379777 
-5.032764632075  -1.286868262947 
 2.511037951007  -4.585716866626 
-2.496453987639  -4.751828923056 
 1.159126123483  -5.303576969952 
 4.685124571828  -2.751534417553 
-0.502318171794  -5.596983146796 
 5.360951937007   2.228545930580 
-3.540036970290   4.626725884616 
-5.864326056350  -0.015341651413 
-4.420842458164  -3.926930603709 
 0.603321621263   6.340428186169 
 3.153346556845   5.543470112193 
 4.381365192331   4.635882964267 
-5.111181177324   3.900596286809 
-2.019312769556  -6.186106641271 
-0.974890926986   6.572990286992 
-6.302685424973  -2.196672269613 
 6.421345138605  -1.825119671602 
 6.557326638237   1.254798666538 
-3.891652292289  -5.426009961136 
-6.259246280051   2.365803202835 
-2.996999452418   6.458540386191 
 7.247994654183  -0.275608707841 
 2.150361092229  -6.965902847295 
-7.259639381682   0.776894695612 
 4.519349409835  -5.758818757950 
 6.309922293794  -3.790314039425 
-5.886974955590  -4.570926045971 
-0.567123884850  -7.468943580455 
-3.402585911802  -6.900395410272 
 5.901332355719   5.109745439274 
 3.509356412907   7.058804012237 
-6.895030836985   3.861751473334 
-2.130676772523  -7.776465075390 
 3.733664875584  -7.235400574162 
 7.866480550427   2.122854992029 
-6.032212107704   5.513728112866 
-8.199851944331  -0.757679938866 
 5.153284580351   6.504060492771 
 1.216836443364  -8.247230776834 
 6.260513103868  -5.518616630423 
 8.096067719025  -2.256221472483 
 2.039439618773   8.165032519261 
-0.414280527124   8.473864833243 
 7.314504199806   4.493448333888 
 8.604750547543   0.736138683034 
-5.380439044940  -6.757863721967 
-2.781245217762   8.282257308323 
-8.215291754251  -3.058237149507 
-8.665241196274   1.340530340842 
 2.769579072967  -8.497494871394 
-7.640237739194  -4.730562923573 
-5.711436896241   7.020282028360 
-8.589567444609   3.085986875789 
-4.474857078009   8.098280321324 
 6.675394296175   6.494251959101 
 0.917398542631   9.271966955745 
 5.135760836334  -7.798147952078 
-7.862202412668   5.135297562811 
-4.544721950313  -8.267784248978 
-0.196268402772  -9.476073217678 
 4.191142226419   8.507096436530 
-9.338155915286  -1.850296167738 
-2.347521220427  -9.263449741994 
-1.828569445723   9.571730218322 
 9.760365310331  -0.337492863920 
 5.814529840185   7.975599675265 
 6.884552411932  -7.078618244847 
 8.744660602828  -4.586585517056 
-7.374612602325  -6.624921096126 
 9.389309259351  -3.214030433423 
 9.755323085309   2.108641863256 
-10.026532158576 -0.370114461563 
 8.583513549525   5.338498457943 
-3.393994977931   9.759335155684 
-10.267112890371  1.587173156579 
-0.387396758469   10.383619105084
-9.112469194041  -5.031273931403 
 3.867778157997  -9.762822016967 
 2.787329253973   10.131985134852
-6.822700287643   8.072338772226 
 9.698943400323   4.227974063331 
 2.353919739985  -10.396695463433
-8.297676786862   6.732781738586 
 8.125321782505   6.990284829172 
 10.652723072515 -1.653583447859 
-6.908485496066  -8.406131258554 
 1.273806899713   10.921100693933
-3.342134554535  -10.508667424849
 5.378494604036  -9.675179651550 
 9.382440581938  -6.067168839941 
 0.773386356653  -11.298860430510
-10.531507565108  4.311391971371 
-10.529169582605 -4.421815799859 
 10.898579262108 -3.477161377597 
-11.365751944550 -1.365748908412 
 11.449292238428 -0.044786399481 
 5.487204827995   10.094893137993
-6.016307791264  -9.802148662753 
-6.498419739788   9.765582381319 
 9.800931989748   6.457532623799 
 7.487248912267   9.050672841067 
-0.691448022355  -11.805757431182
-10.291242185340  5.958023194977 
 8.281833235407  -8.597532921007 
 6.944525261826  -9.726547685305 
 11.856243819312  1.523635540624 
-10.225212766956 -6.192174726917 
-2.436111428733  -11.745562811691
-11.970429358731  2.196407837239 
 4.159371463960  -11.492819928014
-2.368037248425   12.029213430826
 11.634763432573  3.927626421646 
-8.788835808518  -8.676829503938 
-8.411223028651   9.060688092321 
-4.884106648481   11.382098331550
 3.560131844632   11.909685519620
-12.167256589274 -2.953130440781 
-12.548860920013 -0.347624904892 
 2.248888520744  -12.397577862036
 1.398573768824   12.543028337271
-5.718766067328  -11.358129749304
-12.151304225550  3.907156956725 
 10.046273648611  7.996371887105 
 11.392111588766  6.074423726588 
-4.011398374292  -12.297957736510
 10.590841394440 -7.460687512704 
 11.585807946937 -5.900122162324 
-1.081074709200   13.035985692269
 13.137566352854 -0.947928181793 
-1.714860962928  -13.100883414803
-10.791352119897  7.750555140453 
-7.927888951371  -10.667826426381
-11.845198578337  6.083596648301 
 0.291039361066  -13.344548872570
-11.884698887240 -6.113391869338 
 12.632539588135 -4.402050154824 
 9.855124916689  -9.093108171551 
 6.990829052710   11.458409182929
 9.667394193585   9.515154048987 
 6.018936256544  -12.276707944306
 3.870609487993  -13.196769045499
 13.488098476944 -2.859285025416 
-4.898647668720   12.891847561709
-7.886332733751   11.371954203489
 5.376856055814   12.877817248843
-13.161182507286 -4.667064038978 
-13.618818060477  3.093171787681 
 11.723790274130  7.595300670415 
 3.609276185652   13.510572899109
 13.549223931349  3.573945882720 
-6.997708818170  -12.155871486903
-11.467755338784 -8.115866603039 
 9.263486037962  -10.603587961157
 7.722764234703  -11.929893303893
-9.679200353678  -10.408994004035
 14.225849852710  0.646631557654 
-6.484212644402   12.680796550629
 8.644787895767   11.421174725737
 12.983440600823  6.124399420907 
-14.454139319186  0.926565213189 
-14.440808437358 -2.018586588261 
-2.322796407441   14.419868635056
-4.971319414236  -13.786507867403
-3.162025270746  -14.318766262453
 0.468680560824   14.661442910872
 2.705901230878  -14.442915430529
 5.377664588143  -13.693531646035
-10.135836362352  10.680148248470
-13.885512931076  4.957665404370 
 7.014995558447   13.012849677857
-13.351782594996  6.669997290462 
-11.932207041649  8.968966834582 
 11.431663807463 -9.735051661756 
-1.421042654653  -15.006289558569
 13.770325916621 -6.320860407621 
 7.233877952398  -13.382843011567
 15.201664200473 -1.004515524352 
 12.739160025222 -8.373654566777 
-0.931859410647   15.236682178501
 3.198633452713   14.985465822606
 5.265315869523   14.408232547634
-14.109822239375 -6.038895760805 
-9.167741392832   12.342925862369
-4.549195376188   14.783697057338
 14.754243542602  4.672631670103 
-15.471667083167 -0.733284575491 
 12.186593209711  9.642307455461 
-11.419058655171 -10.545268447418
 13.437765552649  7.857264128834 
 15.302264292824  2.975404528033 
 14.890385727713 -4.669720718700 
-7.809763243050  -13.563609176912
 15.440661450859 -2.560372003822 
-14.928646689138 -4.745362910344 
 10.489466339549 -11.654405802266
 8.963047995203   13.079089043845
 8.860404389340  -13.152622785509
-15.268355496052  4.309606018698 
-9.646419705077  -12.624159398059
 1.187272266763  -15.849905392404
-6.761790043129   14.385036821112
 4.152820607955  -15.356020281458
-14.097235105165 -7.624566243227 
 14.625735448549  6.585282458476 
 16.169608522483  0.464704006338 
 10.738698232752  12.144877750992
-13.473887320083 -9.015813963204 
 0.244756161959   16.213949325175
-14.983000155885  6.265152751459 
 7.461837357068   14.453395299317
 11.872568794748  11.121051614239
-3.136328703050  -15.984703927527
-16.040007919704  2.917809331434 
-14.100061228673  8.276069921394 
-0.782372005304  -16.365897357082
-11.345888533500  11.886977140185
 6.597716335904  -15.072516837536
-5.904656057883  -15.373005562700
-16.496249385231  0.583810115520 
 2.541097661415   16.415786579304
-12.918596658638 -10.478422140694
-8.853259931072   14.166534919138
-16.636265260555 -2.276868576164 
 12.088527988664 -11.656798082245
 15.427557842302 -6.646848506067 
-13.375894898382  10.206528545674
 5.578546758156   15.894420000113
 13.513705003066 -10.087814353484
-1.311363391655   16.827692067955
-3.236680766062   16.602817882051
-10.263296074907  13.500456354773
-15.518979641474 -6.889883505599 
