 0.696139381737   0.402670667453 
-0.111572418260  -1.228428262251 
-1.396341655318  -0.109645611904 
-0.998284051559   1.655843756830 
 1.776242583525   1.485350935010 
-1.827051054050  -1.551193216266 
 1.232435830279  -2.277309778981 
 2.688212800765   0.281304524756 
 2.593417528366  -1.368611231956 
 1.210950387425   3.139675945060 
-0.291635552787   3.423267062187 
-3.405375277398  -1.043031160014 
-2.313610663578   2.758079963585 
-3.633370603194   0.545583338623 
-2.785105970437  -2.882251756266 
-0.413175943240  -4.101200439930 
 2.910026334694  -3.073617144710 
 4.145005946688  -1.612375807481 
 3.765917714374   2.445062699126 
 4.655113613014   0.098835690948 
 2.661280413999   4.068616860469 
 1.869276084638  -4.536940579809 
-4.165628099806   2.765978637339 
-2.529945565214   4.337001865260 
-2.134352811595  -4.886026004290 
-5.044018661260  -2.276036987694 
 5.392744321572   1.541169447908 
-3.796708767445  -4.370321886168 
 0.599355608360   5.759290099619 
 4.304189572729   3.922323509635 
 0.988470968015  -5.816679201456 
 4.851868253649  -3.442660600283 
-1.730640996091   5.740917819539 
-5.797843144352   1.699381292179 
 3.205342295153  -5.247206857472 
-6.225994072246  -0.145391337915 
 2.259410668479   6.065794030072 
-5.063698616743   4.133302711827 
 3.829907751885   5.361989474280 
 6.427934871649  -1.708591752422 
 6.656427373725   0.079078652316 
-3.978293286279   5.390229110499 
-5.476145086142  -3.943295818387 
 5.811151658645   3.453689186243 
-1.440559794331  -6.803303992914 
-6.682526328672  -2.388353743585 
-4.896676418646  -5.480573753961 
-6.768895782342   3.094761073026 
-7.401028787614   0.960425414574 
 4.678157701525  -5.840827564074 
 1.625137370550  -7.307194561572 
 5.837821142878  -4.754811575143 
-2.513789067861   7.148503828160 
-0.192098336413   7.593640940799 
-7.650681591229  -1.019310321624 
 7.801720812722  -1.026576608681 
 7.874215324666   1.067765902164 
 6.436213202565   4.853944635468 
 5.409565168364   6.080046065868 
-6.453283397302   4.997299768094 
-4.122638428191  -7.060391484489 
 7.759836647853   2.605234295947 
 7.201641653290  -4.108318130075 
-0.884178295455  -8.343240227165 
-4.182981288563   7.505356109312 
-1.504242873306   8.484572964891 
-7.746452422353  -3.953625826051 
 3.585205356282  -8.026686675406 
 2.183216452503   8.546991950375 
 4.379439254838   7.743128753564 
-6.643263939654  -5.959460874543 
-8.966760617650  -0.134820587180 
 5.054051990001  -7.454835610806 
 6.711237729797  -6.126637511177 
-8.960828921179   1.532827551770 
-6.207449509775   6.674209416781 
-8.782406341800  -2.489233078050 
 8.833372997736  -2.557774134356 
 0.965718446304  -9.228429679196 
 6.890083820375   6.327667735963 
-8.676427411078   3.574773986168 
 9.546809637986   0.358980583279 
 8.798229485903   3.942838950246 
-2.992716395525  -9.283824942723 
 0.601510582685   9.741749075682 
-4.752322425839  -8.820151040444 
 9.097987626703  -4.388931787068 
 6.407142113761   7.902950266329 
 2.845888031793  -9.805505793357 
-8.256844253907   6.017916681460 
-6.189945732259  -8.202360019989 
 8.378069889147  -6.101924973159 
 4.662270891251   9.286222061732 
-10.224981018802 -2.010810264929 
 2.187907794693   10.257855843912
-10.044353198657 -3.531749255472 
-4.049621432484   9.862580147383 
-1.002393254515   10.637673227232
-2.543061140124   10.401523387769
 10.518070212361  2.049040245805 
 10.629035411962 -1.450879960000 
-10.750605433522 -0.588483345078 
-8.946961686482  -6.013492833682 
 5.989232222705  -8.977641021982 
 1.450010017828  -10.703813174695
 8.444411292093   6.877517105546 
-10.764398063085  1.714275925478 
-6.005131618169   9.279825035300 
 11.050778510496  0.602805779141 
-9.930452355916   4.909915736350 
-0.842698968188  -11.128494339372
-7.856954648499   8.028601804686 
-2.444232556445  -10.972075397748
 10.605435566829 -3.761639443081 
 3.630468454327   10.701721215288
 8.369315282222  -7.636182998268 
 10.278725762854  4.818446990877 
-4.109241313421  -10.585551931243
-5.714491853556  -10.029571948215
 6.677015528900   9.502748374786 
 4.159121077638  -10.874354958554
-8.647134293146  -7.813886258920 
 7.500272961953  -9.118645393976 
-9.276224123801   7.455203915907 
-11.789336874640 -1.777290187153 
 5.748555533448  -10.460075256250
 10.277280764536  6.345962207616 
 2.295728904186   11.886744027160
-12.125278433223  0.058579093129 
-11.437127487736  4.113362956187 
-11.644603935673 -3.624515216359 
 0.298266866639  -12.300572306672
-10.547155603922 -6.401566996922 
 12.339013270623 -0.178006986987 
 2.221585045445  -12.141076208212
-8.237434326456  -9.261063395705 
 10.435078300488 -6.696265682402 
 5.345128113818   11.206901306248
 12.057223738373  3.117007733331 
 0.551210721005   12.453230913969
-2.265688179432   12.263455269982
 9.416603980450   8.299516445151 
-11.463814153768 -5.145180925625 
 12.513481136447  1.435788567293 
-8.074731006457   9.730952161436 
-12.596200873997  1.713408505431 
-1.192648006516  -12.716432661841
-6.505013978437   11.017609608691
-10.824796274072  6.869525067469 
-5.428919360730  -11.643167240756
 3.754477732834   12.368470957145
 9.451865962139  -8.822889081404 
 12.504051352406 -3.438347256784 
-4.847814748204   12.081130916132
 8.470628980664   9.995913641970 
-3.204829136232  -12.729409215510
 13.094760881399 -1.633434960181 
-7.164157207771  -11.099820534302
-12.776344406255  3.426196502521 
-10.598656210838 -7.956739955506 
 8.063881230599  -10.637555426611
-13.357007633045 -1.100790622168 
 10.962942922928  7.837133632991 
 11.895706340592  6.373435115014 
-1.189305853806   13.450660034187
 6.575450139817  -11.810496655678
-9.695757367650   9.516964625850 
 13.122844195995  4.194635054865 
 13.567996994483  2.608730473526 
 12.734996596392 -5.523303554781 
 7.331926756647   11.790726255371
 12.029351801224 -6.953751423978 
-9.072508792014  -10.539880287739
-12.911386937161  5.273771104436 
-13.096812244557 -4.862173283160 
-10.273592892176 -9.523868492166 
-2.199517124084  -13.861578162520
 2.568366232192   13.798553622875
 4.601364775747  -13.282024958933
 14.018364679546  1.116323987701 
 1.897971508681  -13.951379016458
-3.458448246259   13.792182701506
-6.324507588451   12.743556845437
-8.493761148970   11.454449052381
 0.422571083003  -14.271668959963
 10.977970550635 -9.135381959061 
 9.743146270605  -10.484844829792
-14.149294184918 -2.479039756149 
 4.663010287410   13.749018505651
-5.098359860605   13.679970170718
 6.425581554740   13.115546510812
 14.166366066590 -3.642100161353 
-4.096765926364  -14.124706593930
-12.581911418128 -7.688880839630 
-11.920543764173  8.779992000427 
-8.538740644454  -12.101332602077
 14.893790632651 -0.173261054394 
-1.060455701421  -14.937283190869
 11.914083761642  9.080649715984 
 0.505715439319   15.002398874747
-14.499688604721  3.957013535346 
-15.038893194809  0.273711429782 
-11.826321141557 -9.577162278293 
-11.179787599113  10.387906922694
 14.518668904143  4.794645722306 
-10.631741378134 -10.996547961979
 9.691286404176   11.838232171938
 11.182366267198  10.447742672562
-6.451193328287  -13.942028414524
-15.291865789700  1.853885364093 
 13.885212728304 -6.675646988618 
 15.152785367480  2.798532952004 
 6.387860725080  -14.031174115975
-14.131675352759  6.242880197833 
-1.524348294999   15.405637608162
-13.460279138148  7.650928939389 
 13.101737354320 -8.334993838852 
 14.135934234951  6.431355549398 
 1.142050221593  -15.592292108975
 10.049469726449 -11.983773260759
 8.285143532101  -13.303995012832
 15.619637758118 -1.632307199780 
 8.733302977931   13.119405277817
 5.887855756986   14.645939790249
-8.048207804662  -13.603701725086
 2.700332443909  -15.593084489332
-10.487911514751  12.003084246083
-8.713787099952   13.351372570118
 13.786236419933  8.080047451602 
-2.251757022724  -15.901291291015
 12.008947523780 -10.677734065246
 4.381257672813   15.468776390801
 4.245071134132  -15.568127188167
-14.967782056389 -6.117032798617 
-15.315917710547  5.321884593978 
-15.607375795056 -4.424398188486 
-14.319602149389 -7.638072568007 
-5.265528411466   15.374272505448
 15.416579357425 -5.198123346161 
 2.816907934620   16.045219225346
-13.419789949158 -9.278072015105 
 1.328937678418   16.359257860447
-4.190094465975  -15.884018008600
-16.406088338000 -0.939475775537 
 16.449332753870  0.187613061201 
 16.094662922642 -3.549552975963 
-3.292807597190   16.337312511881
-0.635488145765  -16.697286083782
-12.814929635461 -10.723686064288
-7.619624579668   14.888245957252
 11.731418354327  11.931001888416
 10.244143973153  13.236242909921
 15.629003352741  6.044082467770 
-13.819248243859  9.482202907167 
 16.300260042069  3.928670531869 
 7.953639953292   14.778141948346
