-0.285336118748   0.862997364142 
 0.433689803612  -1.073350223576 
 1.452206797547   1.293664221081 
-1.641423676976  -1.549515049871 
 2.067646161429  -0.949834780751 
-2.152453615047   0.828686487915 
-1.229746020116   2.165683857075 
 0.237963256306   2.551351649413 
 0.565970228193  -3.294644551857 
 3.212814077537   1.588019922406 
-1.991952106947  -3.024825077754 
 2.562416021347  -2.870234476289 
-3.545806078485  -2.361432741055 
-3.821124511060   1.955844557842 
-1.012242730208  -4.174832953588 
 1.376060283710   4.166745065298 
 4.419352702359  -0.386133379543 
-4.422716130576  -0.419826755314 
-0.047285509231   4.770117911562 
 2.958755199687   4.052055371689 
-3.408623420837   3.906364630712 
-3.101491953303  -4.201447315044 
 1.990499051086  -4.893119738208 
-1.846183797152   5.087447835866 
 0.570826902187  -5.398502853385 
-5.353669863058   0.925651729236 
 4.367271247230   3.280287477268 
 3.404324393652  -4.341527430197 
 5.302794456984  -1.851397652583 
 5.314635828522   2.032052759718 
-1.270333454804  -5.681644695340 
-5.413156561009   2.494120154820 
-5.894629893909  -1.219022540176 
 4.978653440797  -3.480140640793 
-4.952864870069   3.942222837942 
-5.718268512596  -2.824649445456 
 0.273839898958   6.403267129810 
 2.537374633608   5.899848478256 
-2.876588963259  -5.798038889755 
 4.123358750073   5.005333971527 
 1.735794604862  -6.497763138710 
-1.251924171699   6.629453001510 
-4.513276157294  -5.071646840943 
 6.903630295417  -0.309760769464 
 6.805817617909   1.221366979937 
-6.786848573463   1.608378270380 
 3.387334469150  -6.137657159628 
-4.297036628975   5.595504099404 
-0.642515982364  -7.089313972962 
 5.064697070199  -5.010987483714 
-7.171273275291  -0.165812105295 
 6.522338725560  -3.137559807078 
-5.857930062637  -4.366040766616 
-2.208141686781  -7.216561626144 
 1.902823504731   7.507804511132 
-7.076866067324   3.200859445423 
 4.320923460407   6.504184244698 
 7.160634797411   3.248130940629 
-3.721790431695   7.014621968541 
 6.446872071694   4.668033728693 
-6.046081696602   5.212779493425 
-3.831364580706  -7.198658743793 
-2.443843454484   7.842343009142 
-0.176810340106   8.230298059780 
 1.698114607630  -8.150621958625 
 0.184447201355  -8.401081351975 
 8.352969931460   1.016120767252 
 5.381445093280  -6.511913106036 
-7.533401096798  -3.823502256351 
-8.456257853154   1.022410800760 
 8.473614357312  -1.401201749415 
-5.591855779883  -6.609372348851 
-8.549536686708  -1.783228173744 
 8.086497278361  -3.362021440920 
 6.837671629660  -5.651844736083 
 3.564169914107   8.129450840867 
-5.264430572870   7.587733399164 
 8.979957774032   2.401385622507 
-3.122272765912  -8.765689417446 
 3.046820667623  -8.848947643142 
-9.353952860355  -0.324541859018 
-7.308658937485  -5.977141267532 
 1.064240119626   9.440575551376 
 4.603599637394  -8.339017604440 
-7.925092555738   5.360922974805 
-9.257573161306   2.492766007940 
-1.403661066212  -9.496925096559 
 9.620286416776  -0.296890930435 
-8.741556224654   4.033545939965 
 8.713591481429   4.191743083761 
 1.407258770994  -9.657136577576 
-3.479099160990   9.160129634175 
 7.942086067994   5.759356422115 
 6.595921998751   7.358008106232 
-9.074127963489  -3.918428641988 
 9.013833637826  -4.751131830337 
-7.519316338204   6.900439904800 
-1.622567978592   10.107038750565
 6.773838067853  -7.835896083934 
 4.961542760718   9.093550411284 
 2.928568444593   10.135982475460
-4.962367392350  -9.312637008629 
-10.525089613837  1.099542145948 
-10.262685641739 -2.595468797692 
 0.243988147323  -10.604326916628
-6.536485909446  -8.403256222217 
-9.119989752584  -5.604172044378 
 10.584106696569  1.664035167567 
-5.859776042694   9.016838747085 
 10.551120647345 -2.090687115737 
 8.946594542230  -6.251693742826 
 4.025536472081  -10.252461873159
 5.549026003387  -9.563228862567 
 6.609368791595   8.876838844798 
 0.432372779373   11.133375340594
-9.084431916366   6.571075864733 
-3.258909624682   10.753332663021
 10.110035744412  4.910769156386 
 10.626060426687 -3.715770136304 
 8.371741370478  -7.677989089787 
-10.380833627067  4.699241847854 
 1.590791718272  -11.289719173583
 8.330417480634   7.835213713480 
-10.660941549045 -4.264668631594 
 10.932759199564  3.593920103476 
-7.700831391824   8.634333780745 
-11.297109672704  2.586247156770 
-1.091667958659  -11.614782075714
-11.703379652862 -0.187206939355 
-8.906936376761  -7.679425804252 
 11.832214433340  0.345612831511 
-3.035353846533  -11.442302950404
 3.176823850694  -11.580835494205
-1.581986850374   11.934094578323
-4.929632360665  -11.025121830280
 3.780585986439   11.577505427673
-11.943817013294 -3.312090957145 
-6.687311725195  -10.524263202454
-12.422247668545 -1.546221385335 
-11.001585341525 -5.977961872184 
 6.651399905170   10.624283990754
 11.080473272187 -5.863375981322 
 7.644937393484  -9.939825460634 
 10.206310967628 -7.290692078457 
-4.689912135847   11.683010189063
-10.664968310337  6.690246860155 
 2.206931942426   12.403783246115
 12.492267282245 -1.638440534846 
 5.647712720039  -11.312583554657
 8.009716539508   9.832196866795 
-8.115857982255  -9.787928330049 
-12.005909618294  4.264771884580 
 10.658215778307  7.004992576007 
 11.820564785458  4.846751451114 
 12.061515528199 -4.354037677049 
 0.332853152936   12.896894652550
-6.449252624274   11.222300044661
-8.112224678019   10.087647068103
 5.394390893181   11.792910779573
 9.097732805492  -9.242741070947 
-0.606391726698  -13.067891890209
-12.204498936300 -4.822736368852 
 12.965898222491  2.513152462356 
-9.936327578999   8.707247984526 
-13.038997787282  3.023617031998 
 13.354227436987  0.921750169483 
-9.964910139572  -8.952237452293 
 1.156501207895  -13.374357661583
 4.335444588710  -12.788925569552
-2.915043444681  -13.188868997954
-11.277032323266 -7.644114592995 
-13.652343289030 -0.525737761614 
 7.411906816653  -11.534470013352
-13.630311332491  1.549932359272 
-5.429726791918  -12.667997338628
 3.581564215775   13.422250025056
 13.697660762837 -2.645625374188 
-11.541447154857  7.973078855343 
 11.552542299794 -7.968731827815 
-0.630212336466   14.085093663712
 9.673660813845   10.327351769569
 10.794152746792  9.156727123185 
-2.944768502479   13.902178978665
-9.659163924214   10.431831972414
 12.909375642337 -6.099196148519 
-13.994212005236 -2.842609641830 
 1.190228922295   14.238508978855
-12.952324709303  6.040798255422 
-12.600974076895 -6.753011889313 
 11.896900454780  7.937768235916 
-7.456422262918  -12.320538101873
-8.601565341624   11.550557010291
 2.883366501459  -14.151839233293
 14.456514099945 -0.098237789830 
 9.433535018223  -11.003803251767
 13.886403359331 -4.430752784497 
 6.261560998275  -13.231205390841
-10.015359183761 -10.745404583514
-5.445643016196   13.699215156841
 6.104659197718   13.451798901914
-11.298591667176  9.592467142477 
-14.164749803218 -4.482759552374 
-7.280053157517   13.050463467748
 10.806270527186 -10.348276214249
-0.797871327724  -14.980211744491
 4.775546376335  -14.254810411193
-11.458214235057 -9.751809263318 
-3.747617708344  -14.599688892546
 14.933802046783  2.544748871470 
 14.361615399895  4.903838980426 
-15.172431371102 -0.466063715600 
 13.370566390947  7.228208056154 
-1.927649431618   15.077419056419
 8.558387071665   12.666744185113
-14.826207470330  3.753656214738 
 1.056237849387  -15.277673161294
 8.600462546456  -12.807595877090
-6.687685252666  -13.948530192667
 9.931927721773   11.869206259147
-15.479849082046  1.091038923393 
-12.769276352600 -8.832719324331 
 12.769015808587 -8.919699839203 
 2.591762516994   15.384276953155
-9.589606393462  -12.353950299365
-3.558401221826   15.328899312595
 12.849100491692  9.184306403022 
-2.389499348981  -15.639630732151
 3.621969847568  -15.496505419195
-11.070856885706  11.436598168146
 14.173361708919 -7.292196001441 
 15.803823160967 -2.325623786963 
-8.328785510179  -13.684558714646
-14.657888574917  6.656868440253 
-14.371664314918 -7.304393780727 
 0.294386837456   16.153177563610
 4.708638163676   15.500932444836
 7.735141876079  -14.261354592381
-15.224705361251 -5.687154157243 
 15.579496920533 -4.664978320205 
-13.981082497651  8.376069656082 
-16.171589121548 -2.144114590089 
 14.914813192351  6.628385506037 
 2.271627516446  -16.204832439069
-11.714346179739 -11.457221503031
-8.321937904664   14.174597621823
-0.535604932453  -16.484968142438
-4.912432073585  -15.772639362013
 7.086076650305   14.926125332054
 16.429537319354  2.009046878925 
 12.354351151108  11.035593142757
-12.856652120764 -10.461521909167
 12.800416708024 -10.576646393913
 14.382351112184  8.335703596375 
-15.902772926242  4.861131995549 
 5.119300855963  -15.833545923479
 15.456038592488 -6.197527805728 
