 0.285125311541   0.000037910393 
-1.234715048234  -0.981523610929 
 0.220900652649   1.730957863234 
 2.171379348149   0.741385177235 
 2.253784231396  -0.870046047171 
-2.517670877991   0.126182640749 
 0.122882283673  -2.534577808081 
-1.232470316007   2.270170690173 
 1.631749877557  -2.289883990267 
-2.155431668800  -2.497742194715 
 0.760924184283   3.230098570700 
-3.005808054835   1.698461306765 
-0.809777859473   3.735825035767 
 3.855469386714   0.620127993997 
 3.636309629366  -1.795368584024 
 3.236497120090   2.511665651702 
-3.696736581216  -1.820212953588 
 1.208563201784  -4.115093409555 
 2.899889194148  -3.187655861643 
-2.382916148782   4.074213823312 
 0.316244679896   4.760336020184 
-4.790791844328  -0.411412053324 
-1.622198094892  -4.686177612156 
 4.989091864495  -0.785948958998 
-4.041836918890  -3.353939520670 
 1.875980787482   4.908241049403 
 3.362973242312   4.188248057831 
-5.462141334938   1.131311161429 
 5.508302921715   1.006540870644 
-4.494273428328   3.467318249966 
-1.289261887898   5.585559173016 
 2.675115125925  -5.088016271660 
-5.468695775156  -1.791415254644 
-0.180742779673  -5.798139610682 
 5.196337206392   2.947051347144 
-3.798401122512  -5.026195314841 
 5.481310551618  -3.403738312421 
-3.380769959475   5.536475229054 
 1.724106690782  -6.298441355808 
 4.231659435152  -4.974690868294 
 6.643976063484  -0.483623242073 
-6.686774951253  -0.825132266014 
-2.728868321097  -6.163377895212 
-6.180105959837   2.710951132594 
 3.720276731133   5.691347049993 
-5.760637930067  -3.828517023338 
 7.066357861295   1.173444020671 
 5.766147753196   4.386107415106 
 0.654298880004   7.238696060882 
-1.700037443930  -7.298089523846 
 5.764228235666  -4.937765770626 
 7.090936218378   2.745350670744 
-5.413187604625   5.352221315331 
-0.072307504044  -7.829365120082 
 3.012761793183   7.362549568387 
 7.875996139796  -1.388803927081 
 2.963761628428  -7.441855861505 
 4.499422464557  -6.736389909853 
-8.123428032290   0.606256906384 
-4.229426276617  -7.105730726738 
-7.553759229460  -3.438931100035 
-5.671708273820  -6.187792691258 
-1.656039662642   8.245393105284 
-7.610777632677   3.599385999939 
 4.673944275613   7.009546322832 
 7.788085617220  -3.277881700183 
 1.509565748984  -8.659244691177 
-3.249678604607   8.206618355880 
 7.501392539905   4.836770998894 
 6.248939718345  -6.567274106375 
-8.972429053057  -1.326398235769 
 0.859539296045   9.058744437803 
-1.320501156464  -9.005033941543 
-7.336070390223  -5.430887625837 
-4.969107276848   7.759502853557 
 9.133780570964   1.256352187935 
-3.126290551223  -8.727693424832 
 7.661425919952  -5.383577224762 
-7.963997876399   5.116371165860 
 7.008593551532   6.427211258510 
-9.540155213628   0.078459481780 
-9.235145493402   2.445026134076 
 4.998863716681  -8.153114005874 
 9.192436454455  -2.719582443298 
 8.949314538626   3.592527776874 
-6.887119130454   6.754193301743 
 9.686692670658  -0.236166125906 
 2.469174588793   9.414981230607 
 9.059863542717  -4.296792993798 
-6.872470062542  -7.564011735820 
 5.586964366723   8.578472117535 
-1.700773110658   10.095218793079
-0.263740604609  -10.301961394559
 6.498049911071  -8.064751440104 
-4.991451650332  -9.104526748321 
 4.063150393574   9.662108253248 
-8.882327511041  -5.703111809944 
-6.231303718489   8.587518875050 
-3.233764369369   10.115918160327
-4.765210575412   9.511623853229 
-9.872860034190  -4.209970487364 
 0.018458547906   10.771141929414
 1.437758504528  -10.722027798629
 10.735501965519 -1.338792964758 
 3.124839005131  -10.403358412418
 8.087875530286  -7.254430678926 
 4.674332972327  -9.819137417093 
 9.552360730648   5.210877903672 
 10.549532459637  2.684168800898 
-10.514739847338 -2.827892314077 
-2.977516486510  -10.497739552043
 9.076038224368  -6.077743286710 
-8.800269880345   6.670730603680 
-10.478940205622  3.715219735753 
-8.453696305874  -7.425039625498 
 10.912914391987 -2.849540849882 
 2.333573157974   11.055371627908
-11.262343535124 -1.367446904293 
 8.657542853088   7.361515209791 
-7.890205645240   8.362547604532 
 10.533650496836 -4.702330887923 
-6.701957890825  -9.466424730013 
 11.542929097579  1.320855272105 
 6.191297950921  -9.940377002091 
-1.404551755094   11.640571256714
-4.671486715882  -10.811989524028
 8.001639273065  -8.761794495521 
-10.286678368141  5.928191999777 
-11.922556045128 -0.002858730738 
-6.377190107043   10.124286598256
-11.881149588450  1.647519498501 
-3.420640376245   11.608860818302
-2.398975544929  -11.904131703495
 2.459625262423  -11.892248692877
 8.303247927604   8.880707406492 
 11.178211384362  4.914699210998 
-10.726256987914 -5.854620364389 
 9.813607306775  -7.580456505225 
 11.947687422216  3.353768558280 
-9.963954471996  -7.404570695653 
 4.990689598244   11.372887473607
-12.108817200056  3.223695460894 
-5.358581564763   11.340149386012
-12.137293223080 -3.208151937189 
-9.408417837184   8.430463605733 
 0.356186749246  -12.665549444247
 6.894742671589   10.720447316729
 12.684962855800 -1.294052681299 
 10.263884234268  7.646281953056 
 2.545628102505   12.715959183037
-6.706051879820  -11.193430531705
 4.063908882423  -12.424029603553
-8.157501921646   10.276258292277
 0.647593074670   13.108664989207
 6.282381752387  -11.532454265380
 11.391248842354  6.546100465290 
 7.805800562953  -10.575098221629
 11.445885153516 -6.569682258700 
-11.895658500030  5.791959749397 
-4.826790545271  -12.344816646453
-1.229505379114  -13.263006924582
 4.073336545232   12.687962552191
 13.354436408185  0.852597419355 
-11.136582658857  7.526065171263 
-7.075886492947   11.483996386610
 10.022216873265 -9.075285668899 
-12.639546955763 -4.832730609982 
-9.113521948291  -10.039489834678
-13.494042507755  1.716477902362 
 13.406980967671  2.563371831387 
-3.167874209963  -13.349190016130
-3.536089888966   13.259575935413
 13.093819168822 -4.432941486812 
-2.088509773137   13.676425495459
-11.635837897034 -7.570765983598 
 2.634724032233  -13.677945926705
 5.902316200684   12.637493317537
-13.695243736015 -2.742148292208 
-10.505949848124 -9.215473637460 
-13.948464694059 -1.123251359674 
-13.480175491093  3.974190644165 
-5.723274311356   12.961599879659
 13.141159165462  5.594330979500 
-6.417180272371  -12.798841422682
-10.282034423098  10.064262828823
-8.580916242522  -11.557096936233
-0.419841486225   14.394774224791
 5.217051488885  -13.434134580749
 1.803408999703   14.401547222359
 14.399853960162 -2.121496356890 
 9.557396856432   11.049312235134
 8.246297081322  -12.077445701353
-13.274347321294 -6.227281248838 
-9.285152121174   11.353839796934
 6.706855450558  -13.073364729889
 1.190806560536  -14.649492626952
 11.047267932060  9.780558025372 
 11.655301364353 -9.086636264323 
-13.131452646780  6.798259542141 
 14.806148551100 -0.519570482626 
 3.873034439157   14.328464855130
 12.888499931608  7.393558062521 
 14.863714151760  1.291589882846 
 9.834034859673  -11.329826715558
-7.952513851656   12.722544257486
-1.646143384591  -14.976290474672
-4.321203772608   14.663921153438
 14.974851329912  3.256009663517 
 13.012224545730 -8.125441590258 
-2.195875721391   15.191707157651
-15.396884422299  0.091339853704 
 5.951566717133   14.205138385385
-14.961351993955  3.690116265973 
-15.296958094834  2.106501330570 
 14.255817137614 -5.975684931087 
 7.530247724091   13.510679146594
-14.878737579727 -4.522349709312 
-8.370049798167  -13.125042350508
-14.476226140010  5.762077231743 
-13.022358883465 -8.574040850742 
-5.391583300692  -14.642451743932
 8.937864698474   12.847343797671
 12.710965271992  9.326030181400 
-12.587467306338  9.529504531512 
 15.520947463452 -3.118580590158 
 0.783506085104   15.819763750133
 2.675272358881  -15.685638878450
 8.084442674485  -13.739281802611
-15.783196700249 -2.290229387883 
-3.826649138334  -15.541834715471
-10.090735063729 -12.430763803055
 10.753167037113  11.979690253889
-14.844609660003 -6.248227150816 
-13.792093637143  8.317791592105 
 0.639069347956  -16.109336876945
-11.627328388062 -11.291614774352
-6.607436161070   14.828536813148
 4.839810436146   15.514868724372
-11.195320559394  11.819553325168
 11.586759348037 -11.463448340515
 14.804084040137  6.904817350785 
-8.008186937920   14.249116054179
 3.160626726275   16.136823983842
-3.625150607468   16.059317008609
 5.745143282862  -15.482947218591
-9.629201337528   13.430402105323
 15.783050207230  4.982358519098 
 16.520040047454 -1.448239912235 
-5.263497528420   15.877286006353
-14.581722962792 -8.274361165327 
 13.792611400738 -9.557881654954 
 10.421759764115 -13.156086155372
 16.610427308570  2.424146792239 
 4.069687215309  -16.288476509497
-16.166635171138  4.590180761759 
-1.482378580646   16.773669353888
