 0.189602280200  -0.866364453331 
 0.906325747738   0.818701644598 
-1.321360270490  -0.168174066964 
 1.927470251231  -0.848534628888 
-0.010596596696   2.109637311262 
-0.939832317389  -2.116645227383 
-2.023847364294   1.435764027705 
 2.480852987024   0.913551288017 
 0.794048643962  -2.664751335898 
-2.629391258736  -2.061531481865 
 2.307992427917  -2.521947799620 
 3.451516712214  -1.138339867734 
 2.727951879201   2.413775114134 
-0.445671298991   3.803823896723 
-2.169586775996   3.196187714261 
-3.901915672366   0.215588724468 
 3.999119536027   0.741764180270 
 1.275742757934   3.963315882921 
-2.654961578763  -3.897681945335 
 2.026983170735  -4.265727002538 
-1.322510167397  -4.653450107515 
 5.004037391817  -0.381000142507 
 2.884303303501   4.242059548005 
 4.052319950813   3.184555738870 
-1.435866760602   4.980447178729 
 0.555565800209  -5.213548071514 
 0.149823618520   5.257482221251 
-5.055806898556   1.523021647619 
-4.095202112912  -3.389276197243 
-4.977239635491  -2.013114746876 
-4.291879818084   3.227572349744 
 3.617855877865  -4.050097567491 
 5.243228371457   1.833072158899 
 5.090516505733  -2.666467042318 
-2.932215408122   5.171118833340 
-2.902702330325  -5.409376345493 
-6.312073534098   0.565629512209 
 4.415878279488   4.702176126730 
 6.438743179643   0.537683255136 
 3.176700563898   5.832287232863 
 2.961717337108  -6.064190832700 
-0.281200976418   6.758688818522 
-5.566892856895  -3.969733158018 
 5.286826228032  -4.432384913691 
-1.810911384427   6.720054004967 
 1.586158554485   6.800613389239 
-0.993741961458  -6.923720042756 
 5.864340809776   3.894474760570 
-6.893583189491  -1.813231876509 
 7.067705301871  -1.217482806224 
 0.986933286828  -7.150858808791 
-6.119229281379   4.023508316046 
 6.869966901881  -2.713890971071 
-4.938751904042   5.521532542041 
 7.260645141217   2.654366662738 
-7.793757213256  -0.518958967053 
-7.542207874170   2.366074184495 
-5.716044099020  -5.482789126477 
 4.680945904989   6.568995906469 
-3.391003420368   7.451701235194 
 7.042989434071  -4.273212694823 
 4.504557516453  -6.954256843762 
 0.999615973739   8.229841702480 
-3.028230913769  -7.753984791709 
-4.599702242154  -6.952608738932 
 8.371099123339  -0.218112570243 
 2.758624165897   8.205061669147 
-1.274759578510   8.578758938621 
-1.056210441505  -8.645873541959 
-8.522136425522  -2.060540554334 
-7.648496799152   4.320117981015 
 8.572473552602  -2.059577610401 
-8.112389140741  -3.533535861970 
 7.440097670846   4.798240905165 
-5.586817123894   6.944787769257 
 6.304399643669  -6.346954176502 
 0.885136773254  -9.023009795032 
-8.942878957346   1.717193935545 
 3.033510028023  -8.626981122643 
 8.460831122931  -3.684376327008 
-6.917085825072   6.109322578288 
-9.298604078578  -0.480576866522 
 8.942129952327   2.830783952503 
 6.959476901025   6.336522641456 
-6.788211834191  -6.675110955523 
 6.009020148635   7.516203900427 
 0.483042902749   9.675053620512 
-2.954953588633  -9.389349294570 
-5.666979905137  -8.106936342476 
-4.839188597164   8.630058956106 
 4.201587009845   8.984766748751 
-8.530418949821  -5.160620331466 
 9.947223202250  -1.246706625058 
 8.491199650561  -5.340625309152 
-3.465978993969   9.466539966963 
 10.023849366513  1.306803351162 
-8.408722765106   5.649313084467 
 2.406705881437   9.840552175885 
 9.005344007796   4.785647480895 
-9.959362264580   2.886166885782 
-7.088068098612   7.603123112441 
-10.250364454191 -2.090179390023 
-0.775914744590  -10.541424213786
 10.167802436665 -2.892219404449 
-1.048979621439   10.538420274906
-10.121557582381 -3.988619353690 
 4.838672127188  -9.785569880903 
 6.132225075785   9.066779939066 
 2.757549324440  -10.666728323522
-9.961376464482   4.817738031066 
 0.640217929296  -11.066979005653
 11.120172387621 -0.271583290709 
 6.721447967807  -8.878828977414 
 8.118278363838  -7.732069477218 
-6.703831363485   9.059858523673 
-4.380849442771  -10.390970828755
 8.357587876374   7.586457046143 
-9.164979314873  -6.890607253640 
 11.289090127717  2.222775905958 
-6.349622696250  -9.621876741038 
-11.475172094978  1.135811245423 
 9.778475434945  -6.206676626900 
-10.167716225581 -5.565545327888 
-8.128271414504  -8.290610399562 
-8.698393431997   7.705837678356 
 4.260303785760   10.857901401244
 11.104284822704  3.765290019224 
 2.287347842413   11.601430805444
 0.340100572065   11.875615235214
-11.467314707375 -3.292914132293 
-11.627314662628  2.890131704132 
 7.689949434904   9.219549826572 
 11.727039569192 -2.947143467761 
-1.739283216021   12.009394189845
 6.184236781409  -10.478582081519
 11.253817479220 -4.660528177100 
-1.058648294796  -12.147772430109
-12.222972746607 -0.224120158255 
 3.939754515313  -11.596338786470
-5.728769096141   10.973902739951
-2.727795875155  -12.095248560176
 11.082363389403  5.563277424229 
-3.601740694556   11.899749914115
 9.658999110933  -7.943690478432 
-10.329982021786  7.318903333720 
 0.583984110135  -12.677461883987
-7.832688431471  -9.991903328116 
 12.737956998518  0.475922025330 
 2.256959911963  -12.573253207755
-4.301318453351  -12.028372180559
 9.274682253639   8.872960873257 
 7.016272328585   10.766498042617
-11.715112092547  5.563603053364 
 10.834584726348  7.178444059711 
 12.868757846790  2.267414912368 
 4.478559402729   12.439942719412
 8.745120409217  -9.980268303694 
-6.424655054122  -11.611222580685
-13.109201938853 -2.173082311914 
 13.222198418621 -1.443088496115 
-10.327026145822 -8.431901582769 
 12.743520927289  3.991678076551 
-13.375339177239  0.921592566295 
-12.716040332948 -4.351000662796 
 0.626657135998   13.433783020229
-9.478192541306   9.686043542962 
 2.203136597481   13.412560802111
-11.962557353918 -6.457458563521 
 13.037992974406 -4.051148718406 
-0.547801402511  -13.676665940789
 8.964810667749   10.369224260347
 11.406944603163 -7.684522041447 
-8.312434172317   11.042586324278
 5.816148941228  -12.580919139213
 12.589462356909 -5.819928268876 
-6.793290952751   12.176353450515
-13.127349851715  4.731913191256 
-2.100231750237   13.807922574254
 12.573856282765  6.084697609826 
-9.903582366328  -9.931495056776 
 4.587293258395  -13.463362353008
-14.058543822888  2.434986714205 
-5.179857230908  -13.295217260598
-14.279947462101 -0.620753163488 
-5.197140608798   13.362377125745
 7.534543539668  -12.228877136855
-12.479350714006  7.216735987347 
 14.379739122585  1.155466291055 
 11.729028797613  8.475470319752 
 2.812547151503  -14.213683289774
-8.539039942140  -11.742777109361
-11.841575698036 -8.406925566826 
 11.106748465542 -9.467616952242 
 6.715673265975   12.958628073422
-11.415836459698  9.229967176976 
-13.452709408395 -5.996799556461 
 14.391562663730 -3.175933041123 
 14.296348034412  3.651373363007 
-1.899167931495  -14.650490189576
 4.710664144044   14.014970202436
-7.272089692910  -13.049413933794
 8.699546295213   12.152094352581
 9.918615550769  -11.192690285358
-13.625039390385  6.171566928114 
-3.732571225463   14.514866606429
 0.970836614471   14.979719358213
 14.008427334102  5.411052381196 
-4.111566470840  -14.454377377578
-15.031115613629 -2.099656020180 
 2.706333546260   14.953154037081
 15.186762395323 -0.858379724335 
-15.207531728647  1.071127809256 
-11.458120843313 -10.190506012746
-14.955050400549 -3.653670578363 
-0.520429217788  -15.395289487727
 11.609427107399  10.210482197478
 13.379990505316  7.814706417115 
 0.975175669559  -15.555249967882
 5.930545056534  -14.418860943963
-15.179923149532  3.568704615328 
-10.370481294176  11.726875762012
-0.934815831682   15.630958563337
-6.786722435971   14.136604240845
 13.866961164640 -7.356875897765 
-6.285935520440  -14.481760633321
 9.371575442301  -12.712962103096
 13.055103409012 -8.904548848004 
-14.961209232473  5.108807436067 
 14.770372000300 -5.703377034570 
 8.022934398629  -13.750493277150
-13.304774322783 -8.757719571172 
-10.807413519782 -11.776043514773
 10.607257610523  11.993044116921
-5.338972420584   15.119565344422
-8.907608118901  -13.395764167814
 12.211462949678 -10.487212698677
-14.397922639301 -7.355237768951 
-9.333370761151   13.209968760909
 16.177228834190  0.358115849727 
 15.871506172739  3.411917572595 
-12.600493092795  10.248744389847
 8.060815419724   14.104644764055
-14.301011876999  7.888942024038 
-15.252534142325 -5.898842575781 
-16.245477077721  2.380976606147 
 6.226343448426   15.218155498771
 11.251077888451 -12.119989180502
 13.151989443105  10.040594712139
-15.181785694796  6.600459722420 
 9.695676676379   13.454481982021
-4.219187575350  -16.042297686591
-16.605402928561  0.242586100015 
-16.344086296589 -2.975055124605 
 1.806927122254   16.558729049536
-1.459565881349  -16.622832466475
 16.585030475925  2.031665626489 
