-0.414150953269  -0.759559270018 
 1.109261357328  -0.005230984504 
-1.123230095730   0.800149503210 
 1.232045082033   1.721751991831 
 0.766280513114  -2.380160407048 
-1.862111475516  -1.715183681757 
 2.494867553910  -0.830421031843 
-0.241907003995   2.941646044727 
-2.904360581723   0.640207677830 
-2.198684861846   2.332842894774 
 2.766182659189   2.132798516667 
-0.324365102851  -3.625472872401 
-3.743148454548  -0.622106975730 
-2.860530574287  -2.844724073405 
 2.141519259752  -3.574457919419 
-3.975436422297   1.885504427492 
 4.382454324388   0.415010596556 
 1.111754903198   4.644390651358 
 4.377864667980  -1.953829257907 
-3.397328507115   3.391655932275 
-0.372193465038   4.881431698686 
-4.617435708952  -1.962755786777 
-2.264336430126   4.574281733166 
 2.756130487414   4.305284817102 
-2.483912585500  -4.489462315840 
 4.150438077929   3.184833335614 
-4.230624498986  -3.491745169304 
-5.692372130936   0.695012341447 
 5.504749695996   1.635735245162 
 4.048015453191  -4.075424620041 
-1.198698770863  -5.848281426300 
 5.867086034174  -1.259807950227 
 0.720002067167  -6.002052638345 
-6.087442776367  -1.016880436649 
-5.018023270472   3.658283690521 
 6.278223317163   0.218094384709 
-0.500941909240   6.397210902897 
 3.436368090948  -5.536890532423 
-4.065416462681  -5.582563317428 
-3.477846133409   5.970539235475 
-2.751088803663  -6.348839152052 
 4.124792336787   5.597733331490 
 1.787876860078   6.730451876119 
 6.448576672218   2.805763403444 
-6.606009315137   2.519977519239 
 6.299736047805  -3.983285481980 
-6.642609188082  -3.391904144301 
 5.277023469741  -5.311692098387 
-1.567145810765   7.488021050733 
 5.714458367430   5.135801066217 
 1.984091527861  -7.431093449119 
 7.620364308792   1.207077808906 
 3.323258502014   7.004390083057 
 7.905638457455  -0.541415597467 
-6.361368485895   4.761810001083 
 7.717351727990  -2.055565846254 
-0.202948376835  -7.984587223104 
-7.883207641476   1.315988059846 
-5.870002166707  -5.531859925608 
 3.689051770054  -7.285704508558 
 0.411159415729   8.214837676823 
-5.128392801622   6.563263621838 
 7.893820097008   3.312943976656 
-8.697898320516  -1.126309071976 
 6.791129699543  -5.566694228728 
-8.381236949294  -2.738710704392 
 5.767935057169  -6.731270784060 
-1.988754053822  -8.706073611143 
 1.907784175365   8.734352698390 
 7.783301774934  -4.423871326093 
 4.685625974533   7.696629303510 
 8.850071110601   2.080657370443 
-3.022434705848   8.659351714139 
 2.323519443956  -9.000876336534 
-6.875613091572   6.339743949946 
-4.840473922914  -8.008653859624 
-3.506651968180  -8.734968351715 
 7.950702641192   5.040430465864 
-8.340017938692   4.368043924044 
-4.723976761057   8.160788130076 
-9.382087190779   1.215738485789 
 9.333818399276  -2.159866213803 
 9.619574281342  -0.252600800190 
-7.359157434352  -6.222129624045 
-0.205797387883   9.815703314546 
 7.198718464976   6.691740588146 
-8.871976094668  -4.301398276655 
 4.023130395460   9.154144862008 
-9.522176957923   3.396389499370 
 0.145965050352  -10.152118871643
 9.686467136411   3.549646140454 
 4.894319014802  -9.153622049830 
-2.230831704947   10.146296964116
 1.918872774334   10.240663641591
 9.278069246147  -4.770222565698 
 7.443968899638  -7.310696926963 
-10.415765573634 -1.869508081224 
-2.803085830130  -10.275217266347
-6.720176123927  -8.342205193363 
-4.268666135600   9.830730532826 
-10.591127237743  2.269117362927 
 8.792871338718   6.428766765212 
 10.912965743733  0.722514084086 
 6.896545972033   8.501982302456 
-9.034379701770  -6.303994588098 
-6.128863067491   9.171405252042 
-11.027175995238  0.713544312585 
 10.454780931463 -3.695866996996 
 10.978768815308  2.321774474693 
 0.706538340154   11.213078711157
 9.989329402804   5.149313017174 
-7.844699055662   8.059150292578 
-8.872005180771   6.951777048965 
 3.368983014117  -10.757401752481
 9.189658598709  -6.620509834169 
-4.967678793178  -10.232917805616
 6.949145448208  -9.091689459282 
-10.414984714674 -4.837731228878 
-11.458544435337 -0.768520268372 
 1.216306750648  -11.529199852756
-11.179954262110 -3.478107045326 
-8.583175598848  -8.039425237217 
-10.384926191528  5.522363938252 
 11.771192320542 -0.782190795628 
 5.007667810744  -10.711526332621
 10.475361924512 -5.696258170233 
 11.616112608280 -2.712075396002 
 5.487481539572   10.694634601114
 2.216202950664   11.829209462825
-3.684200783117   11.495500772783
-11.432393663529  4.036656588508 
-1.759588436431   12.035385308880
-0.686874468529  -12.218349530700
 3.832289159687   11.731990901722
 9.213966701762  -8.225088185991 
-2.332391008339  -12.242560902626
 10.529543007201  6.672244015522 
 11.804866878168  4.318646186711 
-12.602792504427  1.071682731935 
-10.299753788838 -7.422569518460 
 12.585399243135  1.804603890672 
-7.155197996349   10.521461647047
-12.637100514103 -1.813194706892 
 12.007521540484 -4.433516454149 
 6.886636961106  -10.790725965563
 0.195614956058   12.846151083673
 8.037124498006   10.035220082340
-10.710848375282  7.206668968056 
-7.856893149246  -10.332026626996
-4.969366307054  -12.000088723168
-6.622132469079  -11.241257437472
-12.748684694343  2.779460369485 
-9.830693269119   8.593766777159 
 9.815215297475   8.701537057266 
 3.885539949588  -12.768120531824
 8.581432073037  -10.253331821465
-11.643909270840 -6.683685212334 
-5.808083489055   12.173214568733
-1.276962033300   13.473051602277
-10.118111295308 -9.011436755846 
-13.006605302933 -4.052155810063 
 6.440943306371   12.020160671562
 11.571635744447 -7.243775357781 
 2.528113830163  -13.425566051840
-12.294064640271  6.090903645300 
-13.741457364998  0.052000716443 
 12.140383865721  6.485340447375 
-12.958241300711  4.697347921515 
 10.838309659355 -8.577674330185 
 13.560374485732 -2.739591811500 
 13.855094448774  0.936344392002 
 4.011121757129   13.354943511068
-4.120327021018   13.325324331707
 14.006303868731 -0.711815853070 
-9.603483213913   10.279811932869
-12.961847522451 -5.816566029730 
 5.581870528342  -13.114246134476
 2.543221572808   14.085007141442
 0.403346660580  -14.310295314783
 0.559047770681   14.310956825577
-2.718436713657   14.075482159577
-7.746218654107   12.073299771187
 7.866662826059  -12.007970849497
 8.152890211415   11.925603449991
 14.104429721836  3.159286362255 
-6.283242351902  -13.027918415605
-14.318258850798 -2.186696259746 
-1.346260344020  -14.492644215455
-12.222403848402 -8.182722616447 
-14.603834461349  1.976276347259 
-12.359791689404  8.074679606559 
 10.006458100064  10.861613496745
-7.792808760039  -12.552245331109
-10.146214747005 -10.783677654565
-3.308824625472  -14.468565116374
 11.988627911309  8.851571051143 
 5.801239292426   13.730254812952
 13.304217058431 -6.757186840096 
 10.939313716180 -10.156164346772
 13.991449432887  5.413492505554 
-6.936585958298   13.338701979259
 4.054141834419  -14.484791761282
 14.108979546278 -5.221468697923 
-5.093653377026  -14.187085359820
-11.484052215043  9.914617803186 
 12.777814796187 -8.429659664902 
 15.190492267011  2.004837066345 
-14.845292560825  4.002671456277 
 7.250132548930  -13.597915358361
-5.362989636475   14.446735349725
-15.445266642155  0.005360340191 
 7.360360457104   13.656583516435
 1.362418214070  -15.503922101679
 10.348287963909 -11.628544596308
 13.807741390574  7.197459447891 
-1.612334857017   15.497743889974
 15.632642566882  0.542323302736 
-15.702445539499 -1.560801199287 
 4.503414922970   15.165956905093
-9.986591465765  -12.332396907601
-15.576652802235 -3.080612214094 
 8.795555686784  -13.286440336026
 2.163987874487   15.807856695333
 15.319898180394  4.481882331249 
-14.871195280469 -5.818645187801 
-14.965443474021  5.720519698741 
 9.261359653059   13.120766857704
-12.500152253283 -10.147368329339
-10.407206505124  12.356279119076
 6.258986623584  -14.966174921902
 11.409301935651  11.538054852956
-7.233462239769  -14.559708056526
-8.407265135835   13.951711511358
-1.846670514349  -16.194842806148
 16.259933642099 -1.633294896533 
-13.955655653492 -8.563575262703 
-16.124591743738  2.986472198126 
 16.027063180877 -3.675661626157 
-6.749442653291   15.023801665039
-11.469092485116 -11.886841296859
-3.133947288114   16.231526265425
 12.635512272930 -10.721843712559
-13.559376240791  9.538866846940 
 13.382997583748  9.800204918155 
-4.236876959500  -16.040956836868
-0.048467431002   16.614050365814
-14.999714634838 -7.339639499351 
-6.111471219806  -15.600886532694
-16.117814775340 -4.593570310259 
-15.047530210321  7.480009474186 
-8.968284852492  -14.231542587742
 3.748645794284  -16.409300318081
 16.525710320048  3.344747085685 
 15.363342955546  6.982945856799 
-0.239621581752  -16.875065959249
 10.594259400194 -13.146759832389
