-0.353758943189  -0.111285852430 
 1.019890497929   0.681075744596 
-1.115403986732  -1.435784112826 
 1.891726399848  -1.363194279717 
-2.233587981427   0.670531814936 
 0.145672888433  -2.499211467476 
-0.646388642813   2.537129397734 
 1.011000619140   2.483992907848 
 2.680492730344   0.384460407849 
 3.611933774381  -0.797506089481 
 3.002191712876   2.234004005100 
-2.810608374017  -2.868787810066 
 2.177228107817   3.569317638596 
 0.539415619378   4.188923099673 
-1.544869253548   3.960707240952 
-3.618101948803   2.367715507256 
-4.034737299588  -1.649228901772 
 1.167145617148  -4.438539739276 
-1.684625896898  -4.422540020010 
 4.325865372834  -2.132963564786 
 2.800333163818  -4.022597577842 
-4.947489506658   0.559610280426 
-3.078100667643   3.988471241856 
 5.148439717331   0.171978296064 
 1.833021390494   5.180015811279 
 0.013614133150  -5.538249559271 
 4.170488807354   3.675984186222 
-0.542937076090   5.638594455878 
-5.203446014230   2.982478246331 
 5.781682418413   1.822771209615 
 1.520863953125  -5.918272829827 
 4.538192067885  -4.094312184381 
 3.339111989115   5.208577136898 
-3.768805948465  -4.906920647118 
 6.144284146344  -1.276480759962 
-6.232012757329   1.435445692262 
-5.289882742234  -3.695401061443 
-6.385554744681  -1.212058585750 
-1.776064229446  -6.291490701600 
-2.873577313512   6.160822927352 
 3.842874664241  -5.698302093626 
 5.993777359436  -3.494295293934 
 2.558359470695   6.535240589180 
 5.157364364107   5.019472606769 
-7.260294639284   0.270492490420 
-4.873502416655   5.391768069225 
-0.526850101339  -7.335372106673 
 6.307974750806   3.965346746458 
 1.148565244198  -7.395018987061 
-6.962403406663  -2.921688526500 
 0.701323536676   7.576447451203 
 7.755212492604  -0.383493584171 
-3.119151571888  -7.112140646078 
 5.740662264775  -5.430669469072 
-7.599072052625   2.200600202392 
-1.553647459951   7.764745422311 
 7.572356732486   2.577250582682 
-5.095982343520  -6.219229945462 
-7.984449995526  -1.046928586943 
-7.247465276181   3.675096395235 
 4.491617317884   6.909974296348 
 7.883759743973  -2.756820610649 
 2.561455805873   8.091967164070 
-6.539278033679   5.558950465167 
 4.406632433792  -7.365571250728 
 2.740210856358  -8.135400060243 
-6.512408949069  -5.681651203602 
-3.014929986584   8.142552296419 
 7.279959153320  -4.948867655867 
 6.490913558047   5.948416363449 
-0.500610465457   8.837568946985 
-7.710916052444  -4.459118128292 
 8.829360626505   1.714136909056 
-8.920088697855  -2.370884929612 
-2.364962454631  -8.947836827255 
 0.201294258457  -9.253238987889 
-4.927001142175  -7.841390072917 
 9.173880550773  -1.301198488442 
 7.754648622448   5.135778973717 
-8.858831635333   3.112615415078 
 8.722622466120   3.668293230257 
-9.514182196193   1.340438821040 
-9.639114719144  -0.229112135929 
-5.604479351584   7.860274939663 
 9.690781107382   0.155064985610 
 9.124642388920  -3.725962335723 
 4.872813933120   8.580170400265 
-6.917700746408   7.111711995410 
 3.795917452396  -9.245758500987 
-8.022830075243   5.979570513765 
-8.213430291429  -5.874703704399 
 0.972974348023   10.083930244133
 7.085212066970   7.328211828236 
-4.097129600094  -9.343836420152 
 2.381959340699  -9.930140909357 
 5.651899996399  -8.676760924770 
-2.057363134413   10.179143635875
-0.498660038622   10.394276246777
-9.667220072928  -3.990228769195 
 8.441808987578  -6.333771694485 
 7.145333699265  -7.786816468782 
-4.090034395081   9.792427831609 
 10.304290700924  2.968271835306 
-0.286979286962  -10.743620314969
 10.679753380948  1.388294848913 
-5.714185374010  -9.163890007137 
-10.448350215550  3.494056027824 
 10.734533356451 -2.830005662591 
-9.871377368189   5.124689594507 
-11.081329333599 -1.565984587837 
 2.958576322110   10.832565363054
-11.274250148136  0.125256638767 
 1.429363164362  -11.184333452044
-7.716167803299  -8.246247059005 
-6.839476672696   9.109640198458 
-9.700040732069  -6.127955568698 
 4.574649673865   10.596389255468
 0.536774296312   11.530583924475
 11.558350097592 -0.066163227131 
-3.339193265948   11.188481866563
 3.379588634627  -11.200024527471
-8.434074608982   8.130978590253 
-5.710965493917   10.269104892215
 7.261955984251  -9.311552789896 
-9.741077251177   6.690951004374 
-2.123337632508  -11.665409601138
-11.762940595438  1.971419722063 
 9.047749473461   7.879938550599 
 9.274570394610  -7.672003353850 
-4.507622663084  -11.179179908893
 11.805762018605  2.442218369188 
 10.066594740911  6.642146042421 
 10.933327836967  5.093860945091 
 7.232759636200   9.674580079237 
-9.274352459320  -7.840033066398 
 10.855279914722 -5.734377900487 
 12.118534573928 -2.011796697960 
 11.596817230317 -4.174901835135 
 2.227257693190   12.209966912022
-11.997332719047 -3.272375165384 
-11.417275962338  5.090505921166 
 4.957329501851  -11.540615967236
-11.251336097875 -5.662427228801 
 6.573317383427  -10.759906259152
-0.949920930731   12.596991640620
 0.006313578788  -12.648683719520
 5.980958132938   11.296515220483
 12.148009545529  3.987733203543 
-7.706707025273  -10.216952259513
 2.439159537188  -12.584124370354
-3.517030022122  -12.424436767756
 9.064776226188  -9.199252161969 
-12.985818579529 -0.409715646609 
 12.944784916544  1.369433872971 
 0.959269599010   13.106399006744
-9.260279290540   9.440614362058 
-10.789292085171 -7.717736375297 
-2.500916910600   13.094217469334
-7.850651246227   10.812943430073
-6.075802025338  -11.908480539586
 11.239617746326 -7.314454794139 
 12.957135565429 -3.492413215713 
-12.817958001741  3.978080686200 
 12.358985276680 -5.481672238083 
-5.561575830819   12.401873962268
 3.595836792588   13.113173793320
-1.221176641973  -13.582299571257
 7.856246658753   11.176948354531
-9.555889088398  -9.764731772378 
-11.861719650056  6.789993990196 
 8.154796711406  -10.991472618948
 10.284351811221  9.033991281853 
-13.470315764500  2.586169489472 
 13.615890858030 -1.836579644091 
-13.541378321210 -2.555266464888 
 6.294708926324  -12.334770495046
 12.500954479313  6.191768875108 
-11.055440417471  8.553385505901 
 14.015470256071  0.003564636248 
 5.133535503392   13.042178716491
-13.181658925839 -5.014242972121 
 4.701138656698  -13.313267896207
 11.577384737396  8.103896458711 
 0.877109359847  -14.126551968995
-2.996203564035  -13.843401059739
 13.452406251441  4.811950235773 
-3.884003674543   13.824504024414
-9.361107831842   10.944414737768
-7.389816697068   12.371468668364
-9.087327255767  -11.317416222706
 6.772381870318   12.895103799034
-14.558751486276  0.957044850636 
-12.843336021634 -6.924518191697 
 14.521642767529  1.471526046875 
 10.804326946037 -9.861811676826 
-13.332395977523  6.228597411365 
 9.735374012263   11.059268183735
-1.031540029403   14.698487588787
 2.866143529631   14.459060149380
-14.322710545410 -3.913418646167 
-2.556294490328   14.655085639011
-14.080784079601  4.834043631542 
-4.865329699469  -14.098897598855
 13.410686028549 -6.581930712447 
-12.135543669248 -8.827039725887 
 14.198420330496 -5.017184602462 
-6.782570671809  -13.467215279649
 14.621365801256  3.736771102453 
 2.564175481864  -14.873280214359
-12.779439086719  8.149395018321 
 11.180152371058  10.506571950748
-8.322691103585  -12.979071272988
-10.957113672565  10.923781179262
 13.491807040813  7.652450232705 
-11.642206018985 -10.263841084490
 0.298944003514   15.527981664510
 5.015316998244   14.719239609781
-6.891770468412   13.995763864586
-15.690547975241 -0.934247676986 
 8.146788880873  -13.495271730223
 10.240519135280 -12.015161286818
 8.809629872079   13.106003410920
-1.824309060168  -15.692709921078
 15.420331383657 -3.563730404731 
 12.677300765924 -9.477492007854 
 4.082889532467  -15.485664641602
-15.952230285794 -2.500513148909 
 7.134918985941   14.515438654270
-12.838807645932  9.860542188111 
-14.606547348846 -6.989353278822 
 16.087195480307 -1.933776946426 
-4.613733701491   15.566539606360
 13.240394741486  9.512871320657 
 2.374661385925   16.165662741693
 0.207072532429  -16.340052630799
 10.382682447361  12.619714720704
-15.085484778113  6.336959453105 
 14.306678673970 -7.955577533685 
-8.706120295464   13.883629755402
 15.009035750553 -6.586421316733 
-3.040526807890   16.144101993190
 6.015507689828  -15.294508060544
-16.163028799351  3.069501117353 
-6.227469735546  -15.231709082301
 16.467452574646 -0.393664816226 
-10.515200172608  12.720448337250
 16.462640891414  1.216127875342 
-10.346154870180 -12.873355064879
-13.522471344240 -9.511491139794 
-15.943761082117  4.653499858818 
 15.792172191880  5.196473940071 
-3.597105826736  -16.254189473111
 4.305413851567   16.193924359964
 12.283018079986  11.561020438297
 12.640879043521 -11.247543654707
 15.550600933686  6.829735436046 
