 0.655536942851   0.826301235074 
-1.277814659126  -0.312834842680 
-0.247540396936  -1.435030612782 
 1.788768025374  -1.391401304032 
 0.019285067469   2.315938888429 
 2.163236191850   0.918114329292 
 3.013245039624  -0.353754017636 
-2.066181474814  -2.384868104092 
-2.685181254397   1.799988725854 
 2.513421602321   2.651507690335 
 1.679199510162  -3.296698223262 
-0.928751045503  -3.728589005357 
-0.010154775189   3.870835622849 
-2.151100407436   3.282437250512 
 3.718625718811   1.398107514753 
-3.774359835530  -1.445841476763 
-4.126424862980   0.427175016042 
-3.356727865061  -3.168030925185 
 4.063251214405  -2.466065799497 
 1.303734306904   4.646848029326 
 4.846805492908  -0.850915817166 
-4.506787000143   2.047994826712 
-1.160309867484   4.918961690221 
 5.054797263153   0.645079820500 
-2.331502203794  -4.673078745956 
 4.421261013637   2.888867239517 
 3.404836731757   4.095680243918 
 0.612287670078  -5.471486895550 
-4.926009997553  -3.187912973520 
 0.077622950433   5.874364955104 
 2.737102555153  -5.228287060588 
-0.898640054854  -5.847348158263 
-4.614673358713   3.900336903285 
-6.030238174169  -0.477648256386 
 4.215693137216  -4.609757182655 
 5.953836860400   1.928900475552 
-6.427019021131   1.733454691071 
-3.422339806249   5.717379326213 
 6.699147956926  -0.011761951025 
 6.414318236430  -2.280319658411 
-1.434545789475   6.676499245557 
-2.327856772130  -6.456936547105 
-4.472518630650  -5.230171513313 
 6.037315147795   3.503315874241 
 1.006897052389  -6.933253755869 
 2.074431843304   6.705258606497 
 4.387511553960   5.554742420282 
 5.962376222669  -3.832335300156 
-6.197792355620   3.521238084214 
-6.658808823464  -3.276231491639 
 0.191354469627   7.529519545908 
 7.508835494772   1.384353200293 
-7.607453536555  -1.040398888634 
 5.890845084353   5.409660662102 
 4.266713164407  -6.803273806944 
-2.964889209838   7.494271571496 
-5.336912321061   6.110964702448 
-6.101842888606  -5.439443185566 
-4.433736406761  -6.883206171606 
 3.019273355396  -7.663202465961 
-7.700789748857   2.948738879621 
-1.211665577571   8.250504308399 
-2.658951631530  -7.969469212552 
-0.818900384598  -8.423833826622 
 7.560531505977   4.006785266965 
 8.537956729111  -0.913926717769 
-8.590229838482   0.753753447091 
 6.232958937582  -6.018283794090 
 3.333325041750   8.129290185438 
 8.012389611511  -3.629480081434 
-7.528825500176  -4.559640199682 
 5.470739418391   7.020539544674 
-7.529862874671   4.869257188031 
 0.398729063396   9.076616308994 
 2.014769371650   8.888995703836 
 9.116034822678   0.995249665382 
 0.492689366316  -9.282233142907 
 8.974727588899   2.521747876436 
 2.139820708268  -9.233293289144 
 7.622090374802   5.726846697961 
-9.347588924216  -2.101236957844 
 9.336830527488  -2.476406926648 
-8.949977415430  -3.842148002467 
-5.891288995891   7.882414033366 
-1.041365010419   9.788015054247 
 8.498233448213  -5.133464478912 
-9.775272817264   1.953844678688 
-5.555339544884  -8.384782029234 
 4.328049572213  -9.128536951659 
 10.108848536221 -0.456878463009 
-7.766498923043  -6.501210705637 
 7.736450500077  -6.783864093677 
 9.028950582292   4.937762112793 
-4.314421016008  -9.368069825853 
-9.792459640198   3.476226023318 
-4.983967879741   9.225219073769 
-2.860137873360   10.142407646918
-10.522840670672  0.577891597817 
 10.413404341822  1.844895261595 
-7.056003077480  -7.901303272796 
 2.027495189662   10.416677874047
-8.000845710856   7.024952236396 
 5.801132569790   8.958728478849 
 4.272289060583   9.827239136613 
 6.068599330933  -8.850122889309 
-0.963087994933  -10.715993232178
-2.702896583523  -10.546653781577
 10.195058089576  3.905884154512 
-10.918583598866 -0.881132056835 
-0.183355805448   11.074140565054
 10.500296107906 -3.551454580894 
-10.178592309135  4.990857625617 
 8.002722355574   8.084116335604 
-9.491954810233   6.354158799851 
 1.361466221601  -11.367658292292
-10.897158948746 -3.744219199345 
 11.454385430695 -1.627288030775 
 11.666630540800  0.910734832285 
-4.141784012116   10.974412128008
 10.069078910991  6.102777806773 
-11.624847186912  1.919431328165 
-10.258090787297 -5.857601159109 
 8.931043696497  -7.786597088987 
-6.748527420865  -9.767791098530 
-9.476972013027  -7.200815906888 
-7.106679762387   9.569195787456 
 10.332184584850 -5.954673726603 
 3.744517989145  -11.363289930657
-5.430084674269  -10.743702431075
-8.510156050475   8.518084250683 
-1.376562055379   11.985668214031
 5.715737164824   10.659143240717
 11.710679580802  3.703256164234 
 3.736777945506   11.702657195536
 5.670985463446  -10.960264972262
-12.018220742120  3.579310976719 
 8.433293714915  -9.296686009637 
-12.414048352399 -1.979418002326 
-3.014342066116   12.286888011978
 12.502153984116  2.286752469136 
-3.804940189681  -12.136628551261
 7.384211871133   10.394142983298
 12.214220876163 -3.715526910654 
-12.805389601027  0.534975203506 
-11.914614894842 -4.847928891124 
-1.855106009118  -12.740911307599
 0.237248400136  -12.911151455528
 7.489654883143  -10.546951657065
 2.619051394114  -12.690555298996
 1.803959058124   12.865669887604
 8.762422976674   9.617722001429 
-6.008306168143   11.659207387425
-10.765407586637  7.548222260580 
-11.655257442551  6.174189624224 
-9.081699182889  -9.567550418264 
 10.448795725676 -8.123383630907 
-7.414589753525   11.100223556313
-11.580061322131 -6.713260024368 
 10.397304623280  8.529203097120 
 12.201254426377  5.671375768692 
 13.441968234860 -1.017582740531 
 13.444014421263  1.104708332609 
 5.035606575937   12.516535392462
-5.763902158396  -12.239879915846
 12.368526059631 -5.535175238998 
 3.344866375253   13.267896480938
-13.487642318317  2.848078989483 
 13.282959905918  3.710018280031 
-4.616580649042   13.006763115996
-9.056473824171   10.452473166615
 11.876885618687  7.196170459106 
-2.051000497985   13.750721707083
 1.494007928099  -13.834837132708
-10.688851859119 -8.937444965798 
-10.231617382905  9.500054858441 
 5.523601640043  -12.845434767836
-13.980582295250 -1.336444329346 
 9.270835415638  -10.571202497742
-13.395820678383  4.379564006134 
 11.972430051478 -7.494575073464 
 7.391066632655  -12.049049451784
 0.079081372926   14.187990586958
-3.462464612404  -13.944238962259
-7.439110299164  -12.312440725514
-14.410834210152  0.428882054488 
-0.156417132569  -14.419491885940
 14.007053406587 -3.457749052995 
 9.408687452893   10.980431301150
-5.061447412501  -13.612034225966
-6.353802259672   13.129059620871
-8.822597608359  -11.674136164741
 8.014057530290   12.264707184829
-12.370683647546  7.854404806165 
 6.702695031228   13.043608849994
-13.643536738953 -5.424799474274 
 10.823925007129  9.980207178631 
-13.575610213823  5.990998977614 
-1.709133885054  -14.741584156108
-14.299955685235 -3.976712171903 
 11.085052469497 -9.983270675933 
-13.238141736512 -6.895262141414 
-12.485401173261 -8.246476947941 
-10.617259157958 -10.553652470445
 2.228313925951   14.808697118819
 12.158556251021  8.771798403731 
-14.885346488570 -2.561091175290 
 4.631707258738   14.417005477994
 4.478371522429  -14.525249076063
 2.662652502667  -15.017991030800
 9.215699500720  -12.202985067272
-8.647055512759   12.615745284111
-4.305890848077   14.706059728592
-14.922185896770  3.575481195743 
 15.095491195393  2.778514257346 
 14.386779823673 -5.371042372432 
-2.503599735749   15.196091228759
 12.436843986285 -9.165760201469 
 15.514975395345  1.238768246491 
 14.141836799652  6.544900400468 
 15.458916676837 -2.429880587797 
 15.042013746746  4.394914370924 
-15.739953366295 -0.890848176706 
 15.776811945057 -0.286104572822 
 0.864604463231   15.772846288138
-10.974726333278  11.362152920947
 14.221279567287 -6.889386237311 
 13.641702353494  8.122915467421 
 10.951070779782 -11.506004328510
-8.559080189583  -13.400387436136
-0.824654583168   15.894145951053
 6.038000437017  -14.736731250554
 7.909801353967  -13.837062856525
-3.009075833621  -15.661952288107
 10.604491949883  12.015764394368
-6.316816331504   14.755297893264
-12.624943800721  9.924568277764 
-13.886716846028  8.086083027170 
 6.828228133389   14.547656812745
-12.904563500880 -9.840658442214 
 15.768349897865 -3.990319104139 
-6.519884307344  -14.920536020607
-16.110462795434  2.378645665987 
 13.930238596673 -8.546822343043 
 3.874631370739   15.881529421829
 1.254780524272  -16.306647526493
-16.367638344025  0.608525390338 
-11.557407313306 -11.728598366981
-5.129404425272  -15.668763135689
 13.138854449835  9.984842100426 
-0.744434888706  -16.491362335978
-10.339659035158 -12.883815876884
-15.745508223013  5.125140447059 
-10.431208829110  12.931419871814
-16.495253495731 -2.473437261483 
-14.963572869334 -7.432731872242 
 9.680104527433  -13.632103837137
