 0.711966324175   0.693221941036 
 0.454891086976  -0.907563342945 
-1.424888445653  -0.044625125921 
 1.952084001675  -0.260083650742 
-1.025918445422  -2.146906850008 
 1.448335544912  -2.338290967105 
-2.363073680512   1.408977937229 
-1.024748665526   2.557904360801 
-2.602287777472  -1.268722021170 
 2.787969740691   1.012192566109 
 1.493812920311   3.020229294089 
 3.398439733301  -0.901573277918 
-3.671086682676   0.185227990356 
-1.686618240335  -3.515536151778 
 0.319438318970  -4.150190361807 
-2.076591301552   3.711236395142 
-3.847190242811   2.147276578085 
 3.762730333956   2.363049162721 
-4.323952397005  -1.251295642577 
 2.528040358742  -3.828926440629 
 0.093032185606   4.624825507716 
 4.591858268978   0.844694773864 
 4.213014635883  -2.828337771549 
-3.678599389734  -3.523576087043 
-0.567786917102  -5.409753514683 
-5.431413777215   1.218939458247 
-1.156712066186   5.520335541073 
 4.035025084136   3.954269351304 
 2.010909246334   5.364128390030 
 1.382956730251  -5.619065678617 
-5.815979543840  -0.456960773525 
 5.546493327450  -1.905550378309 
 5.924214411883  -0.404179958842 
 5.347398424232   2.600970359057 
-2.833705885500  -5.339195440138 
 2.910254969349  -5.353152788950 
-4.022141259786   4.647781828056 
 4.195352597821  -4.575805145841 
-5.450944163696   3.098489623404 
 6.505955442259   1.324103484804 
 1.418040972455   6.797615033984 
-1.928413734908  -6.689028817210 
-2.382391046686   6.711793436355 
-0.560683050089   7.158602824309 
-6.484162014696  -3.145056666007 
 6.389242283940  -3.717248427950 
 3.357814042288   6.601849195950 
 5.125684302670   5.417452303599 
 2.012023134026  -7.285716506421 
-6.071984534389   4.518540002362 
 0.237586789006  -7.572888294910 
 7.421881419398  -1.763793351652 
-4.207234162071   6.517838624704 
 5.589781023145  -5.449911580798 
-6.104622619012  -4.927135335964 
 7.085070287093   3.407149605582 
 8.028737588856   0.497571855624 
-3.338071306026  -7.370759534901 
-7.878813199769   2.193267637911 
 0.716334213625   8.192483215297 
-4.785715661196  -6.697560650130 
-7.971599253415  -2.157677547545 
-8.271423658776   0.431060894418 
 6.902522609282   4.901957359067 
 4.337862473393  -7.373038998098 
 8.256137745981   2.328463801161 
-2.905904579653   8.324528911027 
 8.759642173436  -1.077542892405 
 4.973719085742   7.517473054516 
 1.062956835969  -9.016471331380 
-8.205199821247   3.924236437346 
 2.587447562954  -8.768849730540 
-5.725272532615   7.236134913391 
 6.660627302160   6.520429153751 
-7.697602437786   5.397372406400 
 2.488284838216   9.076045568905 
 6.515951638497  -6.842459659777 
-6.852914498033  -6.597399970728 
-8.209635634766  -4.855861681470 
 9.166927629477  -2.842540785168 
-2.896809398077  -9.157260954174 
-1.381017527897  -9.673002168863 
-5.917979666660  -7.783316208514 
 9.850913165446   0.058922932744 
-9.767730452424   1.283757097989 
 9.691795273516   1.804079204327 
 0.200781285733   9.879728936308 
 4.334551492805   8.881079543227 
 9.235027830824   3.606773447396 
-1.674158082553   9.862280609190 
 8.477051718037  -5.347792718994 
-4.519288587746  -8.970214585698 
-9.882968946421  -2.230035420292 
 5.338176177771  -8.826513161106 
-10.394225400003 -0.719053236920 
-5.223432654675   9.098099667239 
 5.886155465481   8.714723733101 
-9.860997012570  -3.845013568144 
 0.329943399726  -10.727365120122
-7.389818444515   7.802545782338 
 10.686644268705 -1.207321482711 
-3.708953064476   10.130028386057
 9.219668911927   5.675615854798 
-9.185907417632   5.797157895459 
-10.098236695286  4.188451292971 
-8.893563381041  -6.358239062197 
-10.596728869242  2.732877943763 
 7.870131681138  -7.724005613293 
 3.146324205241  -10.583285033899
-2.811794663749  -10.767578174168
 3.946377568321   10.537948064733
 10.969097297711  2.697197488584 
-7.530778062391  -8.472298742694 
 11.331132286514  0.970053602539 
 10.200103408962 -5.148987687081 
 10.456767259003  4.748175502761 
-11.435686396720  1.259157604996 
 9.061798149229   7.211003253001 
 11.208152359474 -2.954308860816 
 0.884158426003   11.592373953264
 5.000174415761  -10.565667223488
-11.696502757538 -1.666208327521 
-7.175154604302   9.400015323976 
-11.455915018938 -3.212444311346 
-5.851580046378   10.470604482976
 7.264014751361  -9.567497189132 
 8.119527033908   8.894831017176 
-11.130413847380 -4.736219389874 
-5.430259275118  -10.827682015683
-0.525798768565   12.110528792284
 2.735080163048   11.920209032820
-1.590022795508  -12.182247819140
-9.486189484543   7.837610092572 
 12.305969143135 -0.436433342202 
 2.365402809287  -12.116413037022
-7.092931264201  -10.110470100650
 6.205149792245   10.721997927387
-11.630763252054  4.325735302792 
-12.289907923198  2.890746176468 
 10.025422422342 -7.769718365617 
-4.360121091624  -11.917453280999
-2.601925326977   12.431298670471
 4.052176453295  -12.053899524317
-9.187160008665  -8.836742726935 
-12.762869558024 -0.605387207314 
 11.054864332198 -6.496140316305 
-11.201612809986  6.540976838006 
-11.399298466358 -6.228286180496 
 10.503473369442  7.643006530315 
 11.962720042267  5.153327398535 
-5.033210155306   12.137166991101
-13.115043585679  1.600237112668 
 12.195327385858 -5.151192429936 
-12.989219437513 -2.817429406354 
-8.554532828606   10.215164439150
 7.232921103994  -11.198250708592
-6.602253203415  -11.822929888791
 13.490626165828 -1.396431516250 
 0.541618294739  -13.590598487502
 5.728728166510  -12.378897080969
 5.233643881416   12.597553855965
 13.617722741357  0.943084969498 
-0.976966681449  -13.642510252314
-7.548778364080   11.433337049559
 2.806145570754   13.437137195054
 7.701235332693   11.395677071622
-11.329828503008 -7.858689575524 
 9.276174657412   10.230977104433
-13.126409281769 -4.342646594451 
 0.921822441581   13.831621079163
 9.939754144561  -9.670651745486 
 13.285366190104  4.073471707126 
 13.677205550748  2.506407058204 
-1.217339704799   13.878121217559
 13.383382465002 -4.015250028376 
-8.172322249641  -11.536405552385
 10.695613128943  9.247972382074 
-14.072909592994 -1.735497319082 
-4.261480012294  -13.530390216803
-10.834712099041  9.235030301169 
 4.544351258716  -13.502518575810
-13.734456201948  3.792825288092 
-10.888308674685 -9.323928697227 
-3.595589125190   13.910277167671
 11.745621496584 -8.379753083160 
-11.932311537160  8.130819685291 
-9.818683691868  -10.657244812899
-14.464676832584  0.895546957809 
-12.956938676625 -6.539809143179 
-2.360535445219  -14.347796650769
-5.937445132473  -13.335364735351
 13.224264255807 -6.253254040582 
-5.704364921085   13.551548825460
 14.464357254726 -2.652515701255 
 2.988453122769  -14.491597890704
 7.597710735517  -12.721618185342
 4.299349863321   14.195891585041
 12.572636690113  7.888196742059 
 9.075115349026  -11.819419692460
 14.904235875002 -0.837185716114 
-13.947749324356  5.374804931829 
-13.165494304330  7.159079373592 
 13.890024843196  5.769445199019 
 15.116952881108  0.647721580602 
-7.543170174534   13.129143342326
-9.011215712195   12.175762302777
 1.363838502449  -15.117166863986
 9.038383788905   12.246608674904
-7.751784342876  -13.140924852378
 6.216437603464   14.172350514012
 15.169687150129  3.160150889639 
 11.033780710502 -10.907030580285
-2.805428075521   15.303218461721
-15.249305961836 -3.175795161453 
 7.974845748526   13.424663860004
-12.509343531333 -9.393310807913 
 12.056035108294  9.987716509133 
 1.700735710727   15.587228906950
 6.492957224724  -14.336709838686
-11.647251657403 -10.634383741064
-4.457940009979   15.146867272708
 0.042328381180   15.794078432009
-15.738266005773  1.911076582919 
 3.460181325088   15.498914637326
 15.159345706058 -4.784730329752 
-0.834113610768  -15.952856495149
 4.949396753791  -15.274306478602
 13.844063398634 -8.191320809988 
-13.389252324362  8.942009307379 
-10.418762801872 -12.332421415174
 10.576913981802  12.200523843965
-11.017940649974  11.923839393348
-15.650636568409  4.456329143350 
-16.247576773714 -1.234269370954 
 14.100887801975  8.346226801404 
-15.294794158531 -5.933013398247 
 5.288475328927   15.585437299195
 15.814043186700  4.575412711045 
 16.399704444186 -1.446957774631 
 16.356859456302  1.953237478121 
 9.798679285043  -13.299457438653
-14.587365939549  7.757929249093 
 0.866462542863  -16.546628152882
 15.401123435348  6.154327899333 
 15.251203767330 -6.547428794680 
-3.671782228656  -16.202933180806
 11.978593487707  11.573186667267
-15.542816498199  6.068330902528 
-7.860840281367  -14.784104280836
 12.761291880825 -10.851954002964
 11.118730785807 -12.533413990856
-13.109826967698  10.467345276437
-5.744099676963  -15.777102171784
-9.331900553851  -13.964996337838
 8.745891951616  -14.396015819685
-8.426327679913   14.632887942045
