 0.694299902184   0.345377454650 
-0.709291906285  -0.653220711808 
-1.443657434374   1.404836353577 
 1.294932081353  -1.573065272026 
 0.280926072166   2.063678116298 
-0.265922748673  -2.812880161342 
 2.885515879596  -0.192234626971 
-1.723187058501  -2.405677912167 
 1.773910760954   2.446621739753 
-3.211608098645   0.123584758208 
 3.065406221308  -1.706899211099 
-0.300406242874   3.540402152037 
-3.143569132924   1.771387188519 
 1.609458882477  -3.477519188908 
 3.484820887726   1.734269022640 
-2.084569811716   3.470923689544 
-3.870387368093  -1.234005825223 
 0.342532236060  -4.404437939501 
 4.411414259330  -0.958514212982 
-1.498578218202  -4.283928459849 
 3.114978230987  -3.520518526992 
-2.967882243418  -3.888316829338 
 4.924371727049   0.530650703882 
 4.324162746798  -2.632622141135 
-5.264762989024   0.356224248499 
-1.418360250636   5.094035886045 
 2.592437156968   4.664438063554 
 4.385013548718   3.115881831074 
-3.927130570301   3.789674687451 
 1.204559838875   5.382900511877 
-5.263425123966  -1.835699328770 
-2.913002198210   4.963481313452 
-4.511518414403  -3.835416087181 
 5.703266015448  -1.802358078913 
-5.638678832787   2.119222287469 
 2.590016669791  -5.543165741274 
-0.435150588450  -6.121108152941 
-0.324365462684   6.166433672899 
 5.975771334006   2.291763175899 
 4.286616089596   4.997660936770 
-2.240783442397  -6.274284321956 
-5.675859578312   3.970490835373 
-6.963576833573   0.272569523231 
 2.546581380221   6.506050025763 
 6.950477021113  -0.750121716863 
 5.800952924111  -3.997416511184 
-4.057463901492  -5.914721857279 
-7.071574170966  -1.339306425303 
 4.640466581597  -5.619340249185 
 6.209720968792   4.087024484835 
 1.162315092789  -7.529126857670 
-0.500904210691  -7.648505835925 
-0.107361474971   7.676110370387 
-1.617613175851   7.548614274150 
 7.602912934212   1.643713663858 
-5.662217908231   5.475465225393 
-4.504551268494   6.499288931625 
-6.074624998247  -5.165240124865 
 7.556594001440  -2.669169243842 
 2.851293740473  -7.525670015411 
 3.974609474675   7.019333085058 
-7.180634844387  -3.950843809073 
-8.095046812321   1.770037165313 
-7.515826103645   3.557959289331 
-2.242138875395  -8.010549468400 
 8.360262168061  -0.188023163174 
-8.005383675876  -2.667755175788 
 2.621328907021   8.270387984211 
-4.278003875673  -7.601827138950 
 6.683197833693   5.648707048750 
-8.677704025238  -1.223561333715 
 5.485921615523   6.873540722694 
 5.663623388836  -6.865733819451 
 7.903254952065  -4.318678104109 
 1.171029626831   9.009858834464 
-0.762742846388   9.072010628020 
-9.088628401321   0.577777956550 
-4.079343658715   8.148948609571 
 6.927633311688  -5.949248845808 
 8.110405152752   4.207979145554 
-2.663892953388   8.862588153712 
-7.643676539336   5.256645932488 
 9.372807301573   1.083486405250 
 9.095377138628   2.608708570630 
-0.223306587000  -9.542808425855 
 4.102912804497   8.733393489165 
-9.305025692853   2.914143736279 
-7.377609020788  -6.396941415653 
 4.646724021202  -8.710155339961 
-5.705070219264  -8.135412418716 
 2.961678448062  -9.541362999152 
 9.941940773916  -1.095537403824 
-3.955510162702  -9.192184713738 
 9.563711138160  -3.242971011391 
-9.677793607622  -3.060028381158 
 8.277290566020   5.929983405134 
-10.222143523066 -1.040018140484 
-9.111748404961  -4.836451482069 
 8.647995471459  -5.679931010877 
-6.007405104150   8.450413621821 
-9.261990183567   4.709610329688 
 6.450894771637   8.188952983341 
 6.163408204939  -8.431813136490 
 1.181082778085  -10.413190654624
 9.656818536550   4.199221010853 
 0.752329241280   10.647657624683
 2.396344827359   10.429709336967
-1.791317414433  -10.592046220121
 7.853557516904   7.404008061299 
-7.560267117977   7.767055755908 
-10.954545409725  0.989800410369 
-1.619907416635   11.027476016873
-3.327419262692   10.651267440694
-9.188907228302   6.427740395627 
-7.614042501918  -8.268682544218 
 4.352923855378  -10.413953131179
-4.773297252650   10.244974874994
-10.815799629823  3.296804508847 
 11.315216487356  1.633839713992 
-11.201566189261 -2.558650520369 
 8.463025051310  -7.810840254228 
 11.591165812387 -0.471731775133 
-6.316648076373  -9.776803267011 
 10.506378884735 -5.105967338174 
-0.747087984034  -11.690585530199
 4.441242596277   10.900894254213
-4.574905734351  -10.856136773792
 11.209062102842  3.695954462102 
 9.877894509887   6.495798073180 
-10.704162233752  5.229219821323 
 10.759115838875  5.268451388515 
-9.292639137043  -7.604156186542 
 0.125420855169   12.043362093230
 1.647821157067   11.935382396910
-10.390838572786 -6.147216299647 
 6.332966038274   10.298124569912
 6.572909346110  -10.167923053652
 10.187054663414 -6.810692940520 
 12.024438023039 -2.401262947058 
 3.216925704403  -11.955187329698
-2.291272595368  -12.178137629296
-6.526378553510   10.544811463725
-12.285193647324  2.554922776600 
-9.820207364189   7.971187044276 
 12.047289904111 -3.902526397629 
-11.943352479913  4.305037496819 
 8.065523772868  -9.809942448376 
 12.674854145965  0.902082869666 
-12.781898066968  0.824842641083 
-11.758046833663 -5.121813563380 
 8.296962454377   9.829584208297 
-8.637301043105   9.540284937091 
 0.591108213911  -12.883146160162
 9.616094011256   8.611936445684 
-12.922373096859 -0.810892504730 
-1.538728978011   12.884616303141
 5.934796445720  -11.547890659603
 12.787545335806  2.645141420857 
-8.896414979714  -9.570392443993 
-12.856678050345 -2.366194916159 
-6.310595659518  -11.462350394880
 11.384922010194  6.660441427609 
-3.689504146190   12.669799586502
 2.911661413904   12.873535079606
-1.098987380812  -13.240400517101
 12.238368892238 -5.476109771876 
 5.258061912484   12.365783343253
 2.317097691877  -13.280071379936
-12.964699872973 -4.159061491702 
 11.681929562839 -7.016386681347 
 6.771401241494   11.874596177199
 1.009842255958   13.649741002855
-5.152497930553  -12.795342659189
-6.248345288205   12.399178173673
-8.036996834058   11.334075089590
-12.676534240195  5.709297866146 
-11.834549909667 -7.297567859398 
-0.469822041230   13.947490314244
 8.271448854218  -11.401815530036
 5.155681300215  -13.147016870525
 13.800171701870 -3.201099077002 
-11.332555603409  8.691333704114 
-12.210963638272  7.428160952897 
-7.748321852155  -12.042912338257
-13.991751036139  3.117517512272 
 8.764690059405   11.382481733740
 10.864908530330 -9.428637730728 
-3.874161389310  -13.856723097481
 14.297401316626 -1.677688759080 
-11.004840439994 -9.323843574674 
 13.723601627534  4.696811593232 
-9.753734853998   10.741865536421
 14.515961836026  0.009776903651 
-2.369352084032  -14.336483212076
 14.428974277676  2.087976126416 
-14.641743615124 -0.066064943271 
-14.585470085233  1.513157085942 
 13.762072627350 -5.219706301930 
-14.637567020403 -1.709509318634 
 11.142944864446  9.665597898299 
-5.157852344294   13.820672548075
-14.425534266741 -3.243461271843 
 12.171506782899  8.506538141336 
-3.746866581177   14.377444860385
 0.709662735145  -14.841271070279
-13.857689628680 -5.387655947657 
 12.205834273668 -8.644852677461 
 13.091134307998  7.271479102447 
 2.407658761812   14.813433657668
-0.851524643381  -15.036015047122
 2.267754623186  -14.911425662600
 7.007009539887  -13.358449354009
 10.045732121023 -11.262624026004
-7.019240257545  -13.449250014634
-9.417592542013  -11.917849025395
 0.711387147935   15.260604584131
 3.816944541828  -14.815233808425
 6.921304553943   13.674617034172
-11.253966005014  10.417520866168
 13.447787547278 -7.400248110001 
 5.264680397903   14.485931230723
-1.125279481157   15.422776722217
-9.247125954817   12.412559392971
 10.275832749545  11.780011769956
-14.360987015727  6.408304550552 
 3.862310574719   15.296035727053
-13.531627377311  8.243919391459 
-15.028354585104  5.052626940629 
 15.251806150253 -4.350220460123 
 15.804025090464 -1.990450770553 
-7.512611383537   14.093454187265
-12.277539061661 -10.278643254546
-13.219097731290 -9.063184220865 
-16.017779370587 -0.767760539053 
-15.672530902014  3.428351398748 
 15.934891733077  1.990931722096 
-3.000067475971   15.827751464097
-16.073313897963  1.120940406333 
-3.489276757406  -15.759931962756
 12.593466165378  10.199139208694
-12.954511560551  9.829700077976 
 8.965620437075   13.591879252535
 8.870167353658  -13.656147260698
 11.740042118800 -11.315150680803
 1.385232073377  -16.253434669239
-15.461135396434 -5.233976053604 
 6.650716327632  -14.955136347319
 14.983778783659  6.756165195469 
 13.975798227768  8.809635005142 
-14.679012939313 -7.603435639424 
-5.823713110672  -15.491863697790
-9.307775466489  -13.752080269686
-10.931031462551  12.511885581668
 16.700868933234 -0.305395663868 
 1.360431546385   16.746523496231
 16.283462130235  4.165985818976 
