 1.027923651239  -0.577972314737 
-0.481357304229   1.184594481411 
-1.465482843486  -0.979961273925 
 1.721667083986   1.295465277481 
 0.778636102567  -2.486257713338 
 2.626748297249  -0.219981788077 
-2.517308877690   1.213938801988 
-1.018497078192   2.697062459407 
 0.543232081357   2.982556561264 
-1.461366649932  -2.836283820761 
 2.598036135645  -2.100362069924 
-3.412748083602  -0.283852060387 
 2.105188154145   2.810602167735 
 3.345646630207   1.187825029911 
-2.999886930624  -2.656186751823 
 0.523651671059  -4.059545963579 
-2.205141458472   3.643130099847 
 4.362573971993  -0.838035729372 
 0.826685317545   4.456042080674 
-4.294542039610  -1.646471233555 
-3.695489708119   2.756841334475 
-4.752309656129   0.467883146990 
-1.097867346316   4.676712775200 
 4.371660214689  -2.342298494901 
 3.786461719029   3.260644301666 
 4.948156083207   0.849213846182 
 2.679994723808  -4.280632327465 
-1.478593653143  -4.842176505040 
 2.700678868476   4.351830644840 
-3.627927494743   4.304275429148 
-5.453858059910   2.005526621528 
-3.082398378289  -5.190981530523 
 0.742505038610   6.039151074057 
 5.996146452168  -1.247448920192 
-5.748197306733  -2.159976124800 
 5.592739684457   2.623682461415 
 4.347373392974  -4.517638943370 
-6.328626493517  -0.004933979429 
-5.440860797151   3.753003113029 
 2.362219251560  -6.212284241571 
-5.304941543385  -4.019229648399 
-1.131828360889   6.669107452562 
 0.470019335396  -6.818915992436 
 5.372980296368   4.361659216802 
 2.349757885957   6.591601333626 
 7.230918020050   0.613123046464 
-4.611912163021  -5.623598144001 
 6.345180357261  -3.646445551890 
-2.651415879182  -6.855239140185 
-2.984991215458   6.740095614484 
-6.684879179006  -3.336482276633 
 7.072200044689   2.967829395331 
-7.549863822590   1.442767531417 
-0.805848557144  -7.686323588025 
 4.760156654326  -6.089095698480 
 4.532221298721   6.371537442614 
-7.835559054866  -0.120780468266 
 7.570259112614  -2.106194955589 
-7.804644798400  -2.069575363017 
 1.276954648834   8.135943583955 
 2.081434771463  -8.020458069729 
-0.867516071550   8.280654606070 
-5.978053561351   5.923394008079 
-4.711424942689   6.980807076956 
-7.072898670577   4.699497150403 
 8.285129370271   1.966459811527 
 6.186819461146   5.911599204378 
 7.271007990729   4.614103986268 
-8.051751202052   3.213635234048 
 6.354760251551  -5.915690556273 
-3.899248250871  -7.972891971760 
-5.261241877013  -7.217399702872 
-6.644132933433  -5.973400511116 
 4.370116673827  -7.879145707249 
 8.247016442044  -3.642941909934 
-8.062320458901  -4.073542033360 
 8.540737328920   3.608769902790 
 9.151865052244  -1.796237809155 
 9.328789935102  -0.112630704095 
 4.764010942708   8.047485994555 
-2.374857004357  -9.078273100738 
-0.302994582369  -9.442808645930 
-2.409786480446   9.309528187961 
 2.868784493652   9.194037591439 
-9.687983979125   1.086908937877 
-9.746307719110  -0.727052748506 
 8.297971931310  -5.182381177274 
 1.152259475479   9.871661126650 
 7.813621037871   6.177374009875 
-8.555109765740   5.125630352797 
-7.649285444926   6.437993701063 
-0.762487514867   10.017736216386
 9.710870285965   2.661319708564 
 1.608025778129  -9.955592123349 
-7.016469756425  -7.509033102429 
 6.991084633357  -7.596978578313 
-3.809567829609  -9.603655606276 
-3.878130224656   9.616476758130 
-8.662876720880  -5.717826443080 
 9.873328444164  -3.315288935651 
 9.058888077177   5.182600378590 
-9.875376186663  -3.418724794155 
-9.842037932143   4.149230380769 
 10.628268976746  1.459010382135 
 7.444189026613   7.742063270103 
-2.020053288962  -10.563585665421
 4.253155941762   9.899914118377 
 8.369081605079  -6.867022806728 
-6.279787731938   8.825725910234 
-10.693839641914 -1.922408781044 
-6.272313684714  -8.908244519673 
 5.460989208840  -9.446133812120 
 3.859238027352  -10.440348723849
 2.766194137550   10.801200353051
-0.049608358043  -11.305630030889
 11.122065655925 -2.240264391139 
 8.951213655764   7.262047248300 
-2.510801111757   11.285082297264
 10.519554902814 -4.820274978063 
-8.655893303115  -7.750418685672 
-11.622246978671  0.158386227152 
 7.382300121656  -9.047875433400 
 9.801749142051  -6.356563448265 
-10.698072930635 -4.807191858447 
 11.100631802546  4.101247153245 
-11.528138777641  2.683766905908 
 1.228630302923   11.849225095728
 7.446608565995   9.432540646488 
-5.712328427737  -10.573490217561
-3.412944111844  -11.535119947253
-4.459357499894   11.175249675191
-8.768747522592   8.347435841519 
-7.966864645376  -9.194716486062 
-1.451438598060  -12.091021471673
 6.145789710284   10.516474818193
 12.201575514033 -0.738913339162 
-11.481641431442  4.200104516354 
 8.890727725599  -8.479947534017 
 10.458010430946  6.529360563026 
-0.397911459609   12.383938820838
-10.737636741908 -6.372422210542 
 3.796003712672  -11.941003774965
-10.241698667144  7.238242460810 
 2.128629778476  -12.388348928873
-12.198056515738 -3.278306682759 
-6.981635477058   10.578757056442
 11.959906619514 -4.241213623850 
 12.645575821812  1.440453226758 
 4.274415992719   12.018101482925
-11.325186654121  6.081480978641 
-12.788753991601  1.309895385312 
 11.749285224998  5.607764544388 
 12.659866997638  3.412859576113 
-13.148160100509 -1.327800653139 
 6.558257104059  -11.486785770362
-10.441107855865 -8.147156541561 
 7.983265215798  -10.606345702950
 11.379734107436 -6.883394477266 
-7.742125803293  -10.852429708622
-3.393872822732   12.902961838826
 1.226915808782   13.353224521472
-12.314353868027 -5.474093005555 
 9.816495084970   9.259005885243 
 2.812538416465   13.225092419884
 5.192914212879  -12.500265148201
-1.459293585424   13.466693696891
-2.616008435077  -13.300383032512
 9.418436619400  -9.904978280300 
 13.261135038442 -3.478815817594 
-13.320859498280  3.541422500048 
-9.726599729637   9.770388181650 
-1.119138261977  -13.763584703135
 0.477367368184  -13.818212758828
 6.745762610106   12.081692114411
 13.711338930334 -2.021635128327 
 10.816190106729 -8.795673491736 
-6.122943635708  -12.648505170903
 14.074683976101  0.003171246073 
 11.967484847229  7.522207830547 
 13.928174495897  2.538258306807 
-6.148539063120   12.875853363201
 2.419576744712  -14.122650014278
-10.366499186397 -9.918979975378 
-13.646969271723 -4.568795993007 
 9.002845930592   11.237526616127
-13.350408678131  5.420524379584 
-11.835615108363  8.367126833399 
 13.213378819687  6.330411046699 
-12.942404511320  6.924749782562 
-4.764474534236  -13.890936284926
 4.127098655285  -14.101581387744
-7.976166509211  -12.400853652478
-14.741333533127  0.334428355068 
 6.567219360614  -13.210642941212
 13.447155960180 -6.192972172634 
-8.425703905662   12.207569174179
 0.266052360909   14.856538803560
-14.797833088741 -1.480838102375 
-3.918212271000   14.361397563232
-9.479418541223  -11.496951855816
 14.894699233736  1.337510709019 
 10.910275831335 -10.329198906561
-14.776424209472  2.748399074814 
-13.580717447676 -6.592011542663 
-14.790658042252 -3.410184995808 
 5.703248387870   14.068219824057
 9.340061814572  -11.984529917012
-2.219497410377   15.048554819824
 4.299289876165   14.654646722618
 11.541953316834  10.077398671876
-12.833496058713 -8.379232798129 
-1.429926507316  -15.303623512298
-10.827039469996  10.973513971785
 15.373564386984 -1.707137309176 
 14.987456136087 -3.856644538813 
 14.714058964160  4.891163965783 
 12.823104009997 -8.817222571683 
 2.312889640790   15.474199016495
-12.212250701940 -9.781906383325 
 15.792200846375  0.034341674842 
 0.851598915541  -15.863623132405
 2.560297390306  -15.685318555290
 9.173798961156   12.989820405694
-6.979875467925   14.299290892339
 15.799285594883  2.771964120898 
 8.397385229591  -13.688867516343
-10.946869207594 -11.816289250920
-3.307213336716  -15.776617635407
-7.308250864463  -14.377178020350
 4.931398065001  -15.389887811178
 13.560599109050  8.811225806233 
 10.756266498142  12.081672025148
-9.025634264059  -13.572895042547
-15.493014769289  5.146959304069 
-4.850418395965  -15.619359330615
-14.555479585220  7.458485560224 
-16.260788395271 -2.332370116558 
 12.523917764886 -10.662517960090
-16.454662339494 -0.771500702609 
-5.560968952161   15.509542026892
-16.461609686952  1.261549928181 
 14.993783328663 -6.925809928416 
 14.288808269853 -8.344631103995 
-16.230297878099  3.283038736709 
-13.071366009706  10.190155031910
-15.299434023945 -6.592671111460 
-0.358935266500   16.658249262246
 15.576866554691  6.162392741132 
 8.297845178024   14.605740402728
 16.032942063769 -5.036232227931 
-14.237835372550  8.978958365574 
 4.935281168878   16.110240104217
-8.692039643878   14.434494558271
-14.800293988578 -8.071681372617 
-16.024060865554 -5.249402024803 
-6.389555764407  -15.676261458049
