-1.004107685548   0.500880102651 
 1.196264880729  -0.201928135586 
 0.820683568357   1.422909295803 
 0.237104499366  -1.759671741181 
-1.036214448430   2.212562273983 
 1.850736356485  -1.838316360350 
-1.238966580050  -2.380628080435 
 1.575357731621   2.782391276167 
 3.130586372635  -0.796507895103 
-2.712393663664  -1.840500003001 
 3.258859868331   0.876205097197 
-0.098089393428  -3.549785992709 
-3.739004559028   0.348813958258 
-2.722116755808   2.657929928884 
 1.531582094653  -3.494834878391 
 0.463982807949   3.978459158751 
-2.713814917829  -3.358394256869 
 4.175739772258  -1.883068331663 
 4.174897537498   2.186277443146 
 3.119245650385   3.588312080943 
 0.456687196266  -5.028594577133 
-4.379802390089  -2.519413784792 
 5.000777466322   0.842752373325 
 3.843328763473  -3.742063743027 
 5.341029340943  -0.649611163884 
-5.378346617046   0.155627747114 
-1.595407848468   5.154752992507 
-3.324377785658   4.346018888977 
 1.959596628244  -5.180074408388 
-5.345624629416   2.195211292881 
 1.229721431252   5.724552927729 
-0.926924080238  -5.876586802050 
-3.907407222189  -4.505767313045 
-2.427682006991  -5.538936432754 
 5.899263666697  -2.607606442631 
 3.277403561492   5.556641234427 
-5.086800579772   4.012799596105 
 6.528018004369   0.907213278180 
-5.593008355376  -3.962311926205 
 4.473210284962  -5.251939945850 
-6.653809686871  -1.908844574244 
 6.999272838809  -1.457439576080 
 0.707669270207  -7.150853652329 
 6.386307120526   3.333297335913 
-0.120631370015   7.360532593221 
-3.732050471135   6.355461766040 
 2.245741305711   7.036385778970 
-1.813275491066   7.224701591451 
 5.665693683979   4.862610099193 
-3.348606237129  -6.727757719087 
 3.163464390434  -6.871103782788 
-7.594825907832  -0.022829908895 
-7.195497822834   2.598619818616 
 7.795953422794  -0.119301937282 
 4.648888432288   6.313689465316 
 6.642172076700  -4.317962353188 
-5.182445297743  -6.004784877562 
-6.974759656918   4.221902558272 
-0.594394679086  -8.193262336009 
 3.584953556058   7.747653959423 
-7.662153017634  -3.771931670792 
 8.076950522199  -3.003363563909 
 0.856597926410   8.580856585322 
 8.523907056619  -1.451765409024 
 2.175894755082  -8.404420773980 
-2.289697692824  -8.410565844981 
-8.605345153561   1.544595773864 
-6.728837127056  -5.632873990319 
 8.683057773862   1.749753151394 
-4.835611877440  -7.469251113624 
-6.316605198533   6.283078992998 
-4.333488980361   7.942825857270 
 8.288724190010   3.755821893620 
 3.812661686625  -8.440692018633 
-8.719458275616   3.326790727476 
 5.167983900809   7.798609827018 
-9.155198572794  -2.165956389183 
 5.216332177265  -7.838492805737 
 7.456070821015   5.841300093544 
-9.572293986988   0.242621807028 
 2.745913531407   9.196380934990 
 7.099661868534  -6.502046818023 
-2.640120383520   9.259189224891 
 8.272465202869  -4.940598325792 
-3.787533467366  -8.902016227629 
-8.510232365794   5.009990199319 
 6.664094628988   7.295394759917 
-8.513161007889  -5.086719319884 
-1.056595743844   9.910199113464 
-7.836211524020   6.433844830537 
-9.980511853108   2.182580750997 
 10.233640524669 -0.278890382975 
-7.642397170421  -6.965947245704 
 1.588706584198   10.342288972633
-1.121716155506  -10.417785699409
-6.698816999326   8.081529359324 
-10.475024194190 -1.317414725958 
 1.057269403479  -10.537961117544
 10.551775138648  1.476419246689 
 9.877325390728   4.031670511579 
 4.410793408507  -9.872747556584 
-3.835241309386   10.262607009690
-10.537492125403 -3.055085586986 
-6.667248083174  -8.744474265975 
 9.127163184834  -6.194123473972 
 10.120847968035 -4.408283458107 
 10.828694851783 -2.306029169603 
 4.422873524382   10.161951394279
 7.572040804108  -8.140566875191 
 6.230193250718   9.257874399132 
 9.071886554380   6.599640922468 
-10.188621497148 -4.709619136147 
-3.831650740510  -10.609729164400
 8.084319800833   8.042369859275 
-6.007995567462   9.809004117408 
 2.512515963446  -11.263670918639
 0.161025038929   11.567471994259
-11.574577375437  0.996053721221 
-10.713097155160  4.688439652908 
-5.350762844892  -10.406281852513
-11.507094991629  2.712084709651 
-11.862024324002 -0.640106965608 
 3.354689996862   11.423792052343
 6.874825975278  -9.782690906835 
-9.767872179246   6.912515382284 
 10.761101337587  5.329754749630 
-1.287291390618   11.990295225991
-0.384667356664  -12.072885786764
 4.100137205850  -11.364348864262
 1.873663596321   11.968720480037
 11.884320416444  2.682765264813 
 1.213714987985  -12.137454097714
 12.247647342956  0.380177452090 
-2.809744975452   11.976962729831
 6.034103102638   10.757366041680
-12.110772040657 -2.445251395216 
 9.737752326431  -7.663067231513 
-11.739957841591 -4.035944638649 
-9.202689054831   8.332299550818 
-3.138772217087  -12.024683690388
 7.626357954865   9.829771372690 
 11.503245116934 -4.992525802839 
-10.341615372109 -7.128887633456 
 12.420092317220 -2.362926974555 
-4.729199281505   11.757669671650
 10.514793638665  7.337131969698 
-8.116537444425   10.000713639626
-8.861338841731  -9.377276999386 
 9.041196404655   9.249604487183 
-6.975587251676  -11.145168980469
-13.008677786615  2.028340012938 
-11.765189873980  5.985183824975 
-5.627973465890  -11.982525550936
 6.481077331324  -11.554835776823
-12.857148145215  3.567485302236 
-1.575484281770  -13.253140499757
 3.241848106454   12.952683336769
 4.780687635415   12.494518044223
-11.803927866789 -6.331386196511 
 2.438678996625  -13.211320262697
-13.437240392930 -0.278572466332 
-6.382512212427   11.833860351887
-10.990749558289  7.865692933829 
 0.629781263446   13.507192880609
 3.936570998569  -12.987133828183
-1.252803734466   13.519713759918
 7.424985434641   11.423382273898
 10.052191663747 -9.224648130281 
 12.460432919029  5.599091417258 
 13.776526758497  0.412960077814 
 13.120147158595  4.226589669593 
-13.464516059984 -3.189639854702 
 13.083219693220 -4.597422873344 
 1.012438909953  -13.831603163867
 8.803405862231   10.767724293756
 11.930689165461 -7.164496323092 
-11.081317888524 -8.518436075833 
 9.129031730975  -10.592024172425
 13.880323414767  2.030582572733 
-14.159249948941  1.048505427672 
-4.198562426169   13.568406907959
 14.128856931222 -1.567828406412 
-10.761110155885  9.452073669878 
-5.030440827829  -13.413217037489
-14.268454368842 -1.722101738135 
-3.302110683468  -14.066509063007
 13.084672792784 -6.191409627506 
-9.789179461868   10.667879777981
 8.169173721798  -11.994883773689
-13.586229594749 -5.230454923115 
-13.456572173479  5.574553289037 
 2.368858557522   14.392601409668
-8.088210199184   12.214003208557
-0.254987591145  -14.648665780886
 6.687419749863  -13.112257685506
 11.645992800528 -9.016672077557 
-12.589981079946 -7.687559170233 
-13.009240216068  7.111488753495 
-7.729527704320  -12.719857048431
-9.386841436329  -11.601980352923
 3.620011149776  -14.504509537015
 11.664089053804  9.393476394039 
 13.208712656696  7.059523809112 
-14.493588212477  3.932177894984 
-12.365649315942  8.557204931665 
-6.420093983413   13.663128280139
 14.575467266741 -4.154973654970 
 5.393952084295  -14.222843557048
 7.737674222554   13.170780406768
 15.287085208380  0.010755323950 
-15.377671054712 -0.627490764235 
 1.542809926789  -15.368681166389
-1.320641033519   15.433300236503
 3.926510752191   14.991520610268
 10.357252054198 -11.548746229197
 6.181004990817   14.228229715006
-11.667519858152 -10.264767169098
 9.825552753897   12.079602787155
-15.544583505412 -2.525477302304 
 11.175377217957  11.099668992360
-5.088394366980   14.942651509410
-3.170326186913   15.475485552572
 11.767571584769 -10.552004305371
 15.243703905037  4.191791883354 
-10.106914517471  12.254592468040
 14.802307438513 -5.891735833118 
-4.935961155889  -15.154803302270
 0.878207400701   15.932144821244
 15.797493936569  2.339413990710 
-15.440577157548 -4.168867725158 
-8.330439779659   13.786527501381
-9.209160542007  -13.257707975344
-7.210974008924  -14.535271656773
-0.638882016641  -16.236638254314
-14.020746858339  8.303456808943 
-2.498143319808  -16.106307602973
 14.192671664951 -8.024794493654 
-14.797286241623  6.859809163464 
 16.223991367908 -1.847027822965 
-15.956834824271  3.561027799195 
-13.474218473456 -9.263263197262 
 15.230500324631  6.158331445773 
 7.755200205184  -14.524774439550
-15.150791123852 -6.612215726654 
-12.689099001602  10.605203976074
 13.417751846852 -9.722432788982 
-16.591841774349  0.502384744671 
 3.609640438949  -16.215363042022
-16.505580372120  2.035378847164 
 9.151260029202   13.973324378960
 13.820727072407  9.408533755661 
-7.249907101035   15.180691623469
 16.841038774016 -0.199539152704 
 5.942355917485   15.784486175615
 16.479113537661 -3.680703849631 
 12.720685941609  11.107332104455
