-0.358755770265   0.564536887927 
-1.178914685735  -0.757236453755 
 1.586750746276  -0.079318148498 
 1.008035968457  -1.471730871172 
 0.663910357875   1.835188182489 
-1.389854690243   1.832971661847 
 0.259887529059  -2.868253337582 
-2.884521654076  -0.019630474196 
 2.962862722763   1.024163065233 
 2.925368810139  -1.373422127561 
-2.812407938746  -1.670203746005 
-3.210827321650   1.962129254234 
 2.449866128137   2.862411034928 
-1.651519182976  -3.516101972584 
 2.121946007297  -3.511694133066 
 4.115903598244  -0.087640227899 
 0.731174430246   4.082436160323 
-0.971979332753   4.282268491713 
-4.463532655542   0.055183800221 
-2.662245055089   3.672664289744 
-0.352544126757  -4.555009521538 
 3.918796689160   2.394844281951 
 1.268890550670  -4.926376043043 
 4.923328331580  -1.492425317778 
-4.732521348366   2.223531109254 
-5.079649808972  -1.448679095353 
-1.862773469989  -5.195162479603 
 5.335535929131   1.607233840264 
-4.636702292499  -3.100671425491 
 1.709332984792   5.449546278008 
 4.064113836423   4.113569137182 
-2.412980941420   5.274462379858 
 4.746204880236  -3.345892357537 
 2.960679596393  -5.140565707256 
-6.152541298100  -0.203780241194 
-4.028277051684  -4.758992066192 
-0.682752113935  -6.264246437808 
 6.586576775436   0.135566903466 
-3.977376995806   5.325248309378 
-5.442926428262   3.844926199563 
 6.137610452560  -2.626343019622 
 0.259476567962   6.729601590462 
-6.503630152227   2.008198337210 
 5.807425180345   3.703464722860 
 4.471090676289  -5.296133083605 
 6.869032594076   1.927857692891 
 1.803132448604  -6.919307262800 
 2.331707055346   6.851598822077 
-1.711675842120   7.048887948402 
-7.057887860778  -1.740465764495 
 7.225314642745  -1.292077712575 
-6.167649234188  -4.025125336918 
 6.139333261742  -4.156607582552 
 0.385866451229  -7.527549182045 
-2.834006842920  -7.048556093024 
-7.776625031445   0.290637429944 
-1.112128746110  -7.753871176055 
-5.390137530941   5.949704162391 
-4.367584625917  -6.890886544299 
 4.180375135486   7.020787190374 
-4.067928869896   7.198474761875 
-7.792747136344   2.865871978421 
 7.662902786167   3.232699931503 
-5.706906120006  -6.133446240736 
-7.643664740705  -3.476336783755 
 5.669552752120  -6.309283659418 
-0.420106463202   8.510379630910 
-7.100796561779   4.756788728094 
 7.636069892647  -3.918812083334 
 8.553196159990   1.454691415150 
 5.665293925185   6.696310574636 
 3.731789559250  -8.024785029667 
 6.993474158636  -5.449736158729 
 7.247078318939   5.107953837751 
 8.651268899347  -2.284884444487 
 8.992258665208  -0.104622885616 
 1.000317568052  -8.989715865268 
-7.241013378909  -5.634447469219 
-9.093352825135  -1.230982267841 
-2.094448295385   9.104310759531 
 1.472618578837   9.257261440889 
-3.236621198171  -8.979383682705 
-9.523492466843   0.726085828441 
-5.423204522970   7.931075880934 
-3.954245063670   8.902428487796 
-6.822234569125   6.970998307114 
-9.392362205911  -2.950766674935 
-9.414677194400   2.922261727504 
 5.541609024545   8.271691168937 
-8.632328064383  -5.024362388321 
-6.907180689773  -7.225899462281 
 5.454055055438  -8.429280440261 
-0.696573515324  -10.047526828844
-8.239438915396   5.812086717702 
-5.282354275481  -8.610392364166 
 7.059961806390   7.291708021909 
 9.036718550457   4.929838139451 
 3.389262835740  -9.749880452023 
 0.494819062064   10.409176642143
 3.695585976586   9.758399784876 
 8.911724182955  -5.556021426255 
-9.545407992787   5.000996204011 
-8.358031304223  -6.825690308349 
 10.252606101012  3.431490905634 
-3.069944858968  -10.483459573793
 10.924261721787 -0.304237101536 
-1.333297306744   10.863735855671
 10.420669295600 -3.484789254822 
 8.853673090320   6.510579408296 
 10.924500894476 -1.892815280065 
 11.013653763194  1.275599382827 
-4.564516880868   10.284193694933
 2.312450015926  -11.100768329720
-11.348550834925 -0.474299924009 
-10.337466657532 -4.720316485732 
-6.782785907553   9.160867503210 
 0.086630384159  -11.400704673795
-9.710278976909  -6.087237346165 
 2.413511737344   11.277959065826
 8.016716483335  -8.310485602839 
-3.077810916264   11.230641381063
-1.665681159378  -11.580528747941
-11.644911302126  1.701017934355 
 10.433979507758  5.480565884388 
 6.762081254449   9.653120004803 
-11.697323760221 -2.073237347606 
 5.101399624306  -10.769506336720
 0.158358039569   11.934813924039
-5.359008276173  -10.723151863028
 4.914870690035   10.940920729083
-11.459709562618 -3.606862211323 
 10.634636590337 -5.758832760784 
-9.127817088144   7.957705570332 
-11.161111749758  4.778233258600 
-11.798979988838  3.215275287868 
-10.412192796956  6.521205013174 
 9.390025295788   8.060550884264 
 7.625867254616  -9.896251449385 
-7.804574278587  -9.784675162774 
-9.849175046259  -7.792658158194 
 12.593156029185  0.507179481394 
 9.822558242799  -7.949301468466 
 11.810814083784 -4.509215822018 
 12.558547133511 -1.704486577879 
 8.580311835383   9.514395670022 
-4.836461280457   11.869801874406
-12.808225749882  0.659790340072 
-8.256694985788   9.851553663535 
 12.570294557698  2.996564643486 
 2.120195350175   12.760675567848
-2.178573880578   12.752320212378
 2.787719349070  -12.681478384285
 12.203033324947  4.513045759293 
-4.677712645632  -12.292539545982
 4.404141846544  -12.452855513145
-12.170607379504 -5.180401949318 
-0.308371468541  -13.226473153769
-6.381555032328   11.818814348786
-13.046494649151 -3.227577052253 
-11.488826486534 -7.052696127983 
 6.829907640464   11.713204024679
 13.085118685357 -3.598375390136 
 12.260713171342 -6.110638186911 
-10.793176495429  8.458562634366 
 13.729134551094 -0.582210656668 
 9.837821513191  -9.603244229879 
-13.747478487546 -0.512777049725 
 8.184304832271   11.062725714792
 1.391848934086  -13.692941050288
 13.638219575502  1.856230486066 
 11.592776460150  7.426967619215 
-3.900180463484   13.246588670754
-3.531695254621  -13.377969084173
-13.429475273328  3.622638417456 
 10.695555745402  8.899160103416 
 5.645627410161   12.734294588935
 6.468910539525  -12.361019348578
-7.933118926258   11.492098599184
-6.921081913876  -12.148188991000
-9.997631239361   9.844923453150 
 7.926898205177  -11.639204685191
-1.995906110880  -13.952510667760
 4.032626516659   13.579892043472
-12.476234811688  6.802053738586 
-14.086981680776 -2.004253950060 
-14.103527334327  1.922443432324 
-1.625756539690   14.149414085267
-13.220483241347  5.417602393023 
-10.266430404852 -9.946332828937 
 0.967176548184   14.276054919712
 11.699311490332 -8.407350698208 
 13.527305943401 -5.248587106839 
 13.857039094510  4.339756309514 
-9.139523581325  -11.360947684866
-5.423964392838  -13.607486217687
 9.992966044802   10.912509365139
 3.925457197409  -14.267739228564
-14.837047856358  0.589275481685 
 5.486554632674  -13.883218782307
 9.601101106700  -11.447332221583
-14.553870248739 -3.486246169293 
-9.519741536981   11.700007729805
 13.274672262861  7.247467780212 
 15.100586660142  0.877863821569 
 14.985971678341 -2.069172551449 
 12.388160205546  8.699562741741 
 7.973971371094   12.981766026902
-6.668946155986   13.728175383790
 14.667523478487 -4.235609044044 
 2.585898343852   15.110439386034
-12.152191952036 -9.355752041644 
 13.677575022343 -6.941321995304 
 14.204255953738  5.860790195903 
-0.812984159314  -15.345537578556
-3.162164030032  -15.054761006181
 7.921070073294  -13.199339840333
-3.160399190016   15.089933023393
-8.202561128246  -13.099574522219
-13.587795869313 -7.412178447414 
-14.616949207437 -5.157445165837 
 6.364720786621   14.147471843454
 11.509371773486  10.506433574204
-12.029192373404  9.924103777748 
-14.875999667895  4.980862148010 
-15.719962374897 -1.232108282057 
 1.880958631401  -15.683170868981
-0.042666589066   15.799300960735
 12.197600161609 -10.067611657217
-4.793020346588  -15.075384529228
-13.692500137514  7.967355196638 
 15.599539432532  3.148533856384 
-15.828987598338  2.200209571045 
 10.233270773714  12.399027914126
-4.924304617130   15.317932820204
 16.146855259988 -0.574928543174 
 4.537759456665   15.514845937740
 15.131305039713 -5.733162328632 
-7.018574946924  -14.612104393295
-1.632485256555   16.148193689111
-9.797412837217  -13.004073019562
 11.394358365060 -11.917990210955
-9.209009663868   13.686548113509
 7.164478989424  -14.892656328005
-13.538690261405  9.513317373482 
 3.665743088083  -16.155495570323
 1.617902342914   16.490508524278
 9.787695703871  -13.378518467677
 14.333902469363 -8.375539532755 
-11.302786646788 -12.162274315298
-15.051405412856  7.152970313810 
 14.954939328934  7.354556146759 
-11.528587695172  12.052720795142
-16.372197244614 -3.279343778594 
-2.691837154699  -16.493508233658
-7.782487606111   15.016509685916
 9.003156907260   14.339512374538
