 0.131564721261  -0.490867881054 
-1.123745751455   0.988899531638 
 0.772709400311   1.369554554670 
 1.947835671980  -0.097460937125 
-1.146330947961  -1.939816378020 
-2.436739662835  -0.427210008625 
-0.550763289260   2.504316607805 
 2.097144971699  -1.622375264887 
 2.385506975649   1.485430103917 
 0.631361159598  -3.277431067686 
 1.602936990225   2.976630050637 
 3.497194489496  -0.664816881706 
-2.072800980063   3.010876790771 
-3.468518282752   1.458384972492 
-2.952826241645  -2.460344195167 
-3.807640396656  -1.196971915031 
-2.011971708337  -4.068657448760 
 4.345443260869   1.385014699509 
-4.576024010470   0.323774053772 
-0.440528877211   4.639220653652 
 2.053113157074   4.453413504510 
 4.122757171523  -2.694992443309 
 0.941217817100  -4.837350455955 
-4.317152717986   2.715122684306 
 2.411114582474  -4.499374308137 
 3.961807356188   3.232867466993 
-3.404350016519   4.067791816063 
 5.487777736105  -0.924483949357 
-5.174475384033  -2.080851106076 
 5.656905938864   0.568366196925 
-0.519906592732  -5.680912149749 
-5.554489910241   1.647190969781 
 0.517743186369   5.920179253082 
 4.191321456105  -4.410089589204 
-1.862142722269   5.915492964460 
-5.035651985321  -3.815733099078 
 6.000328391480   2.205649169695 
 2.343290642799   5.958290674537 
-4.023586095925  -5.062890969376 
-6.583474121303   0.302038530050 
-3.406803913714   5.669256675341 
 6.177175483243  -2.678903945613 
-5.976808762440   3.299104951796 
 4.359219587857   5.261433665014 
 7.043417600159  -0.062273610631 
 5.947616534991   3.830346583577 
-2.476728683745  -6.703116315201 
 5.773485411761  -4.390330575231 
-0.652665097625  -7.284833582276 
 1.942200543184  -7.113128622061 
-4.966707093535   5.552449011379 
-7.132708575394   2.322354241353 
-1.515737277902   7.556001038428 
 0.263401096173   7.782940584739 
 3.783429704328   6.840703583317 
 7.361710448870   2.865865235341 
 7.722302842100  -1.889438075437 
-3.202204838922   7.289375089469 
-6.592178457091  -4.478517315637 
 4.030953347996  -6.887213567626 
-7.741912589165  -2.228245873648 
 0.678741287197  -8.242203075083 
-5.139679784164  -6.548205957712 
 8.346307789660   1.306457220574 
 5.836884829118  -6.224361273981 
-3.796078364509  -7.668565469452 
 5.461098141411   6.617362460878 
 2.810931795409   8.124097202582 
 6.842299211854   5.380914229785 
 3.106002814414  -8.365571578771 
 7.606059616185  -4.672187116037 
-7.266270785707   5.390467183883 
-8.856321998714   2.139645483468 
 8.507483038668  -3.279846432045 
-1.525181094265  -9.045968833615 
-8.283626185305   4.024981350401 
-9.253172998583   0.220955641061 
-8.233578022634  -4.340530908188 
-2.004981460632   9.127482955054 
 8.693011535690   3.562122650337 
 0.460693221001   9.474931109608 
-4.500960555276   8.407924261738 
-6.629649896170   6.903722778193 
 9.598112213937  -0.154165620856 
 1.673030082691  -9.503874444057 
-6.912836984796  -6.827688985757 
 2.011627046848   9.534578925214 
-9.251470707017  -3.198072525145 
 5.785191636065  -8.135660019830 
-3.015081574067  -9.533133989868 
 9.928091218378  -1.697954986896 
 5.213103961457   8.665381066174 
-4.684473063351  -8.965520167581 
 9.956912487245   2.086227724858 
-10.130664318250 -1.294935081498 
 3.798792585963   9.527022943568 
-8.436121942962  -5.942321982155 
 7.804485916913   6.918845246993 
 7.398445160240  -7.450678986262 
 0.161742253609  -10.548800178064
-10.323893831099  2.498017918484 
-3.250542083561   10.180038861288
 9.294389123847  -5.320986239650 
 10.166877791837 -3.372960092775 
 9.581869932703   4.970451390275 
-8.752769255303   6.326898496185 
-1.641435694094  -10.693458700633
-9.885382834836   4.579204667994 
 6.808201319885   8.565646746725 
-0.697460468186   10.991237723399
-6.599595503199   8.818949011062 
-6.423677735461  -9.001941838415 
 10.553461321589  3.625973763972 
 2.899945989113   10.783785544646
-11.219395682436  0.785465058825 
-11.062973293887 -2.711182692987 
-3.909497333883  -10.738393907809
 4.310850425556  -10.673271745428
 1.463943878986   11.545155372537
 1.707237170539  -11.534054808629
 11.477511181607 -2.286789783303 
 11.725533147780  0.051516072653 
-8.730455762324   7.849341200965 
-10.369232362572 -5.528721627459 
 9.354114918767   7.140062761442 
-9.349250471877  -7.147669085214 
-5.908817576389   10.264619736299
 4.424903416926   11.013509697512
 6.044200274253   10.239619143075
 9.356288088168  -7.699763105586 
 10.797435705862 -5.514691303187 
 12.033535939456  1.614858318289 
 6.307607541938  -10.385906219345
 3.228082121864  -11.779736735111
-8.360773779188  -8.912314500901 
 11.496282397064 -4.159331732209 
-10.767473675627  5.909258202887 
-4.688656868156   11.441540318883
-11.622695650687  4.248065726134 
-12.255274687916  1.970543365946 
-5.254793796594  -11.460099805192
-0.985070283918  -12.587647771518
-12.542324824889 -1.459947902041 
 8.315748543476   9.607802816344 
-2.708702533207   12.474688110098
 8.150965639006  -9.836858386086 
-8.672813803156   9.554488420206 
-10.939253967491 -6.939680434325 
-11.990911089974 -4.913413327562 
-6.737193831752  -11.095765149880
-4.032297342423  -12.483271282275
-7.180039717725   11.063758715934
-0.571813394229   13.212214089637
 1.297295809726   13.189819541080
 0.760055587350  -13.235933132977
 10.961150482729  7.507383728329 
 2.256796995341  -13.129824179277
 11.901507678430  6.134439544442 
 6.263825309897   11.852949605203
-8.305425550152  -10.561316168768
-2.368161578009  -13.231824131972
 4.801620549194   12.574122567901
 13.462966493822 -0.369455647388 
 7.605148448697   11.139182844378
-10.148523454225 -9.044066011641 
-13.277119994471 -2.918479423744 
 2.792876867141   13.358406569547
 13.312995259762  3.147562700346 
-11.695625049073  7.102208448482 
-13.645606183516  1.203506287142 
 11.264799195202 -7.819656668566 
 3.855929107028  -13.268874209570
-13.119836573112  4.652887697336 
 13.105741114552  4.704467110318 
 10.266745977452  9.425000411188 
-10.249566718411  9.468545491145 
 13.935842038751  1.306750846280 
 6.217182399760  -12.627932883076
-1.858501238117   14.156101956461
-6.168853856364   12.879223758941
-13.935714830393  3.323653133136 
-14.320470746914 -0.600835159395 
-12.994997863287 -6.057096818480 
 8.693009708789  -11.422370780213
 12.964044271806 -6.217789000108 
 14.099165061970 -3.003505594363 
-13.678857633516 -4.603802520978 
-4.396909263459   13.749980239211
-13.050868644550  6.280513607406 
 0.481181412416   14.482772924789
 9.169584112981   11.231908389633
-7.083929357579  -12.723969130444
 10.328739401331 -10.415470033445
 4.403537935612   14.086779246739
-11.980013734074 -8.664688646876 
-3.913043804739  -14.286335971201
 7.729002675860   12.661455047763
-5.494988355391  -13.779395527183
-10.001995267032 -10.958151303308
 6.330605096744   13.454211245256
 2.005934776860   14.773745238514
-2.219306698029  -14.757426087040
 1.851157082551  -14.848982490488
-0.615168024558  -14.963907208342
-8.828267036735   12.149844333446
 12.513195558419  8.347934424181 
 14.416460008439 -4.592110746918 
 14.825413047462  3.593809873170 
-15.193872718804  2.029187786283 
 15.302982733796 -1.188382032429 
-9.269511342976  -12.287235681735
 15.434888253019  0.312665130458 
 15.338726567628  2.017067010807 
-11.458451760655  10.430413127445
 14.648605163352  5.095294771649 
-15.044661899334 -3.938235163594 
 7.864530164767  -13.433091350026
-10.420286792698  11.570786727866
 13.944832212355  6.991353426619 
-14.904670824946  4.738559340742 
 10.973742499847  11.221440799076
-12.875481051550  8.986262262946 
 4.575068202970  -15.120480896562
-0.411692115375   15.799497719934
-15.749289375671 -2.483391265592 
 13.743907859122 -8.144075099202 
 10.190077374825 -12.317772182960
 12.316917266982 -10.377951167976
-8.394273480959   13.785868854163
-5.069979065831  -15.436500866249
 14.769639098587 -6.785828255908 
-3.958853546607   15.776305697301
 10.118563664832  12.738257809215
-5.902431163993   15.214248883108
-3.372768243316  -15.968585329945
 4.085411072400   15.812095800338
-14.582374702238 -7.445130954403 
-11.777999387576 -11.386339189360
-8.882457451707  -13.781153168950
-14.219804486419  8.192893875083 
 13.252758215916  9.741761620555 
-15.163646426786  6.500183264305 
-7.471430531965  -14.713114433448
-10.078094992250  13.079069818610
-15.545557528603 -5.628965694654 
 2.624323342171  -16.344046743685
 0.951246426616  -16.532126983740
 1.249598204311   16.552223806098
-13.092394806101 -10.217059077273
 14.252338267360  8.541399740009 
 6.645780372251  -15.260384845680
-1.675130140277   16.644667359346
-16.529496424643  2.729753845667 
-10.663891002793 -12.937526488908
-1.936033142319  -16.668223567957
 6.842610423623   15.352393904120
