-0.339199847434   0.394336862122 
-0.668371073957  -1.112423593603 
 1.233159735125  -0.986815106985 
 1.016934705916   1.612134227028 
-1.784559101461   1.653590070046 
-2.434419235345   0.040802940602 
 0.131197610054  -2.504618055665 
-2.105930328438  -1.806142518887 
 2.784074455102   0.404173958259 
 0.309522742266   3.110881890443 
 2.021097685425  -2.522378821215 
-1.283895728022  -3.238379867248 
-1.186518449194   3.761626924680 
 3.947826231553  -0.990594064418 
 2.880144753709   2.932268572318 
-4.070583430969   0.736702606341 
-3.897872357224  -1.772250309016 
-3.117227116269  -3.121329781822 
 1.301925136578   4.313419298640 
-2.748021245453   3.627760111707 
 4.583329879296   0.559968696312 
 4.215643823854   2.038302326107 
 2.300881446187  -4.292349555069 
 0.896948400846  -5.055271578998 
-1.390921783418  -5.020001516497 
-4.754493207940   2.809590795389 
-5.433756622669  -1.010935648480 
 4.433240310506  -3.374347740884 
 2.739534814179   4.916072761048 
-1.597931715028   5.456636219078 
 0.341006837274   5.697021553545 
-4.697813626664  -3.271819730400 
 4.254301337635   4.350588630119 
-3.681239981539  -4.887022351785 
 6.143963816281   0.038430424725 
 6.084940216903  -2.012390799513 
-5.997273100177  -2.513679735779 
 5.527410750611   3.465021593458 
-6.343468816302   1.774537562433 
 0.724903774659  -6.629091706572 
-4.188334020666   5.227331007824 
 1.532723213652   6.633830628115 
 4.141134385866  -5.460039472400 
-0.767693877692  -7.080995226563 
 6.858515022791   2.001935175415 
-5.683210604847   4.379823573211 
 3.986690504174   6.011823164606 
 5.527433290589  -4.644551306274 
-1.651649702259   7.206551902335 
-3.106345290182  -6.740453033675 
-5.756715333094  -4.770897208896 
 2.123037988741  -7.223608827658 
-7.481356304642  -1.104971366363 
 6.822040321673  -3.436248066740 
-7.647639440680   0.730704388960 
-5.105266482013  -6.437912218255 
-3.163527112488   7.596138134593 
-0.463244129831   8.290716745296 
-7.644148220471   3.379930178659 
 6.444764835843   5.492416781834 
-7.792905377907  -3.357349099295 
 8.406178679562   1.277213089683 
 4.401851768633  -7.304444628439 
 1.556229457438   8.506971693910 
 6.221420036238  -6.029814129876 
 3.226066119720   8.171441455777 
 8.323404021820  -2.855710019288 
 8.772556128101  -1.021426518970 
 0.455100882023  -8.847251976068 
-8.693631600244   2.183452564719 
-3.460577030274  -8.283100698275 
 7.973137095229   4.359816111891 
-7.595566711742   5.010314411370 
-7.578439887686  -5.050121092942 
-6.614759189511  -6.297905433999 
-5.694210261432   7.261436589133 
-9.035374100993  -2.346837100055 
 5.416767214576   7.627186983217 
 8.971913179927   3.040581872598 
-2.017196816929  -9.324357017859 
 2.532505494074  -9.384346269963 
 0.550736920976   9.788199485149 
 5.763536544822  -7.935633573273 
-1.443583951554   9.744851060342 
-6.095307745143  -7.807965304163 
 8.708694013472  -5.047478693083 
-10.098829635946 -0.895110913336 
 4.639427534953  -9.123664365203 
-10.225391071107  0.668417961712 
-3.162670891866   9.763145826966 
-9.275072643352   4.516221479849 
 2.733568260917   9.965703080513 
 0.260821683625  -10.408689296670
-7.997049990006   6.679872649758 
-5.042835051377   9.155327686997 
 10.232988955424 -2.247601186456 
 8.075860075293   6.703183052564 
-5.316265574102  -9.092481025879 
-10.211429131239  2.700317518076 
 9.874957946425  -3.796768746383 
 5.486037135508   9.228967608084 
 7.108241864968   8.084182945958 
-1.598773717500  -10.780895422936
-10.699718435009 -2.338300344826 
 10.934958122285 -0.707098668924 
-7.235536682872   8.246693912076 
 10.951540474922  1.058134472201 
 3.809440189827  -10.375284258504
-10.307200698924 -4.033790096632 
-9.237877844818  -6.148743622627 
 2.283996574996  -10.898858535699
 7.914884541214  -7.839554894266 
 4.316457383520   10.274172986318
-0.077217214442   11.170936403040
-8.390673524308  -7.396139634042 
 1.723324270890   11.182368524263
 10.178402500026 -5.545486037752 
 10.459294756998  5.012300235596 
-9.659567749915   6.479140148931 
 11.233719657261  3.026119352133 
-1.835602231220   11.513416333862
-7.713511741313  -8.775818551512 
-4.523028053108  -10.813048112519
-11.803149396280  1.116903806609 
-10.841778492431  4.846972451158 
-0.268213161430  -11.921461859499
-2.918552105971  -11.635249389257
 11.357768310110 -4.169129177494 
 6.747225006295  -10.055131944990
 11.876125516397 -2.486241838718 
 10.206298944013  6.643704857707 
-12.086040359814 -1.743891859219 
-11.780504001709  3.315339411176 
 1.267815483712  -12.172535521280
 8.498836572732   8.819564338268 
-6.756706926923   10.253113659822
-6.673093566062  -10.383266968305
 6.284454480648   10.648805156243
 10.124769294702 -7.189153790226 
 12.355775825280  1.704262739217 
-11.864754570320 -4.021631780729 
 5.723285464877  -11.178065100473
 9.248086609140  -8.533071895932 
 12.591107602467 -0.004891419035 
 4.001112436478   11.997702530644
 4.338210253428  -11.881381222255
-5.374349733306   11.475274946992
-3.501241560852   12.321925222476
-11.049033349144 -6.576880458363 
 7.833728007742   10.300620363135
-9.356044018690   9.040344662433 
 2.976412104205  -12.749899571399
-8.275992693940   10.155097718536
-4.445095951235  -12.325124588197
-10.201983171180 -8.274843347490 
 11.874900286627  5.634448904077 
 11.562231333727 -6.273186426837 
 10.604554365082  8.111826074730 
-0.694687933271   13.336949937385
 1.927514332593   13.268715501470
-0.880478131303  -13.555625997660
-13.270932752623 -3.007745389657 
 5.926708778570   12.266099408580
-8.774901940045  -10.474267461903
 13.008438238756  4.258499386854 
 13.492375913452 -2.541719975027 
 7.931640168329  -11.223675771445
-13.285687467050  3.529314502663 
-13.812432301188 -0.951308798854 
-6.789688862053   12.092527003447
-13.876048246586  0.964662620143 
 9.414975605538   10.319691615111
 13.985176681412 -0.953353134254 
-11.699967635542  7.733298352658 
 13.929485183279  1.843479447969 
 0.796473564780  -14.028782990141
 13.209739108013 -4.914061971148 
 11.452815123667 -8.345577200086 
 9.877278500257  -10.255943007700
 3.522111584541   13.809786068582
-7.604524236424  -12.055711693821
-13.463950078482 -4.700041018508 
-11.860643669941 -7.949801816421 
 7.601850382683   12.150271606297
-3.689622218291  -13.851740954833
-13.080754913880  6.029154343543 
-8.301357900389   11.889635408016
 0.318309454056   14.518910918248
-9.835692841855   10.714280874822
-2.516402844692   14.410608502268
 3.333213518337  -14.252955925950
-11.311584345064  9.302424609402 
 6.532570949779  -13.185797344760
-13.554506085775 -6.215796267457 
-5.945295579668  -13.675991848773
-10.353327058738 -10.784453077822
 12.609378075846  8.040987200151 
-6.182241684102   13.622654144500
 14.968555500252  0.484668061631 
-14.792453886967 -2.820708389763 
 2.027769124692  -14.997263595208
 5.061779073260  -14.320011814041
-4.203702057817   14.604350288557
 14.682813779207  3.933785767677 
-11.807858061114 -9.616301063839 
 14.143637623294  5.826728262845 
 0.003756161006  -15.313025369345
-15.047803179074  2.908321587815 
-1.496891165882  -15.267321870628
 11.827870588402 -9.828108168110 
 2.060923116153   15.261303512090
 11.383070534154  10.422970125079
 14.212002257392 -6.204528116226 
-13.193324399065  8.152814445220 
-14.707990020187  5.065882587831 
 13.069594558130 -8.471138738124 
 8.815981535292  -12.855895433319
 15.593800796810 -1.431072466514 
 15.442477527756  2.621216606260 
 14.982763400248 -4.838187491787 
-8.620382449153  -13.223452697836
 15.447247172347 -3.310372287890 
-15.801124506660 -1.258951950819 
 9.200992000011   12.916963045646
-15.832319395483  0.959086395338 
 3.698817355121   15.454888318741
-10.014634494473  12.349872944194
 5.832049216566   14.807074609872
 10.492049904151 -12.085034725464
-3.304694317381  -15.660005536552
-10.182962074332 -12.373591199107
 10.564146449839  12.064878253783
-15.403963984102 -4.917259137883 
-2.122755633990   16.033708178122
 7.744846190291  -14.205828582924
 7.293344760291   14.458568744946
-12.575457281479  10.291348599559
-0.423479281219   16.267388629679
-11.537911518438  11.480574540832
-14.823809147727  7.236811806468 
-14.186988474198 -8.451347256076 
-5.516272303951   15.583099914695
-14.931630354298 -7.105794284790 
 1.088263971676   16.523134811978
 2.817219933602  -16.373611069305
 15.894778530320  4.880837337136 
-12.395235323391 -11.092532839352
-3.922572614790   16.237264912928
-8.077571733612   14.662460148933
-16.565916049276  2.491145878809 
 0.314920021652  -16.852288200407
-5.302743784940  -16.024434742193
 15.232126966157 -7.376426103616 
-7.423636736749  -15.234002960121
-9.642707358164   13.959070924878
 14.862094059270  8.263183514403 
