-0.641222580685   0.542299767248 
-0.931420191801  -1.156677935550 
 1.611172432948   0.093020685082 
-2.079670172002  -0.052840908952 
 1.486787812094  -1.578264621112 
 0.076211639581   2.224287308596 
 1.556398222513   1.655550665878 
-1.559195362689   2.433722276656 
-0.812359793955  -2.775174808788 
 3.248092903190   0.103871440662 
 1.358233996420   3.162094216461 
-3.614160495081  -0.034313784399 
-0.218562734022   3.713865550772 
 3.011074836389  -2.279559300067 
 0.278413720244  -3.848284035090 
-3.567509017997   1.567532424942 
 2.824310663303   2.776974322998 
-3.597455625883  -1.672901993487 
-2.241105741263  -3.432859715814 
-2.749245490777   3.490800016565 
 2.506749511340  -3.754254234849 
 1.161126285200   4.804367698015 
 5.254723471371  -0.516444883335 
 4.340797591656  -3.024001564047 
 4.873367294554   2.287946560515 
-5.385819709437   0.463208752874 
 2.741911970038   4.678466614653 
-1.276128586548  -5.368696692630 
-4.154314596762  -3.701570801684 
 1.497012696895  -5.410423622643 
-0.101260640352   5.638700034035 
 5.862875129677   0.943181106628 
-5.904387612965  -1.297955659295 
-5.180848335898   3.115715164365 
-4.294887725440   4.354720782916 
 5.709287792243  -2.201434341766 
-1.701095761534   5.936300714803 
 0.043072925213  -6.387112280062 
 4.241072592746  -4.837282237088 
 4.570201081734   4.542640486001 
-3.159825051038  -5.696527162778 
-6.460807288343   1.643854080594 
-3.691164008025   5.754988231656 
 6.498223315768   2.327077324196 
 2.644832612545  -6.437369350590 
-6.999007067859   0.120709067093 
 2.487572939567   6.704944296039 
 6.012693867064   4.064258656064 
-0.647358724572   7.233321976663 
-5.886247514637   4.464435884827 
-2.431243928972  -7.011133271010 
 7.314648918291  -1.493349830826 
 7.526082851038   0.756616276036 
-7.507829999552  -1.481967356515 
 1.428035811141  -7.526700677441 
 6.468862022757  -4.130714015942 
-6.716691506137  -3.800141286348 
-5.843741135240  -5.074093674164 
 5.238671845102   5.968403931402 
-7.241778902003   3.362298555994 
-1.177925882040  -8.134775553112 
 0.871664952003   8.189634298882 
 3.816151916677  -7.421073661229 
 7.566887216882   3.755355364001 
-4.705591311685  -7.055313886843 
-1.828558700177   8.304789060314 
-5.648670787190   6.365534796124 
 4.483051241257   7.314698127976 
-8.366405384568   1.989473708454 
-4.368396549928   7.451747205882 
 6.785100794448   5.476185556543 
 0.291891709163  -8.757736695219 
 2.705078583151   8.352459037668 
-3.533195537465  -8.142286853152 
 8.365818075301  -2.972341088849 
 6.102256880139  -6.564541554993 
 8.799417859406   2.146291177877 
-9.042090305749  -0.565484225317 
 2.285395567931  -8.935677643045 
 8.036519517332  -4.567139430574 
 9.250600764078  -1.034840824979 
-8.838520607941   3.645159035644 
-6.354862838250  -7.154697903755 
 9.713167106118   0.637425256471 
 3.943906204808  -8.925397996845 
-8.280620979335   5.273571847008 
-7.971534134765  -5.810163623502 
 5.800159006647  -8.040427324924 
-5.002330655887  -8.590097266567 
-9.383376402473  -3.336255703965 
 8.716730906296   4.960013985440 
 9.525882659633   3.465583119121 
-4.557063487201   9.071827075642 
 2.094568280284   9.957109577752 
 7.414073634660   6.973623608092 
 6.110282371764   8.264720410119 
-0.628734910443   10.264135018334
-6.685282529015   7.898138759665 
-2.538538310709  -10.049548370555
-10.418859947711  0.394777934184 
 4.882853123273   9.230963078940 
 9.773922088501  -3.689588000508 
-0.755972493152  -10.530625547947
 1.147079592010  -10.525375099073
-10.501572310113 -1.700650586816 
-3.490519612122   10.179508531798
-8.190418693066   7.137362296694 
 8.749848971855  -6.512464760593 
-10.626099276492  2.483995188228 
-9.468063542076  -5.458566811288 
 8.925992324451   6.622820939858 
-7.896601578405  -7.914304889499 
 5.871004995886  -9.550427911874 
 11.214018644205 -0.502736780079 
-10.123435395246  4.851032760405 
-6.136304170989   9.407188056652 
 0.686301890158   11.219531981338
 7.205909075215  -8.671185821669 
 3.629395452147  -10.799153431769
-3.879483002206  -10.755435594963
-6.164529516702  -9.675104746301 
 11.338095604176 -2.191668043543 
 3.698210891065   10.999313065101
-11.250045587594 -3.104211587286 
-11.664499310674 -0.473449350996 
 10.462651174521  5.522778903873 
 11.488839358313  2.924822129531 
-11.802955946862  1.202777733289 
-1.769658474530  -11.760633459720
-7.799669046970   9.134460052405 
 12.005790630712  0.997652778571 
 6.016177325270   10.438849247555
-11.069379265171 -4.791869805423 
 10.505115848590 -6.048327377430 
-0.322320196389  -12.216505759043
-11.532468037609  4.100931533698 
 8.756823003045   8.589592404272 
-9.797220012653  -7.425159628344 
-9.769994154323   7.469573335439 
 9.569096564846  -7.772574201167 
 5.453797165719  -11.089759560989
 11.721662347045 -4.112698767087 
 2.191893824110   12.233110514535
-3.042401309794   12.056568354536
-12.315437616283 -1.967785681528 
 1.615076359859  -12.402927281865
-1.538798294836   12.536702907307
 11.870506753880  4.698763239983 
-8.079292205941  -9.892208028468 
-11.092128456514 -6.364743507945 
-5.216457286752  -11.706850316096
 4.339945091453  -12.186703048934
 7.530674478760   10.569986090939
-9.454986748944  -8.902228981137 
-11.272275929764  6.512563296220 
-2.970960965501  -12.779973053907
-5.834307823555   11.784964000748
-6.687575565984  -11.333863673870
-7.541819004035   10.833455705499
 12.952557127731 -2.578624234751 
 5.250116325103   12.331728183607
 8.121550431408  -10.702602893825
-13.384484947131  1.402321677440 
-13.465430342043 -0.176104092088 
-12.815348753371 -4.169234833481 
-8.931981321248   10.147329865323
 13.525107864355 -0.458079494750 
 0.585252560190   13.522921587814
 10.688149779230  8.325900931874 
-10.094657431915  9.157748190773 
 11.630392989332  7.157304612310 
 11.322342874006 -7.710998367079 
-1.315579875593  -13.721731116815
-13.467086480903  3.017459961569 
 12.287843293182 -6.332920245658 
-13.047465333566  4.742960464139 
-4.562913728031  -13.171655037941
 2.350904312161  -13.761147539018
 9.817575254788  -9.975942999268 
-13.928232554677 -1.634864883068 
 13.643905487099  3.522333201611 
-3.198810765325   13.756081093742
-11.491616034600 -8.227285750825 
 6.870555308856   12.365675472358
-12.878774920521 -5.942290225429 
 0.365091035099  -14.302092956130
 3.499804394585   13.882486946513
-5.057851010998   13.404879762099
 6.730948640855  -12.736677080036
 4.383298099261  -13.784603584303
 14.372481845003  1.818227180024 
-9.190730496944  -11.245764127997
 13.708460320514  5.087549692883 
-7.512844542650  -12.613226477521
 11.357158390495 -9.322625561368 
 8.928360374013   11.736494910204
-11.000538464132 -9.821974086890 
-6.697740932164   13.152872462129
 5.204713017705   13.837406396515
 10.473379605907  10.452390471177
-14.467371860106 -3.376830333343 
-0.063931987408   14.892344346186
-8.131510826668   12.481277000941
 14.466154682707 -3.680744383232 
 13.195936237959  6.997657925743 
-3.735955711138  -14.467041738539
 8.437313529097  -12.407565724890
-2.052877302747   14.886541229613
-15.142410114860  0.034764118877 
-10.166894487708  11.226226288863
-12.732939689748  8.213436086786 
 13.935689536102 -5.956054373068 
 11.740046011392  9.627520263663 
 15.086222057298 -2.060996866288 
-14.000926865216  6.189890625484 
 6.147181368843  -14.123770225167
-13.291293654623 -7.832372115235 
 13.263081726043 -7.886820446475 
 10.393374908287 -11.466813378421
 1.362865227355   15.423809249451
 3.021114204296  -15.207805665319
-2.008849526006  -15.399282160875
-6.814576357964  -13.958952816306
-15.265016096929  3.579003061315 
 15.667031151180  0.862699009575 
 15.398330980747  3.043689622349 
-11.970068760761  10.238473010206
-10.700345439931 -11.610279339791
-14.476345366932 -6.460064942546 
-15.078648571703 -4.901166789153 
 8.634928350469   13.308210229909
-6.328394106904   14.609030360851
 13.164682816487  8.967305987637 
-5.638830378229  -14.919632282571
-3.540675343625   15.552939881837
-15.842127195229 -2.048698769088 
-15.951814450766  1.489383936304 
-12.520362651220 -10.026762766058
-9.885860164249   12.703438288040
 7.496527466975   14.379803181810
 15.485818751840  4.864939741945 
 14.976030982726  6.345697821309 
 4.907541100285   15.545170779767
 1.284754434752  -16.251455836394
-15.465159143575  5.482726920878 
-9.859665212428  -13.179490050811
 11.332986598089  12.043312037334
-8.561099999440   14.164448637747
-0.380815929256   16.584035301440
-14.296126790306  8.421094422922 
 15.754205888911 -5.214941456969 
 12.474033333659  10.946094761897
-4.012566316629  -16.123830876172
-0.336270732522  -16.635683005445
 16.616485956820 -1.604854211157 
 7.989065546090  -14.786584802218
