 0.217470388784   0.274510238021 
-1.290922647053   0.859315418002 
 1.743331307905   0.375726255452 
 1.227643413255  -1.354571685172 
 0.168288620033   2.216053319451 
-1.573668314667  -1.659078064019 
-2.915345655639  -0.351872787469 
 0.682246074607  -2.908468037573 
-2.650119795486   1.825518259569 
 2.616817385936   2.231750565697 
 2.448245629017  -2.466951434660 
 1.238003451019   3.341983691289 
-0.541727467455   3.629667273344 
-1.987139905645   3.198658985634 
 3.789852351851  -0.785987402352 
-4.071963873541  -1.370514725814 
-1.874201445068  -4.262047803297 
 4.386463664562   1.638961947236 
-3.594305702556  -3.025412565865 
-4.629895395358   0.815723431732 
 2.700400938690   3.879894493659 
 0.586630325812   4.749062494892 
 0.179904519292  -4.935967460391 
 1.823725620080  -4.639496409629 
-3.877144893521   3.402000597678 
-1.442015815135   5.217018172808 
 5.371512613786  -1.395100248309 
 2.165398759055   5.309258850825 
 5.767733499109   0.365698084924 
 4.974638386384   3.156897193028 
-5.747286534965  -1.509146539494 
 5.129327423613  -3.241918348786 
-0.894788769005  -6.026431907546 
 5.863133329959   1.923340611863 
-5.728048667069   2.663191000654 
 4.186518551390   4.736675793377 
 1.128858043669  -6.305997529459 
 4.418027739986  -4.644621385839 
 0.192713842564   6.412598982258 
-2.916075973246  -5.762922715844 
-3.722035208104   5.386073965031 
-5.002053398511  -4.266240761738 
 2.995345960407  -5.949781384467 
-6.835785914664   1.105344057042 
-1.720730190056   6.913485797440 
 3.578479169339   6.166910082427 
-7.171751398113  -0.800711807030 
 7.359984505037   0.670518262550 
 5.687163000884   4.977756944717 
 7.368565793843  -1.849053573784 
-6.173248744589   4.590085495988 
-7.158319717667  -2.949832520868 
 1.584213381462   7.651750276089 
-4.365136153824  -6.591297974081 
-0.838184583188  -7.871930679614 
-3.892241236164   6.915411011009 
 6.549053799713  -4.543242371899 
-2.712147598507  -7.513059362726 
 7.435419163344   3.152505665249 
-0.588235529658   8.108194880017 
 3.699115510821  -7.428973367360 
 7.590192160438  -3.407196381990 
-6.891787479557  -4.739749375455 
-5.598277846458   6.372154571512 
-8.309497413736  -1.837070191891 
-7.744479862131   3.606194892895 
 8.548701748298  -0.566189846877 
 5.263443064176   6.768790986580 
 1.297433965850  -8.507886131226 
-8.812703975374   0.081681819756 
 5.786763840542  -6.666935144252 
 3.925640132002   7.962290334765 
-6.119406843327  -6.757065182252 
-8.839295087123   2.369268927493 
 2.546390051388   8.810282223914 
 7.597986290493   5.432199118104 
 7.177854285886  -6.105720691753 
 9.023478212385   2.937571206284 
-4.273081328060   8.640093237921 
-1.811644307209  -9.487133764894 
-4.928980462170  -8.363518211367 
-7.621055204606   6.057542176951 
 0.518725234262   9.770409523056 
-2.906976659314   9.364335128392 
-0.262491028127  -9.848847967018 
 9.365407996730  -3.188191124547 
 8.587899511450  -4.992006670803 
-8.801176923698  -4.707478162905 
 5.016878241136  -8.643528239552 
 5.426620449071   8.424883563574 
 8.966340178816   4.476080263569 
-10.074076850493 -1.060260272406 
-9.727382397377  -3.179007369610 
-10.144018357204  1.386955696759 
 10.167091312634  1.304167218340 
 10.441857854510 -0.751422694199 
-9.591019023675   4.213135034656 
-3.341619849998  -9.936875248665 
-6.486547834413   8.277965467775 
 6.892400459771  -8.010185033597 
 2.179354958985   10.355399568056
-1.678915420194   10.456308424470
 3.675596001426  -9.976797454331 
 2.154211124327  -10.502839228079
 7.704799362066   7.465787300309 
-10.467259954027  2.856090153332 
-8.730668422446  -6.516800698860 
-9.179709548297   6.039587272623 
-7.378570729682  -8.283116101546 
 8.340639732748  -7.367559828444 
 3.929208937405   10.435715564033
-2.197113304305  -10.941374020528
-8.226687623267   7.543201876506 
-5.494388757801  -9.817854829265 
-11.429780904881 -0.045057868427 
 0.949070793727  -11.419133842301
 9.966700116088   5.750031782079 
 6.310970513317   9.641972485082 
 9.164955663839   7.063477436304 
 0.582492674900   11.575941767316
 6.650148683506  -9.501058234696 
-4.100014857410   10.974490586809
-11.572564591034 -2.121599764190 
 10.862292204236 -4.917964833824 
 11.998775753439  0.099688593475 
-11.824481500708  2.136475119072 
-10.413662173958 -6.030307681077 
-1.050092471277   12.018871148847
 11.788784932216 -2.811944079406 
 10.128854834732 -6.658513961430 
-5.761887874706   10.690710790418
 3.693288701511  -11.656906879167
 11.284050555213  4.746004664876 
 5.415980986715   10.984088327237
 8.163354537036  -9.142668862176 
-9.305377429399  -8.017083379052 
 5.169775614906  -11.158763316556
-1.437459921535  -12.303837363284
 11.960041477432  3.234819941330 
-9.760362461495   7.675503733285 
-7.161807662351  -10.182366818118
 8.662630439025   8.942341741614 
-7.914114382712   9.647885273512 
 3.791420493777   11.950012619866
-11.552997515865 -5.006448782085 
 9.680472418414  -8.210232079100 
 1.785994056068   12.601824403773
-3.662454768558  -12.288604201783
-2.540876635665   12.587697339262
-11.839730984328  5.104512039174 
 12.886818020792  1.336533925962 
-8.629576298648  -9.860063303163 
-11.211104369064  6.838738825577 
-13.163210632723 -1.015854898625 
 12.597421041007 -4.188077852626 
-5.675326012333  -12.003748307841
 11.669693616744 -6.342577751437 
 1.021945363287  -13.243541616728
 13.287606345859 -0.734934113765 
 2.611575786682  -13.079102462206
 10.626770037503  8.203259383520 
-13.324589726421  1.998043125376 
 7.084070509368   11.513972744586
-4.412951541133   12.993553362114
 13.538457542482 -2.474010121028 
 8.637665285136  -10.725374595257
 8.509047539319   10.858551224067
-13.064240254065 -4.523557368944 
-2.147484515081  -13.728140267124
 11.907489102336  7.196770986140 
-10.204081233932  9.557308099397 
 4.981544929076   13.083441862730
-13.905930614753 -2.400065826439 
 13.643153487268  3.608982971367 
 0.828033937413   14.089692519315
 13.099710200098  5.297427650582 
-1.712748580966   14.082267670955
-7.357513524852  -12.130401586583
 3.151389472263   13.839877684442
-13.591450658720  4.142266154518 
-12.153668156829 -7.372260629299 
-10.272093403833 -9.857144071809 
-7.240549512610   12.288848945463
 7.653247650770  -12.075075996983
-8.769695951403   11.316053685568
 5.075432983833  -13.427787987545
 11.794914288896 -8.224090430722 
-0.240648608650  -14.517002969113
-11.511288180170 -9.002406140253 
-13.164775412829  6.546002191298 
-3.297880728390   14.389984025414
 14.160326837302 -4.176035806747 
 11.020701008098 -9.855726370203 
-14.793220839587 -1.131484788189 
 14.831775138567 -1.295099672355 
-6.276740971622   13.510560345446
 11.130516651858  9.918149249419 
-14.651119700575  2.779300961545 
-14.944165004942  0.603840502304 
-6.030215579731  -13.724608708613
 13.870138676763 -5.756417195359 
-13.616659618199 -6.396857441126 
 6.791487489616  -13.466042430344
-8.943821040598  -12.212389196209
 9.891752623820   11.521265496256
-14.796380085776 -3.718475002139 
 15.196419542272  1.521053474193 
-12.131339294261  9.284865368417 
-1.781557633938  -15.219023077648
 4.076405895093  -14.771104173282
 12.658847104481  8.673961952988 
 13.497545574113 -7.460965639394 
-4.026542291182  -14.930597228566
 4.817163935514   14.738786713777
 2.257192018454  -15.369037623369
-0.528924256489   15.548398577512
 14.217526970422  6.433571001008 
 15.681616303119  0.056684491459 
 15.160641389404  4.094165255645 
 3.044679243957   15.415020997384
 0.973077346875   15.700269379394
 0.769441685092  -15.719348821943
 8.879201705382   13.110622054720
 5.582897245077  -14.917685217295
 11.061998867854 -11.475666971585
-13.750014444699  8.074212903062 
 8.384298340382  -13.591812504929
-9.214333615534   13.053434071881
 9.725452200544  -12.692753447066
 7.450801039309   14.158313303388
-11.087569911738 -11.598414593752
 15.653204091556 -3.648719849578 
-15.972909189394  2.053287423519 
-11.330731092415  11.474976421294
-14.253854705645 -7.789729884779 
-15.678672871263  4.651642458757 
-15.199726220276 -6.049514019144 
-4.763206938781   15.749093517221
 13.681064022862 -9.152824135857 
-2.837819784349   16.245915086893
-16.441767950438 -1.350547939900 
-15.203727455980  6.594725417775 
-16.339433184352 -2.925848212591 
 15.014172562369 -7.191365817009 
-13.069624908959 -10.353535508728
-6.723665627449  -15.373201504204
 16.726314188412  1.441498702821 
-12.826090432434  10.832717545018
 7.304577517688  -15.122426043612
 11.267990882525  12.535161106490
 16.572446086414  3.304395766565 
-7.232104536724   15.327815810894
 12.875490493260  11.051857853880
 2.245068362941   16.820536741455
 2.909844885748  -16.749062413564
 5.004410765513   16.266930154493
