 0.405811636773   0.835298037272 
-0.109947907635  -1.129411964082 
-1.400666668177   0.755978126772 
 1.920597977662  -0.815985786705 
 1.049894547066  -2.209159487999 
 1.501141658988   1.994566321165 
-1.327626279689  -2.520141768417 
-0.687628140375   3.005918871712 
-2.480139748518   1.914383380304 
 3.143204398928   0.472091525533 
-3.009930832342  -1.339189828839 
 3.229091200181  -1.880613366003 
-3.748682175551   0.503147968270 
 0.418533030725  -3.838373344449 
 1.987348998680   3.574960175307 
-2.579730391128  -3.513289298466 
 2.806334557209  -3.358016785550 
 0.659251214898   4.329368361059 
 4.643758051529  -0.034190312419 
 4.193995276362   2.039493130267 
-3.900248004446   2.680530058481 
-2.391069154239   4.462595577040 
-4.880501492233  -1.411534675464 
 4.825834460704  -2.436063732484 
-5.568265416808   0.265542773959 
 3.783015523132   4.229955138073 
 0.825027434741  -5.664858598457 
-5.435967830683   1.919018595090 
-1.766031464041  -5.494835211588 
-4.951283502568  -3.040103075653 
-3.936411285110   4.338977274256 
 4.324667598001  -4.107760021867 
 2.588831053482  -5.519891029325 
 6.026554108042   0.965179851333 
 6.104395652061  -0.598768077645 
 2.615157462470   5.605786347080 
-1.540908483208   6.005950328239 
-3.740923353541  -5.163624319009 
 6.065526796470   2.686825678242 
 0.296801962886   6.773929213283 
 6.447406177005  -2.135839633815 
 5.774547999379  -3.711616578199 
-6.767416403013  -1.468179727512 
 4.209526718229  -5.637494284182 
 4.964920960804   5.172322630792 
-2.960934345025  -6.647286815567 
-6.625611937206   3.087548916762 
-4.610396599535   5.860627925126 
-0.978452372245  -7.447921605435 
 7.528917641721  -0.122738508035 
-6.520369716807  -3.818618448829 
 6.286542993912   4.335685295832 
 1.893389736538  -7.413914355652 
-6.248761048097   4.569568572873 
-1.907043590043   7.503606790315 
-5.462359554666  -5.651637579028 
-7.698397263944   1.691611583865 
 3.697706284223   6.993552081191 
-7.944746820830  -0.420131882943 
-3.697190919705   7.069954072124 
 1.974077125876   7.782073668069 
 7.722402371465   2.872880500848 
 8.141875098966   1.264641878919 
 3.642520869419  -7.423292348247 
 7.091334825938  -4.676813681227 
 0.150717040368   8.538676138168 
-2.635888650848  -8.137500054950 
-4.394006790912  -7.425718431690 
 0.442288919553  -8.647037495385 
 7.990678299175  -3.454101204505 
 5.660971821024  -6.671265696166 
-8.127443927384  -3.348475912708 
 8.765532312324  -1.610668731095 
-6.452558106837   6.290106450825 
-7.073745724132  -5.740648880130 
 6.492489438541   6.396588528195 
 7.601403557374   5.329319422735 
-8.745707715936   3.492728809713 
-3.788855867389   8.631241909829 
-9.438948241274  -0.112346947587 
-5.158480886245   7.992729330478 
 1.786836513162  -9.375082854378 
-9.418545328813  -1.634447897785 
 8.909903482835   3.804134038366 
 2.014691788817   9.512597596639 
 5.062460777882  -8.302579834073 
 9.842360915148   0.830203959879 
-1.815656117652  -9.710409509517 
-1.216886120247   9.858643783884 
-9.837560233976   1.721131501008 
-8.081809013832   6.114796180346 
 7.044610296487  -7.390612882485 
 3.661283065697   9.537232143710 
 0.128489329655  -10.258591294639
-2.735640984037   9.920867932778 
 8.692181061542  -5.513073940251 
 5.696053997490   8.581355257572 
 3.608822420203  -9.683276396436 
 10.294537359171 -1.341623802106 
-9.572636389895  -4.088575876430 
-8.635334854470  -5.826167795446 
-3.874942561670  -9.722529488034 
 9.973286136056  -3.603161628806 
-6.345114734354  -8.535980212835 
 10.612278227726  2.171737865239 
-7.133817675373   8.548030589556 
-5.871632209502   9.463974608876 
 2.810874227312   10.787745639154
 7.391652234529   8.369535708714 
 1.223786137414   11.106003175666
 2.379006745547  -11.026087733683
-10.911897962076 -3.104673775262 
 9.895098802132   5.724380918506 
-11.414428442850  1.070415920966 
 11.468659034829  0.793577996380 
-0.903925861251   11.473523446326
 5.533315742860   10.151067815834
 6.135693572645  -9.810342337150 
 10.435905987209 -5.264616764736 
-3.230952158636  -11.253359198430
 8.324189165878  -8.274028421502 
 9.456474191720  -7.005958779113 
-10.389517574667  5.555028636785 
-11.186348243320  3.787523589906 
-10.298671269505 -5.781709487838 
-2.604549981849   11.527371361142
-9.451152560571  -7.097953566489 
 0.631305015748  -11.809799992964
 11.175541089371  4.018878399204 
-5.678099523727  -10.555286625720
-1.289081739515  -11.941204518936
 8.951386600222   8.017911894320 
-11.916057798870 -1.759716784150 
-8.520265647492  -8.597371817095 
-5.215888018610   10.952367453367
 7.159448295963   9.852227675493 
 4.950088390301  -11.140274822708
-7.524429996172  -9.759896721055 
-12.328945811432 -0.302648340645 
-12.112036166495  2.588338670321 
-8.711605344379   8.821191919531 
-9.963651740551   7.386632336834 
 4.801949779344   11.473521704484
-11.565827664681 -4.587921892749 
 11.742618910246 -4.225930320175 
-4.035387355537   12.021749830366
 12.588529959921  1.860990268822 
 12.740483393324 -0.043645261325 
 12.729547134027 -1.837341219349 
 7.672721464854  -10.365419097660
 10.980224891975 -6.855098621012 
-12.538031931626 -3.253978295662 
-6.827123681960   11.181547106153
 2.490595261048  -12.888859282706
 8.762103140868   9.883267519210 
 12.029110889723  5.669843993185 
-11.606793977441  6.532189781406 
-0.490954314459  -13.429365237314
 0.561196457577   13.431622743762
-3.929910246548  -12.880662661458
 12.225878166106 -5.656369967396 
 9.967968148373  -9.085860737516 
-13.431172747553  1.621497110267 
 2.549832116455   13.401685454746
-5.843406357167  -12.366591070964
 7.724213337952   11.297872394640
 10.947948045028  8.226503234861 
-2.154135284159  -13.541647782888
 4.754418515231  -12.911737099023
-9.685341366876  -9.812528729471 
-10.813687696544 -8.559993145687 
-12.331624098827 -6.206214416988 
-9.237544806190   10.270078008600
-13.079642793628  4.693264384290 
-7.807144760383  -11.550453869800
-3.118376004269   13.602063020417
-5.184484094649   12.994754976088
 4.081227231213   13.446295099221
 13.653218144215 -3.516135137256 
 13.822953423452  3.051195805750 
-11.636686194464  8.140915121944 
 14.236935782993  0.897491661653 
-14.227862400924 -1.223520823341 
 7.595453902326  -12.096205692993
-1.629581896782   14.271923289086
 9.087123710567  -11.134299623056
-13.580468061231 -4.928061925141 
 0.638633348375  -14.498659898939
 13.539815767933  5.337231698975 
 12.743762169849  7.232731283647 
 9.329434296723   11.337833352098
 6.962074356996   13.009401853712
 14.653322168294 -2.049276709021 
 12.696969698882 -7.706963711414 
-6.747429452115   13.278335175225
-14.937474644258  0.522766541443 
-4.071378354721  -14.425257502501
-14.706343376738 -2.952311303776 
-8.307789004893   12.598804096692
-14.839534493547  2.758378658632 
 10.820502098776  10.528735470519
 11.753995188319 -9.492153681294 
-12.507055992251 -8.519471640641 
 10.729957305506 -10.679033717807
-11.691189209685  9.641236989138 
-1.522707158638  -15.094885850464
-9.570739150529  -11.817240280367
 5.800376979330  -14.066348492769
-11.557882026843 -9.900745691513 
-9.664268031031   11.818121578445
-7.241607054931  -13.446935148958
 4.087268425891  -14.733380983090
 12.686214488096  8.772890711762 
-3.972089536434   14.954231119812
 3.207281499325   15.148734719514
-5.728270855945  -14.388476146597
-13.593822747032 -7.438012379156 
-13.750276389573  7.151407888263 
 14.943928722236  4.175887084175 
 15.516737110614  0.114769438005 
 15.195414355668 -3.451832346474 
 14.345970664978 -6.111825744556 
 5.335274204372   14.691466997471
 1.761997541321  -15.581844512919
-15.049250973289  4.423302610162 
 1.679403406805   15.597799882999
 0.115366432710   15.717886190362
-15.737190998450 -1.232366389614 
 8.042262417761  -13.609468065713
-14.703296514872  5.894060640035 
 8.725636037342   13.255846080293
-5.900744571794   14.740259631154
 15.752444431179  2.836615586848 
 15.422638875989 -4.945567708755 
 14.690486505010  6.846261065255 
 10.732239189180 -12.199501505657
 6.889331143124   14.730848113307
 10.268594474814  12.640065342060
-11.884675507651  11.274494620850
-11.670734799391 -11.531762112167
 5.307376659496  -15.619027488635
 13.793192759554 -9.067255379003 
-15.795825499932 -5.093323552098 
-13.468647453311  9.706261126287 
 6.965622071296  -15.073428458246
 16.514314308892 -1.873495847713 
-8.296843983957   14.404889146847
 11.904080129670  11.603605421975
-13.387527854072 -9.950100600660 
 14.971209427534 -7.475566068224 
-0.534197513032  -16.741088049056
-16.491059501583 -2.940804854911 
 12.541496686974 -11.143698392343
-9.747192676502   13.722917819445
 4.880148425786   16.150035810453
 13.146867391549  10.604252792222
