-0.503632045868  -0.309470885619 
 1.025960268361   0.152246341291 
-0.390270518438   1.936245896260 
 1.049797864442  -1.808744045020 
-1.942692323755   1.507168007530 
 2.376405586505  -0.690992616472 
-2.556576565098   0.056689480820 
 1.715214687591   1.970908828824 
-1.501855940671  -2.157129682369 
 2.770019737762   0.800288803455 
 0.010233933961  -3.380189765129 
-2.054947550788   3.427327760888 
 1.888667056760   3.584841040933 
-2.609160158961  -3.189855555370 
-3.598482758423   2.079849980436 
 3.831997549278  -1.743640445043 
-4.288396766814   0.418825995471 
 4.399758354118  -0.031803098789 
-0.534963885678   4.429314890284 
 2.592800989476  -3.694525746127 
 4.174011980149   2.107943698960 
-4.178926467282  -2.117392682786 
 0.754699464890  -4.686854473408 
 1.126129307043   4.964495851298 
-2.118987704356  -5.204571578673 
-0.502467873551  -5.611192199712 
 3.679216160358   4.388777674256 
-5.470817596955   1.707328162655 
-3.861712159252  -4.400118007228 
 5.897868913877   0.416964463649 
-0.402908669878   5.958034099557 
 2.954089362045  -5.242974774893 
-4.351076572568   4.229969655030 
-6.265392775372  -0.211877816264 
-2.937843052376   5.668769206906 
 5.787602019262   2.706643275610 
 5.195664228858  -3.784586703628 
 1.975059230829   6.203393825020 
 1.226476999377  -6.494113791521 
 6.657664243263  -2.066280951528 
-5.363119828748  -4.476921000284 
-2.358670059791  -6.714337195942 
-6.729627124896  -2.383357270265 
 6.981738205466   1.513281143495 
-0.245844773636  -7.165656970617 
-6.970114418639   1.778619034718 
 4.875870941686  -5.333799269070 
-4.120910652595  -5.939754505608 
 3.748397482386   6.319755980074 
 7.600232058579   0.104546473999 
-4.686459626783   6.005762625991 
-1.276631848231   7.525621416958 
-5.981213223011   4.780870465268 
 3.684606352251  -6.800053860282 
 5.347284850265   5.638070299956 
-7.070299981703   3.476623658023 
 6.445825394536   4.589436911123 
 2.271600795301   7.678444935735 
-7.983513354098  -1.221435592790 
 0.045827083775   8.236885925759 
-3.422662275783   7.494935148042 
-8.218728357472   0.873867789513 
 6.784312919708  -4.748860355722 
-3.978502417012  -7.698491178019 
-8.220760341317  -2.784879021988 
 1.499304778648  -8.572984346788 
 7.861296923111   3.738395913433 
 8.605692684596   1.575674722736 
 3.861665690795   7.936751437920 
-6.283748007295  -6.211671796215 
-7.488716730930  -4.856087403484 
 8.136159112223  -3.845728789148 
 6.301398305994  -6.452997631056 
-2.767772968819  -8.677400516253 
 9.196303347975  -1.044376041227 
 5.880065669241   7.159063115875 
-0.588829746058  -9.251947003226 
-7.049689600466   6.167341935376 
 4.754018535085  -8.076332793327 
-8.447835556753   4.165089304521 
-1.268277106655   9.450360341350 
-9.531739695582  -0.774615597976 
-5.937622543943   7.504453712485 
-3.307063875988   9.015063794999 
-9.624259755686   1.409214214610 
 7.649994934055   6.201849529759 
-6.235799885731  -7.747500421408 
 0.901787009919   9.935521083089 
 9.508101509455  -3.039890576542 
 8.061449084641  -6.019330005879 
 2.843619724210  -9.793542121420 
-9.975464070206  -2.685161135626 
-9.844618082713   3.234153923064 
 3.849583581773   9.643634085683 
 1.427219918491  -10.308184775330
 6.518702044432  -8.261872308430 
-3.886891259267  -9.789834842398 
 10.414292694759  1.597568834157 
 6.144456419327   8.669565025090 
 10.672944608754 -0.679411283198 
-8.640325289946   6.339539648238 
-7.790381797398  -7.440861395906 
-9.088373425536  -5.807313275964 
-5.055414292410   9.568030715391 
 9.741637569429   4.751035844812 
-0.429418668602   10.834533296991
 9.595414585514  -5.255882977189 
-3.167758263759   10.547264906563
-5.546679915762  -9.543682927452 
-10.062780415446 -4.550376824766 
 10.617038142535  3.165067586180 
 4.475279170830  -10.187226226597
 0.064329948204  -11.157587965887
-11.210200745842  0.632784378156 
 8.452475558176   7.472243894578 
-7.518162649901   8.440571290560 
 9.429043403433   6.250488152491 
-1.925700001333  -11.347957231758
 2.219808400365   11.364407044146
 8.885053631777  -7.454572520630 
 11.223635539918 -3.028566552090 
-1.877507570923   11.491816609456
 2.540683507011  -11.404969793207
-11.762183379140 -0.803659035783 
-7.765489962898  -9.025354940033 
 6.727692676349  -9.849505867865 
-11.401143341174  3.514320352548 
 8.115681174887  -8.803835581629 
-10.542095164503  5.704141456982 
 7.909440110893   9.021281382182 
 4.963092480660   10.977381908926
-11.930901391817  2.089439702605 
 11.109137994562 -5.016395292159 
 6.745764494966   10.227575866236
-9.715378315108   7.629320922281 
-0.344687007293   12.355870523335
-5.463804162481  -11.167832328556
-6.815414222390  -10.404791686627
 1.299227572780  -12.400266389873
 12.425102446501  1.096930116777 
-12.206981853446 -2.675422043833 
-10.194635311148 -7.365775182606 
-7.673283819796   10.001370023683
-4.107935085402  -11.945903911375
 10.723258337192 -6.695824712695 
 12.586140701426 -1.363218679499 
 12.202805652416  3.380821974460 
-6.443292807650   10.994583150813
 11.089454670493  6.394150888604 
-9.595473723891  -8.752870000226 
 4.637283350320  -12.159849137634
 9.587308102770   8.801762020309 
 3.167848369895   12.639665462834
-0.990980365167  -13.112477590307
-11.449883898697 -6.466915930475 
 9.885708942245  -8.747370763356 
-3.600900030688   12.733901275419
-2.515088469626  -12.997681644893
 12.197843134530  5.265591722068 
-2.121836999688   13.183711261311
-13.338602288510 -0.845194484652 
-12.837549172360  4.001862002591 
-12.269715872229  5.601128604961 
 9.045917374612  -10.044941640621
-13.565307152024  0.845427427160 
-9.228016044424   9.991073152855 
-5.295596199522   12.531583810223
 13.640441057136 -0.132263888817 
 12.745946998227 -5.068001802943 
-11.676979175090  7.233008909050 
 8.302775235663   10.948425292404
 6.059181796352   12.345657666736
-8.802451698600  -10.577513114815
 2.289746159005  -13.584477399504
-13.594688696275  2.358761040808 
 13.422728261750 -3.222093236422 
-12.865735345855 -5.130900153471 
 0.333510661940   13.863879462982
-10.832121753000  8.714350044852 
-13.744515739883 -2.360825934608 
 0.326178306549  -13.968447911550
 11.335564485228  8.202495187087 
 1.914766363969   13.878186941917
 6.149450333667  -12.682645853264
 11.695085686771 -7.953731429265 
 8.146036405064  -11.630157776993
 12.574127016114 -6.625602676683 
 4.335535380323   13.610212127577
 4.151885692514  -13.699591707993
-7.069060751896   12.491518214848
-5.901736913799  -13.120922649153
-11.702582910390 -8.562035552753 
 14.458910994972 -1.472054430704 
 13.873654857009  4.661549134382 
 14.427374500095  2.617611366290 
 9.963498431727   10.806096410683
 14.686951157802  1.129778281570 
-14.251669328805 -3.878545713576 
-8.810978863114   11.989158588150
-14.339816737922  4.035383330172 
-10.909225359770 -10.206053470704
 8.057935961724   12.674936494506
-1.203246571689   14.991155269644
-4.893562947697  -14.289401626287
-15.086388214836 -1.128332888296 
-2.695752447594  -14.912754564156
-7.513179505715  -13.168838096320
 13.390228769159  7.156119758264 
-13.534718049268  7.120887348199 
 7.711790750825  -13.276847896545
-14.438680180943 -5.375458180089 
 6.498321271560   13.984004953331
-14.327727145531  5.729511699729 
 1.544218585573   15.377652582659
 2.496951719843  -15.263770119470
-9.389055978484  -12.291974543670
-10.548946057778  11.320786563977
-5.700708395992   14.397454524105
-15.437479826119  1.490908818999 
 10.706558775725 -11.292839728895
 3.157650126415   15.397875282084
 14.432841234477 -6.266470041821 
 13.538718967050 -8.028687016386 
 11.828564689922  10.403938052083
 6.123334828028  -14.530146223703
-14.002352057584 -7.253088876310 
 12.280544635131 -9.939385271232 
 15.417966139565 -3.654167401893 
-13.184262533903  8.916553999260 
-3.900531161642   15.469069215292
-0.287486342579  -16.006396805298
-8.150549565231   13.895610536380
-15.838550134233 -3.323153453793 
 16.089258374391 -1.842829510987 
 10.565446437064  12.284903127447
 16.185572812346  0.812771832222 
-13.701603444774 -8.815464682018 
 16.135833770829  2.340216951192 
 0.311046957437   16.356929447149
-12.676191450851  10.350342324719
 13.440149646307  9.426714407343 
 15.600307997952  5.162068036898 
 1.223951155318  -16.400010265695
 10.231433237110 -12.932475499468
-16.490825619485  0.411046970953 
-2.422351779591   16.347175700575
-11.920228588674 -11.450896555341
-7.586307917183  -14.709406107593
 9.583231997814   13.579089106329
-5.896140977036  -15.608373406000
-16.209639093441  4.081808177106 
-1.997468108099  -16.609508527368
-16.659234270356 -1.743397230515 
 15.319144394786  6.814253468799 
-14.734665840694  8.130100199196 
 4.016807141169  -16.351183056600
