 0.513072777488  -0.956689792864 
-1.168047278062   1.202824387915 
-1.212484755897  -1.203463991176 
 1.277677003080   1.232155481115 
 0.463076734415   2.511474839819 
-2.775276598560   0.377022023547 
 2.860016256070  -0.108495049646 
-0.692089921836  -2.791720234035 
 1.762634999567  -2.285910544836 
-2.946065706985  -1.400566137573 
 2.710296861785   2.014982728424 
 0.765000594497  -3.554348323367 
-1.370781618817   3.508842295221 
 3.484034878991  -1.523625552943 
 3.062508390931  -3.045141411928 
 4.105289372386   1.376254754544 
-3.060807297255   3.105185873836 
-2.651840648404  -3.543467593623 
-1.140488018715  -4.491479972642 
 2.116218308404  -4.250998436978 
-4.833369517521   0.372190275060 
 3.379663516795   3.487741548559 
-0.835587046775   5.003453304517 
 1.522520747959   4.959250510142 
-4.850269944569  -1.900776124804 
-4.951550119276   1.916706443588 
 5.307650886051  -0.146017422903 
 4.805104832739  -2.378702248842 
-2.842443451146   4.873305621052 
 0.025755377750  -5.899637160634 
 3.607820415357  -4.703703995102 
-5.113092689242  -3.382173760089 
-2.869161490059  -5.434007566812 
-5.178976920947   3.444992063855 
 4.893447256746  -3.926428057497 
-6.198550614066  -1.153207420122 
 3.896515230117   5.011546816240 
 6.093176692797   1.807839699869 
 6.323768063534  -1.273743809677 
-1.979556790963   6.204383504076 
-6.607505935704   0.962725141020 
 5.845851208998   3.433209688524 
 1.458328525572  -6.745965516699 
 3.100381898681  -6.175730352473 
-6.472119182958   2.554494163817 
-0.614917121315   6.995433855190 
 6.615674977416  -2.825463747976 
-1.345746496872  -7.084407690576 
-6.574203133563  -2.976678924096 
 7.315279920853   0.044343972266 
 5.454029942265   5.065464922716 
 1.119330510193   7.496197374101 
-4.909456253160   5.814716002729 
-4.740293345439  -6.062520781482 
 7.583137242895   2.260484405754 
-3.245456645735   7.322088442979 
 0.008713244170  -8.048882052388 
-6.873106899245   4.272791769644 
-8.091640998106  -0.388673600316 
 6.533192534078  -4.822250379953 
 3.308713014575   7.482034134286 
-3.262088468597  -7.520777405153 
 5.032072157335   6.681433628472 
 5.538482611322  -6.312379093685 
-8.349847042497   1.291786767288 
 4.070776362096  -7.406197892328 
-8.234456470477  -1.928996308255 
 8.177564642627  -2.280659804612 
 2.081547983998  -8.347763816405 
-1.438823107556   8.497332213509 
-7.142699254741  -4.873104082007 
 7.946278379918  -3.808708820430 
 2.030092956965   8.727972248309 
 0.077975551402   8.987606755478 
 7.675756759313   4.833553636461 
-6.058978879482   6.955817429807 
-1.353280739512  -9.135338530624 
 9.291690136346  -0.260242228340 
 9.250145925902   1.274471269560 
-8.843065407732   3.150195510499 
-8.735031750306  -3.530649003079 
 7.058644322064  -6.317463782950 
-6.797726831719  -6.768752085921 
 4.598111818985   8.426397677456 
-4.558402557880   8.521238102163 
-5.329194688399  -8.195378283272 
 0.127356877751  -9.835812713689 
 9.160319823065   3.662812889960 
-3.172147768051   9.387591643431 
 6.113171885860  -7.852949464293 
 3.002867574856  -9.538590351207 
 8.663718573680  -5.159270373886 
-9.954775211707   1.740445511382 
-1.060211996681   10.155011562742
 1.345750656420   10.160227907489
 3.228346835047   9.758756035946 
 7.532581780409   7.050987749688 
-10.342593201221 -0.600291968664 
 10.097491757611 -2.520913241887 
 6.187327874497   8.406191176257 
-7.756847484382   7.015580096141 
-10.231288185130 -2.256256281267 
-2.414284381054  -10.242072767206
-9.261092524566   5.057762876328 
 1.535949236941  -10.505336148096
-4.151825648097  -9.986367264594 
 8.874115786030   6.182869093512 
-8.558373267601  -6.636090528769 
 10.899771496407  0.039745620348 
-10.008913989067 -4.554155917567 
-7.045916507756  -8.444620508508 
 8.643944203136  -6.997778198031 
 11.021485267905  1.875969995935 
 4.624819941643  -10.193506369549
-0.656558965100  -11.184148819350
 7.582558665485  -8.319253413911 
 6.128827163548  -9.454066951745 
-10.907576636988  2.923035944450 
 10.336891015630  4.798381593985 
-6.768219487252   9.196146247230 
-5.884997245442  -9.810051219975 
-9.294843880521   6.793974364909 
 0.402111990180   11.522721270014
 10.705797633802 -4.291312552745 
 3.198052483200  -11.162732860463
-1.446437572703   11.640041354265
 10.132975801385 -5.975863444821 
 7.727868271428   8.898073010931 
 2.900172605369   11.424432195254
 0.712420785660  -11.797952192037
-8.571622874767  -8.161151416873 
 5.447864690332   10.510962208807
-11.935413208948  0.097853276876 
-4.455088910084   11.178976195582
 9.167217165942   7.829392902699 
 12.060822378680 -1.617419549279 
 10.416235112927  6.413992383120 
-11.840815391116 -3.212422559601 
-6.134566514644   10.695250732295
-9.949932539597  -7.282621752501 
-1.850627461630  -12.240295255751
-11.688755765664  4.366660025569 
 12.528581540643 -0.155774490564 
 9.131132576078  -8.725472590205 
 2.135458157500  -12.454464218601
-3.590145216116  -12.148191915919
 12.383835106643  2.719162483900 
 4.448613696571  -11.998688312470
 12.309594682099 -3.515558232350 
-12.466693338239  3.063722349052 
 7.488923911254  -10.438339169668
-11.410233997876 -6.041045834398 
 2.076012679034   12.745583737307
-7.739262441249  -10.403948633267
-6.244871120933  -11.396549214803
-13.035784248143  1.297152975507 
-12.966228607737 -1.914265934971 
 4.668661719068   12.265346392332
-11.049788960464  7.138188672945 
 6.271456650951  -11.600231769215
 6.662341350761   11.391330532631
-2.671312459377   12.947304104267
 8.359629348170   10.306323094287
-9.259512405858   9.591130901413 
 11.010969196003 -7.639762501948 
 12.117441865506 -5.799516328572 
-10.154074670996 -8.804021853087 
-13.463697389504 -0.350942606443 
-0.526623433070  -13.467403341168
 10.516696700406  8.609544721418 
 12.053206661813  6.391192110609 
-0.577116621628   13.640591645100
-12.714259885802 -4.987824234199 
 13.598535938214  1.775149343481 
 12.874294390237  4.850513408331 
-11.475179815171 -7.707319191054 
-7.391114492320   11.740211501246
 13.864630232124 -1.006563223777 
 1.549987651419  -13.900625957110
 3.426744367515  -13.611463948744
-13.362743883089  4.519920605638 
 9.992995186385  -10.003217992503
-5.108932310303  -13.221209808146
-4.932819509625   13.316737993197
-12.647873650434  6.515974347122 
-9.889910772786  -10.296559542262
-14.064040747065  2.528646423862 
 9.931489715798   10.363082355418
-3.570829796580  -14.077419487542
-12.967145217474 -6.583999911110 
 8.836485485439  -11.569007784840
 5.648518910235  -13.469056253856
-11.412182208660  9.199853457706 
 1.108265623192   14.622861298888
 14.497693144775 -2.411304473854 
 14.369598859267  3.354933687392 
 13.939698048790 -4.850448279743 
-3.179875355637   14.456655125796
 11.759747797429 -9.105549602374 
-9.181028279844  -11.742889960506
 2.735798999735   14.659081934259
-9.987592071219   11.083363198166
 12.466580854814  8.248293282648 
-14.956585994782 -0.718687687681 
 13.543352676183 -6.441645257229 
 7.450943257329  -13.036487455977
 6.564307991240   13.521608979362
-11.988359155117 -9.177442506077 
 12.879368950695 -8.015358878679 
-14.518631142745 -4.474489407224 
 15.230632518015 -0.217712352466 
 14.153899453811  5.661968738890 
 15.196849031141  1.470404806589 
-1.816726964117  -15.164924317672
-1.436063011095   15.292258107179
 4.353824648743   14.774200222563
 4.405996512993  -14.775230870326
-6.392293790389  -14.127634015911
 11.478832458394  10.425477680112
-6.376145681989   14.165301807948
-5.018598976414  -14.758258490969
 9.350519679889   12.516984551770
 11.102867866878 -11.040363972294
-14.781631049018  5.541007753736 
 0.814090600636  -15.766013782435
-13.617086821944  7.992191467426 
-8.403698376570  -13.409555184661
 3.081815525920  -15.554545957074
-15.954637759417  0.822465547684 
-9.834004740197   12.614933004510
 6.954701438518  -14.532934448810
-15.695043714997  3.736441754177 
 12.985398968077  9.660045909505 
 5.865910203207   15.110231016771
-15.138749590271 -5.945659185356 
 16.158473630491 -1.899900321309 
-11.754790768074 -11.262830560372
-16.071170842360 -2.687432610396 
-11.419543105468  11.640760422947
 12.868477558895 -10.158080355685
 14.121340637939  8.358000031003 
 15.802777456620  4.513495771106 
 7.681724211869   14.541331280623
-14.688198884526 -7.418036770162 
 15.342383863845 -6.039060764076 
 11.104518760734  12.298489166566
-14.943954706506  7.183122373078 
 5.823488389237  -15.528133957487
-8.697381268564   14.128332172506
-13.432296833105  9.748592128774 
-13.000728623832 -10.324065008828
 16.234250821155 -3.582469231980 
-13.942947381339 -9.076709579394 
 0.292526595740   16.660063530747
 16.720321108313  1.140076692169 
 3.489845766678   16.401003597717
