 0.276010479402  -0.455244545760 
-0.865022525429   0.894748810730 
-1.280685722200  -1.151435325039 
 1.470716461190   1.005342392901 
 1.922482231472  -1.203166096408 
-0.305101754250  -2.447789453669 
-2.591392522304   0.021204869840 
-0.282128132800   2.750426846205 
 2.861449174750   0.275673168852 
-2.377144340514   1.904227781593 
 1.507158539620  -2.941698310429 
-2.340681436057  -2.409657934964 
 2.927257727719   2.204948826868 
 1.532233727465   3.502228083219 
-1.595559634934   3.614861518023 
-1.102232236683  -3.805538030752 
-3.918874621493  -0.889697301090 
-4.141484053203   1.864258161284 
 4.521665007539   0.628534987725 
 3.999377105948  -2.310819797665 
 0.217737501108  -4.648097112054 
-4.720488822951   0.400553017796 
 2.943938107731  -3.780238342654 
 4.478549121225   2.204137451257 
-4.524521619239  -2.424507796203 
-3.224251930211   4.030573853336 
-0.942378224754   5.140944046313 
 5.240922038889  -1.144732027438 
-1.255000617213  -5.323156608217 
 2.582908373058   4.829089599683 
-3.229604882924  -4.699999463145 
 1.537926181730  -5.494187938610 
 3.961120200731   4.162234174766 
-5.596088398129  -1.329243054603 
 0.480275776381   5.792841793712 
-2.467178508306   5.390750647641 
 4.434115970317  -4.241315465766 
-6.203897821781   0.172035528278 
-4.638829471066  -4.157998464891 
-4.823972968204   4.401347164727 
 5.727629040935  -3.333429513298 
-6.211556652749   2.578209462158 
-2.618708645786  -6.221133429714 
 6.021444379246   3.055104572025 
-1.181181523126   6.681345355051 
 6.854379791420   0.090354350630 
 3.136097244820  -6.114578634173 
-0.117160112119  -6.966404905994 
 6.764343463692  -1.716448629249 
-6.366321166485  -3.029007573368 
 2.711115553871   6.595026261721 
-2.885136285859   6.925453423593 
-6.347697090029   4.216104809892 
 0.119758700830   7.682989215049 
 5.912718958295  -4.999637573836 
 7.749500434887   1.511887065489 
-7.843026375354  -1.048136261911 
-2.020905273776  -7.677930109281 
-5.874407842540  -5.461228792764 
-4.442941819356   6.685257874534 
-8.045540261153   0.516933611960 
 5.552428797525   5.890149075331 
 2.545409408681  -7.755695254049 
 4.225355745398   7.079631615393 
 2.344017086366   8.090465670768 
 5.399765283175  -6.480600488602 
 8.595346255866  -0.645828042636 
 0.410806751863  -8.668564286718 
-4.275912290643  -7.578068854167 
 8.445959515313  -2.389407427212 
 7.877482834147   3.967920458000 
-5.951878111257   6.630162648941 
-8.391488786450  -3.188412551578 
 7.528126683633  -4.947829389502 
-7.489822037202  -5.050862987755 
 0.774821557583   9.042065965148 
 7.294755400256   5.558512179078 
-2.357420214657   8.883342105091 
-0.746371263957   9.160683691875 
-3.893181028132   8.403106513853 
 4.327896937151  -8.198636655953 
-8.875584694820   2.950075821263 
-7.928537456782   4.967279022232 
 9.067752885181   2.897747250802 
-9.499091105348  -1.035458686102 
-1.535993381994  -9.432282464068 
 1.914088546478  -9.417045089922 
 6.547650278131   7.062417751584 
 4.820559025364   8.931059926298 
 10.247093091256  0.678030154943 
 3.347992895599   9.774925169061 
-7.708918537570   6.921530599015 
-9.180427645589  -4.851738183928 
 1.781031236298   10.259315520062
 6.810529452212  -7.917076242176 
-3.672577973995  -9.782677244069 
-6.936636526377  -7.817741947016 
-6.675993092119   8.050942104574 
 10.091853263752 -2.756348740447 
 9.184302781229  -5.072754632862 
-5.397502984382  -9.003157954282 
 9.511164284259   4.457848435532 
-10.409050658188  1.532576650887 
 8.011856423277  -6.840411837464 
-0.368620809737  -10.565067849643
-8.193384801311  -6.725997440339 
 3.957269575474  -9.876790891256 
-1.966718590847   10.462089057306
-10.467474982652 -2.336927309965 
 0.155230050760   10.765929246597
 5.782716044153  -9.182130335762 
 10.813439816200 -1.277462963766 
 8.360216390675   7.288604396699 
-11.092344075641 -0.737277762100 
 10.893065906960  2.878326454185 
-10.603743475859 -3.891304911710 
 7.219093098818   8.711727505784 
-10.328488913807  4.627919859865 
-1.955401158010  -11.253636560790
-5.168713645113   10.205666364553
 9.772202873607   5.952290395822 
-3.834122690995   11.013068605532
 10.682842558416 -4.790744278450 
-5.114478762622  -10.610031364128
 5.840844774095   10.252388082431
-9.892030916461  -6.475788273662 
 11.823477512568  0.472959994961 
-6.678799970515  -9.881259588329 
 0.785690687119  -11.952491794854
-9.937173760951   6.739627355776 
 4.590794170936   11.102956802262
 2.524693888446   11.804650335326
-8.086845090420   8.972889132821 
 9.544825127516  -7.436370345154 
 11.640641044251 -3.350639357990 
-8.067874030579  -9.062970876801 
-12.061020899281 -2.125869913260 
 2.368315181824  -12.066199270714
 12.228352206100 -1.835294343211 
-9.418431626752   8.196736362190 
-12.497074007880  0.415461390954 
-12.124275661733  3.157087972804 
 8.934349467627   8.810077420099 
 11.808796972278  4.275253061784 
 8.960106983786  -8.964566777904 
-1.272772312277  -12.621878208162
-11.737742793076 -4.975648982058 
 11.272242129952  6.100909046048 
 4.173968005045  -12.128517406504
 12.604727393650  2.580770280729 
-11.756303390070  5.354525541715 
-7.627137035673   10.435399886746
 1.341219191697   12.905655016148
-4.362115703566  -12.285858783943
 5.666346737081  -11.749618672418
-1.842422358695   12.932886297679
-0.359680440969   13.238349020469
-2.851889513814  -12.962714310360
-11.458150304540 -6.718933572865 
 11.766757656925 -6.233104062861 
 8.356302328574  -10.377569525765
 12.506562550402 -4.618387181103 
-13.204755052873  1.979890121448 
 0.249864715705  -13.388661519863
 7.168556406455  -11.310959797364
-4.227087673211   12.718143959365
-7.795330958797  -11.017409907798
 4.621693338774   12.767902367458
-10.160788199560 -9.094555519285 
 7.561424299441   11.381218114480
-6.230546016217   12.175905414609
 6.254019166712   12.233919169735
-6.641631983183  -12.052683648783
 2.329740895860  -13.586876677628
-11.898505301705  7.135350878000 
 10.812221926391  8.706076650210 
-13.750206439692 -1.962696999230 
-11.004184555283  8.596005818613 
 11.207257514621 -8.430248402093 
 14.146395514404  0.359768278451 
-9.180644699885   10.809718888526
-9.335077243170  -10.738886471411
 13.850201577705 -3.405105966857 
-13.314722912193  5.268794393385 
-1.876027667752  -14.280332894801
-14.433052594547 -0.006966193927 
 13.839008214444  4.233300201201 
 10.493192749159 -9.979857461857 
-5.710401647158  -13.316425782326
 4.243589720993  -13.860920924277
-2.616515483552   14.316435760621
-13.931967496139 -4.254308812516 
 1.853132003591   14.457039338715
-13.114125168839 -6.374957191914 
-12.034388204758 -8.294834070603 
-14.177985266978  3.571400957270 
 14.367600623539  2.775408752111 
 3.819168836733   14.150100785030
 9.339921275179   11.327387002633
 12.620928960073 -7.681881130400 
-3.648088886310  -14.335005361729
 0.873737900671  -14.771106798480
 14.769514862602 -1.030120731432 
 12.400391491805  8.177637412473 
-5.936247007258   13.662846318530
 0.330374174806   14.905778581325
 9.035024054305  -11.997714538036
 13.811805560840 -5.938104782045 
-7.448533889204   13.126887235259
-11.580854193615 -9.769501162459 
-14.895353898419 -3.042923546094 
-9.018030379214  -12.262137882209
 5.767278732524   14.146244300786
 13.742243913599  6.709337751733 
 10.978644567514  10.658615324362
-15.314250526144  1.319171586717 
-7.812309878445  -13.248974129418
-0.854757592083  -15.412745579247
-12.925662739843  8.516598261140 
 15.316759069259 -2.851531243113 
 6.850532800727  -14.059862838122
-14.021770957325  6.935617851269 
 7.971368935500   13.544174785831
-10.700161226861  11.557857628451
-9.506753411478   12.706526304790
 10.607133010388 -11.820961528580
 2.763469324532  -15.674993658853
-5.359516213168   15.102868442758
-0.666617215457   16.034162219485
-12.172444561883  10.474196758147
 12.043676319438 -10.652843849047
-14.358666849406 -7.348743372711 
 8.575809819580  -13.675118542604
 15.343914974623  5.076889086273 
 12.759501703741  9.966127855635 
-6.542698212939  -14.812155515426
-11.618073138934 -11.326376631006
-3.425667021634  -15.864721290577
-15.363642157544  5.415246207500 
 13.906806691878 -8.570372972770 
-10.598797689584 -12.431866717034
-15.222206556796 -5.993359057339 
 13.950747293069  8.610509101238 
 5.474272381060  -15.474136026124
-5.175494500293  -15.677150357065
 15.248708836846 -6.401981908452 
 16.492676362937  1.318133844463 
-16.442949718648 -2.211591772254 
 9.481487363988   13.632917801116
-16.607462110019 -0.246880249801 
 5.663885828288   15.649723089505
 16.584369589644 -1.520284176195 
 0.513245539570  -16.654310800762
 3.468854708092   16.359433886184
 16.101222739678 -4.669362564300 
-16.110132252096 -4.644438068333 
