-0.115613140609   0.385561675992 
 0.920424376120  -1.112400871687 
-1.764304271746   1.235606192076 
 1.864991167251   1.119931112042 
-0.611667855052  -2.308763427826 
-2.742250548289   0.072938145393 
-2.241488334927  -1.754470905209 
 0.642737658069   2.876918234701 
-0.877377887927   2.829590192567 
 2.941580318429  -0.448708484221 
 0.735584867300  -3.014509561472 
 3.381484442491   1.208627592360 
 2.498647543084  -2.645228158069 
-2.628244322364   2.533348760148 
-3.756553228869  -1.166728987260 
-2.094819208446  -3.333306451648 
 2.297481099773   3.588108986636 
 4.592975348416   0.181211880635 
 0.450363729852  -4.581915798561 
-0.630839776535   4.690984868307 
 1.137747556563   4.608725320469 
 4.555398673833  -1.374980791091 
 3.946531016183   2.687661953729 
-2.514018087107   4.171159548471 
-3.894241114370  -3.297803627286 
-5.140073411120   1.146592442224 
 4.390080183348  -3.088089525999 
-3.991852040618   3.615348833298 
-5.650889431703  -0.394623462805 
 5.506316747219   1.520668579094 
-5.415121331358  -1.916655099435 
 1.808566792260  -5.560514103319 
-0.698954631644  -5.976084969760 
 6.130092561408  -0.887089885166 
 3.800296146599  -5.030403964049 
-2.759946737391  -5.702659020612 
 3.337892015913   5.430939061788 
-2.169328989038   6.128805358242 
 0.774975899419   6.569966388294 
-6.326707971527   2.082277986694 
-5.684930848238   3.487286282636 
 6.250120521077  -2.455291833505 
-5.640302866415  -3.701843301459 
-4.130322475906   5.438766812564 
 5.082311670606   4.788774374263 
-6.846328749364  -2.689418165715 
-7.429965237582   0.550309461512 
 7.344426387907   1.370685723756 
-0.359760507533  -7.470521292997 
 6.734584115456   3.270009886278 
 5.441371527525  -5.309379123072 
-4.993326222654  -5.761035196349 
 7.531546835825  -1.518626084085 
 2.150046601346  -7.507421935353 
 3.044173603503   7.194368591060 
-0.018628402134   8.063368253738 
-1.788904345997   7.901264623705 
-6.471027781108   4.891817079636 
-8.131712357337  -0.919276941913 
-2.062553597971  -7.983196708661 
 8.274120609894  -0.063889150745 
-5.050466086053   6.637620363398 
-6.816909947080  -4.816205628858 
 6.663031079753   5.046224565130 
 5.215172023553   6.628137429440 
 0.800846438890  -8.422188270544 
-3.366931575050   7.774338468202 
 3.815097686749  -7.695854659879 
 2.009404106633   8.355199103554 
-3.965428939151  -7.647027992692 
 8.188423892526  -2.879014527241 
 7.138763152667  -5.302282711656 
-8.698921563405   2.134211831540 
 8.902008130232   1.757770150964 
-8.203508993375  -4.161862074205 
-6.199295318853  -6.856158014611 
 8.441746802587   4.021364103743 
-9.395031903614   0.701239005450 
-0.377167820368  -9.439823169557 
-9.405508866283  -1.837855780485 
-8.708007188883   4.182865540096 
-8.013125992913   5.573985607576 
 9.782333602125  -0.061639177524 
 6.656229647224  -7.200728273347 
-1.862788138008  -9.659604986498 
 7.818030307967   6.067865708153 
 2.365141292524  -9.623653580661 
 4.541209988996   8.859428716715 
 6.259892733015   7.752457844310 
-1.303363277696   9.958918797099 
 3.080730380008   9.588643951395 
 9.876471897506  -1.976642642834 
 4.726422490891  -9.071019215202 
-4.365888055071   9.322480402424 
-6.682012348324   7.858582120108 
 1.009785285138   10.285220176758
-9.691520857695  -3.833518167511 
-8.009363818904  -6.809118456787 
-3.582608071771  -9.897858054316 
 8.883519007140  -5.781746842070 
 10.468682101039  1.674481486194 
-6.232597597721  -8.687320182503 
-9.160001031280  -5.653499820182 
-2.831567699602   10.385566085304
 0.999159029324  -10.804316614063
-10.961634669575 -0.773919861916 
 10.143680652855  4.345741592517 
-10.223713896239  4.189221079886 
-10.963511585359  1.386487610334 
-10.761013046522 -2.737345903933 
-8.565130630811   7.113002352750 
 11.100592178713 -0.985520498336 
 8.098736727892   7.659861225441 
 10.180010438828 -4.667202095972 
-9.514419267996   5.950851318956 
 8.311784318128  -7.620117255961 
 9.576063894395   6.058533523893 
-7.848832056270  -8.409924498581 
 6.263750417537  -9.701741410777 
-0.755134824089   11.529030344784
 7.542238137258  -8.913586664816 
-0.311950231900  -11.722481257328
-7.355300847396   9.211390195141 
 4.052812299938   11.129777574630
 3.762938509286  -11.247498204651
 0.928783737772   11.831850141266
 6.200115108366   10.156795788183
-1.881819693079  -11.821537051776
 2.243837168647  -11.787147398399
-6.489074850896  -10.171230655096
-5.340632501217   10.837152492135
-9.407659042441  -7.599430073825 
-11.636858998797  3.661437210732 
-2.990704939535   11.887604299698
-11.314415802116 -4.821723118855 
 12.312986000738  0.236807061653 
 12.217940756218  1.845521233455 
 11.823539319797  3.688167579095 
-11.033517198903  5.646365114514 
 2.813984541313   12.217677304972
 10.031807487644  7.584249153102 
-3.458776048818  -12.157501289891
-5.370151912644  -11.450125134883
-12.557881519374 -1.567007876802 
 12.332629001810 -2.910856212923 
 8.996868925730   9.026969414332 
 10.625810950665 -7.046406723529 
 1.051549457125  -12.731608752994
 7.839312341192   10.256764777918
-1.456896634956   12.864822227333
 6.031640698093  -11.488381688498
-10.802520994068  7.188965700734 
-8.842266891974  -9.552635205966 
 9.495969180486  -9.058313083244 
 12.245224560551 -4.764712752980 
 7.905589966721  -10.504383464693
-4.411956251111   12.584409427991
-10.930993068960 -7.665897708001 
-13.387241453700  0.429629211290 
 4.623782614722   12.580189896673
-1.206020838032  -13.441163018877
 3.305345258256  -13.097135886575
 0.791964806228   13.501700270008
 11.880067471914  6.562119324725 
-7.344786836268   11.418806973197
-12.986876543739 -4.268601373903 
-13.415994435000  2.754839401373 
-9.758585128827   9.618009993712 
 13.462169781297  2.699474598076 
-2.972874101762   13.421076195772
 13.712321015222 -1.354612748362 
-5.094923481348  -12.938394720796
 13.905152680947  0.434927627781 
 12.941042753860  5.375704714691 
-12.250994030229 -6.865757140378 
-7.627203606161  -11.911965845616
-14.108491968364 -1.099614390231 
 0.367306480766  -14.155237312398
 9.320590953880   10.672581405322
-2.752918276153  -13.905239489780
 13.843264084524 -3.118941154046 
-13.206926600168  5.214661401690 
 11.656441521170  8.128800164738 
-11.365307968702  8.581057852749 
 7.116868488828   12.452723799745
 11.482414145072 -8.620828075166 
-10.835940931982 -9.463632733619 
 12.549678833081 -7.048577611939 
 2.985699097153   14.086632443184
-1.128153330854   14.497207892061
-6.247594494430   13.155049148652
 5.296514851713  -13.616300063119
 1.836026289135  -14.578483449108
 8.588908661209  -12.061569069378
 10.847678698501  10.168359707108
 13.729378783450 -5.931515808992 
-9.192436124664   11.840223320396
-13.280534915612  6.972972309915 
-14.838860968349  2.238920061057 
-14.763681163076 -2.789639242879 
 3.354711254903  -14.647529272029
-10.114765458757 -11.157399366961
 7.336151554734  -13.246706396866
-3.423040578523   14.852024021222
-13.995978774648 -6.214239939603 
-6.665255324540  -13.833523297749
 9.019024042569   12.444957079688
-4.352604178869  -14.782566325177
 13.457373240383  7.521863346562 
 11.002334573302 -10.855554407112
 15.467908011710 -1.616465631988 
 0.005410155253   15.554754846915
-15.622897484696 -0.431249005769 
-12.558999519922 -9.369262811686 
 12.653633653167  9.261837726455 
 5.435245815938   14.720813491692
 15.693766557290  0.220074633576 
 15.086778134291  4.391995790235 
-2.114745100593  -15.625359080758
-14.993784146014  4.924877360954 
 4.804430179698  -15.041631219940
 13.310957111794 -8.505552889250 
-5.340543560600   14.877307853158
-8.563568870255   13.322943854402
 14.550972890783  6.272681607721 
 12.425706756834 -9.833653098898 
 15.743439418091  1.841207650085 
-13.799746936866 -7.816170388767 
-8.845599036380  -13.226387819032
 10.258777455301 -12.165602813785
 8.013813745569   13.862107550994
 15.321797107988 -4.654514845558 
-0.559473767406  -16.045063151353
-13.059123008697  9.340832602777 
 1.666061556729   15.975916459812
-11.955796972410 -10.919003209377
-12.135966275606  10.728131447745
-15.300145759041 -5.357988540003 
 9.051041930883  -13.500675644854
-10.823155352801  12.140312847781
-2.448508244958   16.089472166527
 1.297525190927  -16.315575877374
-16.352805838046  1.610822422071 
-14.759253172341  7.272170307941 
 16.192427920336 -3.389943590825 
 2.798563640352  -16.345711961579
-10.625070729421 -12.942064671310
 4.633026659585   16.142117758794
-7.011082122005  -15.305463870895
-16.472978479689  3.657337064306 
-4.962145197411  -16.183716730974
 3.193082576270   16.659138462590
 14.821817159956 -8.254868066613 
-15.493383649977 -6.996305356368 
-7.350667203414   15.351862439014
 11.305964261821  12.790217688761
