-0.882681246403   0.496357705763 
 1.211144468061  -0.097256731246 
-0.435105889216  -1.263596922989 
 0.384769519715   1.384199174217 
-2.056577329689  -0.464675535615 
 0.847785310303  -2.497678053086 
 2.507527482946  -0.856532476104 
-0.089709493576   2.838097672241 
-2.040760791638   2.065380213959 
-0.970662962708  -2.914285756187 
-2.315806872254  -2.023356181172 
 1.771549032078   2.678172630396 
 3.312596415024   1.693841111264 
-3.828994931666  -0.473677701695 
 2.935004493218  -2.596428307925 
-3.740834235756   1.204754911307 
 3.978725969588   0.227577905287 
 1.237518268596   4.145655698537 
-3.988876198363  -2.084862703384 
-1.941422910147   4.101249229235 
 3.104132068599   3.428207385048 
 2.055350936483  -4.234912321939 
-1.199088190943  -4.665545159657 
 0.474595816367  -4.815771088221 
-0.135432917627   4.965322319304 
-2.829636303531  -4.529107503523 
 5.148897242744  -1.875633368099 
-5.492961367729  -0.701872930773 
-4.506059901696  -3.602509864329 
-4.372364087701   3.929203161866 
-5.846530679975   0.836472642476 
 5.682672892726   1.635434094039 
 5.933361131722   0.117282692903 
-3.264433105519   4.983152387632 
 4.622914339944  -3.824905341734 
 2.102469335772   5.640268102699 
-1.919353435908   5.763166216507 
-5.800722568049   2.388276870991 
 3.735547514640  -5.069114710476 
-5.837849451320  -2.624217019776 
 5.385003857287   3.515369213225 
-2.012271033678  -6.145076962806 
 0.112218468904   6.479746566921 
 4.068496615379   5.383491777209 
-0.589844505282  -6.772377054191 
 2.391317513046  -6.529543104490 
-4.654040781258  -5.342880014269 
 7.030925571514  -0.919615148283 
-7.312845614272  -0.100665751371 
-5.136566883606   5.281165050676 
-1.251837961452   7.348138357631 
 6.193761222491  -4.198260941184 
 5.206682791780  -5.511961147899 
 7.013125523062   2.900186109929 
 3.118739876589   6.955891436296 
-7.328098484363  -2.254773626968 
 7.203245378644  -2.871077459113 
-3.627032493542   6.929121436276 
-6.662392683899   4.221642917779 
-7.689851412537   2.362241601220 
-1.496100454053  -8.024191775853 
-6.238987532610  -5.284233458484 
 8.011513875966   1.726828825933 
 0.254648807803  -8.194547384716 
 5.931686495698   5.715805437426 
 4.735992619817   6.819899111137 
-4.175488898298  -7.262958508539 
 0.559502364160   8.400503819579 
 4.533568276073  -7.120700416351 
-5.170117943015   6.899733578770 
 2.235377367368   8.425311285497 
 6.825243025180  -5.603315866402 
 3.299733127025  -8.218022993208 
 8.828536901841  -1.011635123907 
-8.989402530539  -0.118077883928 
-0.903203113621   9.030084492308 
-5.858450450760  -6.950235487456 
-8.437723716237  -3.626222512206 
 8.189498892130   4.168993743341 
-2.439900975225   8.982831087061 
-7.060426443744   6.257758822608 
-3.285407709455  -8.914991550705 
 8.569538000638  -4.148013420386 
-8.071007214807   5.136075244174 
-9.222281813252   2.720519481857 
 0.643526426273  -9.658586575051 
 4.957586066332   8.391385425369 
-4.752311789726   8.563918475242 
-7.384815285866  -6.453880299616 
-9.786768965176  -2.009117723494 
 5.919996798242  -8.174345030900 
 9.627359164406  -3.069285342203 
 7.823978718434   6.438929166733 
-6.318784272025   7.944933636759 
-9.362315715518   4.244962602041 
 2.242842339143   10.051064954118
 3.914657976020   9.561494185307 
 6.745877740273   7.841853492781 
 10.380645258074  0.351242189168 
-9.108334847277  -5.153144343490 
-1.033856290036  -10.418085077914
-10.489366787131  1.149107527892 
 9.073761973954   5.460386554929 
 10.347651983617  2.394410326136 
 8.453063394976  -6.445236865821 
 3.780194811871  -9.964755271184 
-0.865532145934   10.632316827328
 2.008679056939  -10.481302536282
-5.681266260372  -9.153090441500 
-10.252229710270 -3.436702816539 
-7.037595389515  -8.263525334492 
 9.738558671454  -5.370418220372 
-8.888682129007  -6.710790844448 
-10.882211697474  2.638880790856 
 5.471630235469  -9.806013770966 
 6.370913387423   9.330833155826 
 11.080091526227 -2.229770251649 
 0.839453263123   11.291741930809
-5.684680001452   9.976242182608 
-8.978489991957   7.303515047065 
-3.708558256670  -11.031915331202
 10.548060801566  4.957933928043 
-0.105677293213  -11.675206988080
 8.356553813621  -8.222514302095 
-3.589256945405   11.187432921928
 5.322613099827   10.475508802877
 11.751508560437 -0.592869456326 
 3.829015285608   11.167753054059
-11.804833418757 -0.204736806761 
-8.116629899872   8.620551005240 
 7.294608866475  -9.409908745698 
-11.793822493636 -1.736155120273 
-10.494495709058  5.831512475949 
 9.429667976306   7.530141569098 
-11.310475790483  4.355323607109 
-11.230934151709 -4.982126090181 
-12.229456754540  1.824485959889 
-5.367984182744  -11.229254662905
-9.186750987132  -8.420601634604 
-7.375722669680   10.153070262754
 12.548208755007  1.099595589456 
-7.383334722073  -10.217817302873
 8.320624559962   9.478080262498 
 10.836863760715  6.517786123824 
 2.799136835538   12.342903540279
 9.943554616186  -7.878042491123 
 4.104482148694  -12.024812758233
 6.789943382722   10.861189366026
 12.284493766037 -3.758092547440 
-2.763230630337  -12.562436357595
 11.494367841862 -5.797124680103 
 12.531380682378  3.021022503164 
-10.808275958155 -7.177087259331 
 12.121996126023  4.747331489269 
 12.973951665482 -1.588241630722 
-1.807881343710   13.005841298072
-0.946934583575  -13.179828900257
 2.661919130281  -12.945272918168
 9.212129892474  -9.617342145689 
-12.788524644319  3.844172143977 
 0.571867975422  -13.369347174959
-0.270816977924   13.378924734041
-10.461682567846  8.470232614837 
-3.977661580901   12.968556139892
 4.712798859709   12.732932503217
-6.772923520965  -11.812713322344
-4.467163342806  -12.916062832062
-13.226183599879 -3.625971456012 
 10.606487217194  8.706530054148 
-5.685946883487   12.489280805042
 6.771220561973  -12.074718748049
 6.327084193892   12.331827560545
-12.831204708395 -5.288672698649 
-13.777180264287 -1.761006526386 
 2.133446352475   13.756642942754
-13.711553519566  2.573658514222 
-13.927535555237  0.909337774135 
-9.918718778538  -9.867318640644 
 8.193137480399  -11.354845120115
-11.918496854321  7.380937297610 
 13.950258508341  1.690732410447 
-8.415712154320   11.333837048557
 14.208220895841 -0.200583194803 
-12.997957625167  5.784243505443 
 11.232377159533 -8.734167269795 
 8.533587503278   11.389898128498
 12.162778915570  7.654349379330 
 12.791384124930 -6.575294918833 
 13.902636035252  3.743591369068 
-9.874979160093   10.494833851916
-2.919077951171  -14.173845914445
-1.409738127417   14.468026901932
 10.276742934645  10.296205750727
 14.384173334548 -2.212733065525 
 4.388011596274  -13.891267275864
 14.015488825746 -3.973645522610 
-8.519588042968  -11.887574848509
-12.124855459896 -8.264861421986 
-13.038138111008 -6.818502033617 
-6.065771523520  -13.499903130000
-7.348835186016   12.849272700107
-14.369295816176  4.088626302873 
-14.691505192796 -2.999877335312 
-12.018141214593  9.044316582182 
-2.938660008996   14.926297634318
 0.483288501122  -15.319789497407
 12.868792345801 -8.384524170032 
 3.354254555848   15.014555992222
-15.281538729528  1.964365242770 
 8.376575884839   12.972716511711
 6.757679279049  -13.907756283939
 14.151782190700  6.289709229289 
-15.516017839099  0.342224000433 
-11.881707688219 -9.988432223391 
-11.454963140178  10.507810442269
 2.778850538557  -15.297312816898
 8.423792196553  -13.098095160283
 6.988463967599   13.923095479788
 10.413000622492 -11.597323887829
-1.307212206940  -15.545901433241
 15.537145123830  1.848069583250 
 12.700265152306  9.221390447792 
-10.766906311453 -11.428919266414
-5.845528519594   14.625991370427
-14.621899025517 -5.899092804561 
-15.741659504489 -1.511396442215 
-5.182001691532  -14.945270860953
 0.422664217360   15.819071308485
 14.867638171905 -5.488087693130 
 15.471537602256  3.570146248227 
-9.603332447861   12.660181484479
-13.644041431432  8.157893777453 
 10.413401725259  12.136055259268
-9.729069612136  -12.778348400575
-8.071402409179  -13.915899998296
 15.611424585269 -3.908873113016 
 5.074506330994   15.296861435132
-15.507896586615 -4.453892281294 
 14.109245968314  7.888101670203 
-13.684512440594 -8.621575720268 
-1.835622599519   16.082393870683
-15.482457753554  5.222461787701 
 16.364703069248 -0.329433309969 
 11.777287189027  11.389598288320
-6.885215060518  -14.876468716788
 12.405629218571 -10.833751179501
-8.596490184526   14.067423501782
 16.399089522328 -2.015436429243 
 10.067709468184 -13.144022914986
 6.483500843454  -15.502387520497
 15.851211240247  5.690014209873 
-12.279056818158 -11.558024925188
-16.624747006771  2.872038693390 
-2.874088052934  -16.630320072802
 9.971143332959   13.643222723135
-3.420221867393   16.563340767829
