-0.055440947937   0.925943659873 
-0.864688933087  -0.925161194192 
 1.725775044994  -0.798793613146 
 2.476427958027   0.522337048092 
 0.595696058056   2.468752508998 
-0.559678579433  -2.632630949186 
-2.336251524763   1.336970674600 
 2.201181295285   2.133529196499 
-1.142673987577   3.093471614623 
 2.095196778581  -2.729595527416 
-3.120158535712  -1.797633384966 
-3.734828232732  -0.006803028608 
 3.423555951985  -1.898597816411 
 4.072203859789   0.456746547559 
 0.533573867022   4.216148029877 
-0.398312864787  -4.262559282419 
 2.242606043633   3.819507959889 
-2.936661275083  -3.788064405194 
-1.549768025886   4.550068461766 
-3.241927463014   3.632444168115 
-4.565084128894   2.054287734533 
 2.577139532260  -4.367611083943 
 3.892276378837   3.292087808463 
 4.942708140018  -1.383817214263 
 4.142914158952  -3.429228171427 
-4.557197174807  -3.291584997032 
-5.663546952055   0.456035538973 
 0.929419352801   5.850454623733 
 2.935621201292   5.196868899013 
 1.877050122414  -5.774836339773 
-0.734316312897   6.080065520466 
 6.030631092590   1.274334002597 
-5.982056818850  -1.681136167289 
 5.533329188279   2.898856056708 
-4.279355503088  -4.908454950399 
-6.156762081364   2.164369656648 
-2.587249109423   6.035347526715 
-0.584110819318  -6.615581544797 
 6.239636494405  -2.286529919641 
 6.633755044436  -0.780696323893 
-2.497840053158  -6.198952700874 
-4.835563852215   4.944321705646 
 4.917710163228  -4.884809732072 
-6.089029162244   3.709553470212 
 3.409744194728  -6.288048576799 
 0.199869768592   7.345991050794 
 2.863756158534   6.837354768364 
-7.496235789563  -0.494950107409 
-4.019932676291  -6.396201585657 
-6.577900457613  -3.774856633204 
-1.553986954817   7.583719931173 
 1.553097528158  -7.649864885652 
-7.689246612042   1.574596355616 
 7.858352543305   0.245580364307 
 6.569695025463   4.344237170119 
-1.565184178981  -7.882805815271 
 5.461943380917   5.914649836150 
 1.715433845860   7.910707857015 
-5.688395663370  -5.910527815781 
-7.952762036149  -2.183314447454 
 7.216789254484  -4.034445942491 
 7.799589371371   3.273788130342 
 8.204944463451  -2.133734543375 
-4.745172994769   7.144891735566 
 4.391934545535   7.414913702811 
-7.665104542129   4.167295579523 
 5.755651620857  -6.695610757800 
-0.370841465692  -8.830419204986 
-6.661923813204   5.867181998694 
 0.240064427775   8.891176520323 
-3.107126404753  -8.335309980710 
 6.872510463489  -5.658806433567 
 8.888129364503   2.154635314480 
-9.112184464146  -0.899797581052 
-4.791524065379  -7.836689689438 
 3.266416228941  -8.674991105659 
-3.835850781595   8.465305963764 
-9.058027976019   2.649300436082 
-2.039060500806  -9.434236912821 
-6.235533419554   7.387876692009 
-8.398475067033  -4.799822813239 
-9.632185827286   1.067049325168 
 9.034942238681  -3.521161566420 
-6.478321853937  -7.264706179423 
 6.652258615357   7.185835823913 
 8.488652384733  -5.000505524603 
 3.166797273317   9.370513120263 
-2.048306792447   9.743648694356 
 9.211819871207   3.899287959863 
 8.023368252147   6.015665703919 
 1.804707561621  -9.889553531282 
 10.092673203338  0.111833582860 
 1.693538193804   10.152724340990
-9.347506287327   4.336602650462 
 5.471267050958  -8.750027093208 
 7.509125227050  -7.080438064972 
-4.383279610893  -9.455380898629 
-9.904980582591  -3.525388352925 
-0.317346615412   10.580345453119
-8.873232909092   5.900065006291 
-6.179339895625  -8.770346079448 
 10.623519357482 -1.657190034095 
 10.535776061338  2.413221440826 
-10.922829310528 -0.281385460815 
 5.178760651576   9.627344088714 
-7.905826608999   7.652090138046 
-10.546685394018  3.137086254521 
-3.320195696353  -10.514069114948
-6.219472614436   9.115787169210 
 6.727285680019   8.781436224764 
 9.757160540636   5.298603922865 
-8.793024560325  -6.783840400393 
-3.836753377316   10.539848509503
-0.610888737068  -11.335878571442
 8.168779175644   8.035518173510 
-7.666230247158  -8.524862037969 
 3.430169937218   10.966020576069
 5.244386802693  -10.264187087889
-11.258029409979 -2.534850724398 
 3.257344288409  -11.106955426372
-11.464345193849  1.859075212550 
-2.109641550999  -11.459992732716
 11.129282101257 -3.616790274339 
 11.717575655209 -0.085626165148 
-10.859722853263 -4.731500598248 
 6.755595944231  -9.779477258414 
 9.476610941361   7.293900649255 
-5.475331744878   10.741405046260
 11.427193599081  4.169968395430 
 11.062591784910 -5.274043545656 
 8.519828391012  -8.861455068578 
-11.543350303559  4.321568906630 
-7.642203800928   9.672672719432 
 1.448087904849  -12.245639485891
-3.249858447049   11.974189482356
 12.187490758515  2.531482446304 
 10.129157587546 -7.340973840408 
 4.915458716163   11.509318182681
-9.814550036503   7.878232222543 
-0.188491311809   12.591119318163
-9.866734335733  -7.870731465675 
 7.018735790572   10.490365829378
-10.855814392601  6.506951510178 
 1.378061590137   12.609434337802
-1.698965608195   12.670101071492
-3.392823847859  -12.328382847777
 8.485328486972   9.583097596772 
-7.076427114189  -10.704160399147
-12.269738870727 -3.945495742218 
-12.851899173732  1.025529073663 
-0.961196334894  -12.864584225535
-11.143142172334 -6.559609909352 
 3.100955577635   12.575412854301
 12.914363267867  1.015415829502 
 5.438343051221  -11.813981315615
 11.250512225514  6.538582221718 
-5.842571147853  -11.767520380633
-8.550050626254  -10.137388096150
 13.027063515268 -2.700351498834 
-13.333047919154 -0.486622585956 
 3.330555194610  -12.981106124315
 10.207783288561  8.701334065587 
-13.122844648314  2.818025076364 
-9.293530743502   9.698979860537 
-7.309942862702   11.469305613970
 13.567556425832 -0.984417206125 
 12.671087989575  5.086328723286 
 13.264639561579  3.706869846422 
 4.699995344091   13.009533852610
 13.128823936483 -4.458495949328 
 8.574656758760  -10.909670515570
 6.682613628500   12.231763298026
 7.359609104476  -11.853817253495
 1.288280594162  -13.914082239357
 11.010203031530 -8.671406193362 
-3.969199925018   13.455078602920
 11.992321444494 -7.486484035217 
-11.013838996992  8.871321977410 
 10.143978607582 -9.923176738272 
-12.988811969573  5.790465130830 
-4.221709135273  -13.624421992757
-8.086627811844  -11.878309137804
-14.199909932089 -2.208542510506 
 14.385650536173  0.283810351095 
-12.516808771801 -7.242738919101 
-2.283767174336   14.281268712337
 5.089117435938  -13.542929684056
 9.304180499300   11.159408308782
 0.188841333794   14.532379189633
-11.194722210227 -9.372782471285 
 14.463441403084  2.062170352687 
-14.509754272495  1.726785313854 
-12.357678016701  7.843138852827 
 12.093435395787  8.343116321860 
-5.915574864573   13.482934333771
-14.228899844116  3.899928515268 
-2.271055953958  -14.586826882496
-5.786640750766  -13.597111321991
 14.541308887028 -2.929061618930 
-14.214631045264 -4.319024856604 
 11.253487490918  9.873212611177 
-0.383728144538  -15.000115470329
-8.617172609774   12.293932415835
-9.916874812382  -11.277815201106
 1.638528371162   15.025632928356
-13.941701933972 -5.940167886967 
 8.027043667514   12.919728341760
 6.668480586941  -13.675583081187
 13.714097053794  6.601862614143 
 2.872379106891  -14.986688509475
 14.782415359391  3.912234351114 
-10.468808235543  11.326908743088
 14.075059053862 -6.400326580267 
-3.613345899133   15.060150881842
 4.183860633435   14.947997691085
 12.729558079054 -8.974729229290 
 11.525372216100 -10.568827975841
-15.700886994462 -0.612718482902 
-12.695264971578  9.337664511496 
-15.400299944874 -3.392117592003 
 1.355749890566  -15.738776817191
 15.793162479358  0.970124784736 
-1.023061712963   15.826046980071
 15.850096572664 -0.880886542974 
 14.923317032317  5.518784387936 
 13.682380441185  8.206631810541 
-11.885445479038  10.650736722613
-5.381795039169  -15.079687131326
 10.141602616697  12.439962754374
-11.792846835529 -10.977066382380
 8.370194160720  -13.766220762200
-15.150044426968  5.526936836364 
 9.824014682152  -12.806572519443
-14.373336587605  7.344088237178 
 5.784676692480  -15.092318711352
 15.677495547559 -4.063545048845 
-7.992651704113  -14.101114553868
-13.854929599205 -8.425976585236 
 16.024637343915 -2.557577074098 
-8.615771842434   13.823429866762
 11.413918983126  11.625124740567
 4.135955604007  -15.802013617190
 6.131555042924   15.152636190754
-15.617371159538 -5.110164679539 
-16.317101130509 -2.132080220043 
-9.879762262139  -13.226083271376
-10.355597378009  12.933998882441
-7.309599710923   14.870644278859
-2.118045645152  -16.507126528086
-3.990811583177  -16.204296691523
-4.875435876936   15.970841338777
 7.891469653900   14.723573881488
 13.052436211949 -10.487856079810
 15.179986328132  7.074153360056 
-16.612859444374  2.194761215046 
 16.601942385227  2.282533089358 
