 0.051298390544   0.416352774246 
-0.643486022246  -1.274417820335 
 1.744543647174   0.615879697393 
-0.445727990399   2.070681509822 
-2.160136541438   0.450840605402 
 2.253227472050  -1.107898397592 
 0.068435339115  -2.654876170372 
-1.479127488061  -2.546038291885 
 1.162799731890   3.038838882639 
-3.052295462148  -1.314540012262 
 2.340293792942  -2.665971715493 
 3.964631500412   0.477418410315 
-3.070511928692   2.618789308094 
-0.676154343005  -4.058985799776 
-0.202608862738   4.235552025853 
 3.375658952650   2.917901514216 
 0.902816005931  -4.416781143247 
-2.132329031987   3.986167104548 
-4.533654725321   1.413079372675 
-4.643056583265  -1.055893793003 
 4.877476703228  -0.831545101405 
 2.366363620034   4.378442572177 
 4.663420499761   1.931546877920 
 3.347921664199  -4.000497233043 
 4.848878950582  -2.332854751220 
 5.476660081007   0.558119125438 
-3.986117846851  -3.872979757974 
-3.781624482709   4.108992438088 
 2.180756120453  -5.259662244136 
-5.110412905328  -2.541834947392 
-2.507214111542  -5.284444319967 
-0.073051814445   5.867834525051 
-5.891611671254   0.165802043293 
-0.019437879123  -5.896608398056 
-2.888003756064   5.383817380279 
 5.127991355391   3.370857902590 
-5.495106308485   3.194042133584 
-6.307281308349  -1.332483035876 
 4.360596394079   4.783310824613 
 2.190742692279   6.247303913070 
 6.637763988847  -0.883740029037 
 5.645325096816  -3.808535839920 
 3.762288611797  -5.717607296972 
-6.744717845993   1.746569477941 
-1.783874493946   6.743760736330 
-4.745093932926   5.281228415038 
 6.713366866218   2.331296825284 
 7.062384624984   0.810061275674 
-1.163771841078  -7.195809308717 
-4.052721199619  -6.214916963539 
 1.163397080520   7.340875707174 
 0.511029611221  -7.415380657457 
-6.805768441922  -3.306144432245 
-7.573835721969   0.245413740796 
-0.507992120368   7.612538205025 
 2.173206357637  -7.555737106855 
-6.713963171548   4.106001744804 
 7.535012201133  -2.586224571762 
 3.666083212600   7.148953489142 
-6.248567432339  -5.153023821905 
 8.106245112597  -0.294879606821 
 5.928200551313  -5.572795122623 
 7.286699288890   3.795612509661 
 3.788113211221  -7.348151642101 
 7.061859041166  -4.496393203815 
-3.314057549337   7.695116802968 
-6.290759230291   5.599235464132 
-8.310934976994  -1.396613243183 
-7.975747070884   3.292900032408 
 5.230844820262   6.876409062074 
 6.409056372692   5.859300901642 
-3.581683973100  -8.074569702621 
-0.278914502866  -8.854583680223 
-5.128756663580   7.309109055478 
-1.248512151494   8.971074881345 
-9.041504243310   0.596816519300 
 9.035485979557   1.437375004611 
-8.358018533753  -3.735851292536 
 1.901240066553   9.015188499094 
-5.724306743614  -7.257844555947 
-2.474656413262  -9.095953786580 
 8.667373157474  -3.736130718584 
 8.033812923241   5.282634454852 
-9.480293039100   2.038877563093 
 4.921427904697  -8.358850571304 
-2.791859269412   9.331919958441 
 9.600783202561  -1.873603831337 
 6.222933657376  -7.594759975318 
 9.350754065554   3.285645828717 
 2.520371884663  -9.633394276273 
 4.285556056161   9.001836234545 
 0.578773168064   9.975149880386 
 7.625197576578  -6.480987222620 
-8.720105080955   4.960416005572 
-7.401563728294   6.840021007488 
 6.317672910245   7.922714118547 
 8.678741685051  -5.333853430124 
-10.162087784587 -0.828944644447 
 0.898497382085  -10.222754163132
-9.095489183937  -5.132981303994 
 3.141384895801   10.047881138576
-4.141234011112  -9.702709862942 
-6.360740650967   8.466856090657 
 10.663781954185  0.328453714588 
-8.095676419677  -7.052388142674 
-1.302403805600   10.766852653512
-10.666592930752 -2.291671082901 
-4.288056974083   10.163144097861
 10.186957089530 -4.232512917986 
-10.936550353598  1.653084820556 
 5.747668083583   9.463879107965 
-5.827341947942  -9.427662766459 
 9.680550840776   5.528827484650 
 3.707404894233  -10.572293823102
 11.153010810842 -1.340326535740 
-7.397774166339  -8.487073207674 
 8.045910408625  -7.942717414576 
-10.435386222541  4.419019494118 
 8.786514383997   7.175421592076 
-1.895904836767  -11.258828498268
 11.164097691632  2.976942350477 
 0.237837059379   11.565820192417
-10.785919091358 -4.292127333255 
 4.608824077797   10.670117658147
-2.764360373978   11.296378486931
-0.403515266758  -11.667584301646
 5.722431980239  -10.255193074831
-11.695862272614 -1.180231861468 
-9.964846692368   6.339269178494 
 1.800832154644   11.688946330746
 10.478244767061 -5.770691308757 
 7.437159484718   9.380022052195 
 2.671619608623  -11.676721063720
 11.629747840409 -2.998117598267 
-12.021833845759  0.601047168421 
-9.730350184903  -7.153189793003 
-5.082046698508  -11.035720753424
 1.168186824203  -12.096010080486
-10.637765428980 -5.927896507721 
 11.278327921612  4.694064718285 
 12.283946740768  0.844526344367 
 7.361499593660  -9.870250065714 
-6.145360769875   10.759943763277
 9.771486258226  -7.721413107919 
-3.401788383166  -12.034908183409
-12.178200469762  2.847432093179 
-8.932881093724   8.790986581647 
-1.039670764010   12.544561012168
-7.486940607774  -10.243453505747
 12.674895339561 -0.832894422047 
 10.086977584963  8.169352314581 
 4.462966871166   12.212595776457
-12.422907626520 -3.979124969976 
 9.010811801610   9.449742812758 
 6.197868257970   11.552716694897
-9.008255413214  -9.553901923606 
-10.729091237037  7.704051461877 
 3.028477838586   12.939082876125
-12.413557876344  4.761839813319 
 11.977879548960 -5.869407887072 
 11.333898538482  7.091462816837 
-13.267633822546  1.673676100755 
 2.232082207995  -13.204046477188
 0.191681913737  -13.424060561663
 3.883986798473  -12.852587392481
 12.812657007336  4.148434247746 
 6.086475929577  -12.055257186751
 13.279296712384  2.467823859219 
-13.565402085093 -0.384024705461 
 1.170136148155   13.522823458854
-8.830788700701   10.315993055862
 8.274531295626   10.862367747358
 12.912506983610 -4.446383960433 
-10.824298026613 -8.327208326142 
-4.298292075124   12.974434166232
 11.347347335728 -7.647541337817 
-12.326632671559 -6.163295890355 
-5.737820947336   12.539610514443
 7.807870461334  -11.373767193938
 9.997406508652  -9.508385135613 
 12.486918640575  5.956611574953 
-7.808662700061   11.455925076015
 13.849644386447 -1.824472144075 
-6.916035184841  -12.151096500473
-5.097340714672  -13.189697482672
-13.857918866775 -2.875471208435 
-12.281152194715  7.105090729204 
-2.006749693841  -14.207303366684
-2.377762033242   14.162358764750
-10.376676385016  9.984647585636 
 11.481261993966  8.738532871869 
-13.623969133994 -4.894562412744 
-9.156447774044  -11.237576655571
-0.303381511936   14.686721781426
-14.402944584760  2.997405490282 
-11.581798227905  9.086855816911 
 12.983195652588 -7.005457830435 
-13.484963381421  5.998775997326 
-3.550778250480  -14.334270742847
 10.893440419936  10.129165461092
 2.112860569373   14.912067903994
 15.066688867078  0.420879442274 
-7.192316723922   13.270883241060
 7.652972095355  -13.048116723532
-9.821560490998   11.542259550782
 14.862040321985 -2.994958862572 
 14.863043824794  3.106891181547 
-0.165774076580  -15.187235460736
 7.365759003940   13.289079813505
 9.745399188904   11.676067518646
-6.638152554467  -13.702234383033
 5.100943380130   14.348276021515
 11.256264377271 -10.372575812843
-12.864329261278 -8.309595407744 
-14.539934138096  4.830610888658 
 3.516618252576  -14.922921629385
 9.135122986142  -12.315480365858
-8.488008746698  -12.781159603977
 1.799695979002  -15.258779949893
-15.397922162930  0.677058744516 
-14.082595322968 -6.349297099282 
-3.646310006622   15.017901136046
 5.292799721267  -14.554075797971
 14.067439838803  6.480623393309 
 13.187640493531  8.126499087355 
-13.154564455330  8.360987389599 
 15.555251735811 -1.456404150686 
 14.900635959002 -4.813684270254 
-15.595285616512 -1.678472142658 
-11.333328161669 -10.871169002376
-5.062586405403  -14.898121753557
 12.839472049063 -9.154978706375 
 3.669846231278   15.554746072276
-5.659743976276   14.976253801405
-15.433203913379 -4.288791827821 
-14.320855093090  7.246913771753 
 8.942896665683   13.482922752903
-8.866289399780   13.575148810477
-12.682181443880 -10.103159924072
-16.055597805392  2.473292926026 
-3.797210751254  -15.868094242501
-1.914518330749  -16.212327044015
 15.560340347447  5.000278415049 
 12.414089088003  10.711361304477
 0.926420863512   16.377016207797
-10.335763700093 -12.739090231060
 6.631103962606   15.084303290413
-8.159602286041  -14.520859772266
 11.162104596545  12.390537186227
-16.690266124754 -0.646255690074 
 10.958679225754 -12.653926744849
 16.492089844151  2.913565249321 
-1.285000577755   16.700981906838
 0.028193746751  -16.804171520569
 6.402358931843  -15.567103705882
-12.603068007885  11.214085517736
