-0.078006981056   0.042106239996 
 1.502606703576  -0.532068948610 
-1.663924247735   0.509788706227 
 0.988732144638   1.533723428787 
-1.884056592146  -1.005579211084 
-0.836120489712  -2.590191582397 
-0.307125321700   2.841370465225 
 2.665877057424   1.609696253808 
-2.771993845433   1.603739712660 
 0.731324920506  -3.140051230662 
 3.229439809085   0.208639878945 
 1.362791411000   2.989859222456 
 3.051545416207  -1.301978625321 
-3.925282256153   0.096818060774 
-3.099910684607  -2.551346854373 
 2.677522370487  -3.089209906016 
-1.757826435664   4.005863310590 
-1.046982884234  -4.334038914028 
 4.117847571727   2.023483414928 
 2.713448088719   3.700351382557 
 1.236279433213   4.571190458360 
 4.653092191712  -1.142567945565 
-3.768077018604   2.997485146700 
 4.804076579527   0.554270462878 
-5.042856256440  -1.275223824161 
-2.592594229413  -4.587938010027 
 4.668928228311  -2.732115631196 
 3.745737588012  -4.177072297420 
-5.394898453152   1.593614455560 
-5.043413720593  -2.858774538592 
 1.851500966222  -5.589326979703 
-0.300663223436   5.946189385072 
 4.830704948077   3.612031214529 
-4.264168326509  -4.329089507099 
 5.712726488231   2.374498342878 
 6.126904916005  -1.971503229823 
 2.893574158617   5.829811939614 
 6.475535333475   0.868433835920 
 0.197997819909  -6.570389640824 
-6.604875854848  -0.949745994215 
-3.715537976416   5.593209331832 
 3.574415739468  -5.690663122253 
-5.996989695764   3.048167879912 
-2.027411014623   6.469255245348 
-6.766672930547   0.941620701459 
 5.224911322165  -4.532473879161 
-3.439522027674  -6.028047278303 
-5.069567224555   4.821716068393 
 1.218858708519   7.074295785038 
-6.629998751401  -2.878509132538 
 5.228066078671   5.108766898495 
-1.921449781053  -7.117923421371 
 2.316081373941  -7.032804527602 
-0.547265177228   7.522459727928 
 7.229375148549   2.185340371039 
-4.972025345576  -5.759575963394 
-6.304514938812  -4.391283642860 
 7.667342586146  -0.895505887971 
 3.749427898308   7.141658210416 
 8.094237220782   0.736135701098 
-5.041678048333   6.628016303726 
-8.021498198810   2.534435863225 
 7.643824142402   3.640339988769 
 5.357262798091  -6.559454228698 
 5.199873318967   6.694647024024 
-8.520999265303  -0.756491204821 
 7.737443660508  -3.697950637145 
-3.241892841143   8.081267785091 
 8.439455330413  -2.366874943320 
 3.909089720895  -7.862000912556 
-1.878144004625  -8.634597269110 
-7.391353238051   4.875457174223 
-0.225417004499  -8.863062344568 
-1.575048960513   8.727823910802 
 7.200307015303   5.181093418797 
 1.418159964760  -8.757876320574 
 7.185651435517  -5.446657950132 
-9.004122328950   0.877199265932 
-8.734946433449  -2.744247309038 
-8.161275347008  -4.366709479052 
 0.562026034556   9.350859430816 
 9.324460699044  -1.138051883976 
-4.707683532683  -8.179194178615 
 6.749464445603   6.640254697547 
 2.959950728973   9.012872990113 
-6.187643884999  -7.259541004279 
 9.505469759709   1.952860975781 
 2.867187223776  -9.322882872103 
 4.996590101088   8.515245069094 
 9.325192069969   3.564298062782 
-5.475840386508   8.417975644705 
 9.467029252124  -3.500583145485 
-9.909970020049   2.119679154763 
-6.773097795234   7.640315089545 
 0.673561153169  -10.211558759415
-3.227192586135  -9.729992872975 
-10.248441875594 -1.180243950097 
-1.614703003816   10.296850199822
 8.518301240446   6.020301716043 
-7.857485049345  -6.938387756610 
-1.142813035135  -10.508438006677
-9.860287624415   3.831346281334 
-9.989341975571  -3.634532262386 
 6.699031714993  -8.266378203493 
-3.113272353258   10.187591676198
-9.512760715868  -5.071834738491 
 6.677490997042   8.472972601941 
 4.375958871589  -9.920503744512 
 10.843897707046  0.207471742096 
-8.941746661448   6.171913126887 
-10.874239759263  0.600584387039 
-0.129019146272   10.926608365818
-6.648580137118  -8.707473416857 
 8.661228415753  -6.870709631389 
 3.427737363458   10.557201388795
 8.067916350083   7.738370760587 
 11.060310465504  1.767431593043 
 10.086786024868  4.899236556206 
 10.046791774313 -5.428938631595 
 11.259567825884 -2.026665132996 
 2.030843109849   11.316368659330
 3.280970019662  -11.033929986902
 11.043556459997  3.357762766226 
-2.793128621530  -11.225962345513
 1.624090589394  -11.461762184493
 10.977997580001 -3.680403022918 
-4.787179463435  -10.644955790647
-9.669441672106  -6.599653955501 
-11.540223452202 -1.983049964706 
 0.040768220570  -11.850174981321
-8.820118852941  -8.094651427390 
 5.037180254561   10.864379525843
-5.586108712364   10.618875830572
-11.584732749812  3.331959854998 
-11.091572466495  4.948061650124 
 8.702286438350  -8.488523972908 
-8.387799636149   8.855311544638 
 7.380498349570  -9.828680742407 
 9.974372444622   7.212065228283 
 5.284746808111  -11.141820018478
 12.337082347302 -0.794159372324 
 6.938794209706   10.280321943503
-4.287861387730   11.674832164801
 0.023462915301   12.532801534776
-1.687698010441  -12.494543911949
-10.709607055199  6.658570651837 
 10.198058995604 -7.479327007348 
-2.188833692116   12.540580021776
-11.575105347628 -5.355711727099 
-6.699778330158  -10.948061740285
 12.772406651826  2.003345547723 
-7.877627813558   10.292773834016
 9.103068430945   9.257110253615 
 4.059583443393   12.399532952987
-12.949865411669  1.651510848128 
 12.429496763279 -4.237436252904 
-12.687500115368 -4.125212534204 
 12.211419996859  5.391686380713 
-8.821737647083  -10.027067390921
 13.350233539785  0.602835261698 
-13.359345758426 -0.701418190042 
 0.283188355537  -13.377296172537
-3.601320913426  -12.974632336796
-10.350119232964  8.616093268120 
 11.852834429186 -6.445596697763 
-10.904047916803 -8.072741501022 
 5.593973579249   12.423885800294
 4.097920969940  -13.005325550960
-12.670097865075  5.320630124966 
 7.157264759527   11.767898118344
-7.306596265718   11.785690153242
 13.847876497647 -1.751820487829 
-12.216753692830  6.751894426044 
 11.841193585638  7.451449312746 
 2.214425511305  -13.833009535763
-4.415452235149   13.311391694311
-13.533756779727  3.774391681199 
 8.582369933319   11.138615035047
 7.344382678427  -12.034384999705
 11.265445284366 -8.633365869447 
 2.034320240895   14.052220704819
 9.541668258912  -10.527753887115
 13.803676380562  3.407747225721 
-8.293215150917  -11.633679470337
-12.902737236111 -6.136159460966 
-2.165865689132   14.124480673972
-5.148616171797  -13.443021496897
-5.944110987207   13.188584455991
 5.816593914257  -13.256414731816
-10.115338205095  10.494159204072
-11.004152356583 -9.614334617621 
 10.069882064425  10.692616720832
-14.410008135879 -2.921493991393 
 4.484885546956   14.050340048302
-0.744783902431   14.740426784905
 8.872157242290  -11.885963104449
 13.262988118973  6.846976293614 
 12.862125655716 -7.573924868354 
 14.925915328156  0.618438636054 
 11.494719384749  9.544017599400 
-9.077437172181   11.873333151837
-11.935967935239  9.326289801832 
-12.991740491674 -7.803765588005 
 6.368552174539   13.801700604663
 11.324224846709 -10.146453500906
 15.067333802681  2.415609947880 
-15.231221025392  1.016348258487 
 1.268505608781  -15.221519816915
 14.445347368633  4.992525052227 
-1.520051111764  -15.218043005798
-13.949237708965  6.289615717529 
-12.967344192478  8.152407188301 
-4.267287596330  -14.783063181814
-14.572779793805 -5.084366876748 
 15.117361458748 -3.170373329805 
-15.242230968802  2.524835400024 
-15.399780063588 -1.472649910008 
 14.061908408230 -6.567098551836 
 1.302391393427   15.479507801599
-7.646674344373  -13.530435078750
-10.021979303260 -11.917147873398
-14.898414787353  4.618092934267 
 14.708025103328 -5.197246145613 
 7.172732246955  -13.936419159983
 12.736825207564 -9.215246782748 
-2.867967602124   15.479516905073
 2.990512202893   15.462128578112
 9.312222822572   12.720168571754
-7.574673147998   13.890110815573
-4.716243796178   15.200309104815
-11.568291118105  10.970708950283
 8.078184452278   13.804013108502
 15.961461232569 -1.235974528381 
 4.070694345831  -15.657936651054
-6.534864945606  -14.808036602229
-13.114597947479 -9.621686265047 
-9.117717883477   13.499546972719
 13.255454014678  9.571231533953 
 10.235209209397 -12.755487063798
-11.600628413001 -11.530154698095
 11.430713285589 -11.727263859143
-15.916689637807 -3.969324277075 
 14.791484702607  7.164244642249 
 11.680554236588  11.568902394297
 8.656715033147  -14.165038801261
-14.532276733516 -8.055144208262 
 4.400853837194   16.062625594200
-15.502746539371  6.105268209731 
 0.326046599842  -16.690738925298
-14.894083662594  7.629831125823 
 6.660913870066   15.365364345579
 16.105239079773 -4.619786102144 
 2.220106321377  -16.705604177191
-16.800020933859  1.509088446004 
 16.369380177372  4.085683036461 
 6.105883381673  -15.758930000095
