-0.513493349604   0.492353245693 
 1.021936444813   0.687025180837 
-1.241345802800  -0.957417693376 
 1.308946303263  -1.472175705501 
-0.021416798475  -2.328344009772 
 2.405565766193  -0.022086330627 
-1.695571036696   1.971456728284 
 0.825214527427   2.498331821312 
-1.850435896494  -2.745189634609 
-3.181905975240  -1.030893707591 
-3.180781750528   1.197090699075 
 3.153971223390  -1.509456276664 
 3.913087350980   0.008731182371 
 3.281880275810   2.220208173892 
-1.539708489410   3.812513033750 
 1.729180708154   3.827780717895 
 0.212502684796   4.285705320915 
 2.309767974178  -3.650269288135 
-1.041409317779  -4.363649811631 
 0.804634927831  -4.478843157733 
-3.365480342484   3.450424212862 
-4.642445108641  -1.396294391261 
 4.795431056744   1.397497627515 
-5.057342501394   0.448473183155 
 5.053190486119  -1.133985349691 
-3.858378790384  -3.605367017637 
 3.559615911234   3.948439433019 
-1.146206261208   5.363262923565 
 4.901502878458  -2.719177911946 
-5.260791414186   2.012918841075 
 2.035524835835   5.385455320346 
 5.846548107253   0.322743093412 
-5.245707945399  -2.833272906493 
 1.090303552086  -6.012304946004 
-3.256042043216  -5.285862539388 
-1.497964053308  -6.155681191574 
 4.821128564190  -4.377888345514 
-5.084471666531   4.094768651018 
 0.200062326751   6.668193249581 
-6.630506264796   0.927453961809 
 5.134821010315   4.308752587808 
 3.595007095960  -5.849924563910 
 6.776287517728  -1.127085273946 
-2.063691382109   6.603088597213 
-3.874373043426   5.766850014358 
 3.923278366626   5.814358261708 
 6.734701072397   2.021389929796 
-0.182913830316  -7.074316071405 
-6.935671343752  -1.518799391818 
-5.653651690596  -4.681748661664 
 6.472644002577   3.548965268323 
 7.099237630023  -2.748955746493 
 7.739166548774   0.509129644459 
 2.765979352931   7.280227900431 
-7.422428706915  -2.990077885084 
-7.155902953470   3.645477958956 
 1.229117785739   8.036819505473 
 1.308064593884  -8.074250516007 
 5.963864368739  -5.695345635003 
-5.438001507127  -6.212482877562 
-3.174576493995   7.701875540939 
 6.745668063448   5.066024560228 
-1.579848652934   8.359538212476 
 4.350450002179   7.377307364531 
-8.600343665718  -0.206098358358 
-2.539227612115  -8.249198334018 
-8.463659242059   1.771973984701 
-4.036045552731  -7.662995918393 
-0.183436400244  -8.662956458378 
 7.566401774092  -4.355347839787 
-4.705802527313   7.508848154111 
-6.582747416413   5.966944820019 
 3.314215942990  -8.309974813925 
 5.629988560688  -7.279328306396 
 2.664529017577   8.811821344364 
 9.264127280854  -0.269212617478 
-8.058224409984  -4.620229506672 
 8.942502577865  -2.528366490667 
 9.074308594895   2.056856249169 
 6.460049238473   6.740572118293 
 8.672324375281   3.623012886599 
-9.292990448435  -1.726012962026 
-7.257477000949  -6.162811532076 
 7.514789858943  -5.890873292323 
-8.029327614695   5.335715760736 
-9.066304981039   3.289112519309 
-1.702298016534  -9.551660808146 
 4.811083066437  -8.536732536703 
-9.324953507265  -3.339168489898 
 8.390312757198   5.341404286670 
 2.184670864180  -9.720449849335 
-3.656235863055   9.314684685242 
 0.587722341677   10.050463945979
-4.146651809681  -9.184621586247 
-0.241852055719  -10.164013410430
-6.487407223534   7.867662860849 
 4.775822555535   9.016997749160 
-10.257556139782 -0.548498089524 
 7.142494031825  -7.431357254753 
 10.389767889226 -1.316308906299 
-10.243082785186  2.207440610064 
 9.886078948732  -3.766685395694 
-9.495442653175   4.734338061571 
 10.546389157952  1.750431009750 
-1.324348973956   10.617326484227
 3.664156248056   10.064413776346
-6.685180700987  -8.433362601826 
-9.277072722623  -5.607262999543 
 3.710568960488  -10.234675193642
 9.066454055384  -6.205021980396 
-2.755010117246  -10.720323118882
 11.098049522092  0.057103018539 
 6.295208204146   9.169300018704 
-8.975087673606   6.609429106085 
 10.375977013851  4.501546689565 
-8.124761319227   7.872508098849 
-3.106539707474   10.913131878960
-11.364642308146  0.835518935025 
 9.431645502522   6.515714719966 
 5.241333535454  -10.201242159355
-5.665492012260   10.015822228065
-8.844245618433  -7.383894937403 
 8.273505071641   8.072051764026 
-4.427717611078  -10.743899809312
-10.928369642641 -4.107575950782 
 8.511997533373  -8.061060190706 
 1.352489406308  -11.724697434645
 10.465477710207 -5.523463831035 
 2.888857251798  -11.496548128618
 2.989878357314   11.494824373101
-5.952822658995  -10.326791465948
 11.685585851405  2.901900223257 
-11.710798180639 -2.807115904092 
 7.130890634619  -9.729506888787 
-11.523286495396  3.622981138592 
 11.980482838777 -2.008020503129 
-12.177756407545 -0.859705835574 
-7.909484014199   9.360211152704 
-1.243678838064   12.227409295502
-0.306105695484  -12.388724701559
 11.851419266739 -3.657718752281 
-10.525767814517 -6.650818518719 
 0.589044382397   12.483305759607
-12.358577634480  2.202147581753 
 4.520752372204   11.749493333780
 6.003077807332   11.163687773324
-11.633832593449  5.139672419644 
 8.000391154190   9.900001715061 
-10.872819386930  6.744694728743 
 10.708021301979 -7.041875084187 
 12.831074114771  0.454448929856 
 11.121838392575  6.475720661680 
 4.276980602631  -12.139154480186
-3.305261606485  -12.474401714057
-8.767974190671  -9.573753967875 
 5.750595446348  -11.655721808840
-4.562520996178   12.210737905373
-2.970340283957   12.710037314504
-6.743904654470   11.188970403089
 12.267542194975  4.587893591673 
 10.479370253869  7.862548093165 
-7.374681713563  -10.854381561066
 13.134695549258  2.000444219135 
 13.445291432589 -1.404150224995 
-12.174982731682 -6.043994783121 
-5.566000214717  -12.409891033270
-10.824964300583  8.252525883797 
 12.447641397169 -5.592908676525 
-1.166894967495  -13.625635452362
 13.348467708346 -3.100982665662 
 1.704355525812   13.602487907640
 1.796794230276  -13.629933833108
-13.606351134631 -2.100758945143 
-12.986034808722 -4.680104457240 
-1.511554555264   13.772859335128
-13.847933381035 -0.539596795752 
-0.004859542344   13.968049008372
-9.821069074321   10.080935715938
 8.047786617606  -11.555496336406
 5.957140141182   12.764382180281
 10.044691148008  10.004767825593
 12.667838991682  6.526196422769 
 4.107655042290   13.673730896255
-9.036572297668  -11.099942034641
 4.062237574305  -13.749567530983
 11.356623904683 -8.841316395882 
 9.974364344146  -10.381220038522
 12.481496791313 -7.187897653782 
 14.408749153626  0.336077356649 
-12.202835842551 -7.718792150685 
-13.291561002411  5.710403188507 
-13.938838217369  3.942081699576 
 8.142366570536   12.006587662818
-4.551182451149  -13.785022494226
-4.566102785814   13.830107967901
-11.009077474431 -9.569114120160 
-14.433586464065  2.232783306537 
-3.119908394902  -14.309511072087
 0.559647199928  -14.637112175326
-6.077547975232   13.438514267009
 14.231433412530  3.953084298462 
-14.379037127168 -3.607675494081 
-7.744665929872   12.656959314172
 14.202089187120 -4.401953156082 
-9.471035095611   11.659702517556
 11.687440821030  9.456571490972 
 5.673626548523  -13.997727060010
 14.858414285625 -2.745750511425 
-15.135030931106  0.624670519932 
 1.190881273747   15.127072908026
 15.137176610628 -1.209408841760 
 7.152804282906  -13.460157400487
 14.077380319026  5.853220636253 
-2.797164112386   15.071473852822
-13.324504420539  7.936389071588 
 15.432433814230  1.882293036159 
 14.419799012070 -5.918271921751 
-11.490162724223  10.537682306608
-0.805253537135   15.630157367301
-14.751143503168 -5.299356339759 
-8.269715000853  -13.331117300371
 7.125878299784   14.012139936071
 13.450213101007  8.149829625919 
 4.851367476268   14.992786833481
 4.041293521659  -15.256931052776
 3.191830988122   15.457089110681
 9.369165810636  -12.720081374386
-15.784250102479 -0.952383202747 
-14.211922223313 -6.992280863581 
-1.138417574277  -15.892163468345
-9.889765473905  -12.502661620607
 11.389407050052 -11.221416147238
-12.738715565230 -9.735271146954 
-15.823175973721 -2.586996492873 
-12.832131794259  9.658618390175 
 2.081895873024  -15.949170072036
-5.199971317871  -15.278311789916
-13.809865806464 -8.450243781443 
-6.649846158694  -14.784205014690
-14.869720105885  6.493172135651 
 14.271957918452 -7.719031952902 
-5.376821372991   15.324952208351
-3.355899095768  -15.916021993246
 9.608034167320   13.154747433898
 15.793751277629  4.285091263625 
-16.301131967155  1.998896489983 
 16.428930585418 -0.338358406920 
 15.902040005283 -4.183007610711 
 13.121105396522 -9.966616194197 
 16.332570360987 -2.227103994105 
-10.105926729603  13.080952229315
 11.006940391155  12.345756247847
 12.480034027181  10.881101876941
-15.902398547257  4.842663454530 
 0.249849152511   16.759340866408
-11.571582177639 -12.150362358769
