 0.993800416983   0.499184575800 
 0.608657146447  -1.319544367888 
-1.169016961787  -1.285808424181 
-2.092130605780   0.370797194642 
 2.413562733927  -0.295340054021 
 0.472942797454   2.437387738560 
-1.338934113956   2.260043862212 
 2.568958033352   1.299071546351 
-0.059205732192  -2.916541237610 
 2.185577638170  -2.442163909147 
-2.759446491948  -2.064484621490 
-1.556592726043  -3.212440467092 
-3.585497188820  -0.220303881646 
-3.472725488495   1.452943254942 
 3.828200462852   0.310718251809 
 2.149844053820   3.366533238255 
-2.355625417211   3.384121462572 
 3.833409512851  -1.832474147052 
-1.272400876643   4.591619871462 
-4.312391010974  -2.029053477095 
 1.573845197646  -4.500103561636 
 4.439014414413   1.965536852673 
 3.380279033433  -3.493449429969 
-1.007300246195  -4.757925145637 
 0.284399647621   4.969764323542 
-4.976384063007   1.477604111919 
-4.013209041602   3.541329450503 
 0.337498490041  -5.509402516154 
-5.472977733283  -0.909915254770 
-3.908600922030  -4.021014736221 
 4.451227299913   3.559586918395 
 4.945000425558  -2.889507707175 
 3.204987277811  -4.995471778122 
 5.886564293068  -0.990484605831 
-2.780623459766  -5.376699047942 
 3.388114027357   5.164290900298 
-5.577852524802  -2.871165531777 
 1.461025591558   6.176112144036 
 6.242887708045   1.302517904876 
-1.431138768296   6.337035693897 
-6.012347000844   2.799893807932 
-3.155373132099   5.867661886342 
-0.710062661326  -7.009763666174 
-6.911441654642  -1.379863946095 
-0.131672726958   7.103685957934 
 5.104263446377  -4.989984369409 
-7.116890943178   1.192378603575 
 6.257746401395   3.686397606047 
-5.137711384377   5.140342212968 
 6.847884688929  -2.456049386954 
-2.290257384423  -6.953939846789 
 2.709337741227  -6.831993800201 
 4.855853292333   5.524162807340 
-5.988681101256  -4.405438327420 
-7.291052514111  -2.979218553935 
 1.318107380273  -7.806402884659 
 4.553926926334  -6.487633543674 
 7.880207976785   1.453989186669 
 8.078303500307  -0.159166728761 
-8.125448435691  -0.375203820885 
 4.071636090998   7.091838538125 
-4.292256933785   6.979878420534 
-5.198907160935  -6.405586772470 
 1.960897368194   8.024509803661 
-2.400488503638   7.927509589374 
-8.085890934461   2.419424474424 
 7.766488969262   3.356299708756 
 6.720584240409  -5.186118077348 
-0.212538030755  -8.539253467943 
-7.491364613795   4.366563609744 
 6.511113483514   5.752762463510 
-4.264009984270  -7.712267377146 
 8.464477060793  -3.018794329184 
-3.001777410734  -8.592677536235 
-5.899038103496   6.963986411091 
-9.107334904729   1.182689326779 
 6.244223952317  -6.855391327643 
 7.910139787694   4.899031869980 
-7.834104019438  -5.027330542552 
 5.105081628336  -7.932005328538 
 9.092258322732   2.520087685045 
-9.151857235728  -2.487992663868 
 0.062849969302   9.579668615423 
 1.649237032703   9.492321928539 
 4.859387641027   8.389408114672 
-2.346355175544   9.432455677688 
 0.737113720031  -9.716126285988 
 9.687209699681  -1.109108181965 
-7.280117359478  -6.491116812607 
-6.194317839115  -7.573118367916 
 3.431800020873  -9.367342413593 
 8.879592434222  -4.629570019108 
-1.101580862075  -9.991616859602 
-10.103302272572 -0.574311717463 
 6.447249268475   7.881580154848 
-7.804312553879   6.614153431124 
 7.957753302948  -6.430396452766 
 7.669112685563   6.807380680646 
-9.047169015523   5.023928347930 
-4.241992163227   9.443973691168 
-5.248780939836  -8.980711148460 
 10.131815160951 -2.677136502609 
-6.458032750035   8.368375871593 
-10.531585699353  2.013204521240 
 10.623465431919  1.648516588363 
-2.609796080809  -10.511359345559
 5.626209875691  -9.357042771560 
 7.473421189625  -8.001915309562 
 3.428393260931   10.427117448197
 0.992752590117   11.017555466046
-9.617205484795  -5.502514564370 
-7.954375105423  -7.840136014067 
-1.028537166788   11.148936975622
-10.555710496037 -3.994925483510 
 10.392011553468  4.576031685852 
-10.548123714520  4.282945550951 
 2.029221342534  -11.213813607109
 11.507818509458  0.105406665772 
 4.581464148957  -10.581967175539
 9.759251479650   6.216931713874 
 6.206230973512   9.780737655158 
 11.524086955723 -1.570874015382 
-11.643568840855 -1.424991359093 
 10.142372426960 -5.932933085437 
-1.530408113235  -11.655025796909
-4.805515937584  -10.730497335618
-11.771922429794  0.312248150068 
-2.626007216407   11.512779273896
 11.167573597106 -3.907155526900 
-9.949473405726   6.451427034874 
-6.293761244517  -10.061112824023
 7.624504121682   9.289461750964 
-4.695825180106   11.080535880491
 11.578360929220  3.530345282401 
 0.145798864396  -12.106779534108
-11.934287164824  2.557162609745 
 12.229890428745  1.698508622065 
-9.435043933698   8.011922134459 
 8.113034711401  -9.382783328294 
-9.819828642926  -7.683670130438 
 5.504740692187   11.188579276096
 9.594848259340   8.008793874665 
-6.308243511051   10.968243970748
-8.335668121348  -9.527339068848 
-3.781441767555  -12.091175073400
 9.455031998807  -8.464682477332 
 3.103981460856  -12.315206409310
 5.955838790980  -11.239775568475
 11.435588036025  5.716891479301 
-0.325110378287   12.892103053763
-12.374657043906 -3.661920298398 
 4.114481536922   12.284910383104
-8.386463099791   9.876017906232 
 1.382504443652  -13.007237008106
 12.969407217908 -2.031100933586 
 13.156831615448 -0.383680264819 
-2.556855209134   13.064168619845
-11.422715492293  6.878660248315 
-4.195073158228   12.658187330074
-12.178439752218 -5.438020245218 
-11.296032187962 -7.160061990746 
-12.808680868389  3.870207743449 
-7.113707350703  -11.361079996674
 9.278393137267   9.725244691361 
 2.518572007917   13.268441169012
 12.560964956273 -5.063688561036 
-13.559637460255  0.002402605243 
 7.860463006865   11.124898627428
-13.483788566677  2.144255556124 
-5.738737686589  -12.402391588949
-13.456290124978 -2.597276765201 
 13.038811412837  4.269723337744 
-9.904554324334  -9.808372415252 
-1.951110596991  -13.814553559815
-11.004490669171  8.837443871534 
 9.964829295809  -10.001327628250
-6.649550318055   12.455463681763
 8.593311196075  -11.234574624454
-0.425228921145  -14.207752681026
 3.747378354245  -13.716042808613
-8.996000560767  -11.017803479263
 12.620773931277 -6.696838407573 
-8.118151845108   11.779403994745
 0.224135630422   14.305788311953
-13.049104382763  6.062542493579 
-3.839824856533  -13.885230023364
 14.346197659106  1.336429051170 
 14.409450492538 -1.587038758613 
 14.177606671599  3.102508034136 
 13.115582207448  6.248758330597 
 7.267517963697   12.590207467830
 1.153838439434  -14.546843392011
 7.701739283641  -12.450362643394
 11.989245905940 -8.560943979290 
 10.751546944615  10.132389204891
 14.460313075982 -3.155262442942 
-14.001462424566 -4.813201114354 
 5.517736149465  -13.747561823887
 12.515606734847  7.951863623207 
-12.774067292504 -7.611763550215 
 9.422982992062   11.514608289394
 5.289144275816   13.971135713501
-5.722926578114   13.817172076575
-14.852843074373 -1.766264564198 
-2.114558535302   14.856376888100
-10.839924898669  10.426996743155
 3.014507502043   14.767454412429
-11.586825170966 -9.692993612071 
-9.629407903873   11.647183608549
 15.116777555736  0.031245623177 
-14.455534778569  4.894779702450 
-7.079407532987  -13.708363343135
-13.435440187757  7.605283737656 
 11.627274355010 -10.230350821658
-3.720231322725   15.051056011964
-2.233818454423  -15.372519561874
-15.565851541341  0.268019103175 
-14.228257068154 -6.668516735766 
 4.628338935435  -15.035065082052
 15.590171557268  2.182197105978 
-15.415137420294  3.311637069797 
-12.528789867080  9.597248461404 
 13.959588782704 -7.458140183505 
-8.135409241753   13.600332434310
-0.318734830722   15.850592659403
 14.994265982505  5.178050598920 
 10.803358389278 -11.685552574242
-5.323818278220  -15.000236254864
 7.467161333325   14.093491588308
 9.270505272148  -13.101608450077
-15.954759813372  1.845683944620 
 15.186464065060 -5.647443887881 
-11.676487654647 -11.289725474103
-15.985941722550 -2.878463902532 
 9.623850317893   13.088139264457
 10.809675232128  12.153345425050
-15.524962930034 -4.909288324824 
 12.786207425737  10.114357012406
 6.895645444040  -14.795928814355
 2.344280318312   16.161375169507
 5.087265628380   15.534406714633
 3.282596085533  -16.017265597000
-0.246942235847  -16.406930017618
 15.962161218118  3.831774951458 
-6.017078966747   15.443405257067
-8.752450217493  -14.124726151709
 15.107959999896  6.924810481718 
 16.267347167248 -3.435537335433 
 16.608006583174  0.872944286262 
-10.272627425175 -13.154172886366
 14.106077268666 -9.041308378527 
-14.685015561656 -8.160227347323 
-16.009487970354  5.094146480492 
 13.234187779113 -10.353976830500
 12.217126336052  11.545820673430
-10.701557533777  13.003563396476
