-0.984443684642   0.339550527439 
 1.053635577573  -0.458973024207 
-0.042681011188   1.707602885844 
-1.478853338161  -1.157589224189 
 2.281604235654   0.991961554369 
 1.583075650433  -2.027595446285 
-2.431683491517   1.276890210698 
-2.989810539708  -0.675404678416 
 0.755387785786   3.008464436523 
 2.984931727309  -0.911492386253 
-0.358780973335  -3.421139965340 
 2.319599138427   2.551108092441 
-0.720281897192   3.376594836808 
-2.147430408498   2.756069888576 
-2.004761147863  -2.910968101846 
 3.976831349943   1.021817486625 
 1.473846405480  -4.200820920311 
-3.943338882200  -2.162385053500 
-3.776957657030   2.723774900914 
 1.644514529959   4.524921857668 
-4.844050124648  -0.027920783965 
-4.666355523841   1.515669822116 
 4.464480656246  -2.041192438479 
-0.682797624201   4.885238538498 
 3.179386903788  -3.804778810694 
-2.658056951400   4.366839972469 
 5.304979425158  -0.308348413936 
 4.705606610139   2.528818243500 
-2.409186851849  -4.885020061088 
 5.473747784074   1.194475132974 
-4.202702573672  -3.833741347746 
 0.519279623279  -5.767275660624 
 4.682743292153  -3.880946546172 
 4.493138617600   4.147987929358 
 3.392051388799   5.225594348630 
-5.525761091326   2.948273088019 
-1.400585792202  -6.150348765417 
-6.207057666804  -1.544699923081 
-1.844338142556   6.246846586385 
 6.376644675788  -1.582178335782 
 3.915379935238  -5.278180340014 
-4.879652427698   4.750574350197 
-6.165729674589  -3.213853596049 
 1.402436981514   6.817358469287 
-6.698824729825   1.960345447667 
 2.855324243830  -6.423015139484 
 7.067274451892   0.807905889255 
-3.870447943971  -6.007492927719 
-3.694486045849   6.170458302250 
-0.126408544791   7.195892712849 
 6.397514349705   3.527836692568 
 2.909361323294   6.728418952694 
 6.475107347009  -3.492561199685 
-5.421218568564  -5.125914499107 
 4.796129105626   5.799161661049 
 1.093084715288  -7.492964196368 
-7.652992100158  -0.127193714599 
-2.782189642530  -7.197567739153 
-1.297214933006  -7.711140057770 
 7.869748030776  -0.750099195624 
-5.197267156333   6.239262275609 
-7.374716856104   3.574758719635 
 6.334736550060   5.244160520445 
 4.604055411757  -6.938916648414 
-2.531290348608   7.940616730506 
 7.899327063605   2.951406774332 
 1.811843541029   8.406959041801 
-8.488412055885  -1.476938818459 
 6.232151063899  -6.140052329008 
-8.073917773701  -3.480291799645 
-7.452966125551  -4.898564571674 
 2.509913571503  -8.571167602550 
 8.896139775919   1.006470834806 
 4.224974185553   7.900326281213 
 8.286338818304  -3.413361404557 
-4.647115899090  -7.678664608967 
 7.948377691088   4.454829617241 
 5.780931094208   7.085117896485 
-9.154897295431   0.044428368042 
-2.694388592067  -8.778516506803 
-8.899364579946   2.315793202196 
 9.102202820530  -1.610380347046 
-1.270148929723   9.194512760787 
-7.270396642510   6.034450620655 
-6.826478277523  -6.610505693740 
 0.751292634176   9.501066618764 
-6.327831924398   7.309117372214 
 0.884187187040  -9.644952447555 
 7.665154316488   6.019362938481 
-9.420930760463  -2.692324452774 
-4.881051208951   8.511486123274 
 7.984706756184  -5.704930449129 
-9.036106880859   4.025892890357 
 2.914304493575   9.627303211602 
 4.101434088924  -9.367719823026 
 5.442235990518  -8.663615612776 
 9.795360552820  -3.037147740329 
 2.400680200385  -10.085093946353
-3.605576866259   9.750833200364 
 9.246203454543  -4.849861334354 
 7.112291809854  -7.691864984451 
-0.383883440461  -10.475732899652
 6.018452578466   8.631840043785 
 10.016502670621  3.502017035630 
-3.960479317284  -9.901583744605 
-10.555629758830 -1.534741610272 
 9.391186154470   5.087523617304 
-5.855510859604  -9.043539463168 
 10.769109941245  0.939067652224 
-10.717539670138  1.446806015388 
-9.472935483402   5.468386216770 
-9.202755597351  -5.931765309081 
-10.044201942817 -4.604141931976 
-7.868299693555   7.930669201035 
-2.443939083359  -10.911365030176
-11.224481541716  0.006769227482 
-1.293569433299   11.164658553554
-10.840854293225  3.018912824420 
-7.515914618013  -8.527454876873 
-6.421322481210   9.525483828086 
 11.511041925280 -0.725544711572 
 10.752843398790 -4.275600563691 
 9.243830202966  -6.974035846974 
 11.348980386027 -2.299311908763 
 8.505881475692   7.867103619177 
 4.392984790301   10.777185158924
 6.898151361416  -9.375109982004 
-11.239848647046 -3.415795578893 
-5.246725792768   10.565799484875
 4.427220237740  -10.981009406438
 9.814233134438   6.630010510187 
-9.253247909220  -7.513690717453 
 1.145113924171   11.872940328866
-3.799518360907   11.325417990882
 11.662162280951  2.674424533887 
 0.222472194922  -12.021112819163
-5.528101690893  -10.755009182151
-12.044226292443 -1.297117377041 
 11.218854442194  4.760183711141 
 2.709713665089   11.909775946187
 2.814834752007  -11.905619681566
-6.999401117909  -10.117039933208
 7.826832119808   9.575820945001 
 6.094741000970   10.774260257017
-4.264774568411  -11.688678884198
-9.803973615777   7.720049477215 
-11.779518461136  4.206509847323 
-0.267869174606   12.509853907402
 12.462575456945  1.302997587225 
-12.515805742471  0.848546253234 
-11.094651872009  5.867380801356 
-10.996893374019 -6.268056379290 
-7.780953561897   10.180011465899
 11.399432195598 -5.854650378180 
-12.670986779114 -2.750262439597 
 12.234936419606 -4.521447011392 
 9.284741532308  -9.315144755178 
 10.855737228710 -7.434588701837 
-2.630438225843  -12.898818156655
 12.647856141474  3.861600474873 
 11.583508073053  6.462838127781 
-6.461103524506   11.587228213151
-4.949288237845   12.365678974943
 1.205587481294  -13.285909693641
 5.806072525672  -12.012687500342
 10.105447701913  8.954803247374 
-6.692082144633  -11.729281552156
-9.811160093047   9.329985185970 
 13.324218446189 -2.459351325150 
 7.334411794193  -11.451752537183
-12.696119171950 -5.110718519015 
 4.668030033169   12.868609247693
-1.315317691821  -13.629811302972
-13.707636994488 -0.174936316330 
-8.634431864815  -10.706753349805
-11.105661269365 -8.118106870435 
-1.366644710579   13.695956202952
 1.112157984390   13.755482777183
 13.626827463985  2.263021145277 
-3.720725538199   13.360818260683
 7.570917457696   11.696392234083
-13.679083023533  2.666351887215 
-10.107127621274 -9.600968869819 
-4.964894331485  -13.045848188492
 14.107863734156 -0.471457578460 
 11.604696654250  8.070406357344 
 6.354924901732   12.643560761494
 3.410197094573   13.752443651880
-13.582841575605  4.261085752238 
-12.310408041683  7.238896025441 
-11.356476966787  8.674067537186 
 9.017874733146   11.245711760969
-14.075389949599 -3.321957141779 
-9.481549624948   10.996918350932
 10.899255618929 -9.621519028476 
-13.308177833855  5.999200197572 
 5.626353313314  -13.558402930187
-12.983795067148 -6.869261517511 
 9.923664870433  -10.836020360926
 2.139551118726  -14.558169531078
-8.116178812042  -12.310485125787
-6.586424461668   13.198427512017
-5.134119717923   13.878594476996
-8.115889305875   12.397414630010
-14.795157756350 -1.652070837795 
 0.145196027425  -14.890018765644
 12.568157780242 -8.049042282735 
 13.672747768665 -6.028017161456 
 14.185652722506  4.715281795062 
-6.876595487979  -13.297120082734
-0.146238005312   14.981877320883
 14.342942280179 -4.428326584487 
-15.021348386204  0.620289932754 
 11.564325697609  9.612262968792 
 4.197695745231  -14.457430808849
-2.715778627148  -14.871664759399
-12.227841206134 -9.139057045149 
 10.525811903103  11.167178111872
 15.293492267371  1.354938803982 
-10.211434752849 -11.599144388007
 1.372416908718   15.426695784298
-15.104598227304  3.541718635330 
 2.917685279143   15.346758746517
 15.275355706980  3.357255294448 
 14.197054529120  6.594022972248 
 15.702783725252 -0.193330265245 
-12.589487736703  9.530721426336 
 9.622038612461  -12.551153128710
 15.587175389329 -2.726095066775 
 13.120916609651  8.855626630173 
-3.584522988881   15.423906699870
-13.720996501681  7.910082042380 
 6.827081551069   14.388563550202
-4.592466467581  -15.259794057511
-11.189263653325  11.502307186822
 9.886500919655   12.646975175119
-14.539710730227 -7.022411756529 
-6.254222160111   14.886993038721
 8.449189086711  -13.760717321017
-13.665027907933 -8.648897893620 
-1.178181387485   16.135918277599
-7.968067453969   14.133932496528
-8.230837389663  -13.986249381694
 12.709337411826 -10.109698216623
 11.551670320328 -11.428829377761
 8.709190936537   13.760494119594
-15.343486264018 -5.723597596492 
-15.563679999952  5.185415248196 
 12.280415154014  10.935903482536
-16.478586850218 -0.128684507865 
-1.224846126532  -16.526410881945
 5.251799560471   15.764125719101
-2.730488095847  -16.412952649813
 14.187303591189 -8.729163757805 
 16.152989720142 -4.189943788324 
-16.595228660239  2.012258810369 
