 0.708282682321  -0.280511967824 
 0.350982752190   1.211830517779 
-0.365359695873  -1.426895510280 
-1.372387098943   0.573114675589 
 2.020178471266   0.898025935043 
 2.026700610191  -1.119741710004 
-1.095203350990   2.047283402055 
 0.642544402008  -2.591338275436 
-2.252206259354  -1.582432649991 
-1.093700744889  -2.746878460777 
 1.017043825500   2.926000552811 
-2.965766268076   1.221078020264 
 3.494593624678   0.408175894812 
-3.554958559574  -0.262798094528 
 2.634954659115   2.827870900731 
 3.106474214166  -2.402265649402 
-0.968740600678   3.878547957636 
 1.915971359966  -3.847161529784 
-3.243970218409   2.849292875943 
-2.058506569951  -3.907077427202 
-0.494552239007  -4.488745010495 
-4.032181635392  -2.575842946614 
-4.456904761792   1.805601231925 
 4.802120120260  -0.530222701271 
 1.993970337587   4.441126818864 
-5.056676661819  -1.043741582868 
 5.166600845649   1.132691335167 
 4.940182474802  -2.603155859851 
 3.209066901480  -4.715160889877 
-2.399993217339   5.204574602019 
-0.035723936203   5.790154621148 
-5.738140360807   0.831945750814 
 4.049937234923   4.173002728168 
-3.856265469095  -4.376559155887 
 5.071588970405   2.992528691577 
-3.855103443620   4.505691340663 
-5.013223393215   3.483631975655 
 1.576189252143   5.959595217396 
-2.674253432699  -5.586877142331 
 1.231624822847  -6.290139810088 
 6.421039941620   0.158203037876 
-0.896366810638  -6.382249455487 
 4.833444664542  -4.377121479640 
-6.325791224114  -2.007416721030 
 3.642557862610   5.673839587411 
-6.526052646720   2.733648138876 
 6.999303558116  -1.765804930964 
 3.641516454743  -6.268061998753 
-6.042473262331  -4.007382237371 
-1.625257562732   7.434820657486 
-5.400631347743  -5.394186891470 
-4.999118139951   5.803816271598 
 5.312165219365   5.519775988571 
 6.378631925791   4.382925576490 
-7.767648604329   0.309061768832 
 7.252548949543   2.837760474106 
 1.528564954907   7.661687407920 
-3.217033374103  -7.245470338804 
-3.635351497257   7.099810659446 
 6.659461777940  -4.713338935812 
 7.688749881436  -3.238793967760 
 8.309018409739   1.140068300838 
-7.593466921409  -3.561913635559 
-8.181786716118   2.041911625009 
-7.212788262254   4.619030260359 
-2.082467740760  -8.438080950878 
 0.087151130823  -8.831535048450 
-8.614671253273  -2.225858127171 
 4.223889022276   7.870417701410 
 6.184636571846  -6.565074035072 
 2.610630644697  -8.639284184217 
-5.255977735387   7.396812565754 
 9.034378502566  -1.051746399572 
-2.324827793542   8.839046816725 
 7.989931077529   4.445738525449 
 5.650951077843   7.188459236348 
-6.687648889747   6.253570112664 
-0.452357296552   9.260776726560 
 7.252478745849   6.018425704510 
-7.160303840662  -6.128548954924 
 5.041682637872  -8.020054776179 
-8.771855925419   3.722353556875 
 9.021282073489   3.191663083665 
-9.604217957843   0.228483082291 
-3.611736463671  -8.975679705713 
-8.406071436228  -4.833713394496 
 8.152722665942  -5.252853011704 
 3.294026297490   9.166418913204 
-5.022092826273  -8.384676013086 
 9.151222122786  -3.601413422954 
-9.741443810487   1.908132334218 
 9.837310818538   1.759811118111 
-9.975478629819  -1.503216580498 
 10.170432600964  0.057013664365 
-3.679450640481   9.708044552190 
 1.546726474649   10.323126363084
-8.733030315995   5.767200419313 
 4.885102829408   9.284265352904 
 3.838167289181  -9.766557360596 
 6.745101107191  -8.042788105864 
-0.496670749040  -10.572602537977
 9.402573641378   5.053278560879 
 6.456428450214   8.588071648500 
-8.635919837514  -6.570319220808 
-7.526637285110  -8.036112811610 
 10.591217862624 -3.052751660932 
-3.321176818184  -10.562386275086
-0.209478247528   11.100978714449
-11.117072626831  0.014583123332 
 2.108024970167  -10.986816508169
 11.073323690006 -1.602516412810 
-10.047363098134  4.993842259480 
-10.626892346949 -3.671453418943 
-10.692846901188  3.498828669487 
-8.629664620223   7.294656649367 
-9.956117779846  -5.363281412216 
 9.070650597030   6.778708902558 
-2.316395973648   11.114057516322
-5.606315752739   9.897327048421 
-5.352433326068  -10.052151764040
 5.847511159085  -9.800005721090 
-7.465255059624   8.642925906635 
 3.727274000083   10.809641456631
-11.307321186508  1.728645921953 
 9.298546181751  -6.808018968973 
-11.585220603493 -1.478412338668 
 11.513233917092  2.131327148654 
-6.894081603502  -9.502940483913 
 11.756016704194  0.477541931524 
 10.956562083640  4.418653113173 
 10.344901030929 -5.717463768925 
 0.628988015417  -12.040917454280
 8.690307701726  -8.375395083944 
 8.764129226875   8.322408171610 
 10.470554911442  6.230557237359 
 5.369665175544   11.001631355343
-3.936322772041   11.596066765799
-4.665707774464  -11.415563768736
 4.692526039131  -11.437252478000
-1.652601605435  -12.280376841126
 7.695017555582  -9.779243237823 
 2.498692513483   12.301936605304
-9.654891486417  -8.099176109928 
 3.322526517984  -12.184183656608
-10.408034751353  7.259689937143 
 6.991480319129   10.639863692776
-5.998763502390   11.356406346321
-12.336980541937 -3.650589836483 
-6.207186243209  -11.379394781705
-12.958865781739 -0.387516843236 
 13.016572588278 -0.435479711519 
-2.135315724601   12.858678179509
 10.270080134022  8.240102401472 
-11.632119740693  6.183177417651 
-8.838653632114  -9.809445713590 
 4.532042638281   12.440304042080
-9.148228767802   9.609464021002 
 0.802420178015   13.266702711689
-11.030036568322 -7.490242327237 
 6.616198517545  -11.582227567203
-12.499066133318  4.831258193658 
-11.891179652809 -6.215000825937 
-13.208168684208  2.368342767117 
 12.222864712132  5.763225613353 
 10.535182996308 -8.482389895231 
 13.556726662337  0.986062129574 
 13.357154457809  2.644361914168 
 13.187922296373 -3.402881553598 
 12.609476376044 -5.228452416912 
-7.881129467359  -11.174526173203
-5.026178798172   12.776646310819
-13.643407445894 -1.975635495190 
 9.571170954260  -9.970490061225 
-8.142375229892   11.208224361547
 11.742968650341 -7.450669519168 
 6.151267777954   12.545370767825
-4.370244756609  -13.281698571545
 2.940913524440  -13.686702236717
 11.832932712008  7.622039650396 
-0.859117487283   14.080207876525
-0.017884167108  -14.113568402987
-13.170583521103 -5.201369799250 
 8.910340238871   11.080971481632
-1.868256883992  -14.103097987119
 10.285436756956  9.845317695000 
 8.373160733912  -11.657556626496
-10.374768055840 -10.028271267535
 13.868908577389  4.069561370051 
-11.412594259544  8.927467067513 
 2.868599992861   14.213599247256
-3.554625291556   14.085338576955
-7.178413943623  -12.763084764971
-13.145523626046  6.482594187687 
-6.883709149644   12.956976140832
 11.626899284536  9.115127265992 
-14.770849226231  0.981378667402 
-9.612171742265  -11.325405233316
 14.777512029059 -1.671520153910 
 4.481803567534   14.221421297049
 1.404170161609   14.870410824119
-14.418322584408  4.002655147622 
 5.114024718848  -14.073241561278
-10.900236176509  10.353334033838
 11.624389549124 -9.613759301072 
 1.437764303145  -15.043929333996
-13.200380364432 -7.413955742425 
-14.683692276106 -3.851537816673 
-15.187824096731 -0.843614540123 
 7.028386088878  -13.566115592218
-5.610992783341  -14.232741398424
 8.001095374373   13.151920909724
-8.797172914735  -12.660995564326
 13.401000907227 -7.641097762596 
 14.175075236378  6.178519461478 
-15.307963045598 -2.384224165575 
-9.899922936592   11.922273238794
-8.626058277601   12.982707174356
-13.174898639865  8.387746322331 
-6.218700987720   14.395496852508
 15.366974727140 -3.202179463557 
-14.610204479809 -5.764898151166 
 14.470286453737 -6.129257781445 
-3.945784314356  -15.279373714226
-12.441710158915 -9.731198512658 
-1.482314911142   15.741607190896
 6.051160268995   14.650918169155
 13.924770657026  7.717902662634 
 10.326898613325 -12.120169481953
 2.936588667679  -15.655907597493
-15.702393983106  3.131148670047 
-2.412668745645  -15.838483281203
 16.080242358053  0.940475121623 
 16.105636318755 -0.853141370422 
 15.399178065071 -4.858155103431 
-8.082945525740  -14.067992371089
-3.029045004805   15.952142859521
 15.962845962496  3.010260340405 
 9.128179523955  -13.439263903406
 11.789786230945  11.257949982231
-0.797762856301  -16.399335908513
-12.860136943491  10.257171662710
 15.559246258197  5.378070391335 
 2.898244807999   16.243798255213
 12.205098603827 -11.114052165568
 13.547768311421  9.457862597762 
-11.975258874748 -11.409873247116
-10.885407140765 -12.481719627237
-15.716579497659  5.286890937709 
-11.497264098753  11.961489279259
-16.561093774429  1.084603347087 
-7.039011660791  -15.160333950333
 4.503845586464   16.124179327969
 1.392853425771  -16.752372624723
-16.743988677256 -1.642823021619 
-10.142431613324  13.456486575704
 9.364755098847   14.047201793214
