 0.462138709601   0.343615811683 
-1.302423428437  -0.058831874216 
 0.404611804746  -1.258668393955 
-0.169273606881   2.125634087541 
-1.783546816406   1.452581511252 
 1.341765560858   1.877935368370 
-0.941091480811  -2.239322709423 
 3.029613609127   0.085736263743 
 0.783893366724  -3.258677445390 
-2.854472638341  -1.930028006983 
-3.439702255292  -0.499327027166 
-1.762073911198   3.001762739307 
 0.683207504229   3.424534723125 
 2.945507126849  -1.880231942633 
-3.731839825622   1.132324296411 
 3.653489226719   1.543582740569 
 2.323019412460  -3.349057739806 
-2.309237623793  -3.434324101367 
 4.146662668518  -0.926648862716 
-0.310962400691  -4.381660904110 
-1.550070179262   4.535738836888 
 2.548036257001   4.211515955430 
-4.965299550386  -0.102745357654 
 0.582451455724   4.936454112035 
-4.120209801077  -2.836745853420 
-4.226009441561   2.874056919096 
 4.562547884774  -2.512391426173 
 2.089649012947  -4.888838812633 
 4.253076065736   3.305074347889 
-2.050020175811  -5.215570007937 
-3.613046174458  -4.371293300345 
 5.836765054653  -0.270506530653 
-3.188266416149   4.905153649085 
 0.272895825479  -6.005870132765 
-5.940752723328   1.591049612231 
 5.816864185435   2.026395146129 
 4.012891915051  -4.777626931802 
-6.096388889195  -1.445054634667 
-1.564630981675   6.351286998202 
-6.582845169462   0.030773920918 
-5.918717397244   3.355740953040 
 2.617535425029  -6.317543855771 
 0.551391878346   6.890455349750 
 2.547501837317   6.443619480972 
-5.686747285965  -3.986669463710 
 4.225205888501   5.574707645230 
 6.053969072633   3.532294830902 
-1.062573484581  -7.029261573228 
 6.493297406454  -3.011349093854 
 7.241200956672   0.350533035380 
-3.604136028259  -6.341895302284 
-6.798986188401  -2.873007116356 
-5.222610448358   5.328721458068 
-3.230053872892   6.876471794045 
-7.300997720398   2.430039561314 
 4.371621907182  -6.542364706174 
 5.954824630839  -5.185363868963 
-7.972936940479   1.027222965494 
 7.776139656723  -2.111599216941 
 1.759162204665   8.077849387309 
-5.332083825868  -6.410914452577 
 1.840010720176  -8.161310047655 
-0.012880647829   8.419717165981 
-6.512947137776  -5.345197140751 
-4.763837185359   6.966882255776 
 5.655197870506   6.326666032841 
-8.315979542240  -1.774814281608 
-0.320837291614  -8.642331511525 
-7.779144778045   3.859959643412 
 8.680595334848  -0.520467047491 
 8.628415891323   1.181131338437 
 8.410080494162   2.843681480306 
 7.424706496130   5.069800988254 
 3.337163149563  -8.392337574949 
-1.681045181084   8.884051489813 
-9.079869563221  -0.328437059387 
-7.035671906971   5.777109983808 
-2.175225014294  -8.852009715421 
 4.048754379294   8.220224533500 
-8.568285203202  -3.315319642328 
-3.664424044272  -8.440217018585 
 7.884271716266  -4.932779458366 
-3.328771510965   8.855732833902 
-5.234337395684  -8.034168961758 
 9.003170140994  -3.623404332624 
 1.441602627122   9.691644307771 
 9.685788012907  -2.000019284285 
 5.875368916510   7.970575303128 
-8.520776888342  -5.340560295701 
-6.663691666100   7.591541514981 
 2.319702467882  -9.861922742871 
-9.843314121006   2.463846377816 
-0.235702503576   10.159176701649
-9.244584187916   4.221807858192 
 7.225972269835  -7.159715194953 
 0.712000898717  -10.313554182301
-4.826894342990   9.158399982132 
-8.597687421926   5.783059816977 
-7.762773444268  -6.942358580867 
 9.344763433629   4.653834876648 
 5.973857161729  -8.665869578696 
 10.613518596930 -0.411291329401 
 3.867072617470  -9.955935671197 
-10.478325536158 -2.153804294004 
 7.483024631967   7.687226543117 
-10.792090757779 -0.315582318524 
-4.267351614757  -9.924552538929 
-2.808820668084  -10.499239909023
-1.777554618746   10.734899081788
-10.302120936411 -3.826267958001 
 3.395239316922   10.465659246702
-3.321584156278   10.588009387696
 8.849547796194   6.729585300920 
 10.607952989427  3.331513614329 
 11.035097952337  1.466234820791 
-5.761853321059  -9.613166436595 
-7.324159316653  -8.599664441921 
 10.660170196993 -3.814594253474 
 5.273363404438   10.030863015035
-1.450237282987  -11.507072594496
-10.849831018360  4.213882321548 
-8.386568927349   8.072779746087 
-9.623686305481  -6.610859763542 
 10.368012930757 -5.424391337325 
 0.704778363619   11.710612608172
 1.407532922669  -11.680453622981
 5.398729436139  -10.457401445538
-10.160384745067  5.946429308860 
-6.368060249842   9.946162878126 
 7.250241316636   9.426742453640 
 11.818013824414 -1.494039723444 
 9.147864087190  -7.645608874753 
 3.529599118925  -11.565976411474
-12.058563421779  1.859946250158 
-9.030228228663  -8.273970636796 
 4.534163124811   11.457329726007
-2.674695377381   12.184729912473
-12.331611110072 -1.899128222461 
 7.680598189742  -9.841563717156 
-4.394709390563  -11.755045177285
-12.613866941761 -0.356503118886 
-11.157253364449 -5.898120170655 
-1.211124516880   12.568996275709
 12.121740578345  4.039903260155 
 9.861111545153   8.193742326984 
-5.685732202512   11.494241257746
 2.003333656579   12.699496845817
-0.675042261411  -12.843014120265
 6.556830355142   11.101133532644
 12.425828875954 -3.459244238459 
 4.994040399227  -11.915658838254
 11.414726965376  6.085435181100 
 11.014622955875 -6.916515960946 
-9.822208156435   8.527223864663 
-12.594532178519  3.460862493561 
-12.414049336137 -4.077479000350 
-8.824720064626   9.681931990513 
 12.095504150119 -5.136251769302 
-11.683188323151  6.124025634623 
 0.826718912691  -13.190787610289
-6.123685315771  -11.806065892018
 13.407353737938 -0.194481654634 
 6.518621627372  -11.717684543623
-11.063534292620  7.602294003589 
-7.668897975091  -11.162695141814
 3.435261034017  -13.115506004658
 9.241232812766   9.932246549031 
 13.511412419025 -1.752473345538 
 13.350398172155  2.771823550930 
-4.071044720970   13.071481025106
-9.172140770038  -10.254858554452
-13.682510862715  1.504149815079 
 4.972482313565   12.895285210097
-11.467143920840 -7.888698845280 
-3.437223650527  -13.604074813313
-13.860080178830 -2.249656712009 
 11.406751203460  8.192548555994 
 9.912235438710  -9.977074767505 
-1.714061519962  -14.057542052773
-14.153748125776 -0.481609504014 
-8.509068579551   11.350953556728
-13.131346592188 -5.439183955308 
 0.813507810547   14.252215218065
 13.522839611253  4.666956864706 
 2.536380152599   14.148661029872
 13.799532013593 -4.193959311796 
 7.860467374514   12.101714576427
-10.608513543952 -9.801029129677 
-13.503583546988  5.153958134330 
 5.387031487107  -13.412472218818
-1.691308404841   14.416280824759
-6.417231029347   13.039432401999
 12.502582956994 -7.415422802098 
-5.184166917177  -13.643306349949
 11.699377488362 -8.793951778777 
 13.481555617715 -5.729335881001 
-14.175510763523 -3.746450939345 
-14.176377147954  3.805796312509 
 14.806550085055  1.156351358620 
-10.620492156992  10.395421852232
 6.731605743615   13.334369613488
-12.091665354410  8.770182127046 
 14.937819444155 -0.392286015841 
 10.809085177795  10.324114035857
-0.388229759434  -14.948664600981
 8.656693865607  -12.289736116293
 3.371737361636  -14.654337869559
-8.916630961678  -12.173993895820
-7.974427125164   12.956825197645
 9.996293646838  -11.489152841472
 4.769514053426   14.468971030206
 14.956605044889  3.092049192900 
-13.345368007195 -7.440475990359 
 15.053761466790 -2.918078069450 
 1.889021337689  -15.270153368068
 12.876479563209  8.500119816368 
-10.432819558002 -11.405642888586
-15.459096216734 -1.263182049501 
 7.632998519830  -13.514307519176
-15.513014740329  1.287723834908 
 14.000250686277  7.000817326758 
 11.365601363899 -10.832159192972
 9.280326792935   12.680435343082
-4.164348383528  -15.164008455698
-15.530018426111 -2.892066123946 
-9.638876885898   12.551486175634
 6.434004639594  -14.501703297056
-14.048969076378  7.396367096191 
-7.005114893271  -14.323653667511
-8.338174348288  -13.603302943201
 15.237839287827 -4.859462585535 
-14.679808292143 -6.469312167267 
-3.772058188841   15.594541083145
 15.966778119734 -1.652032296214 
-12.327845451448  10.356062384192
-1.562396219560  -16.028588313326
-15.195037339727  5.337761815166 
-5.241332809066   15.249947228516
-12.453676014805 -10.285184786560
 14.773403060250 -6.660353091325 
 4.532956104772  -15.633920347209
 10.952908378924  12.050919008933
 8.033416800953   14.276416573823
 1.521282628150   16.342319776010
 16.435078938498 -0.076938847416 
-16.293114861402  2.651998514503 
-2.314917123402   16.392323343001
-15.698955179740 -5.260092696031 
 16.501073715541  1.484020264091 
-0.351575500057   16.589933878193
-3.109740973731  -16.354378382552
 13.939555518844 -9.362693386834 
 16.088120741448  4.941940427222 
-9.050490279275   14.194844244461
 10.377874906933 -13.257633784594
 3.250749881421  -16.541720489932
