 0.191661371549  -0.710622237146 
-1.663934858992   0.605656851046 
 1.202996778486   1.448567241450 
-0.289704106366   2.026195407806 
 2.508004508184  -0.476428843836 
-0.730212001248  -2.566234900197 
-2.372872953260  -1.842702818961 
-3.250011976388   0.296385776881 
 2.071431594975  -2.569696065349 
-2.525616538356   2.186867462184 
-1.057695314849   3.421445425317 
 2.516561945017   2.678262447585 
 0.065454062503  -3.889669564154 
 4.010034919673   1.201709727106 
 0.526518441922   4.399772579861 
-2.458793855849   4.084924585404 
 4.830540208488  -0.334806452662 
-4.255501353044  -2.445650892822 
-4.766063408640   1.669892810361 
 4.845461131346  -1.919557081809 
 2.686369751575  -4.489896513079 
 3.696537926207   3.733178672143 
-0.689775022504  -5.234952536569 
-2.702916911447  -4.709847575679 
 4.269468981890  -3.367383330015 
-5.380128401245  -1.075521725337 
 2.625310384534   4.865523177892 
 5.256318994332   2.173119498623 
 1.593754859063  -5.571505505832 
-4.220060549312   3.975743855816 
-4.194267856762  -4.217667862843 
-1.062761183068   6.209997546021 
 0.818429878171   6.263539480873 
 0.336478605003  -6.446249138429 
-5.583809801318  -3.527699637616 
 5.164861336709   4.278438688357 
-2.617972581809  -6.236313366862 
-6.722222330327   0.986510506883 
 6.525246339206  -2.168748067746 
-6.420020599407   2.555530794273 
 6.931472613124  -0.198629682831 
 6.729580825377   1.802824647150 
-2.581114081824   6.660451225510 
 5.759165480682  -4.257791297534 
-7.015457569802  -1.772017302711 
-4.283483335764  -5.843830136143 
 2.407446380422   6.924972024639 
 3.787510915429  -6.298778818276 
-4.008137557256   6.170614838061 
 4.089572779799   6.243403830165 
-5.637673822972  -5.090441764136 
 1.999272625889  -7.360791841497 
-0.553433048681   7.650479729296 
-5.714059168517   5.234917199252 
-0.129952635534  -8.029945216360 
-7.294257233319  -3.413014492507 
 5.533564848296  -5.857832762336 
 1.205242570534   7.968825478709 
-6.915879195683   4.252230811047 
-1.915038975633  -7.892291804364 
 7.584016287448   3.183492014323 
 6.754332799701   4.829850275401 
-8.342188166173  -0.573104527416 
 8.318228341526   1.472052192588 
 8.521883554878  -0.888592590055 
 7.805947084657  -3.694234110928 
 3.524536195237  -8.016120275326 
-3.530187018391   8.055923225801 
-8.610011129451  -2.519570137930 
-6.962418031859  -5.855556257745 
-9.003089095052   2.225018808345 
 6.602261200760   6.554049528249 
-0.619027492175   9.286253150178 
-4.373640350943  -8.295835084118 
-2.260884350716   9.101997366540 
 9.056270645499  -2.443974168475 
-7.432728911863   5.779286178216 
-1.573632448901  -9.370330567127 
 5.467560373004   7.811974401212 
 1.303058444364  -9.476936705495 
-8.632505892368  -4.165272300372 
 1.439870080596   9.513904019113 
 7.264499701846  -6.381849926505 
 3.556709063087   9.042800280952 
-9.701125229757   0.641466890290 
 9.731785782085   0.089341196166 
-3.137451343784  -9.213632896325 
-6.409192025177  -7.367669149449 
 5.271849327031  -8.314079717651 
-5.110688458106   8.513492604785 
-9.914957972010  -0.872111285132 
-6.512736267817   7.643783080957 
 9.516132770096   3.299342816174 
 8.786062322628  -5.299343390070 
 4.106488521805  -9.422333105743 
-9.626518643114   3.621225080042 
-0.048001007740  -10.312450149120
-8.619090351515  -5.673125816691 
 9.150608819542   4.814378986059 
 8.400910379177   6.229871206447 
-10.149426383017 -2.557867655119 
-3.739584867909   10.043775118074
 7.468201471224  -7.897470270628 
 4.999634914127   9.692408640024 
 7.686030952196   7.737693220828 
-2.321293314735   10.752936701613
-4.452845797644  -10.108904832460
-9.795386151287   5.231756597375 
-0.574001741633   11.128974029282
 10.566646549649 -3.734422454292 
-6.409585214104  -9.217149404497 
 11.126275134161  1.506695556113 
 3.314487152249   10.764297052218
 3.110547115399  -10.885518968165
-8.805483092518   7.216849659631 
 6.489928170782   9.355755940010 
-8.065441892619  -8.120105962303 
-11.403659490867 -1.569793447480 
 6.452174154664  -9.553218609521 
 11.545490893070 -0.648844133201 
 11.351684833481 -2.288972858868 
-11.319367208283  2.444025649537 
-9.435711234360  -6.966985808120 
 10.497485648568 -5.242652157881 
-1.911000743542  -11.584190223992
 0.858991011502  -11.711197569431
 11.328683178680  3.569840788789 
-6.098139134353   10.239433651467
 10.956208784079  5.051965867072 
-10.844628729717 -5.350984473402 
-3.442413220918  -11.653582329623
 9.942946644609  -7.088944356638 
-11.812997451787 -3.265973357040 
 10.327507478116  6.701597488452 
 5.070882988738  -11.229907220531
 8.336112206445   9.167942632642 
 5.414994207084   11.194099493582
 1.612559943561   12.354723096815
-8.920663062289   8.719458463104 
-12.461149363106  0.723903241563 
-11.312907865543  5.359980337815 
-3.142508040748   12.132543573453
-7.454266072430  -10.438529901496
-7.989360623276   10.053216051817
 2.810002549663  -12.597978327245
 8.563678943465  -9.724979158787 
 12.985021783060  0.020477429749 
 12.894226340012  1.898532647096 
-4.953621314692  -12.066775606675
-12.442348798915  3.995918291187 
-0.365757395534   13.072937115227
 10.055327511169  8.384422325401 
-10.866470537024  7.321949463841 
-10.217462790391 -8.294927460376 
-12.942718482875  2.527819312176 
 12.284098607750 -4.824713708565 
 1.360411261867  -13.133928558617
 6.692986851188  -11.402729031975
-11.170354067657 -7.081866986626 
 13.188695768348 -1.553809705746 
-9.254988373528  -9.549280402782 
 11.443507093702 -6.889843009899 
-4.818827343174   12.477394910093
 12.962694983545 -3.345897499151 
 7.589748402514   11.076876734083
-6.330675950865   11.856242801737
-13.368354117841 -1.403354733201 
 10.123420335108 -8.879427831464 
-0.390787215514  -13.492057742056
-3.021184516545  -13.323683674976
-2.375107080628   13.529744313241
 4.210800834345   13.082392606805
-12.619726432784 -5.563988215804 
 13.302857546198  4.203704756908 
-13.954382737642  0.512382368222 
-9.892871401745   10.031184504972
 12.788904926171  6.162181662584 
 6.101824462243  -12.886837797081
 6.643362305853   12.700704290443
-7.830459883831   12.013370606073
 8.763615460084  -11.452343426770
-6.713911985754  -12.765543268986
 14.401916871988  1.564098131625 
 0.458836954240   14.483035675424
-4.991107675896  -13.612022663358
 11.692324936772 -8.684565714192 
 2.685486649471   14.336619111216
 13.831177068959 -4.640508743500 
-12.076537452638  8.215884759283 
-14.457199470957  2.261630723893 
 4.540953939403  -13.956118655944
-9.249723662893   11.400867132594
 13.148754241858 -6.591210416838 
-13.922521348310 -4.766610770450 
-14.106149310628  4.407861508316 
-9.242327027861  -11.549731079009
 11.595592182963  9.191394918597 
 14.502064053894 -3.156938587652 
 1.145460090611  -14.806924893280
-1.473166988767   14.784857795149
-6.406885950385   13.471838258960
 14.965770969948 -0.344001081195 
-3.581397275963   14.596731286448
 10.338268309704  10.920964002428
-13.376500902779  6.955093296036 
-14.727296336705 -3.237003777043 
 11.022729363245 -10.444565671162
 13.022193876199  7.837238322980 
-12.526271565675 -8.700272651694 
-15.244205210144 -0.864110617160 
-2.892979053659  -15.040684591905
-11.588124401409 -10.042779968890
 8.112236741551  -13.018856084060
 8.848607316676   12.531071068773
-0.752665103307  -15.434675573144
 5.750884567058   14.347397678296
 3.088014463116  -15.157868778305
 4.317081325329   14.855738989245
 14.803424173239  5.005424514342 
 5.975613965481  -14.524646521717
-8.447197068235  -13.248419755719
-5.275843010286   14.903471060960
-11.498870570239  10.982072537734
-15.839789517458  1.543582660488 
-13.955717015158 -7.654703012420 
-15.536653924979  3.503884444434 
 7.997053972157   13.837596138094
-7.983810675280   13.850785855835
 0.226703794626   15.988394320610
 14.547894326943  6.712034008146 
 13.133397044472 -9.201277496917 
 15.948600780000 -1.859668919501 
 2.660636293211   15.855385637547
 15.096780022998 -5.589412732739 
-9.425654684404   13.057239150204
 15.825823732881  3.444440104671 
-13.227298840539  9.394382717917 
-15.336463859180 -5.627073313369 
 15.865558523259 -3.945693916322 
 12.985604415114  10.062620994075
-11.106255077200 -12.227632119126
 0.531510423592  -16.519747871950
 16.468309549802  1.595949744160 
-16.463427485944 -1.947537764146 
-16.613421585536  0.208616180805 
-14.495955526098  8.299968504612 
-3.244211996018   16.463438933595
 4.648431155170  -16.143795680670
-1.556721175981   16.742209538257
-15.829134466562  5.791400551182 
 2.060578210498  -16.731449011583
 7.110779322434   15.284777885817
 8.622208284663  -14.494843259720
-3.435018553876  -16.518828645851
 14.853547425426 -8.158319510726 
-10.210832686494 -13.544185451545
