-0.168735696306  -0.166991246038 
 0.766813766418   1.429812698367 
 1.564607937460  -0.926750892656 
-1.672839090993  -1.195476199233 
-1.317531044965   1.972785995696 
 0.127458440862  -2.414004727380 
 0.545066944804   3.177814954255 
-1.949971615847  -2.674938106851 
 3.218895486523  -1.277176437362 
 3.354572111617   0.929815988244 
-3.327994430300   1.142332840113 
-3.504852631412  -2.032874846684 
 2.354564460289   3.455941343021 
 0.769852430127  -4.139254378505 
-3.085756460089   2.961525602279 
 3.043573435356  -3.132646215638 
-4.638065193690  -0.030973065750 
 4.650878542894  -0.475061166719 
 3.989954121389   2.596398454416 
-0.033445517619   4.815863795172 
-1.315207726529  -4.791516195995 
-1.840656942458   4.662130110918 
 5.278125901563   0.888759282783 
 2.297497615759  -5.011757438742 
-4.903388079773   2.587135210995 
-5.243847394443  -2.098826280249 
 1.306681259940   5.714914769465 
 4.952516519341  -3.232895856215 
-3.741473327427  -4.602077511549 
 0.219903169768  -5.956412364251 
 4.035916438359   4.408486333447 
 5.706639940783  -1.792063494924 
-4.561039639879   4.321300267633 
-6.349587633615   1.510126590664 
-5.526926156479  -3.574459710245 
 6.762546790719   0.343269321364 
-1.917510251026   6.505679083074 
 4.766897080817  -4.865623844233 
 6.022594466686   3.549872128324 
 2.240877687738  -6.639097956739 
-3.842909425685   5.881921865888 
-3.520055662449  -6.100477868289 
-1.396370903385  -6.932478457089 
-6.427520400887   3.068473922968 
 2.693714033216   6.606147105303 
-7.235226270803   0.167964000594 
 6.477223542576  -3.256051130284 
 1.076567021012   7.295230161787 
-7.344740439594  -1.638854794360 
-5.205219201457  -5.617491346051 
 7.605784473216  -1.411951815072 
-5.382399009201   5.632357233482 
-1.078112800933   7.805160475222 
 5.369588724763   5.883842421195 
 7.680401856122   2.176413685375 
-6.717397133702   4.652039613558 
 0.896858370412  -8.185808139879 
 4.348947585377   7.007386072535 
 4.785715147265  -6.726292860902 
-7.975195906549   2.459467164668 
-3.750627200680  -7.584747950365 
-3.723955207987   7.703988198144 
 7.659395219139   3.851922792101 
 6.262860177489  -5.923034184894 
 8.245713974192  -3.132353409118 
-6.778327750745  -5.693852148452 
-1.029598277335  -8.891474204981 
-8.916814224650   0.879795512707 
-8.512952075811  -2.903281541695 
 8.960709224702   0.813289969127 
-7.867933936626  -4.381320651010 
-5.554179939705   7.217813691328 
-5.636277472342  -7.302028353675 
-9.184778525021  -1.040544649239 
-2.853516639775  -8.838129335667 
 7.585341036319   5.587641249894 
-1.170347861793   9.454919983625 
 9.152618438411   2.742205592969 
 2.928563252612  -9.203690929483 
 7.908868608864  -5.583135850086 
 6.761340662954   7.017654411978 
 2.473583898249   9.438580919942 
-7.028283314330   6.768619805430 
 5.475970257311   8.213880647778 
-3.200194984133   9.374166028712 
 4.142394991429   9.068081846282 
-4.421738903534  -8.969337563218 
 5.244314472015  -8.567887024964 
 10.041935019769 -0.315486836905 
-9.797777161109   2.239797920205 
-9.287088785083   3.966275118301 
 7.190411402139  -7.300823823676 
-8.472542351971   5.878583212040 
-7.794976799196  -6.813233161164 
 1.113224942678   10.309331355438
-0.427194885481  -10.386416484929
 10.138339891343 -2.400281555652 
-9.348154740705  -4.842671506959 
 1.610130548609  -10.409134888577
-10.476613041956 -1.832167027151 
 9.831650356956   4.410317923124 
-10.251673147497 -3.407920674130 
-10.814461866775  0.967049809010 
-1.927067986670  -10.778069218581
-6.134099794669   9.140448907536 
-7.239860236533  -8.337121831827 
-2.421599953296   10.829470396949
 11.134291639911  1.030460513151 
 8.121311223911   7.743372816799 
 3.900698248468   10.566738667508
-8.628074742836   7.531039090092 
-5.817193391171  -9.867711741664 
 5.639360247094   10.034212463714
 10.675837690162 -4.366062184925 
 11.534404666251 -0.610212030973 
-7.611400792497   8.774352013826 
 4.041168290900  -10.894259523209
-9.711824407721  -6.456213883628 
 0.275314173915   11.699025513134
-4.306267928754   10.887966285623
 9.478043210143  -6.892978860740 
 6.278578311208  -9.950665350741 
 11.334686216955  3.236494817544 
 2.658324710269  -11.501564469150
 9.672709230704   6.779000158610 
-10.881585898362 -4.934991120121 
 1.160558068137  -12.032535344700
 7.828398222026   9.225480650106 
-11.856103773196 -2.642352002076 
-12.133030217341 -0.739732793543 
-11.887177556738  2.753256220598 
-11.513669752021  4.319896498834 
-10.786612183398  5.935712789962 
-4.424207785600  -11.491825617409
-0.356474614318  -12.387678523290
-9.260274167845  -8.365252992843 
 11.321897678298  5.384116938737 
 12.375188021018 -2.505395003419 
 2.879524531847   12.365706923817
 12.718260319648  0.535082046456 
-2.968282401718  -12.400630161221
 11.281065271201 -5.969732563675 
-7.631450967252  -10.264444752244
 8.514428289284  -9.599680347684 
-12.943157613308  0.718403238061 
 12.954411541448 -1.114196061903 
 12.796366928566  2.723553715038 
 9.813500567111  -8.768410811828 
-10.800307388190 -7.632859979580 
-2.004015567036   13.091795916673
 5.090346169377   12.254840001467
-6.998915595262   11.300397946402
 12.477410880195 -4.703788645630 
 5.060918328387  -12.436809074126
 11.198409360246  7.698883664487 
-11.012621941007  7.987762388286 
-5.792151089597   12.321632428122
 1.734002955442   13.510167104517
 8.373559266166   10.761771861855
 0.986824919974  -13.680179977108
-13.607990388684 -1.831856680215 
-12.809517065694 -5.019255997371 
 9.761084289601   9.752597218690 
-9.405382669823   10.134521463775
 2.901965401991  -13.521625613688
 13.086482864441  4.490467343497 
-4.432897602528   13.110674990143
-9.239080608374  -10.307449897127
-13.556688972961 -3.370725671424 
 7.021645838685   12.185166339852
-13.670828434315  3.327895424167 
 13.989005121962  1.638122668167 
-4.977578257834  -13.177107721176
-12.498867372371 -6.660271389367 
-13.033848052388  5.858762540334 
-6.659751212364  -12.656060654176
 0.312370421954   14.335732546352
 7.872120317941  -12.020375485994
 6.534406671315  -12.800018576960
-0.509826417909  -14.386192077369
-14.413277715021  1.186666382096 
 3.311869929096   14.110000088791
-8.063275313179  -12.055201818448
-14.507065147582 -0.506220389538 
 11.800160066216 -8.544811427235 
 10.309630902890 -10.433045644019
-8.514049996128   12.046010329328
-3.112368619230  -14.538972694297
 14.765313388318 -1.856793507765 
 13.666957613177  6.062360041202 
-11.244064175505  9.902828756273 
-1.573370986996   14.920139190493
 14.701152932962  3.056828707936 
-7.327702473892   13.150170815744
-12.571815909223 -8.425332545951 
-13.230940040961  7.348872631808 
-11.095204898446 -10.375443497249
 14.787928621281 -3.553956686605 
 13.238976712785 -7.542020102949 
 1.168748062012  -15.286431984209
-12.495107214612  8.903435373171 
-15.190063034796 -2.159980507828 
 9.371879058770  -12.155325175849
 13.047421705187  8.117120048568 
 9.123320515721   12.463799418838
 1.418581180969   15.394480800437
-5.600134309211   14.457712541123
-3.192401496897   15.185602014144
-14.836969323296  4.610058190519 
 15.605030184253 -0.409687662618 
 6.168045304580   14.385350028987
 5.589209928869  -14.639513385125
 8.027841446629   13.527332980470
-15.090516072829 -4.449384021111 
 4.074222425794  -15.199217383852
-6.418463768286  -14.392015239700
-7.793032546369  -13.737671556055
 10.845030596501  11.596247327504
-14.635551617144  6.212641165126 
-9.693359396137  -12.663026747098
 12.303134708614  10.189023475390
 12.242121566668 -10.274447854024
 7.337796182747  -14.206360344296
-14.209993495564 -7.419579661076 
-15.956829848822  1.598215577486 
-15.811012807142  3.343547537514 
 4.852932884694   15.418513343144
 14.812597825507 -6.517093621508 
-2.578725162778  -15.981906300783
 15.442876915870  4.982546921911 
-4.403269363604  -15.637529898996
 16.154292337190  1.978700456382 
-16.313821809659 -0.368141695138 
 13.585866706766 -9.108137385154 
-8.619418945998   13.959442721675
 10.921100184612 -12.261273606331
-1.040576388014  -16.432238119448
-12.850850105384 -10.347961391044
-1.734093625930   16.422667248104
-11.085386872262  12.287339834417
 13.735011649775  9.492113847890 
 16.542371753130 -2.259081047894 
 16.279194203149 -3.764427989266 
-15.606852106238 -5.980666031419 
-7.386299167379   15.003986397392
-12.484604609237  11.147359039431
 2.165083141501   16.758087579057
-5.933561615229  -15.857468493016
 2.358055195728  -16.777335052712
-14.116722210392 -9.378972597021 
-14.283727929139  9.170396244360 
-4.118872204034   16.476753914403
-10.233621092591  13.567724781276
 14.835352579913  8.305849329698 
 9.814780297589   13.887759579812
-0.243346960804   17.006019178248
