 0.833027949061  -0.175711251773 
-0.412380655106   0.838722834337 
-0.835348632954  -1.472056556373 
 1.437468639729  -1.877525568451 
 2.364584932997   0.598151623934 
 1.543998883736   1.896110295217 
-0.242380161534   2.475423831327 
-2.624758509749   0.210152957787 
-2.472067394497   1.875554298977 
-2.693347769926  -1.824598976701 
 0.994394636240  -3.375907740449 
-0.684468726205  -3.566343485987 
 1.255828555570   3.423050688362 
 2.900543777423   2.724157821516 
-4.035890189447   0.911457471004 
 4.194306739122  -0.957863999533 
-4.223391918522  -0.951568633458 
 0.167423891685   4.772177533831 
 3.465052721853  -3.314540094022 
-2.108337029085  -4.349569899691 
-4.223524699122   2.475607272826 
 4.917620032597   0.736747045940 
-2.454671790770   4.358371387856 
-0.409216185692  -5.263912841595 
 1.738135060705   5.005382526413 
 3.514987680863   4.273824208172 
-3.876256577002  -3.984055875136 
-5.486557701133   1.471723093806 
 4.721085546199   3.377536863302 
-5.192523884823  -2.602115926013 
 2.198874750749  -5.470206168790 
-5.993833856330  -0.119439632535 
 5.680349722261   2.038281208585 
 5.650346017013  -2.190871472305 
-4.938551606999   3.835435811404 
 0.847345643548   6.258489520610 
-3.826067836234   5.061470112033 
 6.418003347529   0.153536191688 
-1.745926007266   6.344626428900 
 3.160337305603   5.927600640630 
-1.051628799335  -6.656248152949 
-6.560017813332  -1.597891458065 
 5.681667940084  -3.735683929305 
 4.517938184174  -5.207872710499 
 1.113110928439  -7.026761056954 
-6.566745664729   2.966314518932 
-7.365851407591   0.747703488770 
-6.555858861431  -3.443661088523 
 2.101771963120   7.144511749831 
-2.712132532365  -6.977971557346 
-4.564480722467  -5.942092989692 
 3.381345077169  -6.717606176405 
-5.811974353869  -4.794117551701 
-3.322749998955   6.901947737988 
 5.227317259591   5.631797051826 
 7.095536976540  -2.987865174173 
 0.171526815643   7.766706377102 
 7.687408944637   1.604701343264 
 7.438463231675   3.186105303433 
 8.076960610972  -0.645259971659 
-5.031027908700   6.364721867886 
-2.113993733972   7.943835783371 
 3.995804687774   7.186010446769 
-7.116967873839   4.373135071503 
 5.224755490825  -6.768842972754 
 8.393691450933  -2.151638457285 
 2.237071644794  -8.384918912166 
 7.203116896881   4.951841067981 
-8.074319305001  -3.380583383589 
-8.621802702225   2.115636613209 
-0.629578057440  -8.890400850070 
-8.960799094470  -0.217370306028 
 6.793946047797  -5.995959541352 
-7.393514094500  -5.332279721569 
 2.505360372249   8.770579039572 
-8.938828342341  -2.060956443786 
-5.637453397971  -7.296856954943 
-6.884003756262   6.224779113185 
-4.414240891042   8.164899713294 
 9.332836985947   0.796301500227 
 3.937401188090  -8.531431148276 
-2.922618284416  -8.969815751669 
-0.003827258555   9.516409808622 
 6.908068539603   6.782475963626 
 9.246422416528   3.174260834468 
 9.753312218120  -1.127996100661 
-4.621423604662  -8.681261882588 
-7.085132068934  -6.856461594972 
 0.899949640169  -9.862573680911 
-8.945549930429   4.622464250416 
 8.964574553496   4.671134890579 
 3.903294485609   9.386034461028 
 6.321124150233  -7.964582977052 
 9.119200126519  -4.742424993070 
-9.820085111040  -3.433923834625 
-1.217225206865   10.434287259359
-2.711960369610   10.165574520477
-6.362822735661   8.436782819532 
-9.276688528270  -5.168078157750 
 5.421921892969  -9.222159682578 
-10.769667419362  0.317639136459 
-10.149520480437  3.681904591525 
 8.540085793429   6.679773730816 
 6.217568064059   8.889557355567 
-1.864930413957  -10.762677734839
-8.425531941998   6.959836407630 
-10.797495001619  1.824354840964 
 10.691676017436 -2.381197210600 
 4.222178808218  -10.128598081351
 2.003488471028   10.835879462063
-11.056527219723 -1.162941569135 
-4.664564960536  -10.205343315530
 7.657269283174   8.216935027369 
-4.825106015630   10.204687895605
 10.887977423799  3.012260311841 
 2.456846333900  -11.101698758311
 11.397586153534  0.384838733440 
 3.504078928428   10.885592949343
 0.063818179807   11.447951445963
 9.186917035161  -6.854737950641 
 0.959723645518  -11.432433314239
-7.763980140564  -8.447085017721 
 7.725888350097  -8.496997332224 
 10.026175274184  5.759092179722 
 5.085351604747   10.532419555554
-9.826574744303   6.414138953409 
 10.522857016662 -5.381380646935 
-11.385374726763 -3.292081994932 
-9.371599076530  -7.571085027210 
-2.865771272794   11.737303655037
-7.107886031374  -9.912176948763 
-11.213124473041  4.867284929119 
-6.345615274358   10.508174496557
 11.650043300148 -3.911973152519 
 6.453197479517  -10.479368073256
-8.865261053844   8.559481988658 
-11.888383296513  3.398841875083 
 4.105083695416  -11.695350055664
-1.483884199118   12.370366545555
 2.547769199479   12.269892602757
 9.345941901840   8.359228711579 
-3.449304335858  -12.084787161113
-12.544528669710 -0.831986448943 
-11.761194911819 -4.793084172533 
 7.675350312437   10.134279862230
 12.745743370742 -0.287943740305 
-0.147170833344  -12.762090162135
 1.954445989520  -12.618721870533
-12.681251280061  1.589540147155 
-6.109841046193  -11.249872733972
 12.210642446418  4.130694809812 
-11.091721942335 -6.682346363669 
 9.756107837883  -8.585232042269 
-5.628231024313   11.836753114596
 12.978216132237  1.852182779596 
 0.459910143281   13.139130857710
 13.119084262090 -2.171916634645 
-4.226104753911   12.724235700444
-1.552609556504  -13.336503624638
 12.240750701999 -5.525721529504 
 11.373025157767 -7.173436925655 
-8.667686627222   10.297099869196
 11.870644213422  6.345958436641 
-11.964216190591  6.275442491972 
 4.324411541217   12.858691653100
 8.450224077956  -10.622920915782
-7.572940630322   11.408162563879
-11.406010872495  7.669983228174 
 6.899018005711   11.941979853463
-13.297952345743  3.919613313481 
-9.136458893554  -10.505340856368
-10.856828882871 -8.721882741774 
 1.888238948138   13.824906541533
 3.811621150238  -13.451657659015
-4.577015306176  -13.225221959593
-1.500399552067   13.925160822765
-14.013329932334 -0.103773215994 
 6.885459260731  -12.241502919653
 11.573068770132  8.080242644037 
-13.901198825026  2.510762234559 
 0.420877492595  -14.172199824198
 9.462645447192   10.571415647058
 13.765522533742 -3.902373539548 
 10.063620536991 -10.355681670102
-14.405740533576 -1.593696131826 
 14.509893438778  0.383230977650 
-14.243774461625 -3.214883025936 
-6.075756053360  -13.335225463499
 3.673742111019   14.230146385240
-12.649393065311 -7.487260080310 
-13.781326877197 -5.366608402667 
 14.001668910569  4.879299779677 
 2.602575736821  -14.614923594239
 5.440763481331  -13.826617013464
-0.931470079313  -14.831989466265
 10.927865559743  10.126340670144
-10.701555805150  10.427147414766
-8.285778420917  -12.506370539188
 8.799074063744   12.165989901912
 14.857396960812  2.464879591907 
-3.575119645702  -14.659053531219
-9.433355188054   11.798938604015
 13.320777513815 -7.150445581498 
-4.538152375141   14.453785421825
 14.900716846398 -2.895253948601 
 7.346349659984   13.416788760552
-3.101144080154   15.004333691102
-6.823592502550   13.769108953393
 1.014957904763   15.340780187673
 12.086880404863 -9.641595712199 
 13.815285888576  7.080744134849 
 9.932666210937  -12.027686680771
 13.149541354786  8.474594830550 
 15.629176844744 -0.737899870393 
-14.631552724770  5.654280388274 
-15.567453742877  2.020430284214 
 5.122188862961   14.894318036640
-0.719997036149   15.820193562220
 14.543130625667 -6.276713610873 
-13.855761267404  7.791700432565 
-12.411557901368 -9.957661949034 
 10.406752849284  12.135570422265
-5.529062273968  -15.022195422754
 7.825285259060  -13.998070267163
 2.722838708151   15.804511669342
-10.015578149917 -12.530590901359
-12.863558065064  9.632692026742 
-15.584621004782  4.067092884524 
-7.321990275237  -14.346981638934
-8.349477633174   13.804366185303
 3.789174429689  -15.682588915260
-2.589024539397  -15.956299481485
-15.282701199265 -5.365200294068 
-14.313271517624 -7.631733200636 
 13.485402417964 -9.018275134673 
 1.931601213472  -16.115513185914
 15.677500337004 -4.315254465622 
-16.177045935100 -2.203107125190 
-16.323385779726  0.598419764540 
-0.185740362329  -16.337358610715
-11.557473954051 -11.668172795186
-2.290341046433   16.287419336749
-6.217395915765   15.311265810625
-11.098164762154  12.353960893865
-16.144465555112 -3.910429072826 
 5.740754667899  -15.588751436592
-8.967656503219  -14.019074426708
 16.502746047425  2.279802712014 
 9.474258466169  -13.705498978561
 8.568088279751   14.344652635661
 14.804012204094 -7.824028844293 
 12.211448283498  11.464274925714
 13.496443622420  10.009206671169
 16.829961281834  0.272638422563 
 12.390616396200 -11.423370283572
-13.914841795350 -9.536130759385 
