-0.549803292177   0.582453505074 
 0.918300708655  -0.814483156178 
-1.650728122001  -0.436433236361 
 1.724398751371   0.489189685633 
 0.404519260089   1.806382513210 
-0.456935787319  -2.276584207206 
-2.626865121369   1.013346383206 
-2.133619822957  -2.284731395710 
 3.090910980062  -1.223116575865 
 1.071473528867  -3.186117830460 
-1.888560407168   2.810236926051 
 3.681402741904   0.478316877621 
 2.998925053126   2.423299838276 
-0.763868531110  -3.824692412326 
 0.222632117425   4.002804243333 
 1.821265847324   3.727578425791 
-3.889508800851  -1.955279020000 
-4.358181002022   0.379271864888 
-3.620787130833   2.463071256272 
-2.394786520411  -4.063021495366 
 4.090329015246  -2.867150297452 
 4.945396084231  -0.718575436952 
 3.012371556013  -4.114611725323 
-3.218782815616   4.049178020783 
 1.616958472268  -4.941731514387 
 5.201326526796   1.009758826623 
 3.142144578556   4.571531930962 
-1.084442152612   5.557978436798 
-5.647277816467  -0.485282082105 
-5.192251570795   2.461620712352 
 1.982822265816   5.524620902464 
 0.430561886320  -5.863239027430 
 5.199808940182   3.140355940158 
-4.196831158017  -4.407058894203 
-5.764087912222  -2.048190363310 
 4.580015870524  -4.424248033104 
-1.238073487524  -6.339272405847 
 0.764942554973   6.487085546625 
 5.931023049946  -2.876907045960 
 4.741789724292   4.581035734466 
-6.501350543620   1.242664189062 
-2.865929416430  -6.127556254878 
 3.329551899401  -5.899896285377 
-5.741010223294  -3.929354554721 
-7.147782219043  -0.823275253428 
-6.421133397858   3.353405349564 
-3.413884013093   6.485667246609 
 1.440982273152  -7.225057566376 
-5.242298206155   5.222185076067 
-1.304663588737   7.329517783249 
 3.417037431029   6.706073328167 
-0.042814581040  -7.531129856330 
 7.516916582630  -1.285189211791 
-7.038796457092  -2.976427789295 
 6.106611962079  -4.650180090120 
 7.376826685046   2.411713777429 
-4.639164310964  -6.238627495478 
 7.757522754151   0.593625171812 
 2.031746490296   7.599755650139 
 2.983614756174  -7.459558540604 
 5.304995818645  -6.264814418117 
 6.844290173203   4.780797297596 
 5.730693692644   6.194655880030 
-8.037169398955   2.731768230698 
-2.786795754252   8.086322361399 
-7.178253847878  -4.755739851486 
-6.205830156239  -5.986513069571 
 0.875552224039   8.601603644609 
-8.744809417830  -0.327519206796 
-8.676811638190   1.180952550331 
-5.687261420507   6.663937632369 
-3.304112963327  -8.133960056779 
-1.392109120225  -8.690390862754 
-7.529820104604   4.736362294421 
-4.425495080272   7.723431333396 
-8.759684663703  -2.357978698677 
 8.687473981485   3.181631957236 
 5.255239148744   7.631869636932 
 8.673498337667  -3.614024498460 
 3.772807769226   8.646512295787 
 7.531902251256  -5.742675350514 
 4.067760367637  -8.616848202393 
 9.384547665416   1.712947352714 
-5.944421966879  -7.509698469421 
 0.022258126825  -9.600605487544 
-1.819415956332   9.547420188526 
 9.714610231987  -0.837819618062 
-7.229365156376   6.622348746174 
-4.824181349093  -8.541359732992 
 5.661308836144  -8.054782209324 
-9.096637761990  -3.840436418052 
 2.005052000143  -9.706527740826 
-9.150166409394   4.125588914893 
 8.391579811716   5.530612371940 
 2.220215410741   9.935547099625 
-10.225107181894 -0.080768055505 
-3.223451244572  -9.704611164091 
 7.463425622139   7.049585810991 
 10.010252318570 -2.728008215699 
-5.403410464886   8.870038771337 
-10.042496972555  2.905269374443 
 9.633000678750   4.391226489507 
-3.234408912603   10.101983784875
-8.850096354664   5.924739088332 
 7.735133688035  -7.337812167625 
-8.679617620683  -6.225554933760 
-1.703543057103  -10.624887455019
-10.651853290636 -1.605460615547 
 3.761799412254  -10.159803309065
 5.609429441949   9.355220600273 
-7.009858905303   8.495989282356 
 9.557040554048  -5.527688364299 
-11.034182049670  1.221071718543 
-0.575380257916   11.106837262443
-6.728742040348  -8.857815098556 
 1.239050351320   11.076858530406
 11.147618523718  1.742754047817 
 4.214284434748   10.642921138743
-10.219009492331  5.249274103891 
-2.244493276851   11.278309916606
-5.409228815869  -10.163576048880
-8.476640524445  -7.859882442597 
 0.470093906569  -11.603925989871
 6.274457236580  -9.837263820505 
 10.799255454964 -4.492133428346 
 11.729993456717  0.163067517372 
 9.479193755988   7.036523654151 
 7.157420315285   9.423380296387 
 11.655500238880 -2.168917720837 
-11.990202353316 -0.056481449532 
-1.137749771782  -12.065472645625
-11.471858604782  4.063454605787 
 9.080327344785  -8.283124964068 
 8.003411261011  -9.331554505451 
-11.612947288688 -4.052326986903 
 11.901235016083  3.201959674775 
 5.827719186858   10.911183805010
-8.769902757691   8.727663253817 
-6.131276554378   10.790904058273
-11.038633878180 -5.747663257739 
-4.801272217068   11.540942975999
-12.329984270862  2.175841090720 
-10.218984402704  7.274705367829 
 2.746284628660  -12.269093990363
-3.153017440698  -12.174886986457
 4.257702154965  -11.846431991599
-0.287059681561   12.622493308018
 10.973244226699 -6.313102560836 
-7.412894650880  -10.333596609655
 12.744642296988 -1.082296454680 
 3.615386491470   12.341516235680
-7.977578186382   10.199048595202
-2.899119806404   12.701961558289
 0.051528574015  -13.183064766040
 12.360701366101 -4.607503156367 
 5.822165086165  -11.850167717025
 1.643012353994   13.113356872746
 9.480146849948   9.381489365816 
 11.922047538298  6.009865229035 
 13.359566795388  1.046972550039 
-11.218155555228 -7.368958171192 
-5.251487317019  -12.353303174478
-9.720744539465  -9.298847599779 
-13.253660477932 -2.497960013477 
 7.713979783058   11.093552718657
 13.305256628836 -2.643647675411 
 1.627240108122  -13.551468861421
-11.712955579729  7.011050062815 
 13.464694825200  2.723949538215 
 9.230301285370  -10.217190817594
-13.723421219254  1.226768338555 
-13.355511839768  3.531647344287 
-13.822603577249 -0.440849471613 
 7.442951295001  -11.706462586213
-6.067067310021   12.569234777327
-10.300360814146  9.473549817149 
-12.992372629644  5.255659285925 
-1.499512141150   13.941946599133
 10.492608761844 -9.380048588983 
 11.451496867043 -8.188709407795 
 5.816587278099   12.844741722977
 14.106935289729 -0.383674585451 
 12.555108979138 -6.525193101010 
-2.293066400343  -13.967664320977
-8.732026413488  -11.142379208732
 13.481966110381  4.719495342586 
-9.442249435226   10.742503651496
 11.903122397868  7.979535224593 
 3.173566104490  -14.037442962463
 4.961189526850  -13.669991042138
-3.163460784409   14.277340956868
 11.211379824087  9.395410248428 
-11.875149500680  8.688319548754 
-13.919612928655 -5.050081045948 
 1.293221107824   14.790505459307
-14.667943057758  2.446987486485 
 13.206087377595  6.839631784917 
-4.801579201281   14.085488556723
-4.969131287637  -14.046665721541
-7.371591488155  -12.989988637667
-0.517484073250  -14.976934153459
-12.096606616953 -8.872150135510 
 7.583762820131   12.955552802597
-8.729447098596   12.236813435458
 7.248541552893  -13.246604222169
 3.856695885912   14.613007029619
-14.726203903664 -3.688973048928 
 15.066889020625  2.224632000290 
 14.756302276562  3.799377572418 
-11.088311130288 -10.513587771463
-7.438916076443   13.367293589414
 8.833071323303  -12.499044200497
-13.586160531766 -7.073415078977 
-13.426569296944  7.435572083007 
 14.549923622970 -4.893695635049 
 15.132344443522 -2.654298856449 
 9.760075887379   11.905158004488
 1.009858670602  -15.384029844119
-15.416335692633  0.479120088531 
-8.961286683252  -12.663872782581
 5.797405370449   14.400056044719
-11.417615987555  10.526560173673
-3.408979932590  -15.171336595203
 13.474667608089 -7.776232279145 
 11.668031094972 -10.343504939808
-15.562451885104 -1.515104284259 
-10.255165607560 -11.816383508099
-14.463216649733  6.201184271354 
 12.873758473057 -9.226601004948 
 13.503510003341  8.324694770758 
-1.752057628750   15.812948998601
 0.312890780438   15.944347711041
 12.736492146797  9.640961155539 
 4.922011527374  -15.227009274712
 15.987391214755  0.908082162120 
 14.747845597473  6.263790558506 
-15.297595808182  4.822760238221 
-10.521642366592  12.160655212104
 2.448362417788  -15.931679945492
 10.651861828375 -12.130175851156
-7.210738077245  -14.509427743082
-3.505838997389   15.821691864662
 7.390800773391   14.446872351479
-6.963959748189   14.821449436324
 12.053829234315  11.096657869634
 8.918779183688   13.786070531203
 15.213260165582 -6.310065527256 
 3.240992750272   16.164844459190
-13.432266737178  9.667644874608 
 7.636826761656  -14.717275143455
-16.273074185591  3.316212991342 
 4.739737622453   15.919906288349
-4.848408677411  -15.942751280080
-13.863839711217 -9.470573246304 
-1.232126786360  -16.747363764716
 16.701148949807 -1.873876696727 
