-0.714284404062  -0.695976347578 
-0.673395454370   0.804727682285 
 0.875244528977  -0.787547287728 
 0.738757856736   1.438924919495 
-0.951830617101  -2.182554267546 
 1.471068519818  -2.207193014808 
-1.626824811899   2.328067146656 
-2.801842233615   0.731359649076 
-2.817716029410  -0.849155548694 
 2.707643018175   1.431210886290 
 0.373296111679   3.070552329361 
 3.355096439345  -0.285193222214 
 0.530961017520  -3.547025143759 
-2.300976091878  -2.893567230320 
 2.534846371965   3.070258325832 
 3.704189273187  -1.899195503491 
 2.333615718043  -3.476882217722 
-3.364914311884   2.867942123755 
-4.369340131678  -1.429367642248 
 4.512873766582   1.082806908953 
-4.759862847220   0.142105409619 
 1.078290574182   4.645776455220 
-0.781000812793   4.730269982033 
-4.648200114002   1.673068425714 
 0.555917869070  -5.151278679463 
-4.401108721944  -3.012070469782 
-1.219141492340  -5.273757745973 
 3.954042690011  -3.839216804434 
 3.409884456881   4.341281808456 
-2.288599321399   5.064667034802 
 5.280956237301  -2.137687364952 
 2.614790402012  -5.104322699864 
 5.423415217518   2.315639353287 
-3.420436830251  -4.807610472127 
 5.975308742492   0.391564333147 
-6.086137184227  -0.943575248284 
-4.358520775151   4.516919702138 
 2.214873797181   5.928014529702 
-5.549970238127   3.124670963105 
-5.954077847612  -2.458384758893 
 0.629867482526   6.452883763536 
-6.473554783636   0.649238820007 
-1.532681479573   6.417282657402 
 0.366243752231  -6.739291797186 
 6.665077312522  -1.463336957242 
 5.595114462988   3.911419486561 
 5.676427342298  -3.820958470357 
-5.537407310165  -4.097696337774 
 4.609269747258  -5.233621854092 
-1.184204232001  -6.931120909777 
 6.860519652745   3.041638502353 
-3.487221310991   6.685651305492 
-7.330107916055  -1.808119522486 
-3.795913055146  -6.577989930786 
-7.738780462560  -0.344669595445 
-5.282203433994  -5.721585265400 
 4.578465887387   6.334018946561 
-7.690993377084   1.558122123648 
 3.630257402267  -6.982237953930 
 3.227799006608   7.216896178607 
 1.424392925259   7.883086459485 
-5.141727787450   6.202240248504 
 8.011151721080   1.371159866305 
 1.862140641105  -7.954628070714 
-7.129186208919  -4.006213937833 
 8.186496546731  -0.758259193673 
-2.507723468313  -7.873822806545 
 7.888268250514  -2.718850488927 
-0.723774199611   8.349297143825 
-6.865993470924   4.886075327823 
 6.369001241023  -5.532426812686 
-0.017530774584  -8.438657162729 
 7.646441785691  -4.307523361148 
-8.286331044783   2.993946099872 
 6.146961045269   6.447591907061 
 7.236716272824   5.223730712366 
-7.077202889404  -5.776298232597 
-9.206734983823   0.933121939387 
 4.982946259977   7.797754385265 
-4.363146920755   8.239894723857 
 5.373207148405  -7.634656913916 
 0.489765769815   9.371687024935 
-6.151495648296  -7.109625600759 
-4.738074809736  -8.154320767949 
 3.246066579249  -8.886604860969 
 9.486641041587   0.430427820771 
-7.037191100300   6.380963322503 
-2.685187274632   9.115267843275 
 8.798383917270   3.673554864991 
-8.720599334936  -4.411703422332 
 9.656740895914  -1.562993187269 
-9.801474974349  -0.643069121492 
-1.680692558984  -9.869501442950 
 1.557086515686  -10.037229736436
 9.481397429334  -3.727789406970 
 1.992287418970   10.034314582723
 8.825635873762  -5.273551910663 
-9.935659586938  -2.764035599933 
-0.143146926068  -10.338964987108
-8.855202927223   5.352050063567 
 6.669206590912   8.009310336655 
 4.948611805255  -9.214013540832 
 6.847854611724  -7.995533892637 
 4.446936636836   9.547577513378 
-8.750345044450  -6.025409850025 
-0.767823739810   10.732147384061
 8.141621459853  -7.066719661010 
 8.855636493060   6.246298664372 
-3.333186579679  -10.376857516985
 3.285248811631  -10.408484726873
-8.036080414121  -7.387144552909 
-6.761406254958   8.610176474072 
 10.681897244244  2.468142478962 
 9.837972472282   4.876818530952 
-10.846463076349  2.211653368316 
-2.373466244068   10.827336788448
-5.359103409715   9.710569464868 
-3.882450557387   10.483931842347
-5.513695201274  -9.738705716029 
-10.323059755105 -4.447154610160 
 10.959116455948 -2.609687224397 
-11.272813973493  0.507289839036 
 1.192261660909   11.412568597647
 6.013025938049   9.867501550571 
-6.956277038930  -9.257970867619 
 11.664422154628 -0.163572626891 
 2.852871822422   11.360957258278
-10.839837094049  4.491749518143 
 8.424052059040   8.169763731119 
-0.506485661018  -11.821772477674
 10.251745550230 -5.987336162255 
-10.047634726728  6.333170884822 
 11.797496340990  1.405650727131 
-4.740935207556  -11.056299427064
-9.227530851622   7.950866908141 
 11.405324395900  4.549016566476 
-9.835500860373  -7.356638505176 
 6.924445457351  -10.274193097239
-12.044762732943 -2.952577381002 
 10.127527631260  7.163000826390 
 11.837284463331 -3.842848481623 
-11.964843628744  3.451063242979 
-12.447253033552  1.499419882012 
-7.681154013117   9.909755314172 
 8.047538094878   9.654921872889 
 1.454123951784  -12.527065126802
-12.633815342348 -1.458924865852 
-3.337223516967   12.292938087351
 12.502830326354 -2.479600434927 
-1.693266501757   12.658346709283
 8.428225034212  -9.617350566928 
 3.861520651649  -12.191537540931
 0.347958034562   12.792210252715
 5.678916526922  -11.513189826992
-6.263274885786  -11.210256050337
-1.878705525606  -12.708779566972
-3.610827092797  -12.356338418838
-9.461941216184  -8.942928408175 
 10.483191817160 -7.925352545423 
-12.046773156598 -5.283453157073 
-6.217428915890   11.612393161966
 11.872519579258 -5.773694651783 
 5.442762023128   12.101901697771
 9.857311803500   8.903017763010 
-0.327198993717  -13.367479724127
 13.382713058416 -0.137060132541 
-9.232129918612   9.701072083301 
 13.312835828413  2.065379477381 
 3.531903161631   13.002989503453
 12.070695618688  6.184653016654 
-11.819071296733  6.710937281129 
-8.554665284298  -10.568069720355
 7.156032728861   11.689191947396
-13.859531224185  0.361331972719 
-13.229439872983  4.357231802512 
-11.400416827471 -8.073935542960 
 13.150621604125  4.767935016437 
-11.054311625145  8.674156269548 
 1.280028503800   14.067604363087
 7.129906190292  -12.213209463690
 8.665001559304  -11.218216379078
 8.948969631551   11.018380774784
-0.726845369652   14.240607025696
 11.704149383389  8.166678623925 
 4.213073344566  -13.667454565177
-14.114814968546 -2.420595149184 
-5.726904363509  -13.134102535762
-5.696763052965   13.188303304309
-12.612881887479 -6.970723565259 
-2.733483581480   14.176289203631
-7.994946459138  -12.123503532228
-10.171926874825 -10.491579809663
 10.119053804069 -10.587894765573
 14.607561043933  1.162284218236 
 0.659580923118  -14.682813938565
 13.603575066706 -5.584552951238 
-14.479275075751  2.711274605482 
 6.662513298099   13.151642527890
 2.200757064915  -14.590344671234
-1.689086148649  -14.660193077689
-14.115943538057 -4.328757420577 
 14.251269111571 -4.100725152209 
 14.909187296276 -0.345918725661 
-4.362025444796  -14.295587282763
-8.861466435837   12.053968903289
 11.031532194095  10.177909406574
 6.271604751679  -13.785053595147
 13.239637672388 -7.370071823707 
 3.732871981789   14.754946462819
-11.612618610812 -9.850226758724 
 0.381324199041   15.353936827356
 15.327082139717 -2.059844377410 
-15.465419070707  0.605731996570 
 15.172006774708  3.160056109492 
-15.454790722094 -1.593957668239 
 12.018461239503 -9.871472519754 
-10.615656100593  11.414226198885
-12.927639463715 -8.842997222397 
 10.662192757854  11.675851449014
-5.318229764971   14.895933979506
-14.620250731601  6.053835941956 
 5.705204979270   14.766889874808
-14.135287018577 -7.163132939450 
-1.085799706425   15.811321287422
-12.566423189334  9.686787394615 
 9.486095701792   12.728154178774
-6.861685495898   14.358401474452
 13.296294671325  8.757365980611 
-13.779074504392  8.026201912742 
-10.495001654118 -12.034916269387
-6.714661902701  -14.513658556623
-8.248246164972   13.763773796819
 14.581255222437  6.743386490116 
 1.286750117403  -16.087793667907
 9.799060417754  -12.865391302571
 2.246941043785   16.041029254216
 4.596707292693  -15.533834553434
-3.264256542847   15.939032314585
 7.710775917354   14.353579321538
-1.505317747945  -16.231110558519
 15.525736016129 -4.974606451194 
-8.552771507219  -13.927067364705
 16.437417806692 -0.594841917698 
-11.886575654575 -11.377698082845
 15.570372877638  5.374662503904 
-4.931022083593  -15.767974688457
 16.602669023796  0.990882791912 
 13.746072668486 -9.401097207577 
-16.388065819261 -3.216336735697 
 11.536171360028 -12.114728087771
-3.536383560722  -16.417875122372
-16.072040617754  5.025103100788 
 15.540746479269 -6.659737682223 
 16.746675038493 -2.741764095861 
 7.515551779996  -15.261934703188
 3.374856599582  -16.677071860680
