 0.775882508023  -0.239166499630 
-0.943509122038  -0.154347781588 
 0.685322786209   1.273272590358 
 0.199501632292  -1.664838451622 
-0.919510787284   1.451719170515 
 2.279919040478  -0.472168264517 
 1.631467250278  -2.359797669593 
-2.909330397995  -0.005853358701 
-2.527476393247   1.579421281122 
 1.336617818585   2.709813397017 
-1.998703047546  -2.360471779263 
 0.048481528677  -3.293670839522 
 3.248378695393   1.216195778692 
-3.358811194233  -1.682869672006 
-1.839059897518   3.529992723464 
-0.063289385858   4.309710533206 
-4.152343848493   1.476182208732 
-1.421598760609  -4.273403300614 
 1.753546184598  -4.233638828643 
 2.704947617972   3.715667028394 
 4.607485441302  -0.411417757924 
 3.898960183500  -2.496817160471 
-4.925562602792  -0.036255420478 
-3.121815100853  -3.823621607830 
 0.441863172227  -5.041213272687 
 4.256971669444   2.861590240937 
-3.473515705899   4.261397753890 
 3.364138034985  -4.438009110479 
 5.720155544750  -1.892811212688 
 2.175381067448   5.650307038054 
-5.922412156606   1.308063717996 
-5.049075922600  -3.368767743622 
 6.134072325250  -0.411139630195 
 0.495256747447   6.143775611262 
-5.289237913792   3.173225111563 
 5.092579153572  -3.605221756463 
 6.106598949459   1.476660564500 
 1.740470210378  -6.054639510378 
-2.866682370158  -5.643113511432 
-1.199847749740   6.227668359411 
 3.727564508964   5.155415692827 
-1.294454832396  -6.320752257705 
 5.741949216061   3.299296482006 
-6.271382249679  -2.315544850106 
 0.266012666529  -6.823816451400 
-6.833269677650  -0.746347593549 
 3.798574497236  -5.989297305012 
-3.077835696611   6.590764040877 
-5.265586841684   5.242415574492 
-7.076828142767   2.273477556298 
 5.404805088974  -5.152362959326 
-7.438175906599   0.772125113031 
 7.446135905975   0.691281594432 
 6.807110578788  -3.176571417193 
 1.822172823461   7.291115574043 
-6.495837764031  -4.125394434133 
-5.607434315474  -5.337205518106 
 7.563634159049  -1.769255367183 
 0.129305658837   7.867440761439 
-7.820444012354  -1.969838356451 
 7.269731504760   3.517881221011 
-7.141459679849   3.973637450952 
-4.347760043226  -6.957705001860 
 2.968618678353  -7.774151338636 
-1.191033678898  -8.255901928147 
 4.069752871222   7.310634189964 
 7.000254621391  -4.713703562556 
 6.630681434005   5.417250488172 
-7.928703773798  -3.598263381694 
 4.498345122772  -7.477762839428 
-2.698449506805  -8.365715068009 
 1.363872071562  -8.754592024605 
-8.865837617547  -0.592909308962 
-3.777452509018   8.084828976497 
 6.308651419951  -6.367060580072 
 8.397232409156  -3.139447307060 
 8.963882453529  -0.320180631936 
-2.264036382877   8.866398991535 
 9.084263960771   1.296637427971 
-8.812787741169   2.929624050357 
 5.920127309643   7.192882439301 
-5.608106766597   7.584440099175 
-6.406550321691  -6.947598554040 
-9.513604587263   0.891656043246 
 8.299088479397   4.789983486786 
-7.756072090627   5.737808015443 
-0.297134514525  -9.770081329977 
 2.972917577080   9.325604468126 
 1.217199122748   9.983199264839 
 5.818356392448  -8.339799517692 
-4.857958500594  -9.034867582175 
-8.092806302351  -6.350340657744 
 2.009429630842  -10.121127515897
 10.200207135515 -1.796441654422 
-10.364750354781 -0.658554474424 
 7.801158259592  -6.896049510362 
-9.309670233049  -4.683718433028 
 9.892496015092  -3.383191879449 
-3.957545304492   9.688709104660 
 9.995953033196   3.108509908907 
-0.292649620714   10.479972095009
-9.992214486599  -3.271768405445 
 4.457573265922   9.781359175251 
 7.826553101775   7.439810189671 
-10.358040461507  3.064440445747 
 9.306221358370  -5.603696769291 
-9.697768758708   4.933292067839 
 10.934209842299 -0.401696996444 
 6.308804586880   8.979324416145 
 5.026410066698  -9.771742172698 
 0.694094796975  -11.025703680961
-3.932091055388  -10.332735727531
 3.490561363553  -10.602312081617
-2.279601147896  -10.939437826375
-5.687353429400   9.621010655808 
-11.110750201276 -2.266912969247 
 3.357801612133   10.863747702613
 11.291665700236  1.365606281198 
-11.332899287136  1.434330961333 
-7.664584033542   8.538770017695 
-7.070154177608  -9.091112755110 
 10.296198783553  5.217574532127 
-2.704391109107   11.224775784299
-8.615179490913  -8.004876734341 
 6.609101685503  -9.815535310578 
-9.828381505837  -6.595408911031 
 8.675185035229  -8.138100817922 
-0.958301410543  -11.869074441135
 9.584714943620   7.105229381961 
 5.827553340153   10.417729224769
-0.917726774462   11.974884495546
-11.206136433259 -4.525623624059 
-5.048874211514   11.077330117488
 1.973897506719   12.058977258488
-12.263329621775 -0.484252391444 
 11.982909438273 -2.696517615027 
-9.320388232464   8.041361587983 
 8.738815103210   8.678181085331 
-10.307744776924  6.910912312706 
 7.629407899541   9.793935360612 
 12.029795965515  3.070443553808 
 2.103816439772  -12.274988734351
 5.757502183371  -11.098484927075
 12.503669590470 -0.620465990852 
 3.624229400463  -12.099530209179
-11.441010708113  5.393855004357 
-12.137119207736  3.783674415920 
-6.224382431791  -11.114991055705
 11.786100762934  4.845151139785 
 11.632095274102 -5.512897351405 
-7.348875775358   10.703493230987
 5.264683939730   11.875548292953
-7.632012490696  -10.518820787098
-3.713223476558   12.617918634382
 10.995079631124 -7.306388677219 
-3.465056377854  -12.744305967055
 0.885683342973  -13.182945761915
-13.102963355874 -1.927294632296 
 13.330875602785  1.054236925451 
 0.732832605778   13.397815922896
-12.938084990473 -3.704376546269 
-9.467751019186  -9.678586929808 
-13.320686297759  2.488201673637 
 2.870918855717   13.286012122625
 9.311969665267  -10.012120423737
 7.959002977673  -11.147929916209
-2.070509792367   13.612360290132
 9.615092059912   9.967927848371 
-5.253230543584   12.890099618200
-12.224172996592 -6.673381468242 
 13.251548178176 -4.437182875703 
 12.150653843462  6.957562760467 
-5.147649659818  -13.037479544053
-14.037400253322  0.605614224432 
-9.811888191779   10.085209286333
 11.372150314703  8.363881085797 
 8.528015064144   11.254239703819
 14.200290341206 -1.758483258451 
 4.849294354116   13.466298868306
-13.097952494153  5.863937903219 
 11.023446380074 -9.223521339474 
 2.102751699999  -14.219306263826
-2.544625833770  -14.157732817962
-7.759222604202  -12.139946930150
 6.358097157059  -12.937609934326
 13.350757369002  5.439885381517 
-7.994562789607   12.063295260750
 4.683993147110  -13.715280636852
 14.295000678504  2.762712532542 
-11.624113640236 -8.799331184514 
 7.542642596343   12.483885500047
-11.730358629416  8.682991056145 
-3.625109465001   14.178486299835
-9.318852028906  -11.284608406330
-0.897989853432  -14.777410099347
-14.435103777475  3.616846881375 
 12.712432196931 -7.775384250330 
 0.296858835452   14.902559074769
 9.512399179181  -11.596178273171
-14.936630018809  1.875216677428 
-7.089771817210   13.302928324388
 13.798340042287 -6.188801656601 
-13.032415921079  7.796412009607 
 15.226622748663 -0.169997276586 
-13.787975689324 -6.557352572356 
-14.544774880182 -4.656130298036 
 11.029654884995  10.610887393736
-15.084501537531 -2.743611388648 
 15.033044080649 -3.370300359861 
-4.441934824182  -14.757805275341
-1.788498830737   15.363460265914
 6.770482229128   13.917306242235
 14.896319021066  4.397611499413 
-15.520271548070 -1.304579933169 
 3.164904470832   15.274830817835
 10.968401825689 -11.103663233632
-7.302782389272  -13.950976475282
-11.572866922622 -10.712746924854
-11.154456526218  11.177162493418
 4.114367886715  -15.289009868635
-14.723076585710  5.850787080548 
-8.824566076339  -13.196680994676
-9.388941901634   12.815936968420
-2.565198207871  -15.735414293868
 9.117047461746  -13.200806546319
-13.012719546136 -9.401064290242 
 15.970703692684  1.954597622258 
-6.331442756129   14.817727965536
-10.386434793888 -12.343102156489
 16.046117188992 -1.776784638216 
 1.284010209178  -16.156081689473
 12.741520503351  10.110350771163
 13.553647559299 -9.018367494787 
 9.128528213284   13.506004291443
 14.970175829443  6.630588211502 
 15.440684616135 -5.667838386507 
 7.708855896687  -14.532208999415
-4.910786323328   15.716363770534
 10.740257192832  12.498257425956
 14.290558141759  8.234834225037 
-16.516826651609 -0.139846276756 
-15.905819282542  4.529711262998 
-14.537142725536  7.998299212379 
-12.736328500002  10.644625591575
 12.557420490874 -10.858709916559
 5.254439379099   15.829758577824
-0.282031272115   16.678932727687
-8.056647365390   14.611979600378
 15.022188100044 -7.285237083319 
 16.343257934282  3.675344976123 
-16.313204784572 -3.914666467381 
-6.371899541205  -15.523976374913
 16.257848956075 -4.283359609484 
 5.490842164130  -15.937468239733
-13.910165565067  9.676935343950 
-15.857581296797 -5.996151311706 
