 0.294187800813  -0.301070108715 
 0.290947171179   1.425789214609 
-1.554547419322  -0.250868779154 
-0.740733788542  -1.645632103886 
-1.805936748623   1.259901234255 
 1.940912558565  -1.268154152682 
 2.046768903188   1.493149324303 
-0.497883987406   2.710098119147 
 2.765306088545   0.107175393766 
-3.463563023617  -0.182494274653 
 1.099415556111   3.301391215711 
-2.727880793821  -2.203849534290 
 1.628406899712  -3.225904422047 
-0.598251231065  -3.777881075684 
-2.909621272079   2.490920029818 
 3.130847794125  -2.451338394276 
 4.184309089917   0.596135069219 
-1.347289991760   4.142727366005 
-2.423190795339  -3.756757817381 
 4.258603213111   2.182177376599 
 3.289958398315   3.560196312675 
 0.552085017664  -4.841436616920 
 4.870249152948  -0.987796071627 
-4.393007899831  -2.768494931566 
 4.682837699904  -2.718612493390 
-5.154735802314   2.297213844491 
-2.770519699793   5.012639226283 
-5.678905589536   0.756682873264 
-1.282100559691   5.786123550722 
 3.897289200939  -4.580007406683 
-1.582772238469  -5.871295553652 
 6.009255307763   0.932278341340 
 2.618977625298  -5.494471924289 
 0.437535445745   6.100391721836 
 2.026152729417   5.829512472166 
 5.776999950451   2.635781285500 
 3.539031327579   5.321104638646 
 0.271596545447  -6.424710885999 
-3.944267225296  -5.157841676248 
-6.372832237290  -1.455649352891 
-4.444596085847   4.823639852030 
 6.247046422160  -2.154118786714 
-5.485025144752  -3.879128948383 
 5.440984781717  -4.277669907063 
-5.951243242553   3.861741069689 
-7.097738674299   1.371992433651 
 1.936528387343  -7.062276097851 
 7.336074301313  -0.430107092994 
 6.156355415996   4.212866180472 
-7.072671869739  -3.281311590649 
 2.248006542458   7.503454025556 
 4.875013115375   6.151844290235 
 4.366873807323  -6.613117888484 
-5.509415564467  -5.710745418685 
-7.434079778339   2.892893845344 
-2.931985405334   7.438897634310 
-5.064450298396   6.256260101989 
-0.816383971854   8.030761825911 
 7.560665156961   2.854571347582 
-2.632808509323  -7.666979903532 
-0.494259403465  -8.136299363611 
 7.952956656926  -1.811310768200 
-8.179594336484  -0.257420254036 
 0.973136231077   8.376984911928 
-8.251299273354  -1.882867714761 
 7.662758297537  -3.621714416592 
-4.413209191261  -7.248388805516 
-6.824720251308   5.122327140551 
 6.669012079868  -5.332306227817 
 1.535163155734  -8.619242595028 
 3.536748332200  -8.085272593181 
 6.586959053102   5.953857923118 
 8.911143525316   0.930761422374 
 3.458245815882   8.547484102423 
-8.059257170980  -4.588932736461 
 5.957683847871  -7.163556422508 
-9.293393004951   0.868609281772 
-9.009989454898   2.437947180945 
 5.062270558223   7.847642258730 
-6.679417257348   6.623567225213 
-3.732864771509  -8.690241118593 
 0.202040218588  -9.474779478679 
-8.662152133487   3.903776050722 
 2.103548528223   9.441488271537 
-9.178025337135  -3.096830369280 
 8.025900738726   5.473577831303 
 9.323904130683   2.792592235825 
 5.045084222544  -8.408800727542 
-1.819210695032  -9.640885447398 
-4.902500970465   8.584650388373 
-6.568131252168  -7.416416985348 
-8.292097507052   5.640667248479 
 10.046771070029 -1.441910928474 
-5.443294657113  -8.605457134270 
-3.422529527578   9.665500799146 
 8.766158356651  -5.344111943203 
-1.464380801073   10.250887817260
 2.230623509932  -10.119864053331
 7.663929711797  -7.006150162212 
-6.443466000177   8.294757789366 
-8.068209022996  -6.883384308350 
 4.078684775834  -9.827154655263 
 10.707119092710 -0.065662832977 
 10.452324669268 -2.928902404480 
 9.639525753095   5.035424594847 
-9.420866604353  -5.433740788948 
 0.506116842180   10.867307792864
 10.787472740156  1.751919558246 
-10.213564274210  3.937041707092 
-10.883195239964 -1.619596258781 
 6.070923016278   9.237663446301 
 8.636049190414   7.014548443657 
-11.101123290191  0.976829364173 
 4.664633885223   10.122773062400
-10.487902013738 -4.037185156331 
-8.925255071509   7.009931640550 
-1.411827162722  -11.267476638956
 0.343165360204  -11.374422816509
 6.536702283834  -9.411082204708 
 7.495241776892   8.764485187220 
 9.420422163795  -6.785990610777 
-4.273172325504  -10.854679678687
-5.115991672745   10.529904222899
-6.400392751642  -9.844729399600 
-2.219554262207   11.549610018335
 10.579371191592 -5.470801767531 
 11.661524092410  2.972426330842 
-3.885031492610   11.419417661239
 8.001680570992  -9.047774429492 
 12.113727563808 -1.254578793041 
-7.711152059446   9.442095932756 
-7.931293896113  -9.288572244769 
 2.687235238709   12.035297369181
-11.888712249363  3.430730951378 
-10.481484224484  6.585933513919 
-9.233297203968  -8.250295984379 
-11.234040388455 -5.383485944364 
 12.494273885992  0.231062528969 
 4.945471188494  -11.509081476675
-11.379875799964  5.293047577093 
-12.490021907884  1.616231186465 
 9.720727754892   8.091454123606 
-12.685289457594 -0.016310083894 
 10.806571841487  6.734962093800 
 9.616900355442  -8.367869371137 
 3.189630197289  -12.402989954265
 12.435562965947 -3.123920785096 
 12.695469093863  1.829352025530 
-12.303281056503 -4.006600682433 
 12.030921962256  4.821062207286 
 5.879994332037   11.550787481385
 7.380706755296   10.655494929188
 0.407470906777   12.979021994123
-2.094941696648  -12.923341846434
 4.314849080865   12.397366188299
-11.122037689577 -6.975947168573 
-6.631865037680  -11.381200583663
 1.006361984366  -13.208873612741
-5.278318622971  -12.243490273265
-3.594099203360   12.969321160580
 12.044831373280 -6.247317493846 
-3.704368995079  -13.087526944122
-9.093400085835   10.124905216445
-10.628854530954  8.544653960663 
-7.629978359113   11.354676884392
 9.034953357358   10.323964799558
-13.591743460131 -2.112693622646 
-10.967557065619 -8.527593802144 
 1.963173462705   13.773097304106
-0.967367135748   13.879917871961
 8.328212343673  -11.173620253375
-9.761448520641  -9.962706682004 
 9.554907333164  -10.235311992467
-12.301297844876  6.724283104532 
 13.293873982426 -4.539850023160 
 12.310960802966  6.824385868930 
 11.451220063863 -8.309467642170 
-14.185893728628 -0.252213051734 
 13.919074489130  2.754290721060 
-14.109941784335  1.505380136960 
-13.712539568495  3.756907334383 
 14.159246427210 -1.471891702521 
 4.164282781745  -13.651244142632
-6.179235939742   12.875944906622
 14.287938868250  1.211944033638 
 6.860311129629  -12.599598711362
-13.874257826552 -3.676413308241 
-13.370001460808 -5.313604586989 
-0.924268598832  -14.375154485173
 6.834936727052   12.731372228028
 3.552267307337   14.048372676095
 11.615849798409  8.703813526460 
-8.252370283224  -12.022408010542
-2.525554004262  -14.363141950186
-2.363407652131   14.434258867391
 0.611949396167   14.636701176592
-5.115793633850  -13.963737429359
-13.640583938680  5.963629576846 
 2.987518865890  -14.587213863321
 14.054800279907  5.408724829968 
-10.801915653702  10.538035124407
-12.774851711315 -8.150303919249 
 5.870099946289  -13.990095515249
-7.287205971192  -13.410774302944
 0.545749340049  -15.266662952920
-15.171803991425 -1.997238492973 
 14.990337259203 -3.155648000083 
-12.412192486286  9.089439570018 
 11.198013476977  10.595386490475
 13.219404177228 -7.948551975106 
 15.447502380591  0.069781885680 
 9.081961035972  -12.499476284648
-1.003865715055   15.418979351465
-5.403865860831   14.526195532406
-3.908649792429   15.033558561202
-11.543443121231 -10.436097756678
 8.759954134276   12.883309912387
-15.568962077476  1.020059419010 
 6.445104506029   14.244418453240
 14.555584211842 -5.921384898649 
-15.504757977977  2.685595381631 
 15.614463285344  1.997674608291 
-14.025459641595 -7.241785297294 
 4.596223763526   15.199625916575
-14.081573810991  7.510233115706 
-15.143356784713  5.091453479349 
 10.194509501909  12.312104480815
-8.773802704191   13.377264978391
 2.097871784422  -15.860338114672
-16.027800239668 -0.743545829130 
-7.171154463331   14.358593337724
-6.463518250179  -14.692909111424
 11.395140612868 -11.334211303990
 2.781497208504   15.855941383836
-15.721984748454 -3.640768176982 
-2.923242365535  -15.897680785725
-9.143487226559  -13.353184253381
 8.419998584263  -13.910881940073
-10.225416883328  12.669386046018
 13.348672907491  9.414059487079 
 0.711010663318   16.363050109976
-11.029774765189 -12.248038250286
-15.529475118279 -5.635123247004 
 15.879888824429 -4.799400509305 
 13.395197798936 -9.850364602351 
 16.447745509555 -2.526490375495 
 16.163599475872  3.965634087332 
-11.695762910809  11.872887246772
 14.426134274140  8.346195672798 
-13.410369908651 -9.927735170083 
 8.119233676589   14.676268444156
-0.152520540793  -16.785069781064
 3.936245423536  -16.333397315803
 15.824371205824  5.656520883248 
 6.155259187782   15.719533657220
-13.810686549802  9.765598353538 
