-0.499652968792  -0.737099414402 
-0.815175264831   0.734855667675 
 1.233948047174   0.246953805140 
 0.937390620026  -1.462161545940 
 0.427210801705   1.913636921435 
-1.153701125995  -2.260060843492 
 1.944675052957   1.802318527341 
-2.779529977765  -0.148111754242 
 2.698807828778  -0.933738165320 
 0.593110557794  -2.934905339786 
-1.345890589021   2.717755412187 
 3.055240357612   0.679352601307 
 2.111703554036  -2.436561923198 
-2.749344232727  -1.866178059162 
 0.138288339667   3.590672219251 
-3.333226498647   1.638729645636 
-2.145468862117  -3.743580991657 
-0.613914698335  -4.363857499617 
 1.801727518492   4.079992595200 
-2.758770704773   3.570648872187 
 4.388371074608  -1.350448061699 
-4.580457450561   0.515482644859 
 1.949323133764  -4.218404267943 
 3.649131255142  -2.933838711999 
 3.273752077502   3.477636435773 
 4.951337114605   0.128440077359 
 4.661031157289   1.980395559107 
-0.356490632311   5.136214491072 
-5.188259465371  -1.455830708286 
-2.027569990967   5.268186354035 
-1.379388307045  -5.654909018328 
 5.207114660682  -2.743031211913 
-5.761547985665   1.603813254073 
-4.101002637116   4.363023200231 
 3.524389911198  -4.899878437230 
 5.932063076137  -1.245924718469 
 0.930437754097  -6.009692625361 
 4.764342323145   3.853409287779 
-4.821544148640  -3.812663110543 
-3.469650649634  -5.205798531655 
 1.902398166717   6.030046954655 
 3.401069855344   5.439531781273 
 6.483157135103   0.503708402204 
 6.550857810151   2.201860776591 
 0.614408257052   6.896919382680 
-1.332176024266   6.818986144222 
-7.200918536850  -0.416871205691 
-3.053164130116   6.655217243992 
 6.343968120981  -4.019109047800 
-3.158262772893  -6.815497735062 
 6.513467350487   3.767761090804 
 5.126776270104   5.547673963244 
 2.231826879527  -7.301436012899 
 4.806935424136  -5.980146686210 
 7.427972822204  -1.944573272211 
-7.056816573221  -3.044078977481 
-7.469324762581   1.831131897920 
-0.338349511181  -7.753438955765 
-4.882549749594  -6.043052172463 
 2.701703583579   7.316772693434 
-6.878384400055   3.983069809838 
-6.111537014681   5.293679612012 
-6.483488185055  -4.991931352982 
 8.247314910702  -0.400706377663 
-1.961537918866  -8.151909833832 
 8.321391626779   1.111228140108 
-5.260905343498   6.733786174533 
 1.347803529343   8.536499180255 
-2.980505623014   8.328573833812 
-8.604531485732  -2.103216346014 
 8.493116678007  -3.023743695853 
-0.488547173702   9.138109143878 
 5.154140162428   7.646475526605 
-8.378252152323  -3.858377497646 
 4.445730164095  -8.100350673315 
 5.822087959788  -7.186693491477 
 8.642831270917   3.399483515004 
 7.453540327187  -5.574824467307 
-7.771345690959   5.188554002625 
 0.714474190239  -9.323287685327 
-6.237632513398  -7.110545686482 
 3.027780441992  -9.130689025633 
-8.903878160723   3.826796009055 
 8.190457974599   5.256331913802 
-9.658900901284   1.281458623838 
-6.727763403625   7.116166661542 
-4.382937399262  -8.790972823122 
 9.825124650602   0.131039906202 
-7.854542407320  -6.087082918228 
-4.457994483726   8.894864874225 
 7.222498412463   6.874695143473 
 3.052119937625   9.505613604363 
-2.089836505228   9.765925097036 
-10.060353472430 -0.716624705774 
-5.951000471187   8.430076529581 
-1.041719966983  -10.356165711868
-9.929443022125  -3.255055071002 
-2.887740375512  -10.076117281718
 2.119638520472  -10.329647264439
 0.843313668185   10.706780685276
 10.508566253035 -2.262888633269 
 9.224442184294  -5.664004087360 
-3.497638061929   10.316396380996
 6.841330769811   8.539891482926 
-5.912303648942  -9.248516683839 
 5.204771080304   9.673491119658 
 9.957901530157   4.693622368275 
 10.827533471239  2.172187483719 
-7.254885159502  -8.364163066966 
 5.198915632280  -9.784358509143 
 8.767037575430   7.070550955936 
 2.383700945674   11.008016810140
 7.652602916567  -8.323945680254 
-10.948984172120  2.831181366021 
-7.612932462715   8.378826782086 
-9.996919690416  -5.370144603990 
-0.906923875467   11.352525111805
-8.860345179007  -7.219490914356 
-11.389298092813  1.350739938038 
-9.646620239768   6.321982088990 
 1.133711527459  -11.479337904270
-11.483619447904 -2.319469418152 
 11.742620831705 -0.439232694829 
 11.017759380577 -4.342246060852 
-2.458255115235   11.610305205306
 4.436618715916   11.110201618548
 8.427581920736   8.659688059148 
 3.106727389502  -11.715217387251
 9.320420303591  -7.811491593521 
-9.158305298482   8.074980260876 
 0.455998872514   12.233462500025
 10.479628341552 -6.494443971481 
-11.702920300103 -3.943415898884 
-6.044146759349  -10.774576863931
-6.184859759556   10.704359650876
-1.072648704767  -12.368003970879
-3.776926275985  -11.853962624272
 7.423042486133  -10.007948427888
-11.670761633537  4.478545569555 
 12.390601531348  1.943244343361 
 7.228098974949   10.271758317724
-12.587269403446  0.398588957448 
-12.668778746792 -1.222767003306 
 2.827303576363   12.456030641983
-8.066230658151   9.907656390697 
-5.083382216832   11.738745254380
 11.186293220372  6.252595244832 
-12.639888969358  2.240538105897 
-7.587462473081  -10.442734865325
 12.296448769087  4.365862120623 
-1.611077860442   13.019315596507
 13.015636273551 -1.709148414847 
 6.457293859322  -11.431547135926
 0.551248459101  -13.129103218499
 12.697196465636 -3.497901904482 
-9.624472277883  -9.264657038223 
-11.537561295088 -6.854619274736 
 2.174281755122  -13.340184612932
-2.964679328232  -13.203801457402
-3.815589303195   13.028675156975
 13.582372114222 -0.237633778067 
-0.180331094702   13.639568558489
 5.066470672809  -12.751525835668
 10.081356053854 -9.351004897587 
 12.658645986981 -5.477901652571 
-12.589257504757 -5.639252490990 
 1.638923415474   13.761627502587
-12.070791091314  6.953259419884 
 9.746496288290   9.983839967664 
-13.886512088141  1.392630163141 
 8.236333353905  -11.283775752158
 11.109872161570  8.480160190775 
 6.861513182789   12.181718880148
 13.965044434706  1.360586957967 
-13.740093632368 -3.329995197259 
 4.978386411604   13.263106741820
-10.913512793682  9.092530497109 
-7.704439778718   12.146698185376
 12.013717664367 -7.930934951864 
-5.026145100510  -13.492806703184
-6.533473739154  -12.904071665464
 3.574760118283  -14.019920615875
-13.357906613810  5.724908751066 
-8.512546808395  -11.820247837218
-5.324456242161   13.563554048096
 7.210794984009  -12.731592257245
 0.410560971734  -14.627037253417
-1.823675209895   14.521488841682
-9.729547379134   10.935287326654
-11.133665535965 -9.514493687221 
-14.278440747543  3.259310737772 
 14.478927115456  3.026254597986 
 13.426755514862  6.241071883222 
 14.191233425847 -4.235381345991 
 9.074939233967   11.740051859539
 12.665969075395  7.772756900780 
 14.088502389930  4.831539676911 
 9.812552923130  -11.280910129926
-14.847794925774 -1.868330002907 
-14.993228974534 -0.260969261972 
 13.319550844259 -6.985500353206 
-13.066561829573 -7.479734466197 
-3.853625039223   14.651538821876
-2.242584672135  -15.035376562376
 15.224532680931 -0.668001837649 
 2.579286141230   15.045122376407
-14.504985676710 -4.766738685956 
-6.830395705016   13.685394785977
-12.894907135877  8.358995506318 
 4.148776798348   14.888904894096
 6.954500532624   13.885099136019
 9.082277969093  -12.596666557656
 2.710126673441  -15.310224082191
 15.537361932156  0.882452224714 
-15.628652838430  1.160612804079 
 11.890639178170  10.220324319187
 15.501243239775 -2.506081480150 
 5.784543811918  -14.620865331283
-12.894415738137 -9.013442850186 
 10.686060907272  11.650478018960
-7.741674262708  -13.794156015919
-10.632438445863 -11.714360027416
 14.610439112264 -6.167254197247 
 11.559886596202 -10.857359261523
-9.096232354931   13.075475311284
-14.911261727332  5.877272709288 
 13.498535714833 -8.807267831895 
 1.247087979491  -16.083154227878
-3.967519408436  -15.647404201873
-5.413170708524  -15.219469796012
 14.275783598479  7.587262481730 
 1.118817351862   16.168257132280
 5.952293166382   15.090777606872
 8.298405544357  -13.947112646229
-0.423919822460   16.242657907018
-9.588667778380  -13.141887205447
-15.743402586610  4.113615155952 
-6.022012833883   15.193329145514
 15.717310108124  4.504418300744 
 15.715618484306 -4.524403149474 
-14.729349531265 -7.154172842987 
-16.484831470768 -0.420113962504 
-1.307733035024  -16.440950217352
 15.221429171413  6.379229134093 
 16.330620442894  2.518915231152 
-12.567467064191 -10.781954393076
-12.174709562318  11.297072611451
 8.824599486704   14.070494413850
 13.852770825987  9.216946999090 
-16.262673292728 -3.648980576223 
-2.634690535328   16.509712786220
-16.604086375818 -2.070342827697 
-16.582810437523  2.489286549230 
-15.762134929556 -5.730942650031 
-14.606865682910  8.305824493482 
-4.156963080059   16.330840459894
