 0.543686472830  -0.742546844817 
-0.108782301965   1.376613430144 
 1.648754409027   0.791855942501 
-1.819195150139   0.652274329286 
-1.867547234750  -1.213158343844 
-0.202742700559  -2.354078786530 
 1.591393612643   2.298492757016 
-3.318318654696  -0.283809614850 
 1.739653895727  -2.851967110560 
 2.993389090017  -1.633631320050 
 3.505056379167   0.152700884613 
-1.384341131896   3.236321986091 
-2.813029878916   2.298603808829 
-3.879079778135   1.220464725916 
-3.121237071684  -2.863381014864 
 0.713869447062   4.258120622924 
 3.896989372881   1.955972544283 
 2.367967954446   3.708489418130 
-1.468355736694  -4.157155456503 
 0.097056796102  -4.760984251340 
-4.536396168098  -1.596912350434 
 2.558866671986  -4.333794049540 
 4.971142378471   0.896800740455 
 4.512259550585  -2.313723113085 
-1.812792644513   4.949723487403 
 5.312395604477  -0.582313348501 
-5.413299302307   0.056294908777 
-4.048158658751   3.790148853798 
-5.086908249811   2.411368855942 
 1.786263285500   5.501571478475 
-1.284021439597  -5.743470933323 
 4.376978068522  -4.027758184744 
 5.111294033315   3.223373368649 
-4.197742846528  -4.699432238352 
 3.311788961233   5.456897637895 
 0.272248058680   6.403587175611 
-5.570454447099  -3.216455658336 
 0.306772537982  -6.468390974373 
-6.312057046525  -1.459276896271 
 6.778141421103   0.297887241279 
-2.543326904937   6.401163057052 
-6.593775207313   2.550005492114 
 6.569978173238   2.804436214759 
-4.521808196325   5.569810131934 
-2.422403771676  -6.755925131778 
 5.097828171467   5.118607516915 
-1.193824444469   7.132511606724 
 1.699376206811  -7.165118164290 
 1.785299231532   7.145137970497 
-6.134209326573   4.202813634284 
 3.209537181760  -6.849728413770 
-7.499504498695   1.278692055802 
-1.146264907654  -7.553583721268 
 7.439340656017  -1.838893591645 
 6.805685410013  -3.560478507504 
 6.386987243335   4.318563990130 
-4.702268062726  -6.228383017482 
 3.381675370360   7.092248713833 
-7.964979004314  -0.290890054653 
 0.164429734421   8.154034997242 
 8.166287225887  -0.373137397132 
-2.993279453454   7.842807649360 
-7.679604445106  -3.922100383082 
 7.830658863412   3.731061339277 
-0.133924308085  -8.739685551550 
-1.480023410184   8.674203383571 
 5.750340090285  -6.674341393377 
-6.692973078346  -5.790732399346 
-7.974322914756   4.066249181870 
 5.891564666446   6.777888616460 
 4.621221878324  -7.732158812156 
-4.847268426092   7.679044909720 
-8.921802425364   1.981105788009 
 7.110619157641  -5.782128867870 
-1.966943015153  -8.970093829905 
 8.049394729344  -4.487630859827 
 9.176894102295   0.895663307091 
 8.789771235030  -2.966630452844 
-9.037698894716  -2.286083187559 
 4.526087692096   8.189712174340 
 3.284167310401  -8.788348915612 
 9.032006117702   2.679241449790 
-6.917834516506   6.533558928734 
-4.032718904443  -8.762882282932 
 9.516725254402  -1.594085668426 
 0.911519386523  -9.824529260418 
-5.705986106243  -8.064499951832 
-0.298691055970   9.876676520220 
 7.692600523063   6.275928935759 
-9.964093066090  -0.524193836521 
 1.667316026980   9.914866074394 
-9.204269575584  -4.149894320837 
-9.501386595710   3.493775828618 
 3.164001906591   9.653198769843 
-1.065316491142  -10.210036761415
-3.529603906138   9.656012891060 
-8.494865991845   5.861168399875 
 10.391778617856 -0.252656871233 
 9.129855828108   5.002498220252 
 4.735435776469  -9.374098917496 
-7.762384448254  -7.124501168052 
-6.166385509668   8.579357858985 
-1.765440260841   10.475961955308
 10.503839673708  1.647384157197 
-8.826186547677  -5.935073159789 
 9.701858112805  -4.470590504189 
-3.418446134728  -10.248389404285
 3.164291235167  -10.417016423590
 7.610498613712   7.823601908450 
-10.565864377903 -2.956451015963 
-10.731974789532  2.465102452917 
 10.404677510234  3.654223839938 
 4.929052700843   9.877917709213 
 7.266578788307  -8.439532097976 
 8.866371424753  -6.868730086382 
-5.020759884951   10.057596351823
-9.920830486251   5.289558346624 
 6.463656416933   9.294190354524 
 1.672711045649  -11.397860457708
-11.568791927464  0.534508168658 
-11.628393579756 -1.012223248249 
 11.568622128682 -1.786293087776 
 1.880783585195   11.573862774264
-2.023622647442  -11.551188078340
-0.431079328807   11.752598817413
-11.061235096780  4.130817937849 
-7.571994739006   9.109949758608 
 6.541907803506  -9.914674195662 
 12.000921479840 -0.101424903803 
-10.741816679568 -5.381619195530 
-8.984446436372   7.994212931669 
 11.599530019848 -3.304964213180 
-5.247920866207  -10.878902972890
 11.020898182538  5.104774669439 
-8.430885694799  -8.755388725849 
-3.983785164414   11.490646549837
 12.142394965920  1.416480030148 
-2.515000695302   11.965402410422
 0.144789247268  -12.272901334565
-9.911738424266  -7.238968186898 
 11.304454265979 -4.934798986773 
 8.838566871179   8.716253800569 
 10.484248030211 -6.669355003264 
-11.914013789375 -3.626952227438 
 8.987395719467  -8.668550584836 
 5.308726916958   11.331395227093
 10.049701768016  7.486163240914 
-3.636156046515  -12.066330347602
-7.044639443761  -10.504181698082
 7.845351844035   9.966292261728 
-12.629966966362  1.661084591099 
 3.533710081633  -12.257241217085
 3.717699373151   12.308417878279
 5.312048298465  -11.846513805318
-6.748728754669   11.110191468843
-11.616975458745  5.862855305241 
-12.808538337075 -2.299880908909 
 12.729698568198  3.022982890475 
 1.338888575075   13.047290774696
-10.716233599306  7.674480733688 
 13.117870283880 -1.763167494715 
 8.568554544945  -10.157799917869
 6.923308991194  -11.369217608849
 11.656494686519  6.666834086141 
-13.037640829603  3.312094156405 
-5.687280208124   12.229307957643
-8.270108225892   10.843671749157
-3.988653136070   13.048406183313
 12.294058949134 -6.126716122771 
 12.831830198884  4.924748617625 
 13.737213367692  0.716084334764 
-1.105586584513   13.786537459553
 5.249315682520   12.833640815666
-11.953669822648 -7.136347779136 
-5.866555114185  -12.636593609240
-13.951750480369 -0.298365771693 
-10.456989616527  9.260483320226 
-10.486707232850 -9.264288271321 
 8.030616238466   11.464132238906
-3.095743793328  -13.660408551046
-9.201530035265  -10.582021128886
 10.264099998690 -9.635323167427 
 13.618474705729 -3.652794448922 
-0.588582049375  -14.109090351153
-13.579991833965 -4.304603564561 
 4.345752937366  -13.583544506941
 1.968927513239  -14.144208173545
 11.674547999008  8.288731304643 
 11.998238244271 -7.956567881176 
-13.077821737767 -6.030028619058 
-12.513993214971  7.213748200219 
-14.311171414810  1.981557752502 
 9.887713294647   10.545741591513
 2.337170849249   14.348962362572
-7.564693862038  -12.436579935658
 14.577454028703 -1.148073452446 
-4.717340861686  -13.876672854171
 0.653538839708   14.645001487933
-13.797885163821  5.159793849558 
 6.945650359260  -13.002894034279
-7.388150128955   12.850326028678
 14.264310537528  4.176317255810 
 11.327110913881  9.752483470674 
-12.123707906108 -8.769628648850 
 4.030689311678   14.441782404908
 8.625881170519  -12.328420042376
-5.970991641685   13.872306358672
-9.054978999230  -12.094942676544
 15.019883351556  1.942841576940 
 13.456937490654 -7.185729526323 
-8.942995807315   12.391113557949
 15.290715160556  0.255234607266 
-2.669906933791   15.060190562489
 14.224000470244 -5.709345869227 
 7.503374598643   13.406237634875
-15.414132088781  0.480659520324 
-15.476987081403 -1.040495639380 
 13.870927112418  6.955954659051 
-10.604156323660 -11.342773475086
-4.506362629409   14.905967514139
-15.048655694338  4.133943999126 
 9.378749994981   12.504955110586
 1.396621981775  -15.612575704099
 15.231641217442 -3.722887810869 
 11.098696717941 -11.160376792669
-0.822026760905   15.785250252925
-13.841415508231 -7.659841822562 
-14.848140495228 -5.487282861034 
 4.459278447458  -15.195195995161
-6.177446624573  -14.582485934922
-15.594428159638 -2.771496147715 
 5.966657729842   14.705320297249
-1.613080134569  -15.831192364408
 12.329099973282 -10.120597136572
-10.882736194039  11.729844404446
 10.920804537919  11.753065886979
-15.896519787573  2.172736004807 
-12.946412350637  9.505291860706 
 2.459087012261   15.882679090492
-14.828272823460  6.299887755452 
 15.786772068271  3.256641522881 
 13.585738138507  8.720025346648 
 15.175580124221  5.678438064032 
 3.088141477544  -15.957707708408
-4.350364425618  -15.664615944591
 10.388526722604 -12.521895974034
 6.724199267195  -14.818136095979
 13.597886631661 -9.111288596572 
-7.629753095929   14.568825854664
 4.067715626016   15.964377926983
-8.626545011419  -14.045944278576
 8.231798663370  -14.367824793507
-12.561140111693 -11.127318772866
-12.700115036487  11.010025808706
 15.087658500068 -7.451363794724 
-16.303498332115 -4.420348635890 
