-0.752580183880  -0.318377071656 
 0.770908205808  -0.690101784326 
-0.666127118920   1.494506506925 
 1.405802372907   1.026494558315 
-0.234870212968  -2.038812410425 
 2.246092938834  -0.417132859379 
-2.220315886734   1.126414285698 
 0.058247083601   2.933924308150 
-1.619908769563  -2.682725070121 
 1.339835448466  -2.941609422508 
 3.130468265211   1.117504283243 
-1.725277468838   2.943998830691 
 2.646981950123  -2.193409210348 
-3.323328250242  -0.980405958208 
 3.773277797138  -0.276940948600 
-4.115822887123   0.475525460887 
 2.164293186947   3.579415043704 
-3.366699514077  -2.579847232593 
-1.152509443987  -4.209643907279 
-0.038413799939   4.521578474290 
 2.963621622738  -3.836042691365 
-4.097973828616   2.703393033367 
-2.008591806766   4.623735601579 
 4.589011283239  -2.359335425921 
 4.069282371512   3.255531037573 
 1.489434882082   5.083345886439 
 1.010951140462  -5.233676101304 
 5.237691660910   1.631979204931 
 5.754002080204  -0.346398973833 
-4.068943163824  -4.087452131154 
-6.044114092046  -0.831276527075 
-0.907372358819   6.145488977242 
-4.576831510895   4.272444115401 
-1.310443576697  -6.222118896577 
-6.277631042679   1.097297483725 
-5.965226376023  -2.435353168573 
-2.887271524740  -5.764750312362 
 6.267129330182  -1.777512079971 
 0.657915813845   6.549443047060 
-2.836055324136   5.941136604020 
-5.880570692320   3.162285866824 
 2.541589885668   6.300621394022 
 3.283768165377  -5.957645937559 
 6.747799218551   0.992186504503 
 4.088090398014   5.745073548709 
 4.723649959676  -5.371379240919 
 0.737613172297  -7.146594908207 
-5.048138314405  -5.505144518266 
 5.560142766868   5.013410449671 
 6.006098337283  -4.536254299780 
-6.633668679235  -3.917358633762 
-5.674513598540   5.360030730086 
 7.235392645396   3.138465334163 
-4.551723366065   6.626430013862 
-0.566345446061  -8.051754407340 
 3.794436234230   7.244361058401 
-2.954161917344   7.626844924365 
 7.755318097335  -2.725558428353 
 4.510701756768  -6.878076892095 
-1.504711886356   8.108051686309 
-8.063063638844  -1.937115075184 
-4.297987612920  -7.106196763084 
 8.295579331000   0.703000930072 
 0.843372647376   8.350061263738 
 8.382447516091  -1.010482538467 
 2.561407360232   8.105585846933 
-7.892212696739   3.173420600582 
-8.396906402543   1.456326556920 
-2.097120970633  -8.470531703788 
-8.811780695822  -0.046671028371 
 3.244694774712  -8.371483615733 
 6.709178445115  -6.050615016539 
-7.741715096384   4.688896826041 
 6.740144049107   6.076687600556 
 1.516046383519  -8.980695147472 
-5.990901001559  -6.979379853549 
-6.006553988708   7.085877229123 
 7.841933799036   4.985466652656 
-7.741486313523  -5.171697018262 
 5.273171390303   7.825996365042 
-3.738696114236  -8.801595717898 
-0.290116283552   9.664358400014 
 6.131404143364  -7.533280122556 
 0.204569891043  -9.737415703210 
 3.861999862157   9.004477224728 
 9.632380751464   1.827745786018 
-9.486453448760  -2.750406501743 
-8.941592046848  -4.254797549625 
-7.640321376495   6.355237500096 
-3.611119762191   9.281073650824 
 9.126838819218  -3.999118717055 
 9.195662461729   4.141384799723 
 8.417760369500  -5.706129518190 
-9.429955429349   3.898757014250 
-10.188879594851 -0.720064991208 
-10.037241055578  2.363491343708 
-1.530146791621  -10.238225895283
 10.207127335021 -1.782998771078 
 10.429807895421 -0.218008748817 
 7.172556383235   7.754122550559 
 4.173253728614  -9.706381467521 
-7.663139794228  -7.358362817062 
 1.182561538873   10.584005482525
-1.635991788938   10.529074643817
 3.031951800160   10.334802818906
 1.971595252088  -10.665468659499
-6.435210860032  -8.830662497229 
 5.322333414438   9.546929105643 
 9.031022499620   6.175253997524 
 5.810512991246  -9.282332980054 
-7.657276164036   7.971251397676 
-5.898880597051   9.360127305514 
 10.595975480586 -3.613835128546 
 7.765029733697  -8.073483427454 
-9.132030900783   6.519219492190 
 10.833657956873  2.956307245649 
 11.173398676455  1.363994536850 
-3.066490198758  -10.849099716889
-11.020758341102 -2.444047622755 
-9.595565077881  -6.229550007561 
-0.086123330893   11.541828752671
-11.669856904788 -0.130880284108 
 9.355856327935  -7.034387431776 
-11.607330417261  1.748275542905 
-5.685950968384  -10.271455055116
-10.530280882439  5.354785798648 
 3.266841704810  -11.431286993021
 11.711153180621 -2.100572920930 
 10.940445401424  4.760446074257 
-11.206902716852 -4.187974455848 
 11.995053764741  0.086377061233 
-2.731308267983   11.683286633711
-8.273568927229  -8.734504580949 
 7.609392007613   9.343642487563 
-7.476077286940   9.488033465854 
 5.021723414967  -11.003164582470
 10.556122936896 -6.094038681969 
 1.319994837775   12.248044953893
-1.447806340899  -12.293720275437
 7.494574793004  -9.863314524544 
-5.148608638813   11.292390919291
 9.131088830968   8.519139531165 
 12.289723737213  2.479025542463 
-11.880235172688  4.098055052926 
 5.493505611950   11.422145588742
 0.512548928920  -12.667756645852
 10.293384944978  7.485449196032 
 3.181819120909   12.341269535402
-9.654405477330   8.335566633995 
 12.183988534726 -4.225820162957 
-10.091048412767 -8.127555666681 
-12.732155370894 -2.619597296109 
-1.407748894993   12.956194552564
-11.194993887960  6.786528085333 
-5.723066598879  -11.948279220651
 13.182281979361 -1.501739352528 
-2.875988493080  -12.964417250221
 10.114255703402 -8.752513415534 
-12.149739474907  5.625543525078 
 6.380483136899  -11.777978154522
 2.154620848987  -13.235095782653
 11.103365680836 -7.598844187815 
 12.102910357502  5.904431903617 
 7.331976119209   11.326443835251
-7.872749832749  -10.957935409892
-11.793875603360 -6.598131570040 
-13.520525132191  0.608298455570 
-13.311257629560  2.801947570629 
 13.110597096119  4.173477606392 
-12.917481966820 -4.888561231213 
-7.914135890538   11.425616792617
 9.267608147108  -10.393935324844
-6.629203571188   12.256287564177
-4.051232031132   13.364669596834
-4.839750362113  -13.216181460389
 14.166429720276 -0.037305313228 
-14.209317036372 -0.840219759015 
 12.925691018294 -6.040914814967 
 0.042951772095  -14.339483213408
 10.764812491471  9.583515830066 
 2.928942163583   14.142066170099
-14.004953061839 -3.543453419089 
 5.036131055274  -13.574021047257
 3.577916040438  -14.034278494624
 7.984149547210  -12.089836106089
 8.967127145017   11.380708135991
-9.877004617007   10.764241231920
 12.143893167070  8.137398503776 
-12.647700888007  7.360803255811 
-11.752398000722  8.754471191117 
 14.449191496216 -2.450071474540 
 14.591409632689  2.108483230123 
-10.248057641164 -10.692803886233
 4.907847299065   13.980397265718
-14.220385589842  4.401776909352 
-5.606180208973   13.868286459355
 0.337217558653   14.966935650497
-7.797685077404  -12.803507683344
-13.242109593855 -7.032183148470 
 6.918048969654   13.320793959743
-12.432870106519 -8.435095981790 
 11.247536806402 -10.006979842807
-1.490136693196   15.016404686636
-14.849893775685  2.736140644880 
 1.771013314113  -15.030994539148
-3.129845957144  -14.813311093711
 14.665053462701  3.786110665277 
-9.358781845820  -11.921437828691
-3.176472845766   14.838467212445
-1.233994776628  -15.165809292951
 13.543955290402  6.943274890614 
 12.561464092532 -8.655398494969 
-15.127049881409 -2.172561317648 
-14.026136063976  6.135903784699 
-11.726156079049 -9.976543338254 
-6.203978912810  -14.170424153132
 14.830867610130 -4.476751208315 
 10.499133214289  11.479294438548
 9.823049228240  -12.109396531994
-7.393239766324   13.742248917077
-15.602788492417  1.167354508506 
 15.702533753900  0.373572875248 
 1.685278285541   15.759236502679
 7.556324844518  -13.933123992071
 0.459862669799  -15.874451837768
 13.872600464622 -7.830524976999 
 3.577551664513   15.523454177229
 12.991448040890  9.447780746491 
 3.639187771460  -15.652718178308
-13.248079641521  9.115340995669 
-15.511490911073 -4.410424908853 
 9.431690257020   13.114198847339
 14.867209443582 -6.452782757440 
-11.439707189685  11.489475555311
 15.354633226647  5.217717722904 
-4.849199565252  -15.517343163329
-10.170670167937  12.695577406181
 5.565266938691  -15.329544698619
-13.936275038974 -8.569446132309 
 12.023549626650  11.149243968253
 16.392526125296 -1.058144461127 
 9.176752710541  -13.628138698544
 16.237985034836  2.630723117553 
 6.707693990261   15.072269141427
 11.333729093787 -12.022545353865
-6.458947905394   15.238038525800
-14.631899539274  7.748533921019 
 8.448286310549   14.272768782859
 12.702983966927 -10.677157378661
-1.061987731290   16.628210660136
-15.249056836904 -6.834574950140 
-8.889605049561   14.218786330830
-3.063742030929   16.507223128554
-2.717334387194  -16.648138752700
-16.887977588037 -0.195084192593 
 13.999695086850 -9.449392034838 
