-1.258056129255   0.015669635482 
 1.197084287365  -0.806703574772 
 1.387605343937   0.776764744187 
 0.422482998478   1.971052664581 
-1.172448631379  -1.788353547014 
 0.258819912653  -2.240706489655 
-1.057107266740   2.265262415026 
-2.734650429795  -1.119766852475 
 2.998858058260   0.400349440785 
-2.731629243061   2.100073729146 
 2.383546750197   2.589066218782 
 2.787974154211  -2.183060959110 
-1.432527363720  -3.347808033660 
 1.334697240443  -3.393445231875 
-0.705941200075   3.765545369498 
 0.877303819542   3.817816197791 
-4.128724523426  -0.355536103963 
-3.372122314075  -2.607001310731 
-4.112523675674   1.176290683124 
-2.393441587182   3.620865681166 
 4.538775611477  -1.174543369193 
 4.077063009028   2.785457134689 
 2.754466296086  -4.375821260139 
-0.277523057999  -5.357036022978 
 0.489123889550   5.343211028620 
-2.625800277255  -4.679647444852 
-5.499619979639   0.309685920114 
-4.859990373404   2.732976721837 
-1.279906840029   5.503783528767 
 2.783328346780   4.941496782234 
 5.526393932685   1.538081484427 
-4.142945057446   4.125128847252 
 1.854754922844  -5.614587750205 
-5.873669677008  -1.196946473718 
-3.095292714346   5.267238577162 
 5.676794033318  -2.273522803516 
 4.951051086745  -3.976976648678 
-4.467821630676  -4.678283657583 
-2.243979957462  -6.202286611678 
-5.615197723325  -3.479696394979 
-6.324364396029   2.025158784081 
 5.687753054631   3.549576375066 
 4.401824477196   5.269514383758 
 4.214272602025  -5.422476479638 
-1.102289593727   7.007583571935 
 2.184721646622   6.793567629932 
 7.219342697133  -0.152720059330 
-7.219844351647   0.407193584449 
-3.798388003683  -6.198950171545 
-5.477599592957   4.930379247598 
 6.984170292957   2.539082015895 
 3.723346129871   6.721704229453 
-7.541279525126  -1.705328620886 
 1.053230259135  -7.699717052913 
 0.339783469748   7.796268303214 
-3.334944492634   7.107288702890 
-0.916557251209  -7.803477756388 
 7.760201586476  -1.696278984767 
-5.710299123933  -5.718562608855 
 6.576893779300   4.836406292862 
 7.311011091329  -3.776032295160 
-7.352703164763   3.876785303587 
 3.308737711364  -7.781823271424 
 6.660113726312  -5.248207174448 
 1.953495532671   8.313303160101 
-2.905928531183  -8.113127563449 
-8.029553470579  -3.312880488570 
-8.695200442900   0.928945677399 
 5.874951678460  -6.528655822033 
-7.422062176772  -4.736221039286 
-5.814002680109   6.796224769196 
 8.471351591832   2.886620342948 
-2.260649836507   8.670601806107 
 6.158815134134   6.811475480085 
-9.061937034010  -1.659062112333 
 9.240269274928   0.450735274192 
 4.532976480268   8.097475027434 
-0.022049473862   9.312861469278 
-0.785911466409  -9.324682719481 
 1.963787944301  -9.205055466810 
 5.188815047431  -7.908086860328 
-4.811058114335  -8.175380573359 
-7.754824333404   5.564828208313 
-9.202399300393   2.545618262018 
 9.347114561336  -1.971802695353 
 8.488366120823  -4.975941852830 
-4.588264148724   8.741742181005 
-8.894476914674   4.436506054451 
-2.679274326258  -9.618006747788 
 9.045046276337   4.328623698823 
-7.419528481946  -6.761125250043 
 7.459221847699  -6.803106678061 
 3.527480697470  -9.486737247389 
-6.302884867254  -7.939128764116 
 2.486734543026   9.891890691407 
 10.052884340214  1.932281028992 
 9.636369757193  -3.497107695343 
-9.565872112009  -3.799034510194 
 5.988082766150   8.536546657550 
-6.381565267221   8.276917899979 
-10.456034269416  1.112037164750 
-10.476784265823 -0.977271181055 
 0.939777693193  -10.488427767230
-1.434616986802   10.461035752856
 7.684898765310   7.446783172392 
 5.063830879898  -9.486092486824 
-3.606606615113   10.174318124004
 4.635586746077   9.803673928650 
 0.446747325192   10.836154572407
 8.791952106292   6.420911873745 
 2.500933443485  -10.677080378661
-8.157164106549   7.494044788708 
-10.782906186268  2.650512818558 
-9.415275359727   5.905451342815 
 10.529065591718  3.599553601418 
-9.433284122364  -6.072287354782 
 11.156116052234 -1.381568819706 
-0.875579354174  -11.235542524537
-10.982184644772 -2.794085395027 
-5.178461474992  -10.116448269014
 10.266086698498 -4.877114794818 
 9.165289495810  -6.800638016560 
 7.487780637415  -8.629866225904 
-2.595965473727  -11.183147307975
 1.943280526851   11.406045097933
-6.590878030365  -9.555339823363 
 11.708440298126  0.056796001538 
-8.312075265858  -8.272241932307 
 11.391298930670 -2.968856464170 
 7.471037090092   9.165236671932 
-10.848073604544 -4.735987187843 
 10.523605773398  5.532588393080 
-2.108339673163   11.881531875318
 3.924737580856   11.472863565776
 5.888546339521   10.662667724138
 11.998350601501  2.647881842936 
-12.318352512414 -0.473760123613 
-3.615208378612   11.863952621201
 5.436532431252  -11.156631494927
-11.314119933786  5.129720014425 
-0.317540117922   12.511524344133
 3.464144604144  -12.076669731474
 0.492614373850  -12.583991209203
-8.491417153101   9.381094693824 
-12.440027824090  2.406486231730 
-5.366169223541   11.632190933868
 7.890629843867  -10.106308454929
 9.704590356500   8.442291857747 
-12.727362175223 -1.988792812369 
 10.664832605728 -7.239120669142 
-11.309489316888 -6.206636599171 
 12.776953004825 -1.816951435739 
-12.305194411968  3.927582731310 
-7.404115974113   10.603496193530
 11.720124696793 -5.573823520566 
 2.940317577598   12.693495409235
-2.422250743002  -12.866502295738
-10.399413731823 -7.999155960155 
-4.554224676058  -12.365867136634
-0.934211055452  -13.192452268338
 1.301369297208   13.165956414069
-13.225851623046  0.814045283142 
 9.914759815377  -8.807664591713 
-5.967867570387  -11.844399884546
 12.603274038493  4.276054010218 
-7.698892524626  -10.925761312202
-10.519995244240  8.246012261637 
 2.222295210338  -13.193731029315
 13.396143865981  1.185790361160 
 12.919693153997 -3.757109792820 
 5.024335981443   12.584233757380
-9.175068721167  -10.055301979310
-1.881030775762   13.575498971880
 11.734581705636  7.110143146072 
 6.997439665750   11.844072166056
-11.873040398722  6.978146875406 
-12.858820842211 -5.080282485089 
 6.101871590346  -12.522931648280
 14.052856451529 -0.555524724131 
-12.907222444257  5.760060116481 
-13.800474163113 -3.135644477210 
 9.339830055126  -10.700147353509
-9.411824453384   10.835448631622
-0.597879176587   14.366470720548
 8.196534121258  -11.836028980904
 11.797571066420 -8.272213217816 
-4.128164564179   13.883931781555
-7.312162392698  -12.526542992919
 12.921418724580 -6.644481000488 
-5.717890620960  -13.397608481297
-3.948570106872  -14.032333007847
-14.482397471829  1.734397871753 
 9.649606057530   10.958857232142
 13.645624277981 -5.205587439028 
 0.034911353888  -14.631393593909
 14.438781669255  2.735000836707 
-14.653581305573 -1.212980082327 
 13.328331457147  6.350109663425 
 14.429489067081 -3.260240700045 
 4.813499082556  -14.013404194669
-14.441276640570  3.529565680030 
 15.009001894655  0.675289706726 
-11.156302449162 -10.176332936007
-8.771023504925   12.337033122958
 10.927108675470 -10.619720836842
 3.415849311006   14.900596029937
-7.013821433383   13.597475659893
-3.127772652722   15.002413803328
-10.923864433916  10.763260161697
-1.516758455521  -15.266642941456
 12.932932856369  8.329298211047 
 12.071832609175  9.589248679718 
 2.495826798133  -15.218611462658
-13.057589834656 -8.259106908594 
-9.418433657091  -12.262580615208
-13.516133341240  7.566822126914 
-14.621697133694  5.133146015044 
-5.532096175541   14.493452451024
-14.205566892807 -6.393588793109 
-14.921654534157 -4.584265117383 
-1.541004636500   15.548038101273
 15.590813033922 -1.188593143868 
 0.455975138538   15.676653395985
-15.495209730391 -2.703723151639 
-12.282576308340  9.843389985415 
 5.631270237810   14.746434463925
 14.826554828027  5.638225726529 
 0.928950600243  -15.920047012069
-16.013334812255 -0.217805563635 
-6.786429271438  -14.517785147044
 8.885731033807   13.337577365976
 7.555627253876   14.168871946575
-4.233114055185  -15.532027289238
 12.538417451416 -10.102219338280
 15.305995433999 -5.178480442765 
 2.076725499522   16.065510280661
-11.075554769823 -11.830509084805
 15.870692999949  3.460990938713 
 6.751477816694  -14.774252546725
 14.562124997693  7.314690103219 
 10.767324945991 -12.258504581551
 16.231523170305  1.718995783946 
-14.943790951939  6.620195401882 
-16.006520937240  3.512184003341 
-16.326849062652  1.644052276712 
 8.527986022950  -14.033678304041
 5.249540878161  -15.561323515652
 16.060291060900 -3.645491607385 
-12.807969976126 -10.406644095732
 11.914972577736  11.423461771259
 14.070559403766 -8.847746358494 
 16.632439163821  0.125071616449 
-4.963704812599   15.938851597442
 10.537836189900  12.965349802276
-8.177125730470   14.636471260663
 14.991832753749 -7.566544296496 
