-0.827834322614  -0.129229831136 
-0.659903261401   1.418090172912 
 1.062869660757   1.247606923287 
 1.514230363181  -1.371733566185 
-1.241550062785  -1.627792301322 
 0.205778406353  -2.648502865457 
 1.151261277640   2.802329612621 
 2.648585422709   1.636700763834 
-3.095974776782  -0.968039413434 
-3.121319845789   1.058588071435 
-2.356518294170   2.379766747651 
 3.346341344370  -0.410844587231 
-1.335889144819  -3.145598050853 
-0.912548572423   3.399357695574 
 2.989055565727  -2.028729450798 
 1.708999774018  -3.979650394372 
 0.143911308914  -4.410276019673 
 1.472711602216   4.281677170845 
 4.673157216578   0.371579019437 
 4.104976431015   2.327555423983 
-2.067135907096   4.371317360721 
-4.141061379003  -2.644829397568 
-3.669118497367   3.296801951417 
-4.914850442331   0.628389898687 
-4.868644536224  -1.326321730536 
 3.799227320930  -3.348351959510 
-4.818143105739   2.225363839351 
 5.304964704113  -1.081356037430 
 0.430667832066   5.434842371080 
 3.302581249529   4.558095982556 
-3.332142104678  -4.605806939376 
-1.115897159120  -5.613506865634 
 4.718075548598   3.731136324426 
-1.126775365397   5.935700909023 
 5.928211860610  -2.459203594766 
 0.427315254448  -6.413995307864 
 6.251114270270   1.592270544003 
 2.827686665133  -5.898605293429 
 6.606449443728   0.083683791177 
-6.622932604901  -0.804354174618 
-5.024054463927   4.547883608694 
-3.122229188054   6.080834466960 
-6.415016527508  -2.365621216471 
-6.045357043168   3.210376888354 
 1.105550827284   6.799878043490 
 4.484202956496  -5.252001628167 
 6.235032767676   3.176389938463 
 2.978210271680   6.444098459161 
 5.830641588271  -4.189118909373 
-7.145916677331   1.505238375599 
-3.177401212583  -6.618836002438 
 2.045102030874  -7.218358049946 
-6.078586179923  -4.424832566669 
-1.736765162765   7.319234811207 
 5.807365316443   4.953148534898 
 7.497317809834  -2.250542921461 
 4.809308426786   6.239787558874 
-4.709511121495  -6.321512144607 
 7.935989845516   1.021372541597 
-1.800158266317  -7.822643253603 
 8.079179400150  -0.652860119796 
 5.713899131658  -6.283383069572 
-7.832030040356  -3.353664992382 
-3.299737698526   7.869916797601 
-7.618548745222   3.852075894755 
-8.382168812398  -1.620629358621 
 7.619963549977  -3.866399801574 
 1.109119150012  -8.620161245713 
-5.160462423004   7.032113132268 
 4.688129396484  -7.382864601465 
-6.893430381737   5.411506397060 
-8.695331176407   1.737038263219 
 8.107634034714   3.653638012331 
-8.974210302380   0.012710464500 
-0.013001388607   9.026706948388 
 2.734899747908  -8.752783164034 
 6.366267785512   6.617455886243 
 4.302982510199   8.164857943108 
-7.011968302722  -6.065587438792 
 2.495220072437   9.069990045371 
-4.890880626486  -8.123038529142 
 9.302089795607  -2.368628933103 
 7.442417934232  -6.250297477670 
 9.670164794844   1.119474605955 
 7.779838790612   5.941560954679 
 4.316891319575  -8.838648683844 
-3.675821198844  -9.140027345506 
 9.125658987200  -3.890780647517 
 9.484131316903   3.007195606099 
-2.559952474329   9.630497969484 
-1.067711592073  -9.989911452669 
-9.663806281523   2.902912491437 
-6.907112290652  -7.850117654120 
-7.969232460390   6.799629801363 
-10.532371020569  0.276341857432 
 9.284347480482   4.983083129557 
-8.953037075793   5.647390830263 
-0.931260199284   10.569692080111
-5.244320232702   9.281514118722 
-9.103102016193  -5.557463867686 
 0.767119245517   10.673836232354
-10.585108275090 -1.660725409850 
-2.582268963015  -10.460343888154
 10.828840932271 -0.856393453766 
-10.218258228732 -3.707524818687 
 7.297087890317   8.075596109669 
 3.353713930168  -10.479161988049
 7.077509268657  -8.484490678263 
 3.976833153831   10.319224708482
 1.662289296874  -10.950568076656
-7.148999038290   8.651831555092 
 10.983298694601  2.596745255711 
 10.932578079055 -3.006965908232 
-3.731999981932   10.760957017704
 5.575679684967  -9.989346592743 
 8.953859457910   7.171909253902 
-6.109877005723  -9.741884899927 
-0.087273812614  -11.529504143278
-11.501488359062  1.508350877585 
 6.336254544956   9.756255049116 
 9.933008884537  -6.076237068175 
 10.926596665724  4.102505525513 
 2.852434085277   11.432483961940
 8.887796946080  -7.793274004658 
-9.163986407785   7.761684743555 
-11.638121853226 -3.017024321885 
-2.071180919300  -11.876508699358
-12.039534678765 -1.170991788980 
-7.660272831330  -9.376502961377 
-10.714705708078 -5.684598082290 
 11.288761078384 -4.525929748128 
-2.045989683648   11.991664614530
-10.244825682700  6.659982101389 
-9.678825846738  -7.467050068602 
-5.889437379769   10.738553569457
-11.185913107925  5.016169430369 
-5.176948238255  -11.182516182436
 12.338052809773  1.430183174187 
 7.775919330402  -9.873719414649 
 0.816537652289   12.567249066492
-12.068979578189  3.719275078082 
 11.069634909980  6.140742084406 
 4.431117300366   11.962007935815
 8.391306055229   9.750002569995 
-8.730079717307   9.451534466104 
 3.277043761130  -12.451693135632
 6.321455590596  -11.341250319480
 12.987793320588 -0.193869090465 
-6.905787138523  -11.081203835867
 6.573894875916   11.315965003699
-13.188258805543  0.478118156513 
 12.389109451787  4.700336872182 
-3.503298796904  -12.799702514382
 12.804039200670 -3.579313941428 
-13.057996042161  2.518707091522 
 11.826007747858 -6.216718429227 
 9.683000297476  -9.284479951167 
 10.809670063055 -8.062455489658 
-13.237211736626 -2.617959796417 
-12.215467225582 -5.764591181038 
-4.224950549930   12.833092498597
 5.274677385224  -12.442581393374
-1.542511870437   13.443828879733
-11.193899676894 -7.620098002016 
 1.948322247269  -13.482963259063
-13.623725868071 -1.050737721287 
-10.203923675497 -9.114303606819 
 10.986687815338  8.198371348912 
 13.408436290185  2.914120720831 
-1.891454711216  -13.602192778836
-6.773897313874   11.953487156941
-10.740421815401  8.704733932053 
 13.680819800756 -2.292730390027 
-13.230367135574 -4.522229457361 
 5.938587972968   12.713620958174
-13.324778529124  4.576064569611 
 8.466557977527   11.286031965210
 0.074080934206  -14.109388252484
 14.084482187971  0.900699186519 
 10.070324798690  9.892451831651 
-8.272577743627   11.543199092938
-5.141306223017  -13.287496806462
-12.009775500732  7.886562666553 
 8.736795558217  -11.421360872251
 4.166036113248  -13.871239302387
-6.727086238862  -12.843447493751
-14.484193786000  1.502562701617 
-3.295054204654  -14.292280630853
 4.743846579294   13.886854985902
 13.600942551695  5.606102225583 
 2.859053646481   14.455535336005
 12.773033832559  7.416979591033 
-9.623094171547  -11.273158217624
 0.815300678680   14.870296704841
-13.575276083624  6.201526449529 
 7.703607125014  -12.783269311449
 1.357832007549  -14.897386399618
-9.888712310066   11.225083760242
-13.217711079361 -7.023848065187 
-11.976496071241 -9.002183475346 
 13.506307426852 -6.525011497668 
 14.214951268234 -4.967359243117 
-15.077256472363 -0.148678023570 
 5.795485788431  -13.942693371210
 15.126115686400  1.984079924546 
-11.005861970866 -10.571437885103
-14.778325115190  4.017288666373 
 12.669767537786 -8.758286906498 
-14.409602595843 -5.559566941001 
-7.296962742606   13.688507230422
-2.319434228330   15.337902471390
 15.268046645738 -2.835591295386 
 3.183929054241  -15.270200757811
-0.259281410579  -15.597696119026
-0.538122189574   15.611175477944
 11.320630695943 -10.778055779404
-15.345244948215 -3.004403660859 
-8.855209010497  -13.030315185971
 7.398995752008   13.923489738431
-5.440033095607   14.804110594354
 15.376541999430  3.683391183727 
 15.814713678252 -0.512148747786 
-9.085279618161   13.077608063228
 11.119415756076  11.409839041367
 14.352013421664  7.108393644845 
-13.491249924272  8.724719351707 
 10.073009053798 -12.564559317740
-7.220140914980  -14.408405636817
-12.554446382623  10.140802056683
 4.155152720783   15.598439838659
-4.102879717605   15.654729201660
-16.067246970659  2.263558301950 
-5.704264353981  -15.272941586954
 6.181476768453   15.126313922116
 14.286415955316 -7.945119501934 
 9.515363592062   13.294179969272
 7.623487871462  -14.526929250138
 1.877676261955  -16.306923574232
-3.753792327788  -16.014936381474
-15.560682415091  5.630690486100 
-1.703648510361  -16.480326798864
-15.027996455428 -7.020875549890 
 5.787889695726  -15.544914418484
-13.287181006716 -9.950636826604 
 12.946351203182  10.473218632733
-11.762797086805  11.794398630590
 9.312190376411  -13.935580472412
 2.946426976425   16.518282724084
 16.681753252708  1.865979541613 
-16.381139070143  3.739699801258 
-12.190103478188 -11.593128982209
-16.751943230497 -1.618646718681 
-16.846258698917 -0.005293636410 
-10.791735247645 -13.005335072947
 13.726865621525 -10.103473263987
 0.072305051440   17.054064464162
