-0.273664570841  -0.845077816646 
 1.427527208967  -0.654339061321 
 0.232836170927   1.569683636929 
-2.220290062454  -0.046197119744 
 1.954951686004   1.238251327721 
-1.879081931415  -1.638638745650 
-2.160790649526   1.556606451666 
 2.932226012059   0.047433670669 
-1.010728706795   2.882764845653 
 1.515159011499   2.728297764918 
 0.305753264465  -3.108281858004 
 2.713519049563  -2.715383886727 
 3.532656632243   2.116193221884 
-4.104240627418  -0.439572381970 
-3.658852411892  -1.931955905521 
-3.768847271479   2.089276540014 
-1.075780825606  -4.440918710272 
-0.447737917293   4.608619491889 
 1.214899166003   4.482451913637 
 4.865831046801   0.651715238338 
-3.254839616299  -4.044807748966 
-5.217654741239   0.696555886680 
 2.797341010909   4.555783514513 
 4.976071891451  -2.064811399983 
-2.873181569404   4.616545145704 
 2.073382584783  -5.058623173721 
 5.054992251819   2.365621600474 
-5.342651266197  -1.782979334941 
 0.027869531950  -5.632252130797 
 5.688446007498  -0.659163847316 
 4.273482282332   3.955939874838 
 4.214772148411  -4.162853266411 
-5.212626303352   2.932484389497 
-4.360725528525   4.182263825296 
-1.948488917294  -5.755051142264 
-1.326539689956   6.159715921825 
 6.322506378215   1.311301405136 
-3.531686166207  -5.566267629559 
 1.365636320643  -6.507960215700 
 5.663078265167  -3.560382262397 
-6.585871614691   1.942534986451 
-6.909283830244   0.290691140743 
 0.704392218442   6.945527121435 
 6.652918509131  -2.216959459212 
 6.474872501873   2.954194281745 
-5.444005778486  -4.671303022573 
-4.269359367905   5.769390861990 
 5.655202714345   4.613388622310 
-0.467325768370  -7.299262648425 
 3.479019044876   6.575511018026 
 3.487751071800  -6.599935777992 
-6.594500037893   3.636668828194 
 5.670513850777  -5.070634221938 
 4.993492197184   6.119230621962 
-5.887991246100   5.393950659067 
-5.305986978787  -6.172602115782 
 8.132866092197  -0.680818986293 
-3.628716837046   7.333456830331 
 1.792551751237   8.061481220879 
-8.077020767302  -1.785479613750 
 8.109541328302   1.667096822437 
-7.332500537822  -3.867506749865 
 2.225596686650  -7.999692152676 
-1.665960305978   8.180261350190 
 5.041162199408  -6.699826353860 
 0.728163653481  -8.432639288793 
 7.171426445508  -4.801551071529 
-2.850178364686  -8.157756187099 
 7.939638128275   3.588134344559 
 7.079926141359   5.179951390705 
-4.443052230053  -7.606424385586 
-0.814867278559  -8.851264666659 
-8.604259770022   2.564749298535 
-5.550391327554   7.068024663930 
 8.736474489507  -2.362660404953 
 3.719405321015  -8.397445817083 
-9.179737489155   0.300862882658 
 0.808154251439   9.208328667983 
 5.295090815771   7.588954309644 
 9.392149092393   0.595409248362 
-7.870482829205   5.242962168152 
 8.543327657474  -4.119110693087 
-7.165610316689  -6.526722789470 
 9.662073139734  -1.098969824359 
-1.346165883326   9.750202649687 
-4.351082668792   8.890283308081 
-9.153397285047  -3.803620222051 
 7.426551508621  -6.566155796606 
 7.454202190899   6.803326763834 
-3.163002022851  -9.649700808282 
-9.932624735643  -2.200784721463 
 5.616565226298  -8.496012107132 
-5.933619974803  -8.294436925059 
 2.399385257132  -9.919279367459 
-9.660188436172   3.746456812087 
 3.852911613414   9.702452764081 
 0.359252520352  -10.479160216771
 8.966416604241  -5.580063740167 
 10.011354001104 -3.431131797027 
 10.330322837402  2.492033414956 
 9.117787078982   5.616709627543 
-10.463153916464  2.407572848188 
 5.788135385999   9.164915615282 
-1.652558640145  -10.792639190390
-7.686013872233   7.770084097646 
-9.239354107012  -5.916386134231 
 0.792053245305   10.958664525257
-7.544508872397  -8.014913390998 
 10.152070647602  4.355949547195 
-4.681558768049  -10.067502163594
-11.110798806371 -0.065655605857 
 4.093630464975  -10.395547647506
 11.163967081364 -0.559082632203 
-9.174970783606   6.407514956276 
-3.861188236303   10.521059864310
 2.716702060283   10.991261665461
-2.350846289993   11.116776314701
-10.861970309255 -3.402628428907 
 7.183818722912  -8.840677261314 
 11.433921099765  1.397096642784 
 8.428067349532  -7.962243420102 
 7.515850163984   8.846379439819 
-7.018983242342   9.286780086246 
 11.464070458485 -2.661964231943 
 1.860513448322  -11.638932841699
-5.620988942079   10.406720680937
 9.065243450357   7.704125935031 
-11.859591085483  1.695880079737 
-11.312304160982  3.968878813147 
-10.766975904950 -5.377388908031 
-7.041633834473  -9.813635318587 
-10.945533968267  5.429739279117 
-0.926964358540  -12.213506473237
-12.054629075296 -2.437620903968 
 10.589977848149 -6.335877525326 
-1.366438392242   12.294777616411
 11.338460875496 -5.005761269146 
-3.203367856180  -12.004015866899
 5.609670061423  -11.109072412426
 11.697179007974  4.470324579502 
 12.318887492886  3.032618522787 
-8.685633940099   9.272228304712 
 2.018187381354   12.567282752627
 3.484290218864  -12.249752155926
 0.569025294165  -12.769826298235
-10.696363087161  7.014029728595 
-12.785789794777 -0.422611881694 
 10.599004744323  7.211459523179 
 6.327082677496   11.218014375678
-9.870648546498   8.282908428865 
 7.752229142588  -10.446164850605
 12.941421216286  1.337785265243 
 3.725241830708   12.501272032308
 7.723870969622   10.514936696384
-10.531192293470 -7.891981722927 
-9.497716135608  -9.157647351485 
-7.508771720522   10.894792724867
 10.459144156171 -8.256802088083 
-4.730141863947   12.471496008508
-13.351981031818  1.009831070940 
-12.300641270690 -5.369849645345 
-5.300173332870  -12.341358505455
-12.986435065608  3.834112675959 
 13.519600100772 -0.804685355645 
-0.254886931948   13.621542941128
-13.499819308644 -1.876950469971 
 12.064783568830  6.357636428977 
-3.286045887035   13.236998929394
 5.243712354517   12.597423929377
-8.298350201175  -10.847816873915
-13.148316824879 -3.899059476437 
-11.860553196766 -6.975662156571 
-12.146516048915  6.469385175601 
 2.232224977807  -13.668724842315
 10.718967852759  8.805347416199 
 12.557108928727 -5.947782663270 
-7.197374453692  -11.971991341856
 13.815842286032 -2.602193590961 
-3.722096192666  -13.559649228909
-1.853447011866  -13.963123773562
 11.840051269996 -7.631853666487 
 5.882945803622  -12.853071365498
-9.167493335797   10.835235764147
-6.392057942092   12.685678717230
 9.663342469589   10.469018035379
 14.046977238190  2.878285939479 
 0.439043020650  -14.387952374458
 13.746992025718 -4.377210525045 
 10.410878047233 -9.989580610450 
-11.052224085641 -9.369612932777 
 4.166361183210  -13.903077285261
 2.004582415540   14.418529168959
 13.579386860175  5.281280590233 
-11.372269571105  9.140521526105 
-14.402918467893  2.631652715767 
 6.727318767765   13.014318953214
-13.828423000145  5.116431091764 
-1.613420389382   14.680674264311
 12.263141273817  8.279226486649 
-6.187869735741  -13.568330376740
 4.012117288017   14.389733528088
-12.401860684628 -8.376955775132 
 0.450444846540   14.995022603542
 15.067583864612 -0.907092092488 
-4.571486650190   14.388953372427
-15.108691130275 -1.198886204647 
-14.651589057747 -4.104119687415 
-10.137962530867 -11.354316478565
 7.629682279611  -13.173370221303
-8.811728987993   12.445501782755
-15.292046675226  0.334655117206 
 3.108527982972  -15.004376879341
 5.739823881117   14.211075361121
 9.168465506348   12.444044440132
 13.702468869844  7.168985807889 
-0.817682907906  -15.536505078308
 12.045181959843 -9.868986936663 
 15.595381805589  0.732223687367 
 14.532281935231 -5.749140009588 
-3.756825022764  -15.255539717999
 5.830151150248  -14.628288093685
-11.334984568782  10.942212472971
-5.355968966936  -14.823098500386
-3.032173089527   15.498395704955
 9.572224546886  -12.564291119730
-13.755043075260  7.848490810199 
-14.090885342360 -7.234620471237 
 11.087685787017 -11.404261284140
 14.019011707416 -7.522604850238 
 15.479477616406  3.767527810235 
 1.817977345243  -15.833232531761
 15.775843686107 -2.329572950549 
-8.436743547244  -13.590552840495
-14.628112860483  6.510782636564 
-15.392376223269  4.781031786968 
 12.999432470382  9.644126869245 
-2.374834780367  -16.027661524732
 15.278261206907  5.429737096163 
-15.997346270208 -2.791566075856 
-15.169572183442 -5.801521889664 
-9.856528630057  -12.988512511623
-12.894228579682 -10.036560927348
-10.638129283404  12.468754153316
 12.155796737577  11.018032816889
-5.687778319158   15.391269570434
-13.894229486821 -8.787396102727 
-7.088403907205  -14.835683757061
-16.256312759761  2.491184821283 
-1.306267289360   16.400466776667
 10.942528994189  12.311468498702
 16.514991454819 -0.501870685191 
-7.123086677456   14.924426830456
-11.644922537563 -11.772194746698
 4.262679031859   16.059687668768
 8.948877580145   14.037604446461
-9.409200609264   13.845021342252
