-0.284549725372   0.956566008032 
-0.763565039068  -0.748268783428 
 1.061583075669   0.263677983172 
 1.404850033595  -1.726626040622 
 1.464103212822   1.896782199790 
-0.587346204969  -2.352414644475 
 2.688357629156  -0.015550668087 
-2.700644823522   0.369880377829 
-2.315869073470  -2.095071943560 
-2.556073542743   2.069091145087 
-0.583657810925   3.534442296884 
 2.951404438438   2.626713399269 
 1.320093843228  -3.849618750004 
 2.734263669595  -3.129395575568 
-2.090212868146   3.603037278430 
-0.445201088419  -4.203401512635 
-4.272660472557   0.054363702335 
-4.010292020404  -1.560157670471 
 4.162803171052  -1.441029224565 
 2.063199728051   4.394834801972 
 4.873528224555   0.724284258613 
-1.903878191586  -4.780469831185 
 2.471377588080  -4.852059949209 
 3.750617717312   3.952519752546 
-4.359959402157   3.336947526766 
 0.055395847771   5.501315901560 
-3.452947082919  -4.352410139361 
-5.405186081288   1.453947314186 
-3.283098019052   4.630066877231 
-5.519949542228  -1.435719131151 
-4.830126600438  -3.121191834289 
 5.439025756155  -2.291369383166 
 5.906262932940  -0.853553052113 
 5.499519567190   2.717385858521 
 1.651502396659   5.966369850875 
-0.606619843349  -6.184519623128 
 4.978394791223  -3.822935434221 
 1.795651795064  -6.308399437570 
-1.932582815767   6.392080026075 
 3.712933137630   5.613538094065 
 4.079670376967  -5.362468676177 
-6.862533446253   0.522625336629 
-2.843536032570  -6.329156040709 
-4.811780487031  -5.095787689354 
-6.781653651397   2.184070924169 
-6.771392201275  -2.273798567550 
 7.343871229378   0.315852825792 
-6.315643935124  -3.784682989945 
 5.251133003301   5.197592443293 
-5.712993973488   4.707153635706 
-3.745552507599   6.647489192579 
 2.641232085271   7.181869036824 
-7.649519094947  -0.838466128584 
 1.093239829218   7.630529462896 
 6.603222402906   4.074408988089 
 6.432639688598  -4.506140283060 
-0.655670457057   7.835729554524 
 3.113172377826  -7.247238465118 
 0.893136195984  -8.000610423914 
 5.477852965560  -5.970240358743 
 7.643263519142  -2.872101148576 
 8.108981245572  -0.986431019605 
-7.171604044886   3.941936033027 
 7.631653422006   2.970407891161 
-8.339802192996   1.755864590419 
-5.483733535699   6.687596551808 
-5.855456418410  -6.488416418427 
-7.796707921556  -4.066424569175 
 8.615639709302   1.761808070770 
-8.792335359431   0.294886756658 
 5.581675804934   6.805766083851 
-1.962765113475  -8.644653478956 
 6.841108378337   5.675573481742 
-0.398157479076  -8.919679957519 
-9.040102625091  -1.456742389730 
 0.857118144598   9.139112641315 
-8.618163415731   3.238206766208 
-2.882871707572   8.831927093860 
 3.531486852793   8.658374244437 
-4.639853152269  -8.162285779768 
-0.617959146447   9.504272477534 
 4.758143063872  -8.505284845661 
-8.112485283011   5.423637703612 
 7.706661987437  -6.212189437486 
 9.809994450358  -1.451550184494 
-7.807486070511  -6.145702057381 
-6.950437397663   7.115759728494 
-9.461023010986  -3.120771464694 
 5.322768297456   8.451820700047 
 9.985890863365   0.363320315198 
 1.523534917365  -9.882017852321 
 9.382809076072  -3.988094266582 
-10.030433424517  1.866424721243 
 6.687333721739  -7.739303315340 
-6.662444032310  -7.913553790738 
 7.276691279818   7.542193454275 
-5.115569815782   9.188109765169 
 1.714205813445   10.447937610291
 9.702410317981   4.296079148716 
-1.978958163057  -10.438207146516
 3.889339473659  -9.901752484433 
 8.945327695775   5.853045062785 
 0.164543132461  -10.697076349330
-10.150857549377  3.910199969002 
-10.880424121635 -0.423900167355 
-1.787650080657   10.754873662872
 10.624762247595  2.673069797639 
-3.385317000396   10.436420844232
 4.582053208860   9.981901104959 
-3.534479349209  -10.414095092271
-9.888306948232  -4.906939084492 
-9.423280196456   6.163941646245 
 6.527524576275  -9.296056271357 
-8.230334242541  -8.006845623981 
 9.963144217340  -5.773683559626 
 6.337478997366   9.636290110493 
-5.698879128757  -10.058572837965
-11.231459871299  2.772623855894 
-11.017419906580 -3.598338142973 
 11.588913369446 -0.169732259246 
 1.994119343282  -11.423137917350
 3.451058810754   11.071237162430
-7.641818073319   8.857885282619 
-8.762861434046   7.791147561894 
 5.290964336926  -10.509325912491
 11.229007500101 -3.649592359397 
 11.722596797428  1.476615668385 
 1.130301623768   11.843545032884
 9.165826058740  -7.590033919349 
-9.911041636105  -6.633768383769 
-0.674461224924   11.934062418953
-11.909548398067  1.310651962907 
 8.429241404432   8.519122721938 
-11.886077404037 -2.153661250306 
-1.476431214774  -12.098271232030
 8.277272126103  -9.025440039384 
 3.911790787649  -11.627941322378
 12.174406355505 -1.698055861165 
 10.386665737150  6.586674131514 
-5.676559468209   11.078305468199
-3.868898199646   11.875955442823
-11.477741542541 -5.044829369526 
-11.636870285908  4.787091685323 
-7.357525543221  -10.214153126378
-2.203561964610   12.433730221705
-10.912893512899  6.488480984591 
-0.085219315156  -12.726002232721
 11.824467296373  4.789742695664 
 9.919985545317   8.029363346350 
 7.032289200075  -10.735023684782
 6.065648868954   11.398560662877
-7.606210492194   10.606244923317
 2.553314729295   12.803544896891
-12.628649131954 -3.587086216530 
-10.368138711181  8.077585826601 
-13.097486659671 -1.109384318704 
-5.021019268909  -12.201508192618
-2.831692884327  -12.931079649422
 13.137196556693  2.588750936494 
 10.144450904841 -8.742276737240 
-13.402460363302  1.154896441595 
 1.342902377433  -13.436267798285
 6.067664904148  -12.068358747598
 4.602435643563   12.830975301704
 11.286609864766 -7.688403193322 
 8.153559495289   10.980710618842
 13.638002393781  1.049708842389 
 13.721529663572 -0.650349007778 
 13.168827595602 -3.953269361964 
 13.598670870277 -2.187656544405 
 12.041291637073  6.710923944010 
-10.446258115714 -9.023504290515 
 12.434913921577 -6.049262985231 
 3.376050388137  -13.449502242117
 0.647472771113   13.861107797338
-3.758208257093   13.404250714538
-6.704811012583  -12.212812221304
-13.295006427928  4.218279742584 
-8.886350439004  -10.822186930921
 8.746829688681  -11.127215336765
-13.967019769785  2.826200867283 
-5.547954850389   13.128679433949
 13.628279411679  4.362923186352 
-12.510820741583 -6.946124733062 
-0.623229254048  -14.364021120500
-7.107646472751   12.505057040290
-10.523812517042  9.811378248760 
-0.936159259632   14.361763060372
-8.952068423945   11.295671021381
 9.709129761868   10.769661908978
 7.671481376331   12.412574886838
-2.260003645465  -14.452780150574
-11.683007046906  8.815876645639 
 7.653258743135  -12.480651120263
-2.642005658455   14.437013905680
-13.131309558787  6.627638039169 
-14.421930211103 -3.457927022419 
 10.362146483313 -10.648398136902
-10.404113155914 -10.647889040684
 12.909478741558 -7.491702894114 
 13.935461806901 -5.489646444885 
-5.434300334453  -13.992730821236
 2.017643581092   14.878663398770
-15.028258959423 -0.069661686589 
 14.628892328641 -3.514609312776 
-8.354228871833  -12.617009974695
-13.838614951944 -6.180790122856 
 11.852412561336  9.485036278303 
 14.945070346319  2.887969726207 
 5.225626241727  -14.388436519680
 15.288261789988  1.211168514817 
 2.773734812806  -15.100924517869
 15.215373254048 -2.102564073477 
 5.942060757494   14.174436912382
-12.218201791245 -9.331730452661 
 11.868843471037 -9.814216343375 
 13.390017915822  7.618800531061 
-15.489305635198  1.750018629217 
-14.792415369256 -4.992047491230 
 4.502874234810   14.960222981337
-13.360184714816  8.272058012707 
-3.866901685597  -15.269056652647
-14.844924901440  5.392343109502 
-0.282851146959  -15.836747055694
 7.074481975399  -14.198154499948
-15.668253749100 -2.484126773378 
 14.747868611542  5.986108165774 
 13.148905130404 -8.992053160393 
 9.580189412940  -12.746142033463
-5.883070319708   14.871371806696
-7.123931395764  -14.321228870890
-11.680303401858  10.936171993744
 0.604284859951   16.018122986314
-4.321395492477   15.441758372193
 10.653343740794  12.008016842521
-15.612777893587  3.789156789352 
-2.153653834540   16.007275342236
 16.158675074471 -0.747452485784 
 9.115740631238   13.389818747410
-2.562182645282  -16.054047511547
 15.651160165292  4.631053147431 
-10.533000242126  12.503079244790
 1.205082597254  -16.305152318651
 13.393640006117  9.430766188055 
-8.928063340433   13.755352909885
-16.548544220269  0.657423624445 
 15.859328138287 -4.976649982464 
-9.029682137771  -13.957174623547
 14.613063622862 -7.929132595582 
-6.064880925921  -15.563464203705
 8.853237061570  -14.193751556734
 7.105992615186   15.148004831545
-11.442011925385 -12.384543114474
 2.822253120820  -16.635794809764
-14.470161656456 -8.744994024951 
 12.940304009080  10.916463496902
