-0.575958264800   0.573274180567 
 0.890629933788  -1.225278054939 
-0.658229574683  -1.488250015011 
 2.201179026889  -0.189426269689 
-0.034374050394   2.616891120608 
-2.269196760144   1.677463284795 
 1.614008551111   2.414004022101 
 2.722277099630   1.317718211080 
-1.247745654361  -2.940936357938 
-3.183781400187  -0.807976310533 
 0.284461449552  -3.281924216801 
 1.848302033209  -2.807717892467 
-2.673368284801  -2.241287109600 
 3.799441758728  -0.496227535789 
 3.459701435658  -2.123208831566 
-0.536663713919   4.035201985195 
 1.200596345813   4.033050633530 
 3.007211645750   2.989305652085 
-2.074304789505   3.718282057721 
-0.780684876463  -4.553348941255 
-4.635719107955   1.328347677512 
 2.213379875152  -4.299201384465 
-4.970249331981  -0.449821388350 
-4.216462572034  -2.945099779333 
 4.666858484682   2.326746864882 
-2.604364512150  -4.520786295684 
-3.760336892079   3.722414976104 
 0.793402533925  -5.382716840158 
 5.404371664601   0.703477562916 
-0.607522529188   5.641345099252 
 3.675133727841   4.361720992084 
 5.246807273996  -2.519523468571 
 3.767629498436  -4.439996979942 
 5.811497487090  -0.842435006883 
-5.529689557827   2.558849687402 
-5.905667715944  -1.722963416432 
 0.897192255819   6.233392249795 
-6.275252745837   0.574531646271 
 2.900236454861  -5.684314844739 
-5.496687309335  -3.757677218228 
-0.844119773708  -6.692331631022 
 5.517965177997   3.925990217884 
 3.100839398221   6.043637468297 
-3.611134311042  -5.837593627745 
-5.385251283534   4.289111474519 
-3.280278511329   6.361742546634 
 7.077038679155  -1.723021493006 
-7.028389359277   2.298362422696 
-4.704889974606   5.833883619638 
 6.923244940885   2.905280556308 
 6.422683609690  -4.100522688033 
-1.616235185615   7.515403024532 
 2.783055229364  -7.220534790454 
-5.552549523583  -5.400262600030 
-3.018353728840  -7.269737646681 
 1.118985948227  -7.917310293727 
-7.938625466908  -1.551065632633 
 5.124010898875  -6.269824877839 
 8.161940729900   0.754728218115 
 4.442035619440   6.906691480821 
 0.322683035643   8.206058756488 
-7.563653225635  -3.391445987629 
-0.413124768852  -8.291180758013 
 3.201261906795   7.774825302401 
 6.252899198901   5.706951724195 
 7.318004630252   4.376456101095 
-4.525708374543  -7.455514641214 
-8.620015168399   1.468055800217 
 8.707053784513  -1.003673569750 
-4.021186014583   7.893172013478 
 7.950768246684  -4.003358241588 
-1.013657105768   8.896804717408 
-7.674586923475   4.927021020916 
 1.992851375531   8.919494803367 
-5.970574360387  -6.932460840562 
 8.782662334598  -2.700943310810 
-9.180441028274  -0.687933514162 
 8.678814170908   3.219274593380 
-5.944033810237   7.107434727230 
 3.759961593199  -8.674701583365 
 2.066680442359  -9.250618964388 
-1.428019756165  -9.439433261086 
 5.234042128140  -8.083048302742 
-7.549521638421  -5.978231255183 
-8.555445838177  -4.849286767627 
-9.244149594790  -3.394245778602 
-3.437910914483  -9.426718129250 
 7.754302642025  -6.370995353325 
 5.979540437350   8.145550317902 
 8.607425805239   5.300162569270 
 9.919288544374   2.138501841669 
-5.555575106390   8.557960392618 
 7.596663611524   6.815890143915 
-9.503667010437   3.765395679504 
 10.268497248828 -0.155706874194 
-10.093654447101 -1.924001263977 
 4.075882529408   9.437688345429 
-4.934249408341  -9.029888079578 
-7.982184641232   6.518296565914 
-3.375320984698   9.739545832508 
 6.809719661186  -7.777303339129 
-10.311607929460  1.337335322049 
 0.175516646956   10.454539911580
-1.356438729908   10.459549742399
 0.217226664229  -10.683649169968
 10.464267671704 -2.190508958320 
-7.480082223227  -7.820338700580 
 3.877850257306  -10.194758850998
 9.833708741047  -4.811678521569 
 2.102786595025  -10.797627557186
-9.637111243065   5.316671946278 
-11.076358904939 -0.459324947782 
 10.560022207796  3.598415429975 
-10.802077162418  2.889470874195 
-7.631275417388   8.325204433010 
 11.337075576122  1.280398430034 
 2.954469887753   11.055765298552
 7.689494000001   8.494884797830 
 6.277789941874  -9.764178704603 
 10.971617964532 -3.803852760689 
-9.594301046802  -6.549917411394 
 8.265793038336  -8.263914724675 
-9.451904540335   6.892466893795 
-3.221046849162   11.249105005110
-5.925622515985   10.125083952766
 11.696332094204 -1.063139803572 
-3.564562512671  -11.220840085888
 6.401511720300   10.027050514638
 5.067375150139   10.805232423521
 10.667318213974  5.367278732634 
-0.353688617810   12.135860449653
-11.412907670567 -4.297537135409 
 1.824395122843   12.175620146201
-1.967079948850   12.158190340702
-8.767244937791  -8.691270300276 
-11.625231803727  4.165458636077 
 9.330594843672   8.133655081461 
 5.494123203192  -11.098590653149
-2.109665640030  -12.226872431760
 9.999846504144  -7.403420393534 
-10.940395243605  6.079174807109 
-12.331905363918 -2.284715180217 
 4.113284265347   12.018205104130
-7.709321225944  -10.143695261265
-5.206324480920   11.660289745508
-12.794431986030 -0.377686980215 
 10.594146319117  7.246505009713 
-5.793648459058  -11.495664865893
-7.619178412037   10.465690674029
 12.677638604453 -2.779560442378 
 11.607610609118 -5.937973067908 
-9.936546364842   8.452334865270 
 3.105682287922  -12.713440795052
 12.403444913991 -4.368168298161 
 1.140097499362  -13.105410222945
-10.594945694364 -7.842674441168 
-13.118841699976  1.589323323079 
 8.460400121787  -10.240599758129
-3.906318035044  -12.708503490261
-0.560955819671  -13.287899625477
 9.604612085308  -9.200141175908 
 13.038294268295  2.755270830604 
-11.788640330810 -6.370562015716 
 7.316239980524  -11.233666822717
-3.801196526020   12.907548198126
 12.813872715416  4.267845394717 
 13.517116682039  0.942649096768 
 11.994812634670  6.303186165170 
-13.237561055205  3.102204283164 
-13.064598111554 -3.836729285251 
 5.648450555689   12.433046861041
 9.655666038821   9.701127683430 
-7.356032297254  -11.624210277089
 11.545884805542 -7.552917701379 
-9.658811962447  -9.919820729379 
-9.345070975493   10.221465415227
 2.581792367477   13.628892567365
-12.899025719687  5.117076784642 
 6.023289975886  -12.509244358601
 7.164219615483   11.954963242875
 8.602942996513   11.019343127671
-1.645210624691   14.017800812199
 0.375608604566   14.144101326169
-5.599653597079  -13.002512430745
 14.108339381607 -1.397356249767 
-14.188553596877 -1.191306454656 
-8.631333690274   11.576810050507
-12.136391244274  7.862170939136 
-14.227668638796 -2.714852742552 
-3.305301437479  -14.148167763704
 14.027713020205 -3.822046418382 
-14.632274033684  0.927199346970 
 4.660496663770  -13.923513593870
-1.620799197506  -14.630740278893
-11.271707291329  9.603987989989 
-6.697301800322   13.211369039587
 11.013610470385 -9.921890309737 
 13.655512303498  5.815541122179 
 14.555729113665  2.963565834524 
-13.620355872685 -6.132914378919 
 4.159532248999   14.351832728467
 0.222999309296  -14.959236197058
 13.138769943557 -7.158628762982 
 7.451782030717  -13.030308495424
 12.862966858265  7.800057499582 
 1.927086056633  -14.949397636076
 9.197008382321  -11.958009695550
-8.755346760975  -12.293882337024
-7.259630886677  -13.268511636603
-14.537954519621 -4.236501156595 
-13.811045603466  6.454245778885 
-10.226588494063 -11.321479673145
 12.531553408706 -8.770201049883 
-14.663096807843  4.620492950321 
 11.962812069101  9.706779972203 
-12.351391281243 -9.229715090969 
-0.813863478575   15.449162836989
 14.851333334962  4.445094245723 
 15.569497610864 -0.160330059811 
-13.574608984905 -7.680969032436 
-15.594857640535 -0.645568131764 
 14.610495905030 -5.658504040392 
 10.701687906887 -11.500186747865
-15.615717721914  2.318889090491 
-4.445829620755   15.192141397718
 8.098919245971   13.603596603780
 3.333605937485  -15.482869148787
-15.721458475409 -2.265252620416 
 6.718731151490   14.414331135503
-5.289719747975  -15.068428702870
-10.101998404830  12.370655966458
-13.070803867138  9.195009332811 
 15.714304112672 -3.434739639819 
-11.705447209205  11.052129533015
 10.410090476585  12.293250660882
 2.744910173739   15.883278433982
 6.838336002374  -14.629678423122
 16.074942290091 -1.603619036189 
-6.687760834488   14.775849937360
 16.136309296531  1.743218337154 
-3.782032381991  -15.808216231178
-0.988630407901  -16.224532210193
 13.441914398815  9.230756383211 
-6.795394313816  -14.870023041584
 5.566418581339   15.424764216351
 1.194683391175  -16.429272693875
 14.281696452740 -8.249173010611 
-3.224457863742   16.179373148185
 11.910648332955  11.464437417697
 14.732755790062  7.632430794641 
-8.912290285291   14.103000746001
 4.784509938228  -15.982295413149
 0.446148029618   16.693422769238
-15.052230194685 -7.337885218161 
-13.994923836873 -9.196032839914 
-15.675814964657 -5.923361172575 
