 0.513449685767   0.450557288458 
-0.917134257066  -0.113074937474 
 0.687345097973  -1.123580735351 
 0.788892094014   1.976473850343 
-1.328273582663  -1.920730786233 
-2.055928669305   1.286148113143 
-2.837015264996  -0.148687386252 
 1.951967556580  -2.149341559688 
 2.900608079801  -0.386247487445 
-1.449526830901   2.916022919576 
-0.688776934844  -3.371514120623 
 3.281424681851   1.489553015721 
-0.045077126493   3.669992875330 
 2.436163783925   2.822327033827 
-3.097259526117  -2.943790794553 
-4.107562709524  -1.535661587728 
-2.984898772079   3.254191073862 
 1.841453441378  -4.204750063102 
-4.612623330039   0.500473956985 
 4.649195361724  -0.959434445528 
 1.749055781067   4.516199738617 
 3.789583843306  -3.059222437523 
-0.373716701674  -4.894168340430 
-4.453933325768   2.101399167378 
 4.003958707253   2.973324178521 
 0.317658037579   5.264908678899 
 5.171076884983   1.978909475468 
-4.787736708955  -2.901488327443 
-2.288373698865  -5.124817399789 
-1.840188392884   5.328083804050 
-4.411558569959   3.743649032872 
-6.067218872772   0.071856320910 
 1.168850332239  -6.083257280675 
 6.228232796304   0.748703396180 
-6.186747899082   1.828367468889 
 6.128846701334  -2.113903341143 
 2.555979543664   6.040391909965 
 4.069251444209   5.306108466520 
-3.459874023371   5.734709583538 
-0.579816048451   6.733146068672 
-6.614236967958  -1.474938483551 
 4.926315432741  -4.752193940885 
 1.188150816739   6.780024560613 
-1.593292686746  -6.698408761821 
 3.486622872584  -6.001654037064 
-4.364231808919  -5.566628340810 
 5.742363772225   4.153099378602 
-6.434172771601  -2.988476885115 
-5.694173330023  -4.351421833773 
 6.286379377218  -3.652107395200 
-6.332326611579   3.741758676863 
-3.118722912315  -6.695664501482 
 2.313807752406  -7.184132217397 
 7.661960124866  -0.492512246574 
-7.789794878507   0.268214010253 
-0.271223307439  -7.795536967975 
-5.158400873136   6.238520703409 
-3.784073120579   7.202457723967 
 2.909010401995   7.676684793352 
-1.817554948835   8.158106106305 
 3.853153637796  -7.486358955671 
-8.318367559351  -1.362004859413 
 5.193833643080   6.641481681860 
 7.878715627161   3.119311196808 
 6.333187620355   5.639572902542 
-8.228065533529   2.077912643009 
-6.567257387758   5.464146968137 
 5.239993262359  -6.765688922705 
-5.782689359809  -6.378475841100 
 8.076399043719  -3.208570185481 
-7.810944246344  -4.146654872067 
-6.999904665301  -5.422930252158 
-8.120995805648   3.691157000042 
 1.243285478192  -8.903916838153 
 1.662845662452   8.865579282170 
 7.233629231417  -5.485715249321 
 2.727605869776  -8.683793879419 
-4.976086249675  -7.689126639084 
 9.061579335139   1.741650118014 
 9.212894057959  -0.960383781819 
-0.030829467751   9.268810013780 
-3.671583393432   8.704194137942 
-6.569553625512   7.107592209355 
 3.682740988919   9.078630107000 
-9.710676281900   1.391739038401 
-0.369501608476  -9.876647642746 
-2.774621864694  -9.575096286789 
 8.837114280092  -4.621225532902 
 6.587667845794   7.619361858514 
 9.701036419602  -2.712674014535 
 7.734348669007   6.487726821315 
-9.417656338193  -3.843755162111 
-8.028385546316   6.278452363896 
 6.127241374480  -8.163457995082 
 7.443338450202  -7.029207815943 
 9.498657961760   3.859390112718 
-9.790882402863   3.367100677102 
-7.306092125987  -7.338260476785 
-10.396615093456 -0.156150872166 
 8.891343370244   5.412651867662 
 5.284453730173   9.018397207252 
-1.049261978764   10.456890310975
-5.647292121885  -9.054693257775 
-4.361042289121  -9.850156999864 
 5.231436853069  -9.420406003321 
-4.843449795997   9.700881659877 
-3.139595926048   10.583764790682
-6.555888716499   8.918100976520 
-10.846250681193 -2.224104537667 
 2.150603725415   10.917172497212
 11.183003921191 -0.396165192034 
 10.913513087146  2.785669291137 
 3.365236779206  -10.751728625300
 1.210436276783  -11.231184552864
 10.413082308007 -4.448217808406 
-9.341527190587  -6.520818495500 
 11.164502084238 -2.280117856532 
 0.321031471491   11.435766599567
-9.822961579430   5.884183782316 
 4.409045744020   10.599571149791
-8.117615323921   8.187609919779 
-11.572971076873  0.896037747619 
 9.843872467547  -6.161092792717 
 9.420216610208   7.002789960151 
 8.382679472935  -8.243406368202 
-7.870985279383  -8.734754616434 
-11.738183452871 -0.913364979943 
-1.717482560578  -11.650302715426
 7.945953355691   8.728867015711 
-0.191330449994  -11.824491587528
 10.716734727809  5.000954463585 
 11.930425753434  1.187095336037 
-11.827821290109  2.414692536510 
-4.596407093331   11.221633494985
-11.451799532998  4.265893256652 
-11.463157271840 -4.654632252049 
-0.913324924822   12.353180963817
-5.815699363512  -11.053161843025
-9.325604565021  -8.352991295548 
 9.943023967005  -7.715572253079 
-12.351677431032 -2.567390973236 
-7.192895743760  -10.374109592118
-3.220636859911  -12.304778798691
 12.265638617269 -3.520691678267 
 3.858923600308   12.183808197013
 2.990497336602  -12.464191136607
-3.410925023107   12.363116599468
 12.832572239329 -0.311277251431 
 1.366833382493   12.789380450211
 1.150588049372  -12.828982930065
 12.230962443185  4.128642283266 
 6.502449911979  -11.169769689836
 12.662117917413  2.626734935033 
 5.036540259769  -11.951611360441
 6.810549285626   11.075946147824
-9.285926957618   9.269467611736 
-8.034628887467   10.390625252889
-13.121544007350  1.290597400334 
-1.256668900848  -13.155350205760
 8.282826355316  -10.299150621063
-6.636864022648   11.437940796157
 11.255881189490 -6.956349223523 
 8.834260955685   9.979013960088 
-9.061365521200  -10.022859871486
-11.540067004719 -7.032036744198 
-5.381563739407  -12.491617476990
 12.327767520488 -5.829624289080 
 10.153408628675  9.199433383567 
 11.475308575096  7.504659634528 
 10.088521264208 -9.334032907902 
-10.861805844035  8.468532007511 
 0.074136526415   13.840900464422
 13.787685258501  1.228665235921 
-13.613622753872  2.758362393791 
 13.648864216179 -2.818867026323 
 5.987310520469   12.622149242385
-12.192189798349  6.972820686905 
 0.238597167166  -14.134510653601
 12.964241416075  5.652123924679 
-13.911328614419 -2.593798702837 
-10.511889515896 -9.495167400930 
 13.426060252446 -4.675296228759 
-14.291131508275 -0.227092293750 
-3.592691672369  -13.838115526932
-7.595451127730  -12.159456460149
 2.055775766636  -14.258911793634
-13.637064901093  4.849396162489 
-6.269079696802   13.085169088107
 4.473143019151  -13.833292431857
 14.589039873297 -0.379454460580 
 12.031546173203 -8.442951980241 
-13.841199886093 -5.026245824939 
-1.271193264852  -14.698276163592
 9.153643849711  -11.618031396221
 6.226181024133  -13.478376907765
 11.717771917528  9.158784620671 
-2.514396354520   14.666053860864
-5.114032608126  -14.018118749837
 9.038132996133   11.876122728901
-10.383846643153  10.766487456268
 7.772188159706   12.808488946579
-9.260801030332   11.780983932757
 2.665042783081   14.781977758828
 4.194609100546   14.482030990518
-5.054349438665   14.211441169445
-9.097653967549  -12.036746278522
-15.131409568907 -1.580169956577 
 14.820813863530  3.719216420494 
-12.887407563036 -8.254517819516 
-13.875110491300 -6.683538292259 
-8.207002532055   13.060143837397
-13.502702211150  7.749107071526 
 13.850837689255  7.141585434730 
 15.349326313017 -2.693470638964 
 3.513892828096  -15.196276799607
-6.843542378412  -14.080403121406
 14.961146092245 -4.733795560463 
-10.903771308861 -11.298635680116
-12.772303643134  9.161088454260 
 10.685701578472  11.629318596783
 0.653808986405   15.834455976355
 11.099565283412 -11.313541060990
-15.865010090865 -0.199311300007 
 8.009204356152  -13.715316030656
-14.782397033538  5.833648398236 
 13.322009025600  8.676791490407 
-11.902571460525  10.558816539670
-2.881292289019  -15.688094796391
-8.397482064849  -13.588597690478
-15.927947201005  2.128950901303 
 13.672589083109 -8.452659735588 
-4.402840219631  -15.460890141547
 5.081782701183  -15.262788026342
 12.355312111277 -10.465004616303
 14.828536261454 -6.527107849884 
-0.069790402261  -16.204306715611
-1.585148083099   16.135137999078
 5.804287693215   15.184237284541
-15.716587918474 -4.348442883859 
 16.329485179521 -1.157047386192 
-4.700195882337   15.725118838650
 7.758224251990   14.476003802078
-11.231007020039  12.027648080043
-3.177248375878   16.154704283558
 16.373771328387  1.737746563528 
-12.634127173645 -10.571817140570
-15.974715189123  4.064494919010 
 9.916430455500   13.203517325880
 12.540217465913  10.796349134252
-7.937567129885   14.580620025129
-16.442651715312 -2.405043952953 
 15.930349969188  4.868247038576 
 15.297218459527  6.650894441532 
-15.109374605390  7.383105987655 
 7.218483782302  -15.221264919015
-9.557602946029   13.883275924987
