 0.171187506408  -0.893647228212 
-0.564442805691   0.787038664596 
 0.803107853980   1.483246715821 
-1.814377005034  -1.426763524510 
-2.040212532541   1.445728083551 
 2.567974039233  -0.422738118747 
 2.354024209783   1.135414808966 
-0.374059341368  -2.721092771303 
 1.259414597763  -2.642536594547 
-3.221696650091   0.057465233472 
 0.043655325034   3.266057382030 
 2.877785318419  -2.503877445937 
 2.748613309162   2.645242329701 
-1.784993664991   3.495847548752 
-3.649446572625   1.926693844794 
 4.148555051441   0.292779077841 
-3.913116043159  -1.603366415331 
-2.408094939218  -3.512024292931 
 1.772493545927   4.225346743935 
 4.405784057644  -1.309481680310 
 1.991806707283  -4.257516646138 
-0.504072838575   4.754402117670 
-4.825442402618   0.906578506639 
 3.368657998919   4.034030724097 
-0.687939683714  -5.305921255834 
-3.275512856019   4.259347857165 
 4.082184154112  -3.791320830736 
-5.188196603122  -2.466384639680 
 0.692651738094   5.841859384521 
 5.594242674670   2.038677960178 
-1.660759676545   5.770992276747 
 5.849896613236  -1.765674210188 
 3.136478426253  -5.244788385019 
 6.254408932089  -0.084393167215 
-5.034739341541   3.718762698276 
-4.797794677753  -4.113214258444 
-6.342277073531  -0.357334787728 
-6.282753911745   1.638091611161 
 1.199462059272  -6.466109720987 
-2.786249260099  -6.079920587881 
 5.736199314383  -3.727593174875 
 5.143302868624   4.631493078547 
 3.447239398883   6.031721088549 
-4.278115314965   5.474799748181 
 1.945580815187   6.723083969572 
-6.873539496643  -1.956688908674 
-1.259833615789  -7.151790051992 
 2.717040136198  -6.789478032611 
-6.508173902371   3.391565580374 
-0.518080532755   7.359711429965 
-6.345387740719  -3.983754845290 
 7.310757546526   2.054323803388 
 4.902750314627  -5.816103074232 
 7.129257811558  -3.001599526390 
-5.876022759513   5.168365985199 
 7.022968039351   3.538563741918 
-3.849251108430   7.025866548387 
-8.003855091630   0.776969768645 
-4.319880254300  -6.896481685691 
-2.455942058541   7.785925199569 
 5.400178845679   6.135126190249 
 0.842541072239   8.256301902599 
-0.230128001663  -8.328488025800 
-7.965844374934   2.448521081499 
 4.413085574035  -7.347641093944 
 8.597488499409  -0.589043944294 
 6.779591929561  -5.334282775767 
 7.124803313283   5.116841364635 
-6.768196309167  -5.614771812536 
 4.307694911708   7.738887496137 
-1.995152718878  -8.716055271640 
-8.693878636932  -2.265149613198 
 8.958407832959   1.511768774844 
-1.549625571724   8.989723702136 
-8.258021591845  -4.167358605711 
-9.248889196336  -0.178688371623 
-3.521306209406  -8.593406001212 
 1.175820109353  -9.226615501579 
-6.501447657077   6.670540863870 
 8.544758034024   3.740608176047 
 8.371879379001  -4.239460855030 
-6.176254406397  -7.067897493853 
-8.445149774155   4.097389849397 
 2.794742149901  -8.992521993888 
-0.089007775092   9.445047949717 
-5.466870272416   7.946209744902 
 6.666892925732   7.109613890450 
 2.707065966576   9.541271004666 
 9.539490977131  -2.840693942020 
-8.269207548435   5.871341800856 
 8.070861993469  -6.260035698182 
-2.895266566194   9.811468553389 
 9.924248457180   2.713674482895 
 6.437283781334  -8.125022438895 
-10.351053233876  1.016862934023 
-5.181259288752  -9.086807372628 
-10.159830194540 -2.822087611922 
-2.910306661130  -10.138806314889
 1.003220455794   10.504982396414
-1.306286541375  -10.479664790784
-4.525234598245   9.651651196795 
 0.456419724994  -10.674248419047
 4.678283694376   9.759461240013 
-0.867903641232   10.809787179227
-9.295655109093  -5.622925751866 
 9.628768990517   5.080964074255 
 10.894963009946 -0.129316382857 
-10.595944142049  2.871429453832 
-7.545742400214   7.978488459175 
 10.976455834932 -1.692782079841 
 5.627149410815  -9.591791506969 
-9.788084862790   5.324555262404 
-7.459326068571  -8.283649495004 
 4.301178464012  -10.293100262880
 8.720750380071   7.381608639096 
 11.285976654350  2.080667740541 
-11.401462865770 -1.347717845964 
-10.518093938060 -4.684555966659 
 10.662361095922 -4.462092858446 
-8.853299794881  -7.456448835867 
 9.971095278931  -5.922951609846 
-3.843022527744   10.988235493380
-9.423993508334   6.838988377163 
 2.306895449789   11.438638061480
-4.269301241359  -10.861759153846
 6.316618099458   9.883400303907 
 1.855194038795  -11.626758747449
 7.849234611323  -8.781248595457 
-2.301807752767   11.585456686753
-6.038200788311   10.261400687447
-12.041879307679  1.254330559572 
 0.537530324489   12.317807839416
 9.534135732509  -7.919406778632 
-9.102881485254   8.459356467821 
 3.366155874609  -12.051443246861
-3.167046168535  -12.116716743670
 12.516774344303  0.895616331401 
 11.574077768426  4.890258971075 
-10.991980943468 -6.199375091808 
 8.732770827748   9.116860858714 
-11.976674101518 -3.993586062433 
-11.239943624843  5.787505987003 
-8.962176081077  -8.957317303886 
 12.588177366783 -1.462522594659 
 12.190455039325 -3.812664100527 
 10.875285310391  6.712252394639 
 5.424744653396  -11.597174871285
-5.604068980730  -11.673266090367
 12.667568502765  2.689353559801 
-0.527576234156  -12.990368426252
-6.956219145396  -11.004497437433
 5.001660922565   12.050542718991
-4.825026077805   12.128620010421
-7.931360404003   10.379039483185
 7.650950211510  -10.625366065070
-13.177765657294 -1.045560423366 
-3.401325245380   12.811936508098
-13.059082648463  2.947147470083 
 9.008531359564  -9.923429480153 
 11.110627389020 -7.573454255631 
-12.709619809332  4.581317957226 
-1.918022339200   13.401877486987
-11.284570496566  7.483338360519 
-13.560089795396  0.983048113792 
 10.695058291335  8.640150540154 
-12.543340894945 -5.673225462756 
-2.478151221792  -13.578145052140
 6.874381742483   11.994906539766
-6.311616551934   12.335070107522
-4.372371610981  -13.204935289408
 1.015450819235   13.886931654136
-10.399529096388  9.326598100936 
 13.978781604064 -0.008251996922 
 3.070324272516  -13.638713672212
 13.689300075358 -2.960534971054 
 12.771648441599 -5.910819661851 
 3.163591500384   13.714296344167
 8.324298823235   11.369654183201
 13.053656334540  5.455079427805 
-14.001076352510 -2.671237581941 
 4.659918730317  -13.507626973909
-10.916360723323 -9.227123812749 
-12.645131716379  6.771252776389 
-12.092048385654 -7.796350232521 
 14.185013109390  2.509390017357 
-9.892887423999  -10.576110403520
 1.411320091330  -14.454408690427
 6.746117316384  -12.903818643049
-0.702216779911  -14.565725186713
-7.146928962967  -12.741878733746
 9.183683733174  -11.466589453750
-8.026546668761   12.360154917556
 4.646518045035   13.998326420628
 11.253106493696 -9.548673199863 
-10.047267544920  10.832380731487
-5.354149109449   13.837763915412
-1.254430215532   14.872746499484
 12.223596586643  8.611356714116 
-14.043370799002 -5.327957692535 
 13.220117389178  7.261196565477 
-2.995931313592   14.822882210716
 0.208185476628   15.207189287945
 10.571528535204  10.976415444659
 6.592570118017   13.758693195186
-15.338954901143  0.089621638872 
 13.085120799350 -8.035144608711 
-4.499929590099  -14.715799208266
 15.350554572352  1.170122855589 
 14.946222281712  3.828695303007 
-14.268070933753  5.944783414094 
-12.932148263183  8.652344272502 
-9.487709574979  -12.376436203212
-11.639364582399  10.496184220032
 15.634690112982 -1.133654643177 
-15.512290817164  2.458112519914 
-15.612937982158 -2.314144157980 
 14.755099045974  5.635326175441 
 5.360540036930  -14.863894558915
-15.102935957509  4.649551112181 
-13.557565638451 -8.177726984390 
 15.247874030166 -4.279429664052 
 14.500309757212 -6.404576474501 
-9.651139913662   12.594823944480
-15.364397931184 -4.030243377821 
 2.835431765482   15.633224200910
 0.040796755730  -15.906049039920
-1.867325508659  -15.800237097575
-6.949368311909   14.351394926594
 3.903942143313  -15.463644907810
 8.613153814661   13.438292256013
 2.381588037396  -15.793606204345
 10.653639886478 -11.968066929432
 10.083373695298  12.469826717539
-6.579820704335  -14.637283350749
-11.970096798468 -10.754508144692
 15.903890075036 -2.618135467263 
 8.668115255724  -13.841273395002
-2.035034482550   16.231216650079
 6.870324899926  -14.989731679565
-14.462687283775  8.224835694433 
 0.829032022949   16.656883723162
 14.676828121213 -7.936025653541 
 14.794195642566  7.813991789905 
-8.908259589343  -14.181078521207
 12.588088674590  11.071645949242
-5.657475333402   15.808248010028
-3.701199436790   16.394483180895
 16.569432641608  2.828000101995 
 13.934452836690  9.420527551925 
-3.970536339666  -16.381366053709
-16.900301572724  0.027035920762 
-13.701830099666 -9.948393579703 
-15.443563987186  7.015017919109 
 16.434162916151  4.334943732366 
 16.959770461331  1.153672117801 
 17.010453023169 -0.531166374987 
