 0.080790810595   0.982001894276 
-1.058719429407  -0.459023898846 
 1.247895977785  -0.242206376560 
 0.180227044448  -1.608511024310 
-1.381806449406   1.408084140720 
-0.422573364070   2.561923257080 
 1.831594886045  -1.843536885014 
 2.737695936039   0.058361167147 
-2.731063185003   0.698072605924 
 1.316737807302   2.666979542218 
 2.593630220629   1.732366009901 
-2.388448960983  -2.203007669729 
 3.541448007237  -1.652641376751 
 1.225796671443  -3.834691412146 
-2.451487564832   3.213837308246 
-1.845354929287  -3.692704510690 
-1.131596045511   4.006938526772 
-4.041137036292  -1.376528764496 
 2.994071039399  -3.153800872687 
 4.414279096066   0.405335299553 
 1.584324006511   4.165082294654 
 3.202831101777   3.148288517136 
-4.617708350741   0.850070831391 
-4.072211461116   2.474352637371 
 4.673817281466   2.157471782001 
 0.585902083855   5.297457916972 
-3.803705838735  -3.755777441089 
-2.655897277432   4.779264699482 
 4.787107931286  -2.660446620738 
 2.909374247436  -4.746168397367 
 1.483244896985  -5.539787737534 
-5.785166601061  -0.339378030776 
-1.704630490848  -5.748833142246 
 6.033996354746  -0.394224176411 
 2.157836735349   5.851582002290 
 0.183835708261  -6.307632872949 
-1.788097787246   6.074422505194 
-3.713810755139  -5.280342362908 
 4.569644697401  -4.577519948550 
 4.363268632203   4.894866826817 
 6.353119214364   2.021921088049 
 0.015061702569   6.777468122939 
-4.724806938137   4.860046918549 
-6.204227457082  -3.070115892476 
 6.615528616438  -2.159789539297 
-6.714847926909   1.906468848905 
-6.903753413409  -1.657067415676 
 1.698148014421  -7.097055749826 
-5.402096117880  -4.944211723648 
-3.707000238182   6.335334493031 
 3.944995344201  -6.264843804561 
-6.396781013063   3.757236780519 
 6.517664497473   3.549227504349 
-3.012957234266  -6.852148155652 
 7.442154261756   0.988674827937 
-7.625637384991   0.478137980093 
-1.518716480757  -7.569347702213 
 0.039524965566  -7.812524487687 
-1.603107035607   7.726379567513 
 8.069622287418  -0.990322977655 
 1.113871350176   8.110095844706 
 6.515571977453  -4.968651377693 
-5.505053033985   6.148335480008 
 7.501435267562  -3.766344740134 
-3.225318396247   7.796834970049 
 8.140648788799   2.643815416868 
 5.155550875496   6.857350411579 
 3.277684924180   7.931456335560 
 3.111943572959  -8.018532389090 
 5.640770620529  -6.529570615858 
 6.461842991309   5.767402428948 
-5.274857381692  -6.871415314422 
-8.129324082372   3.274018858183 
-8.734716639143  -1.014569583647 
-8.338677605476  -3.015452192234 
-7.235470100241   5.240759344228 
-7.332112876582  -5.448691064285 
-3.024358833906  -8.643580429582 
 0.958280519270  -9.241251364227 
-0.016258655217   9.394063982576 
 9.326548021999   1.468844544563 
-9.253856944413   1.913865296463 
 9.458381419381  -0.297293060662 
-1.594361364941   9.474548589942 
 8.289815442584   4.877685811278 
-6.915001646243   6.763672771521 
 4.870629462481  -8.357696527570 
-8.668672447787  -4.680805815404 
-4.523689848157   8.776955865977 
 2.126477116621   9.661963826773 
 7.908709382439  -6.032246971379 
 4.873661144366   8.710719180536 
-0.434433750838  -10.033720711700
-1.995802032051  -9.881177388434 
 9.871735796994  -2.213211021682 
-5.189289449001  -8.718491363502 
-10.144665015806 -0.207822277478 
-6.151785390395   8.138846479173 
-7.218629824282  -7.288348555691 
-9.617476529028   3.932360007453 
 3.318139108189  -9.897035961793 
-9.031592323725   5.463343616022 
 9.884734034762  -3.827070404258 
 3.860912191652   9.907639208909 
 6.549881406724   8.432750148012 
 0.974644989944   10.646624266440
-8.780175035782  -6.224671446661 
-3.193735928263   10.335417697650
 10.298849434945  3.578995683914 
 10.882473789939 -0.934870555410 
 0.828340369156  -10.927730806371
 8.005987852743  -7.580525779131 
-8.526898700196   7.014240102320 
 10.923097867800  2.115567235800 
 6.538951610430  -9.034665927901 
 7.980182735383   7.808632360878 
-4.718717422315  -10.167869566028
-11.082908297003 -2.137389942799 
 9.640843402375   5.937618255962 
-3.270181804111  -10.918502353308
-10.733615228785 -3.840852480987 
-11.357739803537  1.406240696162 
 2.564511135363  -11.261514142710
-6.451046985862   9.891173534506 
 10.139142024045 -6.122520295067 
 0.157739948991   11.906798437026
-10.957093673651  4.670261186287 
-0.712889218100  -11.930682599832
 4.472424673795  -11.155830395918
-6.753780937108  -9.993834385705 
-1.873377332809   11.963243261673
 6.570899301023   10.193798559275
-8.157567687484  -8.998394301462 
-10.883151452608 -5.630732627156 
 9.536267618014   7.755486591124 
 1.911481186326   12.149509041045
-11.973164639777  2.882349971368 
 6.049163934634  -10.773241012726
-12.320003620571 -1.120994364895 
-10.504727685759  6.634021513703 
 8.527538244037  -9.080776856582 
 12.457127466298 -0.514976953414 
 12.282275158625 -2.172451255070 
 8.073436902005   9.580545974223 
 11.754878355993  4.516793167148 
 5.280384412282   11.439653761451
-10.445184730404 -7.140935838091 
 12.024407418074 -3.945967731440 
 12.520114086885  2.154843710813 
 1.893054507788  -12.621006438132
-5.883925057455   11.359483723347
 11.333006054295  5.989036991915 
 4.032900195335   12.398037571822
-8.293896709166   10.069799171125
 10.219615863635 -8.111630736872 
-5.365264999769  -11.915280407250
 3.612299424796  -12.624883768263
-13.138415442856  0.581390600295 
-2.281728216908  -12.952946203027
-0.940029311562   13.198353861759
-10.287330903650  8.343044363262 
-10.038501558104 -8.660413796309 
-4.479860373948   12.604779492083
 13.506777803834  0.736565658247 
 7.808068381967   11.063022491444
 7.653639840042  -11.197130405087
-13.400963693679  2.154104077038 
 12.368802491652 -5.654581209932 
-12.691061662260 -4.992050836923 
-4.034625899961  -13.074504132651
 10.100624623499  9.244295645225 
-8.126434538595  -11.073621699524
-9.383986159881  -10.093296281120
 6.350831258007  -12.291724459772
-7.749583474899   11.518749738917
 11.723255479976 -7.637063930729 
 10.014304072561 -9.783254105859 
 11.601221683141  7.852623180337 
-2.822785078858   13.793320622949
 13.908365790041 -2.529392273996 
-13.066528787009  5.473584322639 
 13.858605173087  2.990657011035 
 13.507694192338 -4.488068864724 
-11.776764053639  8.003001620505 
-13.758874127207 -3.775837879779 
-14.100101839736 -2.271028140829 
-14.276474839093 -0.734271635357 
-11.765962633654 -8.155488340487 
-10.314034334626  9.961472082883 
 3.686722609608   13.862661309336
-7.321689125968  -12.382872234209
 9.601130342738   10.747182294658
-1.616238956742  -14.439876458450
-14.041205690001  3.882496909976 
 1.071202414200   14.542226872498
 0.329924072106  -14.598867340495
-12.812046441342 -7.077275875358 
 5.111934103276  -13.767426745897
 9.240193318090  -11.494978598276
 5.863403244868   13.547995539509
 13.093864473494  6.865889728666 
-14.758092627624  1.116564686734 
 3.678940255676  -14.341744578086
-5.461509321349  -13.811082427513
-6.801930266607   13.298951261391
-13.108120210058  7.304569007619 
 14.155753974585  5.106953466852 
 9.010037512452   12.212484910764
-0.726425660339   15.181712755927
-14.066611791885 -5.886747590186 
 2.346334210018  -15.075918722984
 13.381107073623 -7.401476999640 
 14.144137013830 -5.935364362230 
 15.323125319615  1.171600468594 
-4.190803792064  -14.842582379978
-10.112382069368 -11.650281826131
 15.415784447637 -1.225320701900 
-10.237891814766  11.613356269919
-11.974394192996  9.949281982767 
 2.697017123453   15.335107263471
 7.455281157157   13.684851489243
-12.324849771615 -9.626423543736 
 15.402890589740  3.029893676407 
 8.875312689010  -12.982282580890
 4.960084649937   14.941695781598
 15.074968668830 -4.640298308553 
 7.195727754048  -14.069374459589
 12.350538912351  9.862340728948 
-14.518449011926  6.401879641392 
-2.802835813660   15.638363284301
 10.760566706017 -11.847307482109
 15.771926787243 -2.805940539184 
 12.204594266003 -10.405498796698
 4.895365218556  -15.313370029830
-4.917789892481   15.348930901298
-8.594874909412  -13.639277768312
-15.471101271857  4.681169345729 
 0.892013812401   16.291266931404
-16.366760566856  0.703165695300 
-6.315145390834  -15.119765491052
-11.611723828005 -11.570422953176
-9.245849824541   13.547884806079
 14.760620507692  7.178188810992 
 11.166003867159  12.034480519298
 6.478791727814   15.106606259076
-16.142106633974 -3.183544674162 
 0.157431107368  -16.515654122158
-14.740385595705 -7.475795725516 
-11.830981018273  11.568256980138
-13.986089676583 -8.842944678667 
-16.397016811977  2.437884254189 
-15.830744258062 -4.967499006515 
-2.716452877548  -16.423336999169
-16.612367101011 -1.612950748372 
 4.050195788605   16.222345843963
 6.454866746817  -15.473777005540
