 0.529433380940   0.409348744658 
-0.786245131762  -0.906841533002 
-0.389534610482   2.084002071675 
 2.105277916959  -0.421330577185 
 0.187257246123  -2.182946789307 
-2.149217056185   1.510516801697 
-1.611404566585  -2.278930146154 
 2.529318901474   1.553036692943 
-3.058092768819  -0.393908248725 
 2.250606149562  -2.374449039332 
 1.723088767039   2.896630543009 
 3.648894770976  -1.052985106474 
-2.270255528106   3.142880958722 
-0.534759544413   3.990489868628 
 0.321840737097  -4.323054714944 
-2.562437645195  -3.615275477756 
-4.349120971052   1.024388757731 
-1.212451443082  -4.360537153662 
 4.259693343125   1.530019980040 
 3.222686929727   3.297750072020 
 1.822891784246  -4.344937027150 
 4.739492654029   0.092664315737 
-4.487587065922  -1.684150390278 
-3.770097579002   3.165236048057 
 3.542532530760  -3.470474556610 
 2.250801510864   4.565316020537 
-1.749173577724   4.910248911736 
 0.645551725900   5.272624556543 
-4.433811505547  -3.242399629980 
-5.346730577717   2.383340743709 
-5.872357086648  -0.970565890766 
-3.545844578349  -4.991415218896 
 5.530898824087  -2.728501487580 
 4.183621498269   4.607441667227 
-0.566826341009   6.281473127990 
-2.173553494231  -5.924845082709 
-4.261646124428   4.699537785819 
 2.033860529178  -6.058618251838 
-0.166206600901  -6.467428540470 
-6.509057965971   0.574727492122 
 6.426075716770  -1.448684315128 
 1.623264981032   6.427227999078 
 6.872578222840   0.244748037945 
 4.101662447255  -5.740348414567 
-5.155942518151  -4.833387864521 
 6.470242909360   2.855240487665 
-6.285560012232  -3.342526465392 
-3.444393774192   6.430825227503 
 5.622888167151  -4.881535535852 
-2.102391324101   7.165708106308 
 0.564704766001   7.537334003934 
-3.771717628641  -6.582640752957 
-1.349802939287  -7.518909748266 
 3.102773500474   7.093332677177 
-7.415639454379   2.279800745035 
-6.789315401964   3.782010558512 
-7.877197337597  -0.267790591509 
 6.527475190049   4.574483788935 
 7.688774497071  -2.423915407431 
 7.077334266288  -4.070786032526 
 0.546000108049  -8.310424018734 
-5.635211016490   6.138761726865 
 8.032562422107   2.281104310438 
 4.457788435652  -7.439507381937 
-8.348375698264  -2.515456787564 
-7.438789296899  -4.630776112125 
 5.209035480140   7.053212847776 
-6.101724038962  -6.511529459543 
-3.000501509208   8.430185145447 
 8.977473310221  -1.458436364174 
 1.534720223989   9.003552843874 
-3.444868165747  -8.561596476676 
 4.243163218357   8.211936115077 
-8.949437225361   2.445439237962 
-1.516670221747  -9.200556743793 
 2.906861783866  -8.868723072279 
 7.656106934344  -5.462237887682 
-7.914236384693   5.126271909797 
-1.348262901849   9.369910600149 
 9.388282600754   1.416186088115 
 6.802459385047   6.682744293168 
 8.678214155150   4.652641222028 
-9.788534749945  -1.720440722721 
 0.071730021599   9.961695049371 
 1.536076383911  -9.856999540776 
 6.968693725744  -7.163134435807 
-5.703834775902   8.272106859050 
-0.286778768240  -10.145525078181
 4.737147000276  -9.017029111084 
 9.321888388628  -4.131224477114 
-10.227444929115  1.192417519604 
-5.526388839621  -8.703442430838 
-9.632057870321   4.185628375079 
-2.747513913151   10.193120880497
 6.107105778431   8.669226774576 
-9.691945346256  -4.373434265652 
-4.079637241168  -9.968429301315 
-8.133236082240  -7.121773315116 
 2.436433242822   10.536227685612
 10.565672027800 -2.412608051574 
 6.495037665673  -8.722389416220 
-4.587224441751   9.882318134222 
-9.141053492237  -5.979306961441 
-10.593389823378  2.805548283473 
 10.922401131241  0.958005955980 
-2.021231807122  -10.824537844285
-11.027606753750 -0.125157008466 
-9.325695803073   6.029668804903 
 9.316366980968   6.291557289271 
 10.696300498812  3.555959735414 
 9.323131668536  -6.351571177273 
 3.111784605507  -10.855818152655
 4.507776030435   10.385862120669
-8.271423817828   7.746945112716 
 11.357571915096 -0.549703375313 
 8.311513144725  -7.858752634222 
 0.556549316240  -11.430486538273
 8.005757099099   8.397786373293 
 10.828491235333 -4.202680753153 
-6.235560224415   10.043049060320
-2.046072500467   11.725460899842
 1.010331715258   11.916263573650
 2.021262970030  -11.895841212332
-6.702829534823  -10.041191144982
-8.395399914450  -8.681060703946 
-10.911375809498 -5.284791551876 
 11.000842652455  5.099585795497 
-11.863489376792 -2.559514505882 
 2.981937701540   11.935484315056
 4.733441709413  -11.393083760913
 6.521481142985  -10.536654555185
 8.109587561085  -9.410059039063 
 7.285804138002   10.063070707653
-4.981979855858   11.396064852024
 12.099252149512 -2.993508081679 
-10.232133022702 -7.151155148469 
-11.643108764529  4.540889444720 
-12.232611931211  2.974047286506 
-2.381847602784  -12.371813649338
-10.079997800831  7.581800018568 
 9.919325017352  -7.823107074503 
-12.580979962128  1.239904747688 
-5.748703033146  -11.264218800500
-4.000156385899  -12.022634187340
 9.968366927868   7.821900582219 
-3.637993238134   12.201945413975
-8.221478018607   9.728906741650 
-0.911252736660  -12.774244498486
-0.564866735744   12.814856073458
 11.264921799607 -6.266436896836 
-11.368202953284  6.111078434726 
 12.821755953720  1.683538622441 
 12.975570175410 -0.833057523229 
 11.164275502057  6.863585518132 
-9.570588408070   9.042344625177 
 0.965021752406  -13.134346715315
 5.317608227892   12.057230463313
-6.880725051554   11.449292436434
-10.618560454221 -8.617328196377 
-13.687734964562 -0.659932644555 
 13.301324882690  3.377543298132 
 12.808495325746 -4.975172378215 
-13.028561048716 -4.369715522326 
-7.602620214059  -11.481505134730
 9.299692278445   10.174463544049
 9.742683676314  -10.030353217018
 5.136789589523  -13.064285038605
 1.984249025939   13.908980588626
 10.979419800671 -8.907875887355 
-12.792580012522 -6.222990753333 
-5.091139648116   13.301281068902
-3.019014795495   13.935701348252
-3.829717504470  -13.736333990738
 4.241901700837   13.646018607141
-13.951618502759  3.214462951083 
 2.589539304625  -14.113416784087
-12.228217204418  7.556874773873 
-9.267626359938   11.012962256630
-9.713372073556  -10.627926794645
-2.372153702401  -14.217096235506
-12.134857770790 -7.778821927278 
-0.747711453674   14.397430049892
 7.588078767865  -12.268971275036
 13.302705691152  5.677178224671 
 7.145917666347   12.625705061275
 14.016711361695 -3.852560855354 
-14.230408661781 -3.216373940523 
-6.660258134727  -13.039351715955
 14.568491220277 -1.482054387383 
 12.415385234609  7.770202506011 
-0.929407897752  -14.634371964151
-14.570823543198  1.747333213441 
 5.832155867296   13.491659057200
 8.974464920293   11.644473093076
 0.993391380434  -14.791715606915
-13.930171259514  5.123612195449 
 12.987281762267 -7.199498314542 
 11.313691493782  9.625500607633 
-8.311349326907   12.342791713869
 14.907557246739  0.042857304106 
 14.838220173775  1.611811315156 
-11.203183545840  9.868109010277 
-5.434631247430  -14.048787551416
 9.537476548709  -11.674804108505
 0.827139097329   15.192492487618
-9.089578459697  -12.236482920111
-14.298251636205 -5.301150792245 
 14.766196532548  4.103170800663 
 12.653181061082 -8.723751059724 
 14.252007590780 -5.815445601387 
-15.487633284427 -0.485445556652 
 5.409257932259  -14.580329222578
 2.401251002418   15.382716433927
-10.735491472200  11.366088138486
-7.390211440579   13.812252883589
-12.409814405196 -9.616074146703 
 11.499802023771 -10.778779472871
-14.102984182280 -7.054419409476 
 15.489136880677 -3.363078771636 
-3.039817799480  -15.562093694972
 10.997275304544  11.438536262042
 8.967795484844  -13.095644406831
-14.139268051615  7.387755562277 
 7.241260937207   14.312367426285
-12.991551757262  9.436572660540 
-11.004177994555 -11.723431831870
-5.787653950049   15.004827289857
 14.964748749579  5.988488182294 
 4.051606386594   15.608423217682
 13.523184533394  8.796210532461 
 3.377191018663  -15.786828019647
-4.605444272903  -15.483975596735
-9.703068721959   12.944382586982
 14.323665676518  7.522875542185 
 7.827192510212  -14.179068429380
-1.859613018836   16.214995931523
 9.748724042546   13.092292971726
 12.616981885871  10.382066151816
 16.043091298801  3.270235149720 
 5.725500250774   15.375642525888
-3.874333176753   15.953418243258
-16.142336120504 -3.122698592827 
-8.582735309844  -14.051581855853
-15.768099912921 -4.798970573682 
-0.223647504208   16.482214036949
-15.396605412819  6.090206397864 
 10.956531318482 -12.420217382330
-1.334654855330  -16.547462968976
-6.137013228491  -15.430840159525
 16.544561243972 -1.661974226146 
 1.415225387524  -16.595829829340
-16.581397920958 -1.688016315475 
-13.868520587615 -9.246695854161 
 15.163386246566 -7.195076989739 
 14.303274105707 -8.963907178859 
 13.185377609437 -10.591410824496
