-0.214512409378   0.437612586845 
 1.127054162601  -0.290224436704 
-1.353714374399  -0.964937323672 
-1.976612928356   0.432443785832 
 0.069990318821  -2.100476454245 
 0.675882660855   2.053006101604 
 2.523206202093  -0.840252268765 
-0.882909313496   2.536734542641 
 1.723868734486  -2.172388802613 
 2.645057646498   1.059735505233 
-1.205572700763  -3.279007389662 
-2.518345313360   2.495461089401 
-3.762735789176  -0.980529771296 
-4.010869116335   0.736559552481 
 3.006932931149   2.763947484824 
 0.376347739391   4.114368712118 
 2.966296017433  -3.031438414818 
-2.888093447556  -3.213018192383 
 4.250731884477   1.810797585981 
 4.534688687078  -1.111351587354 
 1.936632349051   4.251425492685 
-1.220651573169   4.705671075959 
-2.782872624149   4.053598850140 
 0.619578854021  -4.929906964639 
 2.505982916708  -4.500890680186 
-1.632250930324  -4.984544603561 
-4.217254774359   3.337032422441 
 4.794473858238  -2.629023437470 
-5.525626267537  -0.471722799908 
 0.340267295893   5.761436127396 
-5.426036719431  -1.972761521386 
-4.011015810541  -4.223745926389 
 5.762974248793   1.179277533071 
 4.243994814394   4.136278575733 
-5.491219937822   2.542375640177 
 2.853768392158   5.704498519275 
-6.532383378645   0.920100496075 
 3.946368625054  -5.410253964060 
-0.054210508230  -6.835477783081 
-2.594585431241   6.479545157558 
 2.679844403704  -6.539798054444 
-5.516408386235  -4.437428023834 
-0.982315277291   7.035602986435 
-3.865522045835  -6.005542129539 
-5.402483179890   4.721138638177 
 6.837519806862  -2.383358473948 
 7.228521885965   0.638740795218 
 5.826279446950  -4.406795160109 
-4.189375808886   6.009607479234 
-6.886876375334  -2.651143627270 
 6.385122210111   3.778652678617 
-7.408042631214  -0.455071228386 
 4.345377016646   6.094475067830 
-6.554583426353   3.627165004846 
-2.030786152964  -7.215231281141 
-7.247248222093   2.264130960916 
 7.529979198271  -1.010112829538 
 2.648733253037   7.295247711447 
 0.218662877796   7.968319720775 
 5.189448473111  -6.359391492029 
 8.087959085060   1.890246660686 
-0.781536526995  -8.305746052387 
-8.436262272554   1.143031083507 
-3.495476937242  -7.781163394066 
 7.873918409773   3.385458269775 
-7.560003152063  -4.193622886114 
-6.426361534570  -5.798291265072 
-6.365757182962   5.904823300351 
 6.635775329108   5.607717203456 
 2.176552264594  -8.538463407741 
 7.522195804675  -4.641548919398 
 8.369820517084  -2.854357177547 
-1.762453252188   8.690160905712 
-8.089921826874   3.870337994071 
 4.230775650635  -8.040863552733 
 9.038291379841  -1.312086328196 
 1.539091000304   9.129854311732 
-2.075545427613  -9.090105406947 
 7.045019116968  -6.310134816426 
 5.826947742735   7.531875474052 
-9.428530031298  -1.598510960821 
 0.519886162180  -9.589207731475 
-4.926704117334   8.267518544421 
 9.699894447154   0.446685335035 
-3.625676501349   9.059774431384 
-0.210023712277   9.807447191689 
-9.661285864175   2.098468458337 
 4.132380779972   9.001306118745 
-7.865731002351   6.110887274643 
-5.536000711612  -8.311467366548 
 9.695949353277   2.484655219617 
-3.871151573842  -9.252604925074 
-6.687798336980   7.580524059207 
 1.959195999642  -10.067241324962
-7.616195280702  -6.938098644608 
 9.144344043628   4.751040535476 
-1.099136556948  -10.286337126986
-10.443701157911 -0.069002111574 
 2.745386599708   10.079079373453
-9.129710082904  -5.094465796781 
-9.220211334394   4.982201285429 
 10.252358315500 -2.222139007713 
 8.543377586668   6.185009168060 
 5.886796312937  -8.766801785252 
 8.816214160337  -6.139152588334 
-10.173818083512 -3.522170667361 
 4.706290581556  -9.957932445997 
 7.984146237360  -7.608378674891 
-1.444038437310   10.973574327466
 10.595343943697  3.818649246398 
-11.204203927246  1.272838301404 
 10.386155160329 -4.537119309777 
-10.774653835898  3.547318585567 
 7.817518051543   8.384040081502 
-5.890232677105  -9.845334414991 
-7.037633577904   9.069462725918 
-9.564093959776   6.457277903177 
-2.376588460327  -11.365604150243
-7.302691112541  -9.124322642182 
 11.642279745424  1.581288891580 
 3.733694989325  -11.143171418028
 5.955833644064   10.164235593193
 4.349736397246   10.978274217487
 1.499678040066  -11.736190098739
-8.636568517521   8.115066072252 
-9.824626451710  -6.651571546643 
-0.444182881570  -11.895411476641
-0.156108679824   11.905541047383
-4.762038148391  -10.966599525089
 1.692553942047   11.860965739324
-3.027279349387   11.636723323389
 6.969610345529  -9.855226032593 
 11.776085072768 -2.970530133827 
-4.510299653535   11.304117992510
 12.111656003328 -1.243679067566 
-11.974954133897 -2.494620168002 
-11.221764951169 -5.015493749141 
 10.351623228365  6.736136724265 
-6.244778618680   10.659230340520
-12.139829114164  2.643144761931 
 12.012775086648  3.218230665420 
 12.458505228626  0.307298628807 
-12.521090344235  0.443961171727 
 5.325636414411  -11.378929329023
 10.638542401533 -6.697546566687 
 9.706908600379   8.330505217408 
-8.424274387177   9.742603377384 
-9.807741086232  -8.354308421613 
 11.777095790939 -5.294166305231 
-12.896108292682 -1.017715350963 
 2.894524769039  -12.651677298681
-8.725637594144  -9.630530590115 
 5.668233685765   11.750898183888
-2.231645136143   12.912270307140
 8.214287301152   10.260177289356
-7.235824612577  -11.035875560295
-11.888468723015  6.110215520332 
 3.555346958305   12.914058281279
 9.794509786926  -9.138973395585 
-0.712518520361  -13.400230853537
 12.462716706958  5.046274437537 
-12.769716496032 -4.335811832369 
-10.295703669464  8.874953558123 
 13.661804403888  1.455311211561 
 0.844739068454   13.777389212445
 8.405088178765  -10.962477571275
-11.656666090820 -7.491048262901 
-5.371914811162  -12.789277971058
-3.953633707406  -13.300820110450
-13.626208327974  2.935973632590 
 13.925742224414 -1.208787291494 
 13.536858900580  3.543416315937 
-13.686978149114 -3.053585244396 
-6.265123834873   12.626665614816
 12.148177912113 -7.156779190860 
-1.173548451013   14.090472820378
 11.780045442825  7.891625545498 
-8.462552799576   11.385161266222
 13.745784330729 -3.688422441507 
-12.775489293808 -6.348553660748 
 7.138184219855   12.356812786975
 5.301149548310   13.264523810098
-13.484750719999  4.727390624735 
 1.354861799045  -14.285554256028
 12.816205308309  6.696562911996 
 6.973160980960  -12.671292753077
-14.498740915361  0.734161486609 
-2.719186278778  -14.277745900150
-12.197903210665  7.912293118942 
-5.123266123246   13.716000209424
 4.716731391035  -13.901662479935
 10.785802344265  10.105528434007
-7.887671190097  -12.542849696063
-13.328770449160  6.565216723034 
 11.986997225525 -8.845675990452 
 9.206976449472   11.728318281161
 2.532678355259   14.763265766620
 2.883517932743  -14.705953844118
-11.956915896406 -9.067321523034 
 10.170009294854 -11.207537253758
 14.297681580116 -5.322316090009 
 15.253745834062  0.323901505539 
 15.196976932335 -2.055231158192 
-9.653337727735  -11.962337689289
-10.936404700386 -10.812905262718
-15.198224982778  2.391516560018 
 12.191730278311  9.417008458422 
 14.366702005374  5.603153176499 
 8.530098497326  -12.886913234344
-7.161734807178  -13.863509330704
 11.577689671312 -10.473395271515
 4.782312147963   14.866009552281
-15.441630434505 -2.349346956434 
-4.012562644720   15.117020271261
-0.211221200046  -15.674046783066
-15.176180381993 -3.997966135647 
 13.574688229023 -7.928103316800 
 6.501038380395   14.342435785090
-9.766902983795   12.356094075243
 8.132628676033   13.581669933449
-14.397077517270 -6.605974524514 
-2.400385950407   15.668910127870
-15.868070885818 -0.121179631864 
 15.547581081233  3.289294835964 
-11.419096132078  11.056365742965
-13.425356432410 -8.529812383526 
 0.620122030487   15.970504925925
 4.424467445289  -15.418282526097
-2.398240320832  -15.880249256457
 13.537861359841  8.745441275748 
 15.566477490269 -4.210807136801 
-8.635761553961   13.620282918616
-15.296275603500  5.158423999353 
-12.688388580956  10.018725994320
-6.023432209448  -15.066988060788
-4.630729954667  -15.648429541133
 16.230449271543  1.916502090646 
 14.509289673007  7.578710117231 
 3.536929234090   15.983446361007
 16.360791387572 -0.846711310631 
-8.902097775584  -13.790144601199
 5.948624596563  -15.402529223736
-14.759100812074  7.586408023790 
 7.891516106185  -14.616851726839
-0.763306873901   16.635261597975
 13.331936022870 -9.984675909721 
 12.015097623479  11.652635744391
-5.766116059962   15.766750540654
 2.031208207676   16.679180274444
 15.261030846477 -7.081284649187 
 16.659046704734 -2.416593414701 
-16.789145463670  1.858382268931 
-7.554169445390   15.148528724276
 10.783572424360 -13.060301315543
 16.243159238658  4.810617643037 
 13.222668077666  10.639585060426
