 0.537964506812   0.084760909318 
-1.995021879514  -0.414802096235 
 1.080109948627  -1.786117300998 
 2.335385839287   0.088076222763 
-1.572059453003   1.831547035134 
-1.133002976326  -2.167200503089 
 0.233308814879   2.716471682810 
 1.875161890328   2.050170982063 
 0.112162868409  -3.061586835296 
-2.734600373087  -1.746384070974 
 2.755313873702  -2.244410648101 
 3.597133211388  -0.934451811880 
-1.213775563639  -3.779397837552 
 1.443933913397   3.704519960281 
-1.724554202717   3.613698867176 
-4.143993892124   0.475878196576 
 4.228577967054   0.515951164154 
 1.401104225333  -4.110178680478 
 3.894348553767   2.030013799564 
-3.610977610809   2.525984733624 
 2.954585548724   3.326481268980 
-4.356788844037  -1.134234716242 
-4.029341745710  -2.997227666559 
-0.150450190747  -5.092187776870 
 5.123233167032  -0.847033164713 
-0.570825251102   5.269567037665 
 3.406168878069  -4.067577016135 
 1.164092330041   5.181689736731 
 2.644996506353   4.795036998700 
-3.275233798300   4.475073263989 
-2.591594981688  -4.914562360584 
 1.896256127983  -5.545880541654 
-5.484708582489  -2.465070893671 
-5.441298403085   2.761545605590 
 5.469249873185  -2.882473665824 
 4.248255639230   4.542976876988 
-6.339793926264   0.093857382935 
 5.873299576825   2.652266035845 
 0.402461007543   6.475191761775 
 3.435865584582  -5.594867583215 
 2.170741299873   6.393854536977 
 6.880270528173   0.417631937779 
 1.033252818286  -6.845006381359 
-5.260555319056  -4.710399446475 
-2.992635513784   6.442816105992 
-3.037919931102  -6.434105736845 
-0.986618384569   7.075531535832 
 6.936974002265  -1.928903898398 
-7.193627147272  -1.164302661327 
-7.373475513165   1.658614644899 
-5.502675756527   5.359544821006 
-0.795667858040  -7.645274642012 
 3.812593191313   6.759709379350 
 5.943604537999   5.079750048835 
 2.696325357600  -7.399976335592 
 6.408092869368  -4.630911230342 
 4.873576025485  -6.254397960312 
 0.499289543130   7.973839442760 
-7.470960413774  -3.322460068018 
 2.056918091119   8.166001991908 
-7.554969370673   3.841115987291 
-5.348860830539  -6.580133887571 
 8.461796520325  -0.902889846558 
-3.274931563571   7.981086074331 
 8.543754023175   1.377065326510 
 7.843930848188  -3.703881875492 
 0.935309157969  -8.685739504009 
-8.826534333890  -0.204346013918 
-7.282463400643  -5.010215525348 
-3.237812714272  -8.283364488136 
-8.667390274541  -1.997755976529 
 6.531957323708  -6.161906241339 
 8.143809077738   3.867381258634 
-1.250459702257   9.035192492136 
-5.552970680739   7.427607685659 
-7.438678436448   5.791355343139 
-9.336368131812   1.355316220771 
-2.028739334745  -9.236989726996 
-8.985605698844   3.113684913211 
 0.398030481355   9.503912551979 
 6.718738411554   6.774136326909 
 2.767676373968  -9.153739008939 
 5.580228490330   7.778969696480 
 5.907897453198  -7.568386175669 
 9.192192202971  -2.821640668655 
-0.404280675465  -9.666109854458 
-8.678622201003  -4.300483284321 
 4.275643192765  -8.883631968549 
-2.683816767240   9.514819842226 
 9.557779422982   2.828097869858 
-7.357540540355  -6.867123457609 
 8.752153894447  -5.005058695854 
 8.356912535150   5.681210810284 
 2.222434361182   9.883013744797 
-5.623860185160  -8.494294042274 
 3.923855195128   9.448382991713 
-9.792810878215  -3.028508403123 
 1.790045850761  -10.386254577412
 10.582319257495 -0.779388187509 
-7.267979272162   7.845921394543 
-1.604487026637   10.601499588849
 9.754021042965   4.631672234697 
 10.732944372800  1.677979385679 
 7.619801816855  -7.747776930392 
-10.492531307082  3.085764239062 
-8.645924124200   6.785287378408 
-10.897462761983  1.597252258615 
-4.236956337105  -10.223645603644
-9.723804454271   5.294849485339 
-5.462735727550   9.748808137978 
-11.080005082114 -1.530814477285 
 0.434006467533  -11.230636584092
-11.376840495246  0.115963855819 
 8.723250938462   7.326439445867 
 6.379412353062   9.456539618829 
 3.261587891526  -10.945780626486
 10.913270395129 -3.458213744139 
-3.364473107510   10.961616350277
 0.670459269324   11.453027628694
-9.863150294789  -5.883478140906 
-8.722197542342  -7.598456765900 
 5.135291350326   10.386241121806
 6.020301241241  -10.159104874027
 11.362216856162  3.263571397291 
 8.086916011053   8.719997871363 
 11.989343856931  0.558428187645 
-1.798372317361  -11.915194116250
 9.910971732361  -6.872132094207 
-0.958695946032   12.024208491891
 9.099118707116  -8.229035685621 
-7.019711265539   10.073077431014
-11.763420221479 -3.620685064627 
-4.905877963338   11.358336825538
-7.223793379439  -10.054297767638
-3.457091223304  -11.950584050333
-8.560719434912  -9.172976441175 
 12.499425013044 -1.216158036621 
-6.072837699614  -11.057996153071
 11.182416161651 -5.855458866344 
-12.589000708685  1.175784851627 
-9.353366893246   8.626176929858 
 4.526991443310   11.942320741954
 6.616725522227   10.995323703612
-12.733526636141 -1.740801694437 
 10.241881471598  7.839987306596 
-11.804856248800  5.212596524221 
 12.036296057963  4.659645396098 
-12.427358949190  3.528835853664 
 0.826183448875  -12.892898359140
 2.667127598522   12.648623538600
 11.169394297474  6.515334240144 
 12.606413575580 -2.935835363951 
-10.293496958115 -7.939904323256 
 8.286287261223  -10.020646035373
-12.031704353809 -5.224076579595 
 4.249034849366  -12.546316098737
-11.471760291481 -6.634383784920 
 7.147946898730  -11.282674526540
-5.097241266223  -12.480582970947
 13.387315668123  1.601720966121 
-3.260982522161   13.118847023315
 10.744158725547 -8.203749622161 
-1.060413230243  -13.480926432839
-11.265464016053  7.545756692223 
 0.685458005315   13.551937124118
-6.403518319905   12.008348173628
 2.318499253079  -13.431871345866
 8.506867586940   10.719891618848
 9.789767842622  -9.597404592425 
-13.794049917540  0.203076223821 
 9.843141815222   9.668591128747 
-9.359925043392   10.204036257872
-1.843075336503   13.731074494203
-8.423686075290  -11.019962369273
-3.863439322474  -13.602461749083
 14.073482832978 -1.535615246900 
-4.796614160679   13.343591487411
 13.193224571599 -5.294840183523 
-7.194354337115  -12.349214686756
 5.986398580577  -12.985290917547
 11.241696981898  8.973996314810 
 12.827274702719  6.716628838572 
-14.440168385346 -1.349723605154 
 14.015582254397 -3.777183003779 
-11.456887347692 -8.921173958111 
-13.699274321603 -4.884310544608 
 2.905944005069   14.314591469555
-14.516804805448  1.751571174232 
 4.454080126846   13.945361365666
-12.899568098736  6.924241933352 
 14.257005244120  3.376425586478 
 8.716655096589  -11.810094508328
-2.317725338130  -14.518299956888
-14.405907580849 -3.035556676947 
-13.321949879103 -6.413858737791 
-9.053106723021   11.694470878504
 0.626492551108  -14.782194804126
 7.589158104265  -12.937447387113
-6.424652229229   13.565574206929
-7.900331690785   12.771722455293
-10.777097681867 -10.472262456031
 14.171191264582  5.004336069165 
-13.941740460585  5.656038579254 
 15.055172983229  0.138425712567 
-14.574485839818  3.840420266669 
 7.812463497638   12.891996941374
 4.476789726537  -14.402606975003
-1.018245531673   15.054087642212
-3.090241039070   14.768879315875
 12.822003592252 -8.010207721898 
-12.062000011000  9.150030827179 
 6.380318038107   13.783001143194
 3.013572975950  -14.998182103147
 10.270198594004  11.364138037648
-9.063236753351  -12.424163648777
 12.068269396722 -9.596900580963 
 15.211571956920 -2.566120382262 
 15.339498795528  2.176362998580 
-11.109410060092  10.919107543203
-13.138614191347 -8.495645482077 
 9.298731019301   12.657497139834
 11.040620624824 -11.283946225568
 0.753853518661   15.773616608078
-1.459157982782  -15.785294021016
-6.212213700774  -14.612741439912
-15.987866276595 -1.428705395757 
-16.004146017350  1.284743278786 
 15.496132419439  4.267119134350 
-13.623241698993  8.553701249945 
 14.620863991185  6.771923840461 
 13.724441250213  8.462828579368 
 15.538197072002 -4.695260356328 
-2.287201151853   16.070916759211
 3.498870794415   15.859312487151
-14.557815527725  7.250026397594 
-5.766822107406   15.258777274881
 10.391262564717 -12.657600206207
 16.353456715497 -1.230471820841 
-12.492616472879 -10.631943241420
-15.584483444744  5.213360905036 
 7.683601391308  -14.542020965801
 0.051546111072  -16.464323067904
 15.218770061012 -6.331754929752 
-16.090600915215 -3.604326488293 
 2.084147762375  -16.362642380416
-7.271345919543   14.833661886365
 14.630728683635 -7.806195937455 
-10.713958721465 -12.662775625314
-5.150482361992  -15.803360584635
 9.211638351206  -13.865078045322
 4.596884160329  -16.013808323278
 13.622668411209 -9.694020927507 
 7.121373422205   15.131599394283
-3.464794993793  -16.429806353292
 16.750539688797  1.227765869162 
-9.113681588021  -14.203771306443
