 0.468467110320   0.035675112639 
-1.268678585673   0.549312783263 
-0.140800818668   1.845152330330 
-1.651045568597  -0.980698165668 
 2.014335512833   1.594504221561 
-1.957203016226   2.063177092431 
 0.929856123672  -2.703897089242 
-0.656045595171  -2.936850783338 
 2.922465801247  -0.912186204258 
 1.005353076227   2.966685033209 
-2.517799716866  -2.262824717382 
-3.529651637420   0.254304743891 
 2.599704051620  -2.756366158836 
 3.675710345568   1.329998826578 
-3.965984466146  -1.483437019190 
-2.286340537128   3.755226564633 
 2.580320784590   3.611513136670 
 1.884765495635  -4.166359992778 
-0.706805126747   4.517943952765 
-4.226498231621   2.036769509294 
 4.704299833608  -1.319582568605 
-1.904078814256  -4.568280367056 
 3.993598084638   3.071186498604 
-0.356233596631  -5.095634218300 
 1.639441950056   4.906584436199 
 5.188010112810   0.165339084003 
 4.554613312760  -2.890556960746 
-4.343953534029  -3.291576558887 
-5.484100270755   1.136608253374 
-5.664191294702  -0.719833864826 
-3.921961673064   4.449873853202 
-0.230799912609   5.949677015645 
 1.803381164932  -5.688954915922 
-5.027315444729   3.374004364148 
 5.799718856725   2.227090860378 
 4.049458498928  -5.083764487593 
-2.124206078313   6.230103376879 
 6.355007806338  -2.158030657897 
 4.319846209820   5.199430168717 
-3.937847070574  -5.617447089206 
-1.436100846091  -6.736151924436 
 5.517777362013  -4.145191671979 
 6.987427349628   0.355658585370 
 1.196060888898  -7.066876537885 
-7.199582307387  -0.340246254647 
-5.395089936124   4.932824360579 
 3.481136733654   6.458290901689 
-3.850822282449   6.274537991840 
-6.717424338836  -3.135528768376 
-7.333148533216   1.239699335006 
-0.086442681456   7.476165999740 
 3.007079328944  -6.865521514484 
 1.858055215718   7.355842153324 
 5.951196607310   4.803707439155 
-6.888853392654   3.616373390538 
-2.884561170636  -7.266278440261 
 7.057481059080  -3.559295380086 
 5.478221142268  -5.912398039859 
-7.890730664589  -1.887384164142 
-6.617491313303  -4.848871472444 
 0.115239522386  -8.284351635448 
 7.615306747801   3.281031089890 
 5.150149412307   6.545697990759 
-5.140326466693  -6.670128501269 
 8.512110573940   0.813948608857 
-3.226381500202   8.022721691705 
 2.199985393843  -8.376398113518 
 8.640747085689  -1.077486630751 
-1.886840473722  -8.636316020767 
-8.213403247917  -3.478744934218 
-1.034234040082   8.913414540754 
 4.313465886673  -7.962752426040 
-7.053843311074   5.682228517337 
-8.919706938676   1.602028388180 
 8.661194867558  -2.686133710589 
 3.302079040891   8.490118104215 
 1.862460104217   8.942804498841 
-8.407251019639   3.620314355241 
-5.757591942041   7.533204045134 
-9.468712058565  -1.097673623848 
-4.538398769776  -8.440564911768 
-6.957439650796  -6.689065139119 
-0.774856656961  -9.664747311005 
 8.437251369830  -4.828096900916 
 6.434885806169  -7.317056153115 
 8.992975873550   3.957399001498 
 0.413750323005   9.816609069629 
-9.496262253026  -2.643260530447 
 7.749804091893  -6.169516044697 
-8.531122005422   5.148549953522 
 1.354822592515  -9.880315632557 
 8.071684025105   5.905457185919 
 6.473784527748   7.682525160601 
-8.863149951203  -5.131648307222 
 4.903414688981   8.999364073156 
-9.822866151209   3.012638845742 
 9.930455505668   2.672009756858 
 10.336875100377 -0.208259008287 
-4.593640766547   9.275045362660 
 4.330155835907  -9.496408776022 
-3.729542102797  -9.837493867230 
 5.747910550064  -8.825881561126 
-10.538487452498  1.066430808921 
 3.443494594427   10.124778360888
-2.530325569527   10.460236686117
-7.165534150671  -8.279501852985 
 10.792101317284 -1.872657342475 
-8.585199125435   6.814295245598 
 1.908088297487   10.803988020019
-1.731750292761  -10.951099552078
 11.046980930798  1.138283833404 
-6.002478318486  -9.350800319813 
-0.112367801191  -11.135201206523
-11.047640039777 -1.866907901503 
 10.264524175181 -4.554884454285 
 8.371834355015   7.501592560545 
-0.788299213651   11.303533094532
-10.683045321305 -3.865537680392 
 7.380522904231  -8.860350885263 
-10.683972927419  4.361507737667 
-6.524456047927   9.537755065060 
 3.471707529328  -11.041043852727
 10.340110643271  5.397690372610 
 5.652073012382  -10.328187694432
 11.453632689672  2.753819171519 
-9.058372921609  -7.583512720959 
-11.827574920131 -0.296211880006 
-5.217480829226  -10.630618935025
 11.904386807472 -0.112288829126 
 5.544402222970   10.627591418055
-3.448242765329  -11.495481969742
 8.946066131560  -8.020962174144 
-8.342222031325   8.703459765676 
-5.099347751346   10.940385687784
 0.585822867394   12.109076576091
-11.914805544077  2.769560940756 
 11.689048883465 -3.675952545487 
 10.215100953977 -6.879178885888 
-2.976754373190   12.064094302112
-10.245317780295  7.054179380048 
-8.424490708808  -9.155926092660 
 10.367258329836  6.899953347718 
 11.708986792852  4.418521234790 
 2.610370597876  -12.431787341943
 7.458073045232   10.290060102621
-12.475063306126 -2.599830791438 
 12.701756730560  1.188584657214 
-2.167512568880  -12.574628235874
 2.242921602729   12.594121347780
 3.938250579118   12.209762656182
 0.989854093511  -12.806627242260
-11.045356888809 -6.622043603081 
-0.547010386694  -12.871743636075
-11.906788121015 -4.986040546200 
-7.986201868036   10.211822352058
 8.918304630899   9.442682173284 
 13.035731018756 -1.298593862179 
-12.401000605580  4.457246250715 
 5.362546074834  -12.066439979229
 8.703211549234  -10.038925492437
-10.074104098390  8.668443955163 
-7.173529072896  -11.199637767853
-11.742202867510  6.332367037702 
-4.050555653388  -12.874276053157
-13.477965062515  0.799203531465 
 10.172262088242 -8.916047859902 
-0.886958254061   13.558695638627
 12.391882458898 -5.685317858087 
-9.980203000504  -9.555481417111 
-13.176495484650 -4.175006265380 
-11.179448068358 -8.134615166734 
-6.711729645076   12.159262914695
-13.811831633078 -1.492892300201 
 12.000261260645  7.024964806178 
 11.624289807853 -7.675642276905 
-11.484012608870  7.904192714251 
 5.300508369186   12.907850181203
 13.661692283996 -2.859033682938 
-9.594922266125   10.210723385939
 4.050744088078  -13.442278732829
 14.167895017825  0.148041262770 
-14.002188266801  2.345578729291 
-6.376165495989  -12.736115020157
 7.887387823699  -11.988470277258
 11.287077560481  8.991606053759 
 13.884637220637  3.958794403785 
-12.535189062966 -7.241524224552 
-8.958265708648  -11.431781824240
-2.379929136012   14.346049074953
-2.932960901606  -14.249536295843
 14.411749788067  2.060697727373 
-8.667149164655   11.721037440698
-4.815668690470   13.847209637472
 2.896465678816  -14.569761000293
 8.916974971985   11.911412900965
 7.293374753509   12.991730709229
 1.402450660031  -14.936272616699
 1.600465107345   14.933160960066
-14.347206009055  4.599743361975 
 3.715046459559   14.647098122019
-0.602278496898  -15.103799517363
-14.000297698293 -5.906654892996 
-11.578176698416  9.856507835029 
 14.016190009659  5.916459559092 
-14.782886421251 -3.738911108333 
 14.318987062238 -5.424915394839 
-15.326155396613 -0.269422416772 
 9.419238493250  -12.164838701862
-13.739890687210  7.002493906346 
-8.293090860936  -13.035547917160
 13.259204432040  7.980445729409 
 6.401471849455  -14.150008038880
 13.632909266902 -7.603813903254 
 6.081858050959   14.389614632006
-11.061598873535 -11.070640089112
-7.611672409951   13.676474875347
 10.941573119341  11.347933831229
 15.651121555560 -1.990521412181 
-12.231544099118 -10.116931125851
-1.743507194692   15.785542192744
 15.384753535563  4.015542235152 
 11.101702859464 -11.435808439362
-3.868727023556  -15.516555267057
 12.720223583317  9.717413316003 
 0.130320803990   16.021399123373
-6.072940049430  -14.853759297603
 12.649619591332 -9.942887218615 
-4.098684444900   15.580271337473
 15.523084480030 -4.317104135824 
-15.021263392039  5.943639760744 
-15.899065592123  3.070119506331 
-16.124348479069  1.544093738331 
 3.988188831495  -15.707407390412
-15.403971052583 -5.154749945419 
-11.297538856357  11.723162113850
-13.401671577462  9.286654116247 
-16.299490191645 -1.447438559128 
 16.227554378592  2.162218019450 
-14.214097379840 -8.194163037498 
 3.100811093682   16.148624455088
-10.600284884604 -12.666023742889
 8.620021133150   14.216408059177
-6.228540426176   15.419648486737
-1.844135068889  -16.557960340496
 1.659011569007   16.613208552735
 1.635122985891  -16.665857530968
-7.860170168997  -14.797893274947
-10.512696523556  13.107928760657
 16.800218652867  0.577979174242 
 14.180607329667 -9.157628486263 
-0.077175194474  -16.907649452103
 8.970716715822  -14.357444794465
 10.666131183244  13.283014509717
-9.875621547018  -14.027165696465
-2.804949436637   16.932644978588
 6.452704484287  -15.904336649788
