 0.309986284011   0.500284187677 
-0.981567025377  -0.293069022219 
 0.773035949113  -1.126625959099 
 2.054551253966  -0.117588485639 
-0.338664933736  -2.221875682503 
 0.742800742565   2.147936284876 
-2.115712893207   0.843961216748 
-1.815041080473  -1.841621212787 
-0.875778939739   3.003132424047 
-3.110738519868  -0.860978359164 
 2.443366506251  -2.408906251691 
 1.083690183845  -3.663722165690 
 3.210323416446   2.181336063170 
-0.946864144596  -3.778865172804 
 2.035986745230   3.389394502777 
 4.036767615317  -1.643966668974 
-2.676130938541   3.448034765527 
-4.554603561921   1.645395776236 
 3.402905262564  -3.613440793226 
 4.963615048789   0.171387802986 
-4.970875607135  -1.437146549958 
 2.235951700677  -4.706182454141 
-3.329705955086  -4.056994493478 
 3.526322264538   4.008398483898 
 2.264558170096   4.912712078379 
-1.152868100047   5.379298456654 
-4.706625762985  -3.076358725320 
 0.705454138769   5.644429836970 
 4.815947781242   3.167121488200 
-6.133301561956  -0.190436163242 
 1.250698486250  -6.094487018435 
-0.504213387099  -6.405568964423 
-2.189698904078  -6.062227609855 
-4.087359956068   5.026903468290 
 5.474148157319  -3.468985552031 
 6.502916145795  -0.636466001624 
-5.241138209604   3.932067689714 
 4.054922949549  -5.264454300507 
 3.763899616223   5.663431800274 
-6.368564877072   2.577516943634 
-5.332576224683  -4.457818588444 
 5.302097079225   4.618616559822 
-3.710799356633  -5.989278220518 
 2.221239423563   6.748852643745 
 7.003090573664   1.601753481707 
 2.634900881641  -6.712421385618 
-7.061966004579  -1.578015315161 
-7.277892011120   0.788476419493 
-2.591012345384   6.997048401042 
 7.101231628519  -2.934268115774 
 5.620064858029  -5.321837320569 
-7.017158778805  -3.530220375908 
 7.817129046733  -1.573514649746 
 8.015462205156   0.165975729164 
-0.791629278843   8.037787986943 
 0.922312068967  -8.106812018795 
-1.884503292667  -7.957654558631 
 7.180011643254   4.183494562442 
-5.053068353998   6.632575069459 
-7.182206791532   4.430256356292 
 1.285865058863   8.343938775761 
 7.164083008068  -4.567870498785 
-6.797539941995  -5.167705403026 
-8.214820623446   2.338487902562 
 2.438137564400  -8.203493209396 
 6.495643384427   5.807099534713 
-8.419034592403  -2.529920762068 
-8.848977636473  -0.580739928986 
 8.693151587072   1.783132648540 
-3.678640594720   8.189254005387 
 2.968541083128   8.597796678457 
 8.499799610308   3.282981473078 
-6.381527169537  -6.720161003443 
-3.211187669283  -8.770183334830 
-1.781832217760   9.182329096752 
 5.015253670818  -8.025766325764 
 8.642859251179  -3.873803311397 
 9.263504866819  -2.410775776913 
-0.009793385510  -9.584465247499 
 6.149795004606   7.398376218329 
 4.638677782832   8.483047720313 
 9.676804828740  -0.939906590157 
-5.352034014128  -8.130702044970 
 6.945178248798  -6.855498030137 
-7.368329621926   6.513001145600 
-0.361643590257   9.879592068867 
-8.993451912424   4.194549056580 
-8.238382671152  -5.629562007605 
 8.377361598730  -5.583127571586 
 3.123076355306  -9.639590615527 
 1.572935054435  -10.048795685261
-10.061639847068 -1.550465838594 
-9.954836053780   2.158833101093 
-6.304013709917   8.066742291689 
 9.992716593330   2.567342209989 
-1.761149038550  -10.312008340840
 9.333684194139   5.059758742294 
 3.286651282827   10.144043402890
-5.422820079380   9.441768782635 
 1.027113443374   10.858319543751
-10.958915522209 -0.180113558353 
-9.859836457708  -4.815230828826 
-1.734140482339   10.947480996367
 11.042125463059  1.225283140328 
 9.957656096297  -4.983345365903 
 5.371499555262  -9.800068025075 
-10.643049641879 -3.494819177004 
-9.483259116882   6.002008312685 
 11.143979975677 -1.407626306233 
 8.716343297044  -7.133368162177 
-5.183445560272  -10.013925283606
-4.005807505379   10.629048047246
 4.913268019911   10.288985319943
 0.343398200364  -11.399277446013
-9.028669557295  -6.994742604093 
-10.593566139276  4.300855487990 
 7.510789811306  -8.622583936316 
 2.756452423966  -11.156100993532
 10.691164636373  4.225533240099 
 9.277662094982   6.949305121690 
 4.248765335579  -10.880818083824
-7.873792725726   8.715076210098 
-7.297930569420  -9.286449126883 
 2.637397932757   11.516860918374
 6.953598050537   9.616556916458 
 11.407783356331 -3.320504313534 
 8.290093677715   8.513488256075 
-0.481073501438   11.956603622669
-3.197818746707  -11.698879086309
-12.066122405645 -1.569625426086 
 11.959332355396  2.666094054773 
-3.182738221840   11.914068139986
 7.082797641194  -10.191905273728
-7.213897552895   10.125487089648
 10.740571914032 -6.380346170507 
-12.519303661323  0.810311383592 
 9.068508420650  -8.712088321348 
 12.590183411328 -0.488389823590 
-5.403470673319   11.454340728277
 12.572195508161 -2.014338499022 
 12.750683542337  1.179934003610 
-9.477775737581  -8.667247974283 
-12.343990872315  3.557736881891 
-10.904158767266 -6.965656716023 
-10.646833780158  7.363022681931 
 9.918233902848   8.397827919774 
-1.707960290839  -12.885473094675
-11.741491533818 -5.708155541331 
-6.373522956585  -11.397994068438
-12.476962575581 -4.049746279010 
 2.869944185334  -12.843855091305
 11.096550022217  7.179954192280 
 12.141388793992 -5.421681825250 
 2.721226206923   13.052298080500
-13.150238611436 -2.654641968993 
-9.618881061831   9.446143254429 
 5.412142903993   12.371253980643
-9.042345302553  -10.104295374365
-0.290271403144  -13.575850552047
-5.313024968135  -12.506744619359
-13.560040775502 -1.092935172296 
-8.650201889564   10.721887800777
 1.194690564249   13.741273468359
-1.797762839763   13.677448423533
 6.519843070020  -12.223857674539
 13.437063810921 -3.406160031764 
 11.599143201914 -7.698574211577 
 1.495935742592  -13.848453299852
-12.209418920945  6.757614926871 
 9.383076489774  -10.335615301000
 8.342428316873   11.250544404169
-3.732465369511   13.526215502069
 13.474176641424  3.959788662026 
 14.044292644212  0.104393180806 
 12.839899835406  5.726097953889 
-7.936812078339  -11.697046521624
-11.189241854406 -8.646298977503 
 7.001257195716   12.349568162928
-13.382727902451  4.832224021861 
-5.832435234658   12.983124108439
-3.932119612276  -13.697235437709
-11.201577948069  8.827592698284 
 4.742842204825  -13.529638466029
-7.243320023464   12.387555647471
 8.459976349581  -11.607955142162
-13.427692078640 -5.490902460920 
 10.089701365568  10.437489907064
-12.886719727073 -6.890192008143 
 11.390930193136 -9.339304697676 
 13.658508016673 -5.606081621241 
-14.244175196993 -3.969150493752 
-14.708673467442  1.568484494846 
 14.768719075375  1.698077304053 
 13.103179080849 -7.240658405049 
 3.208468843211  -14.645912047081
 4.783387583312   14.214109137828
 0.224680383337  -15.008383202679
-10.727386785611 -10.536706250638
 6.244441601489   13.731777678990
-15.027663329214 -1.501203380640 
-10.683504702899  10.721939774341
 15.087629511956 -1.557073969066 
-0.928049091329   15.156970131693
 3.379320697186   14.817818370911
-14.780430560720  3.592665502484 
 14.897294980544  3.466675393788 
-9.366075964021   12.107336009494
 15.060761932601 -3.127345594070 
-12.836951761391 -8.500750772669 
-9.518705858539  -12.190013426477
 12.368725558591  9.404506959743 
-1.422597106697  -15.518614574836
-3.945020804477   15.076093089766
 10.609513109714 -11.472051715003
 14.565647662166  5.662471989191 
-3.021906657662  -15.338457998528
-8.318347216843  -13.269681526870
-14.871352846715  5.239625398613 
 13.902000062165  7.557761100745 
 15.825056521819  0.072093330611 
-6.942188078550  -14.246895779086
 9.954595863810   12.391475747369
 7.494119882257  -14.024648122882
-12.479190179792 -9.985818862666 
 8.287555040904   13.692310184158
 1.483861773119  -16.042747147378
-6.279352988987   14.843100484493
 0.190373780255   16.165480331853
-16.235539356466  0.254360209038 
-14.344839188545  7.629734771584 
 9.880834252940  -12.922380526276
 6.327912097493  -15.029329305388
-15.487084299293 -5.199809264244 
-11.023635866588 -12.096556671807
-14.675111504893 -7.316389494156 
 12.879945885718 -10.173699629322
 11.775130752686  11.487281242957
-16.165237137002 -3.126862422271 
 1.718923899421   16.375814099651
-13.650608786341  9.208047901181 
-12.331530136329  10.959936690599
-2.859313420093   16.254212865472
 15.499822442344 -5.683163987798 
-11.062296681791  12.256495349143
-4.965855071563  -15.867498576220
 7.014240452995   15.114471167156
-16.419296598529  3.271444574555 
 5.022355621935  -15.976836815457
-8.904765487420   14.261066999006
 16.287646355716  4.176606343326 
-9.823011862728  -13.659983395284
 14.766159866280 -8.086461937225 
 16.667519791129  2.597518263749 
 12.138623458535 -11.862606331376
 16.950220826474 -1.160811476599 
-15.620411258371  6.815706206855 
