 0.404356974450  -0.711055298798 
-1.202185047430  -0.722632177620 
 1.453673031502   0.966002800095 
-0.863038978981   1.609602467003 
-0.045737843441  -2.684602804117 
 2.317191158076  -1.423638188201 
-2.079511622999  -2.220069585574 
-2.535313922816   1.784930801399 
-3.378262221649  -0.329665277747 
 3.359173549447   1.398766419627 
 1.286530696709   3.687466517265 
-0.393080120441   4.003899723554 
 0.997976803761  -3.906991435745 
-1.188061388332  -3.968393616209 
 4.089522069904  -1.205342557986 
-4.103209094103  -1.907042589081 
-4.303982949312   1.551595965925 
-2.723694425907  -3.727502568497 
-2.934582012797   3.637637018005 
 3.406125847169  -3.216882873755 
 2.766858419368   4.110953190005 
-1.811573444626   4.719966544983 
 4.055060881827   3.198767332215 
-5.328421846088   0.024663437725 
 5.642183121762   0.455249439468 
-1.674851807948  -5.434069009857 
 5.540407971037  -1.595606399796 
-0.190965492399  -5.847356652298 
-0.154702996075   5.872212472545 
 2.973897252569  -5.077395461330 
 5.096641872939  -3.133768895404 
 1.761919760120   5.884030096991 
-4.004796680842  -4.746316628371 
 4.222138302985   4.725978199619 
-5.888876252873  -2.735442144672 
-6.198078036338   1.966073915344 
-4.129386530276   5.247421626492 
 4.760443779818  -4.723621133684 
 2.055645148330  -6.455501450932 
-5.865834194489   3.492445766906 
 6.578576145956   2.324182054797 
 0.706979805310  -7.149267559074 
 5.823925606497   4.211154327365 
 6.947106648751  -2.209106404406 
-1.907306060311   7.078363747051 
-2.128127594840  -7.059976184794 
-7.196406465390  -1.937859119731 
-6.183539432302  -4.274547055008 
 4.265014254968  -6.219612539398 
 4.064416970602   6.406651802266 
-7.567137939807   0.615063613393 
 6.613070313816  -3.999120859523 
 1.314566526494   7.656302412421 
-5.413400126563  -5.598821485114 
 7.763125798552  -0.868784086698 
-4.160712318564  -6.641424525453 
 7.990696151173   0.949693384068 
 2.869624413563   7.563045446752 
 3.059667561767  -7.600477129501 
-0.955081883679   8.277317736024 
-0.413276842103  -8.553986073090 
 6.407355613033   5.826457947392 
 1.395517539792  -8.573167914380 
-6.919668071988   5.296424446905 
-8.696044263051  -1.064904547247 
 6.098901514489  -6.295979813854 
 8.426288655222  -2.505250841427 
 7.539448468266   4.699133282745 
 8.282527775652   3.332214255756 
 0.430281731218   8.966428708021 
 4.339498091708   7.907508142700 
-2.238272712067  -8.752142457447 
-4.272168186446   8.032064592502 
-8.516561019057   3.225216006942 
-2.893652803584   8.709269447662 
-6.125483604757   7.004009896012 
 8.294154474287  -4.248249611954 
 9.167879825246   1.952614499624 
-5.596969853520  -7.628166141121 
-9.400864053950   1.244647071825 
-8.525660911641  -4.283257548112 
 7.643873804839  -5.722018794268 
 5.664991938468  -7.826767119852 
 9.684859389199   0.293777414436 
 3.135137913968  -9.196320112403 
 2.945872116640   9.386947798559 
 6.502401621591   7.524326597163 
-7.858433148726  -6.131286958462 
 1.437310312050   10.100941443882
-9.855514748833  -2.736233771275 
-0.973691675677   10.193829844493
 10.094980726976 -2.187396345693 
 0.524670291137  -10.349375464582
-5.628956570989   8.711890666639 
 7.488858744175  -7.269129063123 
-1.060043753133  -10.443689160414
-4.973233705126  -9.247502712567 
-9.321604148447   4.970334549877 
 8.862829388676   5.787568967118 
 9.755302051147   4.225847814295 
-10.613276904761 -0.875626076907 
 5.253946436742  -9.307665487716 
 4.972659054727   9.591666947870 
-10.918662477835  1.110213443718 
-9.650696019077  -5.323155235090 
-4.055714378610   10.258756335618
-8.988838676266   6.491549273255 
 1.976648194267  -10.997505366447
-10.710621254654  3.245708696198 
 6.434077694331   9.181197700872 
-2.665591675269   10.926062959276
 11.297791372869 -1.008824246994 
 8.108943112472   8.116793281679 
 9.399282453094  -6.643853043682 
-7.986533479822  -8.385395833830 
 4.330752143806  -10.831095110657
 11.195111829109 -3.525103323502 
-8.406408306118   8.258913079334 
 1.379098450338   11.705190403236
-9.326081586832  -7.228732942938 
-3.716514948253  -11.220605280332
 11.870190050312  0.383972882012 
-2.104377705958  -11.718868228308
 11.716626657455  2.467591920200 
-5.672308567468  -10.654628573123
 7.684905979796  -9.341088020642 
 11.039062297868 -5.059236852930 
 4.141495621751   11.440014873921
 10.943640053528  5.400617682572 
-11.152179701915 -4.980407938708 
-5.651164976811   10.865190738875
 9.688421420756   7.582667089726 
 5.737853864642   10.898013977437
-11.520750440266  4.561221315934 
-7.357268028715   9.983829775274 
-1.250327308189   12.409565560355
 9.301832909103  -8.328349762742 
-12.452108897499 -1.942962827389 
-3.689298856336   12.124535081113
-10.097788466470  7.694616504339 
-7.471302710446  -10.278461915127
 12.472876005837 -2.434715902309 
-12.346654245870  3.299211621799 
-12.773904294434  0.727620438418 
-12.246097213374 -3.815268989939 
 2.325667206369  -12.619548711610
 6.518479105875  -11.069069818121
-0.204841470266  -13.020618207860
 7.551231394696   10.658571942844
-11.698638615612  6.070285986832 
-3.473838278925  -12.743576330822
 4.929660909020  -12.321293998285
 2.634566650865   13.040378805122
-9.495709228495  -9.334473090119 
 12.815933168928  3.900766286565 
-9.507939788163   9.447152710379 
 13.474184916658 -0.177665891740 
 11.950652189369 -6.272268135604 
 10.098051729674  9.039479036941 
 12.454587275923  5.410613225302 
-6.649621319169  -11.913121487305
 9.184955459135  -10.101095260616
-11.589648956084 -7.236453938977 
 11.213117420564  7.816502752470 
 13.572016939623  1.840550208557 
-1.773979318598  -13.651607615707
-5.708020904486   12.528725697676
-2.506641404367   13.580207804437
 6.840765462232   12.094231807302
 13.806794774696 -1.712030055468 
-12.992227346027 -5.222013433912 
-7.570473485979   11.796289479974
 10.525250092349 -9.330442528189 
-11.035925238541 -8.838487613550 
 9.340735978858   10.686172824534
 1.042924622433  -14.155015489452
 1.541540519221   14.196339593111
 4.508031853751   13.550944600333
-9.146263535102  -10.985152007438
 6.887875087931  -12.569298713700
-11.646895977223  8.359719269654 
 13.379761206030 -5.149544772717 
 8.385825598131  -11.738934357231
-14.048448112034 -3.355735884097 
 11.930494152119 -8.289685408276 
-13.822032227993  4.512882439639 
-13.282772533535  5.956141016309 
-14.419005131205  2.141743866134 
-5.270396650522  -13.636887402291
-14.583671000787 -1.311950303627 
-3.164804032475  -14.313564591979
-9.146073601720   11.479043185215
-0.067009397438   14.716725984720
-0.705950302613  -14.751665419978
 14.391412791468  3.559799464841 
 11.594246740318  9.438766331215 
 13.134634232388 -7.214768928091 
 4.490827635563  -14.305563814743
-4.413416108982   14.382917356210
 6.026958408104   13.790759800026
 2.822759420317  -14.823989216488
 14.646450569649 -3.675728768705 
 3.086924418485   14.797110052966
 13.408329722902  7.121951716152 
 15.258371015175 -0.481894837618 
-6.284527520088   13.927369799240
-15.281845150992  0.223511805244 
 9.896360922922  -11.762411141594
-11.696309402639  9.984400421711 
-2.735254649952   15.137238723464
 9.254065993979   12.299102099947
 7.548331012580   13.434582823327
-13.698551122487 -7.066501043456 
-10.671236558941 -11.169811238634
-14.570743400827 -5.206600574184 
-12.889044349963 -8.743533898332 
 12.975804963124  8.623445456121 
-8.522869177758   13.067530906762
 6.726937834879  -14.114912194244
 11.188910648135 -10.946009806807
 8.267950801865  -13.300639583957
-13.714826179860  7.843627782200 
 11.261971918506  11.123373619141
 14.687943042459  5.921306952957 
-8.977123216850  -13.084489255675
 14.876803324890 -5.733585915653 
-7.339434929971  -14.317284466655
-2.734899771995  -15.904149129250
 0.169266154394  -16.202149900888
 16.019943646340 -2.440676257302 
-14.919008112531  6.373880763363 
-12.312789849085 -10.671403779922
-16.261017222908  1.415673453639 
 2.113116097101  -16.195861812333
 15.930614538030  3.684743091148 
 3.926520560160  -15.887150501424
-15.966175935403 -3.654552153956 
 12.674238119161 -10.412894118387
 14.191655686756 -8.293936956290 
 16.350195651257  1.987806501386 
-13.447505258311  9.527714649143 
 4.236120368564   15.985145737054
-4.809405743664   15.876930543028
-1.740679469360   16.520460980826
 16.623084487876  0.428641624291 
 12.943992615497  10.498931036366
 0.782570126124   16.648546787786
-6.262555817427  -15.460626193716
 14.808063813507  7.700926323277 
-16.383785153318  3.259886488940 
-10.614296152377 -12.933261207726
-16.718213916767 -0.677542344637 
-11.362544328314  12.344920380554
 6.795710172659   15.516645233087
-1.538462839731  -16.898640814546
 10.853925228790 -13.044283053413
