-0.643374164228   0.250807113045 
 0.982940163424  -0.955401284195 
 1.417820457152   0.608219994908 
-0.845098358614  -1.804997724107 
-1.043026434170   2.276719622984 
-2.393721009636   0.812503914486 
 2.108234303505  -2.029387334353 
 2.954254060144  -0.330357443310 
 2.363801774957   2.098114331062 
 0.396721614975   3.382428729788 
-3.407768465291  -0.746657714789 
-1.931444240087  -3.112436015879 
 0.295002907955  -3.675247126892 
-3.191921324091   2.738618767468 
-4.032212964821   1.444893266060 
 2.770791062867  -3.381636179798 
-1.941123790447   3.917666580337 
 4.411691549496   0.790552311165 
 4.299993817779  -1.520227133091 
 3.847461114188   3.015501684027 
-3.541107908123  -3.457068443986 
-5.070082859718   0.193771912569 
 1.973257177806   4.760290013076 
 0.379768293956   5.149895735502 
-4.971489002384  -1.721562934443 
-1.133338755883   5.185228218930 
-1.703740374274  -5.034699548598 
 4.529723534660  -3.011381369121 
 1.910774184844  -5.507648960033 
-3.676086632515   4.631532699078 
 0.063042574251  -5.917207993082 
 5.871905849035  -1.628306638115 
-3.427536551731  -5.254880067232 
-5.844413087452   2.295119182129 
 5.444238686643   3.363093189509 
 3.938908587813  -5.127283780872 
-5.056773365715  -4.216431685459 
-6.573315726829  -0.512051105094 
 6.520366554683   1.206546797853 
-0.411600597568   6.698916344516 
 1.163425479152   6.741778028029 
 6.925142462451  -0.242108863109 
 5.402634518071  -4.346876127808 
-5.588248592576   4.146670823191 
 3.480457773470   6.083727166329 
 5.209590943442   4.854060905480 
-7.089108730942   0.916800699654 
-2.544110838850  -6.945317128511 
-6.988396578603  -2.444585258091 
-2.808961023078   6.878651858268 
 3.523224487866  -6.721524381945 
-6.580621665291  -3.898042509881 
-5.189134441258   5.628873005389 
 7.224684123759  -3.018087405645 
 2.009858205848  -7.583120850734 
-4.294734297209  -6.786906852479 
 7.895380786097  -1.672430201556 
-5.649865401770  -5.783012701124 
-4.322023979744   7.069096635477 
-0.672311386870  -8.335887180710 
-7.762342856293   3.130309646040 
 3.349333563112   7.735725548526 
 8.511981532284  -0.033144317876 
 6.971424397785   5.135567483426 
 8.427618071518   2.134406596889 
-8.607757810685  -1.837076601235 
 7.944055493244   3.842866108388 
-8.825183786432  -0.236290790872 
-8.805071208017   1.443482310091 
 5.759087814635  -6.844601780029 
 5.881122917554   6.782372261977 
-3.455618043292   8.314221340440 
 2.225676811532   8.738806245972 
-3.440095603909  -8.389404140362 
 7.033375615631  -5.740853793392 
-8.053483514663   4.657950489999 
-2.120964272106   9.068128363931 
 0.565113620273  -9.296758777632 
 8.162716022421  -4.664345766596 
-2.035774952471  -9.240824386012 
 4.339804462601  -8.475364371598 
 0.914829331227   9.493847727449 
-6.487199520418  -7.086591404481 
-7.771542287435  -5.747879057039 
-9.105523060547  -3.296979094523 
-9.273918486339   2.879104009686 
-0.686556787689   9.688210986311 
-5.278986734145  -8.154292159978 
-7.383406874925   6.451012777706 
 4.736320565798   8.688559128277 
 2.370472441468  -9.820790646934 
 10.014678774580 -2.541098466768 
-10.427448757784  0.994288436128 
-6.307189772308   8.390476537511 
 9.664802428283  -4.197829114079 
-10.526071902396 -1.074221063758 
 3.520907284903   10.005180930026
 6.121303478737  -8.748983157394 
 7.138060281804   7.990524660070 
-8.862204734006   6.114922797083 
-0.205210531073  -10.767734954703
 8.493575005320  -6.661839144639 
-9.880917187226   4.532538718292 
-4.651931374504  -9.861606610632 
-9.724500213972  -5.039050735943 
 10.271242029222  3.984503111238 
-4.049362929363   10.248490667895
 7.499034810524  -8.108968850644 
-10.609800460460 -3.075206819050 
 10.976670319195  1.894455811069 
 11.176135225901 -0.574987050354 
 0.762688849952   11.198472917761
-2.522765990784   10.956631680836
-8.400676950987  -7.496151253482 
 8.784008408307   7.109101870483 
-1.652285593142  -11.190100101565
-3.462095374111  -10.811872375989
 9.710937901463   5.886740760824 
-6.223584137727  -9.634157558229 
-10.944480983727  3.452341327016 
-8.523141841612   7.685918547497 
 2.333811925687  -11.427147835871
 9.911749548350  -6.166437911387 
 2.788468972921   11.474998398522
 11.424950434692 -3.099183192717 
-7.714811659025  -9.042414947707 
-10.433150007918  6.075740767710 
-0.481865956944   12.165087737690
 4.792365784350   11.207669855446
-12.148422332002 -1.636381269890 
-12.223661565688  1.276650626877 
 6.874638140897   10.200384667842
-10.411562197939 -6.605821918317 
 7.151253888229  -10.123623067553
 4.942295691450  -11.420105312787
 8.288471586361   9.282938215258 
 0.596122936113  -12.443590639573
 12.467824128472  0.367786712847 
 11.471433004857 -5.037743585434 
-8.458106278049   9.307582405440 
-5.812940091516   11.188530403985
 11.936985027846  4.060831008693 
 10.140746865430 -7.682403567354 
 9.123758837207  -8.982213115294 
-12.376022397552 -3.415634533041 
-0.929429010028  -12.813315632679
-12.543456561121  2.794426971527 
 10.606242292438  7.328540723131 
 1.746771863853   12.812878227927
 12.765214618460  2.357531954904 
-3.371958298341   12.567692670697
-10.595094666728  7.637095296492 
-12.324937917675  4.431103627597 
 12.928233527189 -2.401686678939 
-7.589725278697  -10.825408385545
 2.626332346099  -12.967077382978
-7.736040530315   10.758005803489
-11.942777006787  5.943696429927 
-4.912956146484  -12.474373212182
-13.427472855204 -0.698098283568 
-2.398057393654  -13.238475254397
-9.950054043170   9.095393336357 
-12.526395711394 -5.216258664682 
 4.318913039003  -13.114996195487
 6.897010440095   11.985258732266
-10.048601524238 -9.523960404032 
 10.561908132081  8.984486962726 
 12.052072306075  6.874448070821 
 6.274285568394  -12.390140503755
-11.901635111470 -7.204348765333 
-0.779251807639   13.903052523656
 9.529142000213   10.214056924329
 13.934455388416  1.088183034837 
 11.992043261383 -7.219676938473 
 0.433446941883  -14.027897684596
 13.277645598123  4.833386414011 
 10.616881712019 -9.339462090393 
-4.680582923935   13.420016583390
 13.751860681350 -3.676776037078 
 3.875921356486   13.700448613598
-9.581457460106   10.616111164923
-13.919701627831 -3.302778351008 
 13.252557330513 -5.560816361461 
 9.254127888469  -11.046048572681
-12.299508678817  7.562412827714 
 14.372545432855 -1.675443167999 
 8.095098100822  -11.999663867804
-6.800573036102  -12.820799749576
-14.035873974269  3.736000694136 
-14.400924805349  1.919992250191 
-14.512577818990 -1.833801756205 
 14.425955778022  2.527813658451 
-3.353781903449  -14.416822287293
-14.809868806887  0.216676401449 
 0.958900307301   14.789622967403
 5.866499175664   13.659653962382
-2.025127057170   14.778163013734
-14.007825127831  5.241889644455 
-5.270495286649  -14.007590275505
 2.060642549782  -14.852975550967
 2.525214010420   14.792642116624
-3.657322556866   14.578067065151
 9.015599543221   12.034048825973
 13.540206362647  6.626312376439 
-8.203232798476   12.653556226869
-11.561610150512 -9.743991811262 
-9.931284150651  -11.431982428862
 12.603745454312  8.406895302069 
-6.237618737370   13.823075554569
-14.059950427895 -5.759757802829 
 6.155208513495  -13.942976133320
 11.200805354399  10.387951671535
-12.778854649590 -8.428438772639 
-8.884591366481  -12.506565455240
-13.849916284153  6.791220679677 
 15.423017543950  0.355782096334 
-11.438761532207  10.390549461606
 0.596207104317  -15.594020337511
 12.005058386054 -10.051115348152
 13.061266394054 -8.844723183732 
 15.200086008414  4.272203248673 
 10.567609953483  11.815829660192
 7.763200667166  -13.842148448873
-1.554385434447  -15.863776298441
 15.906272087592 -1.358529165751 
 9.582606941421  -12.789570178847
 14.911865491384  5.901390276260 
-13.551780619021  8.628488882820 
 11.313836428607 -11.406241771053
-4.528175903258  -15.480283785923
-15.391215711331 -4.843768432177 
-16.059338993831 -1.581446508888 
-0.105511987205   16.168597130368
-11.502028719070 -11.373481596333
 15.209861766044 -5.517983627306 
 3.743653367586   15.743375220207
 14.231755302518 -7.849292588142 
 5.717079159417   15.215175955585
 4.144299178515  -15.722627571973
-6.958701266631  -14.709433671194
-2.612440431793   16.160229622602
-10.514481554881  12.569200352384
-16.202588633002  2.656660830138 
 15.951568698156 -3.919691088738 
-16.107929143881 -3.413217945238 
 8.294587082953   14.266767392771
-12.968234767010 -10.315136275284
-14.534210730574 -7.968730394123 
-4.947441668879   15.823533147744
 16.274348572152  3.180355415831 
-7.630219678998   14.751395841548
 14.705216640164  7.931325152993 
-16.239422778206  4.366931619793 
 16.769664069274  1.599526861776 
-16.842883504781  0.322336372209 
 14.057711869382  9.414062527172 
