-0.490799951538   0.617870066623 
-0.918408863987  -0.972866710544 
 0.798030460711  -1.267011878371 
 0.504686858915   1.864767456232 
 1.911273723121   0.289942150934 
-2.585788869195   0.994829413557 
-1.711280139245   2.271922422632 
-2.975418593687  -0.482409652731 
-1.857740293927  -2.537111877097 
-0.280344846391   3.230839467305 
 1.062490621708  -3.091986178304 
-0.494944087519  -3.294677072857 
 3.160577641553   1.825611462283 
 2.171279500351   3.098597893404 
 3.785893228801  -0.313865907467 
 3.307210539232  -2.228082317293 
-3.503928595201  -2.087334342958 
-1.742437658577   4.008768264334 
-4.433941545774   1.622328854487 
 2.502576002890  -4.017730407547 
-2.015299347516  -4.365448246432 
 0.253733710589  -4.947937201273 
-3.470283470571   3.930494825213 
-5.244988107640   0.264001779394 
 2.310087642514   4.776944668976 
 4.001751990376   3.768180070671 
-0.521071567450   5.638134875749 
 5.549336976266  -1.245752060492 
 5.106467916372   2.590719800874 
-4.897409110311  -3.222251033921 
-4.968845060977   3.428661149139 
-4.077754221396  -4.492066107982 
-5.964266418711  -1.361896077540 
 1.323713258590   6.041890904987 
 6.055475465620   1.392842255291 
 5.502590584485  -2.999376078928 
-2.931984033661  -5.581491729003 
-3.117647814395   5.656408446394 
-1.560179985992  -6.303691704489 
-6.163652784420   2.482131915281 
-6.703560232760   0.959509575415 
 4.856817991221  -4.805107109689 
-4.623890744824   5.042327729116 
-6.519204916574  -2.794955784276 
 4.288484652994   5.684676717927 
 2.812536088333   6.608258016998 
 0.642187033777  -7.168599537559 
 2.428680354916  -6.801545313789 
 6.719783084160   3.140763681910 
-0.991817155198   7.364412964536 
 7.414568908456  -1.572838728024 
 1.134793682435   7.533531123867 
 6.147766057070   4.899026604537 
-4.772905190120  -6.251369312814 
 6.650790841184  -4.413337839598 
 4.520633624157  -6.747883075006 
-4.535248185637   6.739128778514 
 8.139507897364   0.476231084184 
-8.153360703317   0.235235713553 
-6.264713259215  -5.300066763417 
-2.958500726744   7.723182465710 
-8.170086701995  -1.320397085694 
-7.426901770639   3.768364413022 
 8.170296100156   2.178247945614 
 0.112481336286   8.653250258598 
 3.642611455580   7.926470952861 
-0.136271796757  -8.792794266626 
-7.077714219921   5.378783245461 
-2.583192905374  -8.511477547262 
-8.391927966385  -3.127033974564 
-1.618063440179   8.877628842086 
-8.827923841298   2.199911829912 
 8.420738529882  -3.448388302803 
-4.580672006172  -7.903494684566 
-7.784925283026  -4.891496253977 
 4.038563746606  -8.324179123383 
 7.993568017449   4.699043889593 
 1.698600542145  -9.142530341517 
 7.188578036103  -6.203857401938 
 5.247135093527   7.935079629613 
 1.893560859714   9.333916964330 
-4.846691321237   8.207702090506 
 6.787853787302   6.764925235673 
-6.269078172545   7.464993000793 
 9.723220665329  -1.928901818162 
-7.582982692800  -6.457866248917 
-6.236314280875  -7.816735941510 
 9.527894241421   3.047273068620 
 6.141059297855  -7.978467532433 
-10.075058341579 -1.184278123619 
 8.731216231648  -5.277291990725 
-3.707818878560  -9.524963141465 
 10.205072424212  0.935167312823 
-0.786215080986   10.376519991833
-2.361374141123  -10.190528355485
-3.902069429480   9.720510209234 
-9.108687938940   5.204839121439 
-10.484700593203  0.494767495351 
 3.088746871520  -10.053969571576
 1.143602530810  -10.549287132344
 3.217244735899   10.149507730271
 10.641580672904 -0.551219249147 
 4.711003282021   9.587524264984 
-2.458678038995   10.414972620071
-8.353665885310   6.715740819571 
-10.478251454096  2.310202823425 
-5.232478913580  -9.487435020093 
 9.314530521550   5.537846911112 
-10.145190710524  3.815073625738 
-10.615516688058 -2.758454372835 
-9.995366647930  -4.658425040789 
 8.250923198915   7.350952769829 
-0.353736308650  -11.097765753324
 10.883069371953 -3.477511688488 
 6.025359610416  -9.714712551677 
 6.768922739854   9.269665460310 
 11.453042393283  1.835648598281 
-7.891099679354   8.532667838716 
 1.676688444446   11.551350896165
 10.487642198191 -5.293765673896 
-11.731180068892 -0.699654334512 
-9.893226945595  -6.511475649801 
-8.842362073513  -7.902620979707 
-1.719526321398  -11.784600981086
-3.501418715076  -11.421013747537
 11.825296155832 -1.693393628908 
 9.147656446429  -7.737249819307 
-4.929689553104   10.961492171046
-6.763838060783   9.957582905850 
-2.087741936453   11.901323309323
 11.605972319837  3.380390584092 
-12.096170851095  0.876548899609 
 5.164747166613  -11.014809094815
-6.950323848207  -9.998799916321 
 8.374802342031   8.853966175252 
 10.019989799763  7.025914287052 
 3.536908577032   11.757224280180
 7.587581857872  -9.863625245457 
-11.892491493722  3.669813153853 
 5.161978328237   11.366225376010
-0.137881220446   12.538834887070
-11.093119298832  5.970055783012 
-8.495909157782  -9.516888441311 
 12.757924650865 -0.180887351270 
 11.228737239118  6.071578412007 
-11.506506044637 -5.563224953321 
-5.581112287192  -11.522541738057
-10.263687949470  7.687218102585 
 2.846800500928  -12.509568619604
 12.371393325029 -3.736492681007 
 1.159637933074  -12.967625018964
-12.520208928514 -3.705585066615 
 9.900756328636   8.565359338230 
-2.974417027689  -12.977269371837
-13.317325457101 -1.271164790396 
 11.208181441915 -7.310156880104 
 7.356742984408   11.220761579393
-1.210811408701  -13.364786516483
-9.864837378217   9.141321777595 
-10.588842131646 -8.294580849461 
 2.674750834069   13.196009387462
 12.532017999471  5.048029545255 
-11.503178666994 -7.096960780549 
-8.235618600043   10.717652402261
-1.871999324054   13.401599956605
-6.803558747680   11.738956908313
 13.401631067129 -2.403512978495 
 7.064488508948  -11.762595234304
-3.529977185956   13.333250996155
 4.974478010053  -12.865659595497
 8.898944484740   10.633209803637
 13.761341594157  1.990969837230 
-13.826705931956  1.657386401825 
 10.433476398834 -9.270168287142 
 4.785072889140   13.125077637138
-4.631057018571  -13.187951326542
 0.011590710300   14.039680282536
-12.117834696063  7.115714690781 
-6.918224163917  -12.286859216996
-8.348694000708  -11.419124067956
-13.878417151749 -2.875379282595 
-9.889569381379  -10.170913337583
 13.330928084188 -4.991999657802 
 6.275576116064   12.894429662060
 8.917057190720  -11.271091918153
-12.925946697885 -6.464680776081 
 2.523063608163  -14.258460117225
 0.837089565784  -14.509343254165
 11.981165676937  8.238818442527 
-14.605099670954 -0.239489700024 
 1.921159683523   14.498657919763
-5.375176147136   13.603016387786
-2.189159822433  -14.576061399422
-14.150971259103  4.400380324183 
 13.236351752487  6.699277512087 
-9.745590110535   11.287086515899
 11.937553318368 -8.990918597700 
 14.544906089352  3.487106857145 
 13.134148486480 -7.254099199272 
-12.268176610573  8.692714968030 
-6.365126193828  -13.688627910982
-7.045477872919   13.371571702044
-11.622597427263 -9.719233792689 
 8.628405655577   12.473202276686
-1.864130470023   15.059770922019
 15.052359682098 -2.181933957973 
-13.825334556875  6.483812253494 
 10.325712899670  11.271110648992
-15.059415188196  3.049561840450 
-14.432787664221 -5.327150220053 
-15.331764443139  1.291365533042 
 6.171547550199  -14.131583677669
 11.970160768164  9.757764908039 
 15.446744351204 -0.386183385272 
-12.805909231582 -8.675156477169 
 15.028002196355 -3.775907042995 
 5.398025462926   14.575299463466
-7.961591043491  -13.403401893751
 3.280491266861   15.302842211884
-9.062185974942   12.760850997932
 14.559224297335  5.895776736488 
 11.625806885406 -10.598318521692
-11.289049574738  10.986775447110
 7.494977147931   13.928112119959
 0.197026016646   15.872978744647
-13.701566950357  8.062900720552 
-4.412060390035   15.328387265619
 3.719405144330  -15.530292074246
 2.073324305429  -15.858031560023
 15.999455961110  1.908453886201 
-15.164525908081  5.565533234009 
-5.796366128103  -15.100160775585
-16.096555983732 -1.617336073897 
-0.066570821534  -16.220123931592
 7.816830510395  -14.215957739929
 14.832874855620 -6.650469147644 
-3.184413655406  -15.946108891126
-10.024505317736 -12.871586429805
 14.210576054653  8.064725691903 
 10.517043661123 -12.785826505572
-16.619643513484  0.189624273349 
 9.268205067981  -13.798475387164
 13.472001942694  9.754467953218 
 14.216132602688 -8.651036213315 
 13.349610528056 -9.939604939603 
-15.260730946870 -6.827998711854 
 5.273782249722  -15.869371416860
 1.664551324775   16.687796373868
-16.310206165531 -4.065424378245 
-16.718612595290  1.901921521451 
 4.853597234329   16.122372272488
-13.066051785249  10.636537843856
 11.119205395089  12.768050906257
 16.578343957470  3.800216731443 
-10.723181767120  13.205786684154
-12.051799521905 -12.073068421327
