 1.083210358075   0.646123902248 
-0.420391566245  -1.334747008799 
-1.278406596005   0.804542786591 
 2.201459170883  -0.541897768366 
 0.827811592030  -2.369920381506 
 0.466271098958   2.487561189633 
-2.456460843361  -0.864368856182 
 2.814885872468   0.888346370079 
-2.986666836331   1.013965586214 
-1.937871161335  -2.488641945946 
 2.797092121193  -2.278559552637 
-1.735004863500   3.248511849935 
 3.780040623433  -0.378028851736 
 2.917437153534   2.739071521625 
 1.661334058073  -3.684297921989 
 0.113004780918  -4.155943906520 
-4.051328899847  -1.526917437152 
 1.602597163811   4.077470990412 
-1.754963361811  -4.144660834214 
-0.853331312742   4.484824352778 
-3.774986539396  -3.126333096031 
-4.983237066099   0.584484261037 
 5.044419376796   0.886959580350 
-4.307839203774   2.898057860236 
 0.554150294397   5.213908803715 
-3.294735516440   4.252908786913 
 4.854173708442  -2.463991740099 
-5.535612879185  -0.911019936405 
-0.157732624626  -5.679249899871 
 4.138630862720   4.013229504499 
 2.388926368693   5.373052883495 
 2.864543749060  -5.178089771265 
-2.796337812142  -5.241260379026 
 4.385499086151  -4.198992573803 
-0.862189797312   6.050626444203 
 6.051083121945  -0.919072894489 
 5.715628630602   2.413568928448 
 1.676130249803  -6.361945837123 
-1.698796151607  -6.422349007834 
-3.147569773265   5.870456151476 
 6.668291466804   0.516095361261 
-6.722497443907   0.417966953968 
-6.538706280001  -2.088569667424 
-6.481617892261   2.519896229819 
-4.717400237617  -5.336498553611 
 1.135942514050   7.042073758629 
-6.011744444340   3.966041131966 
-5.992965220970  -4.193539585076 
-0.432910566676  -7.344166656187 
 2.723397705365   6.871748123097 
 4.810596692693  -5.754539205358 
 4.190762769853   6.432004206203 
 7.476951911324   2.196072342928 
-5.344337481382   5.801907982949 
-0.291439393075   7.900966123640 
 5.514050023882   5.676150407998 
 7.632603738967  -2.309739558719 
-2.698560451299   7.621439251175 
 6.652660250993   4.694298869109 
-4.032118969237  -7.162563348757 
-8.202488831672  -1.071519292962 
 7.357014392941  -3.885700349040 
-7.996200547553   2.620633810993 
 8.429040037961  -0.439403180242 
 6.411046721970  -5.494927680437 
 3.250836093358  -7.981635047361 
-7.433259692066  -4.792048232642 
-8.813394059605   1.211687759533 
 0.443835625295  -8.895760781192 
-2.988867981137  -8.447726933402 
-7.536827116572   4.961085143990 
-6.039922656049  -6.716557174162 
 4.327840563668   7.979896576016 
-4.308701868553   7.994461678652 
-1.188754970265  -9.043525271806 
-8.492939255464  -3.410580120686 
 1.568009995740   9.189268621614 
 9.152800107765   1.806827329705 
 3.072102620228   8.822978937685 
-6.842407731415   6.599097754195 
-2.315364933436   9.277328580477 
 9.603240610155  -1.392907802442 
-0.715224445876   9.679819599260 
 1.998972775427  -9.574816421062 
 7.713457341420   6.065103095478 
 9.279411820643  -3.202641676612 
 7.954976018805  -5.801270118233 
-5.078377779213  -8.454799300636 
-9.875828002756  -0.352543541959 
 5.885761545885  -8.019069296938 
-9.320637368827   3.494245531339 
 8.695201273530   4.880646163098 
-7.897456708206  -6.243293230780 
-9.902001084611  -2.188586369221 
 10.282936816209 -0.040193058424 
 6.161598862122   8.295742921762 
-2.794234693599  -9.982629036267 
 9.841736582812   3.368429555975 
-9.091035022584  -5.070564919377 
 0.065054774415  -10.604125158183
 10.637129015620  1.483206367910 
 2.596197113803   10.430130926222
-10.607355993906  2.134989442120 
 9.726572577623  -4.891326180810 
-8.818842705523   6.470792244730 
-1.462558538959  -10.861232421313
-6.993470763643   8.454445912496 
-7.269732257213  -8.381220485332 
-10.413378617142 -3.902200624367 
 8.176018716545  -7.545744369952 
 5.009578950583  -9.959068951912 
-3.662031524908   10.572517828077
-9.878353175488   5.349509935434 
 10.955583303886 -2.503133870787 
-5.157927132854   10.034366556090
-1.238352086632   11.260255979845
-4.890094879695  -10.246456150593
 7.673847698668   8.420715281261 
 2.360767861427  -11.152043385647
 8.760033600311   7.336961919014 
 4.055958566466   10.810587469912
-11.602145961735  0.055513487714 
 1.265666720298   11.574146841542
 7.321117758455  -9.122382923375 
 3.909713700824  -11.074545337747
 11.761347476435  0.345113679805 
-9.747018165279  -6.692455742481 
 6.602877101138   9.818955094982 
 11.140601835944 -4.374371787527 
 1.088237890813  -11.974741864346
-6.709887461149  -10.071098169616
-2.653034833459  -11.878183664530
 10.610003497620  5.996241924586 
 12.087640411257  2.179094093826 
 9.933158897541  -7.338045307468 
-11.866642088482  3.523409754301 
 3.005757477442   12.044727023540
-12.282161293457 -2.217950354424 
-8.704198735188   8.954153435288 
-10.587347681743  6.685490606389 
-0.835249954723  -12.537206043217
-12.406038832133  2.096740088100 
-8.677378331060  -9.213426532236 
-11.492176935661  5.312371274744 
-11.980735088751 -4.142272807864 
 5.681133648122  -11.461207328627
 11.820978064095  4.984771727486 
 8.288996694749   9.858491950668 
 12.711617128850 -2.081245679810 
-6.038406209387  -11.489253578357
-10.137244752782  8.139091544070 
 8.742961243481  -9.684463761321 
 5.114365394346   12.004906926723
 11.484626894533 -6.203220571969 
 0.347194369269   13.056782311196
 10.659975559384  7.561987362619 
 12.579341855801 -3.829427596784 
-5.165951636154   12.126955496838
-3.748434499545   12.646744420819
-11.957352581437 -5.880620689766 
-3.961845833702  -12.731602284411
-7.013942862262   11.475509322390
 7.683046166837  -11.072672361015
 2.284328811975   13.372726624694
-2.233902112662  -13.384560524132
 13.108095487393  3.736569903758 
-8.383792032294   10.816664297479
-8.040190158593  -11.099827531738
-11.233931323065 -7.899453908127 
-13.735384492816  0.984098757239 
-12.103330240719  6.832315854242 
-2.398838475401   13.703727529339
 13.919556810232 -0.722397572213 
 7.759623344081   11.675244966829
-14.054866955250 -0.494994901139 
 2.666915620584  -13.815482108281
-13.947803322759 -2.244657199324 
-10.462444440560 -9.522738570962 
 4.403681453544  -13.479407378898
 0.215300259535  -14.192237786275
 12.222282023113  7.303426074064 
 10.803842888704  9.336923788817 
-0.654090763256   14.294448464383
 13.194159217362  5.715417799279 
-13.513325991931  4.924825477442 
 14.198007574594  2.353363052712 
 11.401696628563 -8.823902304905 
 9.510007942212   10.883529904103
 14.457366175149  0.701145390237 
-11.507937700011  8.914352423116 
 12.619683461882 -7.379410115339 
 1.053685880556   14.623167911062
 4.746884515632   13.950822397886
-14.427363295849  3.019533446608 
-5.724831699632   13.596193447740
 6.267640128375  -13.398695420902
-13.924770511784 -4.994917463486 
 6.919541878338   13.086769104227
-10.014833395433 -10.995644095639
 10.536341448798 -10.506378198422
-10.461581576872  10.586674791959
-3.724113178083  -14.426071785795
 14.560809106142 -3.770975501578 
 13.746947629758 -6.120364647219 
-8.200003115549  -12.746677460925
-12.974021671625 -7.869262311066 
-12.864528886436  8.141608124365 
-5.757865342377  -14.095281617562
 8.047982120739  -12.929490092434
-14.800845467323 -3.629438907412 
-7.456629533291   13.364724590222
 3.497062441922   15.001306954444
 9.974485400414  -11.922428648028
-9.321513483995   12.477137280636
 2.974908919316  -15.303054620737
 14.656898390709  5.322400195167 
-15.587244108637  0.576938384746 
-1.670132755000   15.544316022409
 15.218570140606  3.678410078376 
-11.668161394537 -10.480245086429
-15.570361875506 -2.086820790704 
 12.632841023976  9.343862794889 
-4.231743280137   15.143913737049
 8.840316399162   13.036901723134
 4.703425496965  -15.103637107280
-14.448546521528 -6.490700268536 
 6.087633440199   14.690294925321
 1.524251864657  -15.837880546067
 15.725770922349 -2.523318839940 
-2.764667226752  -15.710153196395
-12.152429929850  10.395031869195
 16.005999771261 -0.251203334829 
 13.715083437667  8.263704850844 
 12.455370318151 -10.137694820330
-0.893644836343  -16.043226471964
-12.946580676729 -9.521353785872 
 10.710222857190  12.044105034545
-15.637853586590  3.913456245085 
 14.045338975914 -8.018799245855 
-14.352105883769  7.690184204402 
-15.266743566612  5.689631459921 
 15.227166737830 -5.824513397828 
-9.660929628045  -13.146272078701
 6.210609873685  -15.119698861067
-16.228553990492  2.534115794210 
 11.781792838520 -11.516720049332
-0.013699294900   16.497206914427
 16.419207637426  2.464965956749 
 8.066249438004  -14.562132509535
-13.699857224843  9.517760164355 
-7.259415733001  -15.035860011080
 4.457198293279   16.157560422047
 12.716954936954  10.942936356884
 15.124061089488  7.376276947941 
 7.533989419115   15.092012477743
-11.737520084004 -12.143904499636
