-0.741874078629   0.161976904174 
 0.758782622676   0.430721901979 
-1.664366339380  -1.238363099841 
-1.492434238713   1.478741205125 
 0.866152437310  -2.239558733399 
-2.440978400475   0.072739278234 
 0.469584890461   2.406307670216 
 2.441715122459   0.618369111029 
 2.054524281064   2.111496040234 
 3.425244571543  -0.839585227663 
-0.743127284327   3.574899241062 
-1.540759743690  -3.467423170298 
 3.030509287288  -2.501426942774 
 1.156725120339  -3.913810030599 
-2.379436392958   3.377036565121 
 4.119251668576   1.047254612741 
-3.974292284188   1.677883363106 
-4.213145727422  -0.980329893004 
 2.688160080497   3.543756728504 
-4.004199372830  -2.746799909801 
 5.055564338727  -0.652697060634 
-1.696159648984   4.947097656162 
 3.422690941278  -3.975442459204 
-5.249481823586   0.539647510963 
 4.374381848935   2.987557947519 
 1.270092367192   5.254194436518 
-0.963429170685  -5.339271081098 
 2.261675920747  -5.326449720157 
-5.389686757932  -2.164944098769 
-4.801684203993   3.287547226607 
 5.026948629573  -2.987845331558 
-3.375203599794   4.881621793140 
-3.013847770226  -5.195785250851 
-4.240392466453  -4.301314789005 
 0.412982313291  -6.036900303744 
 6.102227322015   0.708749902825 
 4.190113518883   4.500704369502 
-5.974073802226   2.066003869450 
 6.262210917127  -1.687725517362 
-0.392352986129   6.885177805496 
-1.978559952817   6.667269873586 
 1.682901105578   6.770570812210 
 3.552220993636   6.054664751871 
 4.847863361694  -5.130568426507 
 6.409094765662   2.970065093689 
-7.157075591260  -0.827318454835 
-6.829780013905  -2.605194524624 
 7.338932843049  -0.615498784956 
-1.448882340234  -7.270787109022 
-5.570946361337   5.084127345328 
 2.355016804328  -7.203166203309 
 3.960437164002  -6.513230401848 
 6.302841566766   4.508993985944 
-6.505585885151  -4.344331776399 
-5.138208277950  -5.947999033633 
-3.106396048476  -7.231411813001 
-8.022796731102   0.564036815181 
 7.725878332461  -2.369215572692 
-3.549495216330   7.301283609653 
-4.919796870827   6.562625810688 
 0.746953820351  -8.294797181149 
-7.705439620735   3.379725011608 
 4.042216748187   7.550523322508 
 5.620902723945   6.549092837271 
-2.142254604757   8.383675019294 
 7.855684134808   3.777688489803 
 7.568242520693  -4.461356267436 
 0.710575899423   8.801976007603 
 6.161467540045  -6.354325110212 
-8.332248249483  -3.235617468754 
 8.864931133302   1.418408294458 
-2.462715389584  -8.639444414290 
 2.563111013846   8.611055365552 
-0.769588653115  -9.110388937850 
-7.364317196165   5.520032392974 
 3.342590703313  -8.672473388499 
-9.228978594915  -1.808731295756 
-6.757080371091  -6.585268645289 
-0.876784314891   9.395850937847 
 9.332413283343  -1.953635898830 
 9.601753735932  -0.239754655511 
 5.155008867465  -8.196356182468 
-8.017788261687  -5.530876489013 
-9.368826047252   2.760002872296 
 5.432214876026   8.118091102564 
-5.602756584680   8.004131956063 
-4.840594587699  -8.597466471168 
 7.904818688719  -5.985981825639 
-10.012036068949  0.103257513579 
-4.374433905178   9.088078920270 
 8.261075622141   5.814846429537 
 4.033423145987   9.268383040816 
-9.175396727331  -4.514467684893 
 9.274593890965   4.311338153971 
-2.084312485906  -10.133605082707
-2.670975252576   10.041141083709
-10.035691527728 -3.139245378778 
 2.288532551298   10.267193990004
 10.215484423717  2.666981183245 
 1.428920556186  -10.511719822849
 4.707839210607  -9.628413042679 
 0.403758430586   10.717580687894
-7.776761933365   7.428611284583 
-3.846277601801  -10.057412490905
-10.675252105522  1.544647035155 
 10.222118999307 -3.468702420193 
 7.751760284758  -7.536581219340 
 10.762845954947 -1.483191028579 
-10.797169332780 -1.790927557566 
 10.939099023292  0.540989429517 
-1.350457883837   10.874762240886
-7.336809200829  -8.222565004698 
-9.535929998019   5.580374510793 
 7.370338089942   8.317965945031 
-0.246261463134  -11.358365730117
 9.583577905593  -6.147408188456 
-9.799828843330  -5.935182334931 
 6.636382369170  -9.458039476411 
-5.642235523369   10.091965572842
 9.740531779707   6.445388880406 
 3.735752614827   11.188053539872
-11.796347206397  0.061681079035 
-10.905033107530  4.617747781947 
 8.950932916600   7.810931379822 
 4.185889800844  -11.155057858740
-11.607403355321  2.737144168730 
-1.974586871423  -11.769157989040
 5.229770858529   10.744394414438
-7.191039071392   9.587543683868 
 10.820037225885  5.203429396883 
-5.625454836641  -10.658566861743
-11.076508130640 -4.800460301639 
 6.641042680091   10.087220847149
 1.136953717070  -12.035428975098
 11.050444438984 -5.014622488712 
-9.550592820547  -7.495493736316 
 12.216149615517 -0.259973042981 
-0.596211575335   12.211776372517
-11.816400884806 -3.214124650759 
-8.070100306150  -9.552753234442 
 12.422881610138 -1.850157085302 
 8.618136893112   9.283427644103 
-4.609596167465   11.811951861221
 12.644584377711  1.219461835471 
-9.501886591784   8.456692247492 
-3.375298001212  -12.331126457908
 11.038871260848 -6.516671437431 
 7.958806488821  -10.179916009086
 2.539180660048  -12.773598100647
-12.936035546876  1.591624402916 
 12.270967931196  4.557746598312 
-7.341046273935  -10.882375200628
 2.102453151921   13.003838071931
-12.573014770835  4.044376063508 
-1.969934866973   13.068789267621
-10.977499323662  7.362177793117 
 12.974126139332  2.748410152554 
 10.383839841170  8.260528603437 
-11.796468917255  6.098339231622 
-3.488893679117   12.842276581489
 0.476115879516   13.323218259094
 10.073530015465 -8.737516863629 
 6.455334513533  -11.685231585224
-0.131534802348  -13.368044945961
-9.891932871252  -8.996333808077 
-13.312825079416 -1.674178548774 
 12.731336439889 -4.295303674856 
-11.047834196058 -7.648960455956 
 4.907289990131  -12.645290241020
 7.604197665628   11.244736535369
-1.787893406410  -13.483857039969
 3.933847699006   13.058961113545
-12.764204080148 -4.950383917205 
-6.671260236201   12.002071993380
-12.094298770963 -6.562358779483 
 11.772067027628  7.235316943571 
-8.647468438377   10.962442226220
 6.520373830751   12.351346723174
 14.010571687999  0.426041295144 
 1.590562662711  -13.935861242502
-5.071407877492  -13.122007817254
 13.902384927285 -2.987438689397 
 9.229570493141   10.846880703258
 11.982759935130 -7.740405147411 
-13.236360450166  5.558503078079 
 14.372879457720 -1.225058364534 
-13.892528277396 -3.889805184827 
 3.825722748336  -14.000686848572
-14.299843804333  2.752934925405 
-11.028409310184  9.520620903913 
-1.401628423490   14.543166254877
 13.808284269454  4.871183807589 
 10.814779215574  10.063655087511
-11.656224787779 -9.114419294259 
 7.580805096820  -12.740543545949
 11.405064765862 -9.481266265455 
-10.335095250191 -10.638903921768
 14.689036982930  2.143219237693 
 13.433585684823 -6.361457679515 
-14.903641415372 -0.179599074539 
 9.669557524756  -11.364648508386
-12.619110610712  8.115818439875 
-9.098656196764  -11.933766934427
 13.431932163205  6.693009704401 
-10.190594597159  11.057283227734
-13.821450334092 -6.288372124326 
-12.891365491135 -8.045315919505 
 0.466206914458   15.202688989950
-5.170870238940   14.337982956153
-3.630019856296  -14.810651899618
-15.156002858058 -2.336454003984 
-6.699956129236   13.852240693770
-8.078394283541   13.111761518460
-7.366762986521  -13.585070214205
 6.464251343027   14.090274812360
-15.450513897823  1.271422327337 
 15.082791323374  3.678690287742 
 2.051903536852  -15.401756413332
-2.887891555727   15.283546048835
 12.881795952914  8.728219534101 
 2.635632664852   15.435590561347
 8.735029560981   13.064143741329
-9.481205510352   12.546654749848
-0.308961978359  -15.800800665666
 15.054697867812 -4.988453577559 
 5.672888492247  -14.831945531800
 15.921814109518  1.182402152364 
 11.405839134042 -11.195484720725
 9.436037784675  -12.963264858856
 3.977145966905  -15.562552039253
 15.738819478127 -3.324201082796 
-15.240737705797  5.329997135371 
-12.977734921838  9.686578254430 
-16.182913992789 -0.980304744207 
-12.002365483873  10.904351453516
 10.425870846511  12.531483276906
-13.029143350105 -9.826745727965 
 7.944612797812  -14.265334393468
 13.247486023030 -9.592445812739 
-9.219280681099  -13.569604056980
-16.026844789012  3.572341374922 
-2.711314592904  -16.248798472256
 5.287189765212   15.619099023814
-15.442199997868 -5.795033554369 
 14.436704645954  7.980269192250 
 15.652228575582  5.225360952791 
-12.130511492960 -11.196439731913
 16.374306639399  2.672427597485 
 16.601000483699 -0.191920669467 
-14.822901075670  7.501677467223 
-4.647232442421   15.968629649870
-10.613657085458 -12.820414179123
-11.062069375024  12.545458268351
-5.720455698027  -15.804124131110
 14.490178007326 -8.560171326677 
-9.230947675584   14.089335898874
