 0.244832541419   0.397811858441 
-0.649503711703  -0.949901191712 
-1.155730641565   0.950990478783 
 1.289600005931  -1.616069178358 
-2.463870462324   0.112132629306 
 0.649714390263   2.445774946846 
 2.178679463343   1.572471896462 
 2.616789985336  -0.639673356213 
-1.336910161552  -2.344074688620 
-1.760966937641   2.554603850331 
 2.152405121745  -2.997552604508 
-3.892255097731  -0.460879873792 
-0.563699060740  -3.898475129047 
-0.966461056449   4.089145376533 
-3.042570382156  -3.027016025604 
-3.954270506607   1.896965212365 
 3.066542480520   3.161503716386 
 3.908757554492  -2.135625212652 
 4.678198648878  -0.577202321579 
 0.934256936063   4.753203037226 
 4.666879274140   1.301429181836 
-3.457399299676   3.492414897829 
-5.006096303108  -1.659005052523 
-5.371623899507   0.927694016735 
 1.562940155141  -5.228671167099 
-2.249503959738  -5.259705522462 
-4.381591326125  -3.835736396566 
-0.592631721643  -5.828052339627 
-0.564336118926   5.851069301899 
 5.425368460033  -2.626531222208 
 4.930040629328   3.536867460044 
 2.182187582174   5.794297030377 
-3.458158554529   5.149251549213 
-5.186858837683   3.464376508041 
-2.141988691319   5.883335742046 
 4.723214177680  -4.136104954695 
 3.200039952925  -5.467884333612 
-6.496329578007  -0.848848362677 
-5.878097803482  -3.054923356439 
 6.490337669340  -1.421883858470 
 3.773152522382   5.513066497453 
-3.767276735122  -5.551884631038 
-6.459895560074   2.014053487848 
 0.755585457625   6.910876610007 
 7.007288345496   0.235415820992 
 6.796652577442   1.737102939141 
 2.278919999762  -6.807421956007 
-0.941314997506   7.342745905838 
-7.383766912906   0.608980510496 
-7.217529287625  -2.284320494438 
 6.436298956342  -4.181710035067 
-4.861165613309   6.026953648687 
-2.177371410607  -7.530640555162 
 3.980314922816  -6.797761995270 
 0.130457126091  -7.903553064901 
 7.023933373995   3.666962589409 
 3.469063574212   7.152585669291 
-6.216441527074  -5.306863022565 
-8.165642196123  -0.967394445413 
 5.638255398775  -6.194624359993 
-8.248716484676   2.205447398439 
-7.025707997250   4.919162719782 
-7.693158159051  -3.865075613381 
-2.163475047996   8.361314030820 
 8.645485488673   0.108301147474 
 6.573044014017   5.687806029084 
-3.625493405666   7.900240668568 
 2.772221844740  -8.253575501446 
-3.656672118959  -7.918972124454 
 0.182052164168   8.721285989249 
-5.173044420668  -7.074593847793 
 2.159710691075   8.599658077718 
-8.933395579222   0.393345362668 
 8.442420556157  -3.076614978221 
 8.989319859340  -1.544936810008 
 8.608825275478   3.165038933950 
-1.285136333555  -9.088754837284 
 5.688102896041   7.308018551791 
 7.839115379207  -5.013391883471 
-8.498802374524   4.017720167183 
 4.388562427665  -8.416794476623 
 1.049004970811  -9.463826615678 
 3.905335215312   8.709716674234 
 8.150904042249   5.254559812797 
 9.608624780258   1.457982023307 
 7.263636360604  -6.474711228226 
-9.690655157935  -2.475886490781 
-6.618570103795   7.568411011453 
-7.379878080744  -6.844028667276 
-2.993773325286   9.665845377943 
-0.184647394569   10.176510326614
-2.624548649071  -9.834999261988 
 1.620287398038   10.179725744822
 6.518471299155  -8.029970029385 
-6.500881582989  -8.087685960562 
-9.975282571077   2.988419208893 
-5.553392399077   8.845818523447 
-10.472307504039  0.443653542676 
 10.510854121770 -0.802158419924 
 9.415696578486  -4.791059032877 
 8.129102140038   6.891577689424 
 2.683865798110  -10.374615734119
 10.380237821591 -2.807294955412 
-9.362807397123  -5.305156558958 
-4.424466806614  -9.900401501124 
 3.464083455154   10.285233514180
 8.937764174073  -6.226959399170 
-8.553238186640   6.752120165245 
 5.788775478898   9.300955464297 
-1.097711294713  -11.147749573474
-9.719007965111   5.665106230544 
 10.694626545515  3.982721366225 
 11.228393000923  2.162956429171 
 8.462180754613  -7.715932524080 
-11.315958125618  1.822548748509 
-11.330989379882 -2.160915897553 
-7.896092258401   8.412494795229 
 5.293182443856  -10.280105421984
 1.616669258785  -11.487048037417
-2.507784413899   11.335514699386
 6.720387377856  -9.547887557225 
-11.668603116149 -0.526633405511 
-8.024011508757  -8.624744387059 
 11.816389985852  0.131353977496 
 8.150607448945   8.633305009104 
 11.091174580975 -4.281866887902 
-5.835080749430   10.361310832926
-4.391076231769   11.104358589095
-11.015091995452 -5.029446911870 
-11.438465964113  3.976393187723 
 10.591789800042 -5.879050976966 
 9.636743868349   7.419417767403 
 4.559677496393   11.335029810346
 0.558151832290   12.347228189094
-7.337921031753  -10.118789526662
-5.281290590649  -11.330012678307
 8.437237664560  -9.239090429174 
 10.171064303122 -7.331616201351 
 11.038990470220  6.106333499460 
-7.738827743180   9.983428811707 
 12.435324176594 -2.226389473988 
 2.590751123413   12.401469929642
 12.273160052375  3.425026428379 
-1.565430553527   12.649921468956
-1.327524583169  -12.714069691511
-10.137766669929 -7.815676636805 
-3.250638621013  -12.404154025139
-9.782599375432   8.441746364084 
-12.831677531630 -1.550356450400 
-11.013886051755  6.783400674564 
 4.568628236021  -12.137708683134
-13.076933391170  0.270072717793 
 1.017103146976  -13.050712711705
 7.872286320567   10.506607515847
 6.210746859318   11.621995781515
 13.188008747335 -0.763777693178 
 9.580993498872   9.181121208405 
-12.106318906763  5.600176653956 
 13.289702155161  1.218406814262 
-13.258545188811  1.945105589435 
 3.299488332714  -13.063543811256
-12.848451817622 -4.670906136557 
 10.999731489701  8.302094389770 
 8.270400450905  -11.034800504132
 12.184267482408 -6.523311164981 
-6.534404760547  -12.229382105804
 4.180544666906   13.256092877844
-12.385472286719 -6.358311973525 
 6.781088149578  -12.227761538178
-4.612149447922   13.226975655657
 13.117798522513 -5.041353452847 
 1.012528223570   14.058480520182
 12.396742513892  6.763775658160 
 11.381720079123 -8.374618544102 
 2.814726829057   13.895390626410
-13.901941615289 -2.864683886667 
-4.467112853853  -13.532371180635
-9.179773818443   10.901863932357
-6.888247881996   12.534462391504
 13.893336203077  3.426137977598 
-9.968349477507  -10.303778879231
 0.082294188659  -14.395545673349
-1.569682513939   14.344163570552
 14.115951777830 -3.039543613584 
 7.952219721545   12.074036990677
-3.366827818338   14.084612241649
-14.550392154864 -0.486738099758 
-14.140456913597  3.569120677103 
 13.499865110940  5.520248917282 
-12.096342762346  8.262539831867 
 10.833648252245 -9.877268304940 
-8.856557816984  -11.700858489244
 10.239763659655  10.611830807067
-11.466279174629 -9.301189254975 
 14.814891524881 -0.410082225925 
-2.409912907882  -14.680001661569
-12.576206072229 -8.153484602498 
 5.669715281764  -13.926042677590
-13.828076090589  5.949598442996 
-10.905537267780  10.483536158631
-8.526803201825   12.516214594733
 2.103452345076  -15.070636267147
-15.179758639868 -1.853402746355 
-14.025817366056 -6.407363681891 
-7.436548829267  -13.526148331736
-14.824304005578 -4.324828248517 
 4.174937917869   14.905727209170
-5.740014515891  -14.379030122853
 14.811969529969  4.621134647757 
 12.405689370563  9.523293842122 
 15.551287757944 -1.741139345531 
 6.913776485608   14.055207448618
-6.558110051242   14.342991131034
-4.605480139948   15.090009961876
 13.001164995644 -9.063243747934 
 15.832797447585  1.014258229936 
 8.213429944725  -13.624257872309
-12.639566139033  9.858247088543 
-16.058432989094 -0.525585878153 
-16.020034588241  1.433860071869 
 15.881013880513  2.595618013203 
 14.550124651889 -6.941433577345 
 15.778879556547 -3.572729743275 
-2.103865541587   16.057576924940
 10.743616795146 -12.135992040140
-15.924737536482 -3.266333725211 
 2.639094768610   16.048176491390
-0.018181499118   16.266745269322
 5.885976385996   15.169384434798
-15.352297121476  5.391573513154 
-14.406072464021  7.605481597668 
-10.111157330833 -12.819993261289
 8.444963638481   13.994909505246
-12.262994296382 -10.811195509258
-16.004627848122  3.538666738884 
 4.365569429808  -15.837028883775
-14.054653917132 -8.625730152114 
 15.659320917907 -5.197442891799 
-1.339049929551  -16.495646421015
-8.958261936528  -13.923352952914
 5.993175242280  -15.459696646516
 11.509960277719  11.998541208279
 9.797446046418  -13.536134165972
 10.092783644234  13.342542314688
-3.803962931441  -16.301030454808
-10.218278803080  13.280833629983
-15.799053815041 -5.603056069218 
 7.470996933319  -15.040413948157
 14.280331908589  8.961702005173 
-3.714599835807   16.492332068770
 1.046436203359  -16.879873765759
-16.823625181577 -1.868193969234 
-5.902087257156   15.889877688001
 15.260856675739  7.378782267764 
 4.159143195762   16.458465592744
 16.972510701146 -0.538408627544 
