 0.616073638787   0.697306118033 
-0.824456497568   1.147257629312 
-1.165869381763  -1.039262517020 
 1.499609429329  -1.027858169519 
 0.354911578255  -2.376150984836 
 2.548426047379   0.891067092542 
 1.666358114487   2.595215835060 
-2.439583642296   2.085996485612 
-2.903474425264  -1.533241541447 
 1.841624324596  -2.757195457564 
-3.341749605941  -0.001173580375 
-0.964292796894  -3.436919491316 
 3.116123456911  -1.747023016350 
-0.607684876615   3.797728304071 
-2.551466185041  -3.044014871018 
 3.994029613863   0.421041456038 
 1.158774967131  -4.146377281306 
-2.245430560665   3.693902217572 
 4.470642047839  -1.049773067788 
 3.115018291503   3.393114544865 
 4.216866545925   1.980899601036 
 2.765382585945  -4.029629460736 
 3.901291098935  -3.031130696361 
 1.773015563256   4.741405581182 
-5.039145625087  -1.733135954313 
-4.018746217858   3.641916096353 
-0.244697058543   5.459419614535 
-1.301905952990  -5.391907867228 
-5.314199461370   1.838162079813 
-2.560701520109   5.203664486281 
 2.224448068567  -5.475785925637 
-4.172095044036  -4.285979451780 
 5.995625223298  -0.841553664285 
-6.098002875318   0.400470475285 
 6.149299279235   1.137398584570 
 4.181229626348  -4.739039921583 
-2.771393994347  -5.718817199442 
 0.022273446844  -6.359554345609 
 4.560103828615   4.476252546767 
 5.751395748816  -3.033434455302 
 0.801323583610   6.580121550168 
 6.006225537633   2.911075706550 
-1.380328054036   6.820601820691 
-4.598881791428   5.567896822331 
 2.968244077221   6.635233062434 
-6.732425365725  -2.747547284472 
-5.793676623916   4.421089569789 
 7.576756176928   0.233756925844 
-3.489022013606   6.802432140609 
-7.676423664391  -0.609699522171 
 7.625940150850  -1.393226780461 
-2.602415087024  -7.342181322610 
 4.193063889342  -6.592271672201 
-7.506043186273   2.295299985258 
 7.470067401078   2.428668198520 
 6.682159912661  -4.263956595693 
-6.352401957144  -4.857568805761 
 6.871306794702   4.256257003796 
 2.641210284304  -7.642118372822 
 1.101192900273  -8.030568718986 
 5.530147946714   6.388414878123 
-2.695844481544   8.092114318746 
 6.480739448065  -5.763041864755 
 2.786653790925   8.287247719248 
-5.437945282414  -6.866835423433 
-0.385244863639   8.760931491783 
-7.949727258537   3.868653386520 
-0.150352107965  -8.860499113734 
-3.992109825533  -7.941186997191 
 8.489676214473  -2.739033034891 
 4.556434369110   7.746027824050 
-8.894196517842   1.385519734312 
-7.300793800087   5.298950863601 
-9.137008677764  -1.578702530260 
 7.159342730407   5.922781825457 
 5.916991110565  -7.186368713349 
-8.262084146231  -4.299842355002 
 8.296256442245  -4.297081851452 
-2.047268981638  -9.203015935164 
 1.013876781140   9.446850129028 
-6.041143991222   7.344173128077 
 9.399188224675   1.670795447087 
 8.737391689217   4.071005332406 
 9.718282328471  -0.571399632347 
 3.021805110052  -9.291138540400 
-9.777477651198  -0.156590757867 
-7.235595997981  -6.585573230237 
-4.990602225608   8.692348986005 
-3.888096827087  -9.439103805113 
-9.783602605112  -2.961319362066 
-6.072194074016  -8.257304093501 
 3.656222971318   9.587607518795 
-9.683479384977   3.445117906783 
 4.884033862966  -9.080316148421 
 9.991462514208   3.088391967299 
 1.630230618531  -10.336603385697
-10.302247895716  1.953396615129 
 9.874881702326  -3.560993761255 
 8.829341028427  -5.708639334435 
 6.983776026546   7.900659580041 
-3.142151692242   10.094479207037
-0.318537363163  -10.713344516517
-0.894392845341   10.700130191714
-10.651549773774 -1.521511976240 
 6.995839494223  -8.285847139751 
 1.959567024563   10.677996430972
 8.132964505058  -7.204449826594 
-7.434968098678   7.932701590037 
-9.353538314067   5.685797622631 
-9.658482098892  -5.474674779752 
 10.864814509418 -2.430905415765 
 11.186893369995  0.521695323530 
-1.870738242444  -11.100249119764
 3.468926796291  -10.763138111299
-8.786498091968   7.151522374505 
-6.630718735407   9.268553995576 
 9.381392381224   6.560833034617 
 0.432265743235   11.453704643496
 6.192932102538   9.667639660263 
-2.471009323342   11.506712708657
 10.774038827034 -4.843091033986 
-11.839671490121  0.676981097246 
-11.532957223769  3.281802073776 
-10.931714022814  4.927460592742 
-5.716306031663   10.551292866725
 4.976616839991  -10.925686172261
-9.460042852503  -7.399958572432 
-7.652274013421  -9.269309136817 
 10.053680883480 -6.774714445594 
-11.108947427967 -4.855474677085 
 6.473310942942  -10.332385486551
 8.639544842903  -8.702219825064 
-6.418079033015  -10.466089994745
 11.928975809566  2.922610033480 
 12.245015082129 -1.186466877819 
 11.271794424789  5.029786047407 
-11.912948318988 -3.485141029402 
 4.233240567821   11.670712499204
-0.779645890003  -12.459566122096
-12.388439005734 -1.580862877954 
 9.457716327460   8.247972428505 
-8.249746333670   9.508648137103 
 1.080183064053  -12.619499099700
-10.930428917092 -6.423350222256 
-4.333752165406  -11.941512398091
-0.117189942358   13.020478906177
-10.651736090543  7.589045237647 
 13.023316224954  1.361776478352 
 12.571972307938 -3.724490195525 
 6.718236844002   11.289627022585
 3.044745956389   12.800579708770
 10.127548617771 -8.459277178805 
 11.657013870651 -6.200110841697 
-13.124062693167  1.613268434645 
 4.029889007129  -12.606569839442
-4.417420725981   12.540017476413
-1.733629433661   13.328984409688
-2.087286453035  -13.299948978905
-13.007875908935  3.566927880063 
-9.885827365447   9.312677316815 
-10.907429814375 -8.149193493137 
 8.822900507311   10.392256657003
 5.537725002830  -12.475003137071
-12.506062539551 -5.526047950648 
-13.486880447189 -2.724825557499 
 11.267889371030  7.935873793075 
-6.207778752391   12.305753931980
-8.118914682472   11.169380883923
 12.785193908841  5.366317123384 
 5.592410991816   12.695412577727
 2.720374480524  -13.755634298404
 14.035322705120 -0.094416219134 
 7.772155383393  -11.696291955411
-9.650149277409  -10.298932079039
 0.577242231076  -14.114383913281
 9.823136740576  -10.166253679291
 13.686620805444  3.549539091011 
-14.222141646912 -0.133732310892 
-7.514170270475  -12.188074723022
-3.426338921005   13.926467309985
-12.884899466994  6.363680567700 
 1.496358403810   14.322806470586
-5.628586135751  -13.277935940135
 12.180651247105 -7.891856919656 
 14.435358004723 -1.641206391255 
-12.312439909415  7.789980336431 
 13.260878446346 -6.133398051126 
 8.325164000261   12.049656904428
-3.213221899847  -14.358165347437
-0.818503511914  -14.717429290295
 10.853294566007  9.998095201015 
-14.177965119153 -4.100337784711 
-0.690930723806   14.796862140735
 4.114351810443   14.280098691556
-13.130977577082 -7.004075082264 
 4.595511069872  -14.228523366128
 14.186548120971 -4.859447796890 
-14.917598279384 -1.564012347093 
-6.045441329894   13.827255140489
-11.900881742601  9.311759295938 
 14.792790387368 -3.249489414429 
-9.234870293908  -12.014361772616
 7.179789775531  -13.351486908559
 7.053691346850   13.512669119856
-12.061977621091 -9.354962756769 
 1.870167802983  -15.191494462743
 9.205189626568  -12.305814311066
-10.623945559983  11.182966595022
-15.045801417107  3.431702169257 
 11.789295793171 -9.985227784320 
 13.911940482667  6.853899603018 
-7.021947104787  -13.852024491360
 5.603315629339   14.509484414939
-14.642717168791  5.326874846036 
 3.423782219410  -15.265902839376
 15.643552348407 -0.651430116054 
 13.307224597640  8.267195892374 
 10.597535871480 -11.601250077634
 2.493054638736   15.534622523961
-15.688294958245  1.233702412483 
-8.967971676530   13.031316418825
 15.694561230455  2.298933033349 
-14.820130712882 -5.671847941863 
 10.853940068745  11.586779493571
-5.333253122458  -15.008039253760
 12.410300090985  9.985297325561 
 0.309057521332  -16.075204969175
 9.864040078947   12.724482384550
-5.025281829598   15.313325563568
 13.890781167638 -8.245406084405 
-3.018744675068   15.884544946893
-15.968243098799 -2.652714465770 
-16.188856557498 -0.214868336129 
 15.275062788158  5.478953704350 
-12.132275169779  10.812860486096
-13.657883730205  8.886802479810 
-13.756829105982 -8.758714371831 
 14.903010792887 -6.816751592980 
 4.175754621171   15.873199304753
-10.973894225242 -12.212632934967
 0.915371874277   16.489663046124
 15.693544483013 -5.237259588030 
 7.236210680634  -14.967729424529
-12.431827182314 -11.062708485813
 7.013130587743   15.136024052496
-0.646333152075   16.729840384937
 16.476565447824 -3.046283469794 
-1.573155725453  -16.704665628214
 9.306093762729  -13.986437374198
 16.255290477892  4.283655825783 
 1.976467850921  -16.733740799930
-10.471587096317  13.220275274994
 12.555572479403 -11.302600218083
-15.151802590910  7.558093138081 
-7.436473793303   15.217045657090
 13.887582511772  9.701580610396 
