-0.496396055374   0.377211042236 
 0.845184139278  -0.520401031946 
-1.231487060076  -0.943686030752 
 2.193673987206   0.511387427545 
 1.314806437217   2.037140600695 
-2.797687574530  -0.264142391212 
-1.404528066344  -2.457658732110 
-0.064976192272   2.841358018180 
 2.090807107292  -2.115393581179 
 0.327513902332  -3.057146023780 
-2.804020323073   1.814119680058 
 3.253984947972   1.928371384660 
 1.614202385038   3.533085930590 
-3.815985116195  -1.599405427580 
-1.342340258971   3.943318510373 
-0.911522932741  -4.094556015319 
-2.496428475126  -3.601276686899 
 1.862103942165  -4.051475591279 
 0.098211424821   4.472914395885 
 4.493914249430  -1.180750747974 
 4.633518637327   0.678361179039 
-2.938522283442   3.726757589118 
 4.009455805802  -2.855225536704 
-4.895621353122   0.829073705664 
 1.474850916331   5.069104968650 
 0.151730102407  -5.430544628163 
-4.419286272286   3.243519352075 
 3.885258539357   4.152656218688 
 4.961832583056   2.945077441993 
-1.994728808469  -5.493201762505 
-5.752185736568  -1.263388368989 
 2.121878217038  -5.530740840254 
-4.793246828389  -3.505340911703 
-1.390795775009   5.797468328681 
-3.696919986820  -4.794665382748 
 4.102599707689  -4.494943391209 
 5.849481559651  -2.075544306377 
 6.218837474748   0.993260881734 
-5.922719646714   2.606230499553 
-4.549998540073   4.812647611474 
 2.474726174022   6.214663293524 
-3.035828568129   5.994995244985 
 0.116306972971   6.725770444796 
-0.269959475295  -6.937152729893 
 5.958203047919  -3.608609333481 
-3.399845515649  -6.328275901952 
 6.202940256158   3.846831357074 
-6.864625365928  -2.576629393969 
 2.082160094780  -7.131156242618 
 5.164540656709   5.467004422328 
-7.407672733587   1.382419949804 
-1.924699875533   7.386782723758 
-7.608328469091  -0.654186951069 
 4.686519709679  -6.056285968135 
-1.788283945785  -7.535136550705 
 7.787567983795  -0.331470826473 
-6.651489046610  -4.137700784771 
-4.588456712545   6.349712978506 
 1.833352595622   7.775964690703 
 7.774857160185  -1.863281099988 
-7.312050759075   3.504040743349 
 8.113881129774   1.288529199543 
 7.459960566169  -3.463131746099 
 7.754235895512   2.782487776756 
 3.723819396710   7.351662787625 
 0.070476906434   8.289158030665 
-0.430507730071  -8.451170756678 
-6.078174918461   6.054612347674 
-6.188682925998  -5.957410228264 
 6.753726416217  -5.360723655056 
 3.578754605554  -7.858103809943 
-8.588256767805  -1.995118093161 
-8.844951664819   0.696939395690 
 1.227983936175  -8.821884654678 
-4.357355699286  -7.919440756010 
 5.733550517766   7.069011221815 
-8.204536634461  -4.095861808156 
 9.182310516808  -0.979104138911 
 7.565230339424   5.401380136352 
-1.173855838757   9.297661786992 
 5.221708171048  -7.893396496984 
-3.610997496071   8.846400664596 
 9.149232800951  -2.906123755411 
 9.578013205361   0.876895707769 
 8.961354502915   3.970858195609 
 1.482009745580   9.771444323812 
-5.351157102318   8.314449829218 
-0.049584407531  -9.916547936110 
-9.652836396227   2.366392876143 
 8.359375626100  -5.433897793924 
-1.956726293601  -9.890006551482 
 3.795377571064   9.390881321789 
-10.141036749317 -0.596550821687 
 7.294582740365  -7.076265740005 
-7.160843489962  -7.306916227205 
-8.288160618422  -6.106153894611 
-3.852840565596  -9.555501044584 
-8.601347518927   5.700832819255 
-9.798054386202  -3.631534696364 
 5.903684302024   8.836473123268 
 3.249658644444  -10.162174666075
 7.155644174868   7.914690024680 
-10.625619275953  1.134494228463 
 9.658026713000  -4.652682339857 
-7.410286829989   7.815656612024 
 9.008821195386   6.057257933125 
 10.771245851462  1.992408402750 
-5.675174796919  -9.371186203391 
-1.397366392364   10.921259308227
 5.936499717364  -9.364889848715 
 10.985281483216 -1.636420614799 
-10.131425073327  4.631568035408 
 8.827894050559  -7.004331761314 
 0.869309627888  -11.246842221979
 10.811861260290 -3.383728877229 
-5.702129065444   9.823281360799 
 11.440816608151  0.312419087272 
 0.251106841405   11.578465115963
-3.186647059632   11.168130299878
-10.364052106827 -5.243727522998 
-1.205663980461  -11.617719391935
-11.309243141885 -2.966284455466 
 4.980806826702  -10.578983572530
-9.218195658670   7.276305672462 
-9.000286631305  -7.600591490175 
-4.095300029462  -11.096200076333
 10.689628236012  5.259304339250 
 7.982527508274  -9.003558339139 
-11.464595297824  3.737302414263 
 3.988838248949   11.389639889085
 8.168156585586   9.044236237819 
-7.962442237853   9.288077488446 
 6.414952616102   10.419803609713
 9.813696031468   7.348072387608 
-8.027749100881  -9.277093734068 
 10.880671109975 -5.701497769288 
 3.415494133338  -11.814131084694
 11.791618701653  4.013654964499 
 0.031075834438  -12.536069332851
 12.462853277672  1.507137451964 
-12.545727150201 -0.999224334036 
-10.655179925595  6.730631990562 
 2.508717008066   12.406428319611
 6.860572243622  -10.644728107910
 10.483567255097 -7.159906764227 
-5.459941282525   11.531324369783
 12.025294693370 -4.281325291267 
-1.395737682702   12.722064827064
-6.354298341803  -11.158199022517
 12.907745376383 -1.132106604691 
-10.610707899197 -7.503656558320 
 0.979623248614   13.091111213357
-12.133940593951 -5.051996516811 
-1.890649211088  -13.098581861224
 2.245523509560  -13.047401074377
-13.171020044459  1.692071511547 
-12.116443580340  5.459752174162 
 11.356811068582  6.913187712344 
-7.469569546157   11.005653223093
-9.485551107542   9.339748565421 
-3.941596825553  -12.840936666265
-10.702460668758  8.234191155268 
 5.878131568945   12.215185902620
-4.294662379942   12.861722244045
 4.201856927860   12.937181800794
 4.390515660973  -12.994597637737
 10.423827451448 -9.016533222473 
 6.030223602431  -12.466050634254
 13.487270459124 -3.151524042754 
-8.689049691694  -10.796815995859
 12.096306567267 -6.810822772767 
 9.956470877078   9.795533933905 
-13.596389485855  3.200679907497 
-12.134872539525  7.055353014859 
-13.541671901631 -3.708654269417 
 8.914617236591   10.915983597289
-10.686082081725 -9.191093967913 
 14.111683565416  0.795749648683 
 13.303807290655  4.791901179113 
-14.092144458302 -1.442289486717 
 11.245886483841  8.700759997434 
-3.197957696205   13.915801368979
-7.649022744466  -12.099573101365
 9.434946772370  -10.778935779714
 0.093321488248   14.325461209117
 2.911759995818   14.069067302057
-12.205929529047 -7.579041808449 
 13.281159797613 -5.554496762066 
-6.054973076639  -13.133802073652
 7.419655094673   12.447039868818
 14.246131781364  3.038181871145 
-7.325855778435   12.627202186267
-13.821389570716  5.049546394215 
 1.925367673578  -14.634529194413
-14.771113243064  0.074316512072 
-5.799903655872   13.615095821364
-1.776196253584   14.731379401136
-14.723818985412  1.932793471731 
-10.219763623018 -10.775806703747
 0.125507780493  -14.908885085811
-12.113771037086  8.789323101551 
-10.828591652861  10.392826707479
-1.699854967806  -14.933444601775
-13.730677663596 -6.265824834030 
-9.770574238149   11.562485926120
 15.052812591951 -2.043503744243 
 8.629812657704  -12.502974021071
 5.026476140946   14.431949839737
-14.980419526259 -3.134553630478 
 4.617103007321  -14.644677252559
 13.304556987052  7.686540339649 
 12.673195078718 -8.782190358149 
-13.868154193593  6.789471163383 
 6.941562161713  -13.793803260793
-3.307043202934  -15.187659284547
 11.185499779190  10.814632245437
 15.572394004552  0.374327896048 
-11.764644038948 -10.259235239226
 1.295512614606   15.561932075592
 14.466943487312  6.000933703376 
-4.170335182165   15.170822823509
 13.941245143176 -7.404679933253 
 2.850956227657   15.568201498416
 15.044126861488 -5.084712412488 
-8.805336667085  -13.226110860872
-5.138802258552  -15.105051263536
 12.175405594600 -10.468661371564
 15.891832828272  2.795524132152 
-7.523651770341   14.327817604906
 9.421345452097   13.173927478287
 3.011535446864  -15.940213209211
-15.876466486109  3.791896542512 
-6.178453338520   15.110453289740
-15.396546328072  5.607072445246 
 7.170399743333   14.758977889516
-14.057551610688 -8.476134609267 
-16.318125270411 -1.901222694296 
 0.004382010136   16.440830757779
-0.531237555306  -16.490952773707
 4.305182183260   15.947679255333
 12.778321043864  10.474654213012
-15.953091445908 -4.315342179812 
 10.004994196202 -13.166169063475
-2.374171147890  -16.446237559110
-6.784572328331  -15.168951755752
 8.730044965849  -14.139269123869
 14.958963133880  7.450198323829 
-16.638404178111  1.762874850055 
 14.140356233459  8.989594785932 
 1.288930966971  -16.747899995066
-11.507533828142 -12.261624988603
 16.079512176776  4.936971453212 
-9.020102499252   14.216323919056
 11.418566894534 -12.377616325277
-16.936343120943  0.232450037309 
 16.921326278867 -1.133750738004 
