-0.382581015532  -1.038511077703 
-1.084725684010   0.630613694777 
 0.643087386090   1.287110973738 
 2.126080570508  -0.795659118234 
 2.314367006131   0.748601524086 
 1.444737615697  -2.190081180072 
-2.613606505675   0.374911076463 
-1.727019340049   2.514229851182 
-0.133904506861   3.052380784135 
-2.351770170728  -2.266847824669 
 0.245040785837  -3.450076670476 
 2.660382872969   2.502333176979 
 1.377710825057   3.388407853187 
-3.627662417111  -1.378070057751 
 2.845357999345  -2.894009953964 
 3.862277985172  -1.643003114272 
-3.503495545689   2.358264803774 
-2.557530556627   3.787820610402 
 4.487887716917   1.051015021138 
 1.939166336663  -4.311215675736 
-1.647495075314  -4.436564518680 
 1.147280583284   5.072653297448 
-0.146522020553  -5.253982819158 
 2.573721762610   4.606161968678 
-5.417904099173  -0.540798618255 
-0.422783868765   5.446342817121 
 4.879818504653   2.558275951133 
-5.517155097874   1.079340400995 
-3.966412147636  -3.998584718886 
-5.265071715113  -2.243618394052 
 5.718302939230  -0.314699267622 
 1.488734177456  -5.742552579219 
 3.526703342780  -5.156160703955 
 5.338136411521  -3.283401384716 
-2.085781003271  -5.941553050907 
 4.789834561449   4.227676386233 
-4.163291753516   4.878572073841 
-2.884087638413   5.789464920825 
-5.817489181544   3.226258293756 
 6.406969303695   2.524364246465 
 6.598150115284  -2.002190362144 
 3.239742896036   6.179980936432 
-6.896431413249  -1.577411182251 
-0.797936944736  -7.032053294729 
 5.223345070042  -4.938720512492 
-7.013273797871   1.597620679052 
-5.860081771086  -4.222404856501 
-0.908105447097   7.219800109020 
-3.584835580963  -6.410453144081 
 0.830685639298  -7.582969833603 
-4.329321019557   6.492399712936 
 7.677707080205   1.655387435432 
 1.630213277315   7.718821122050 
-5.194574292645  -6.208568092619 
 6.970840825921   4.117440182262 
-7.560900136954  -2.993322851548 
 4.903455531405   6.513240081407 
 5.013602499527  -6.456328826937 
 8.211532958689   0.191291575875 
 3.003831403514  -7.652325839866 
-7.377000210446   3.765972916865 
 7.787623887503  -3.020079381614 
-8.442132029420  -0.112354493279 
 6.843719841490  -4.954668173120 
 8.406849627729  -1.303120860772 
-2.542083288043  -8.181404781901 
 3.382767989043   7.901616668472 
-3.716956310628   7.972543103983 
 6.629417687182   5.818419646372 
-8.594875515241   1.986827660878 
-6.699285759712   5.873634915560 
-8.734082146865  -1.883174156646 
-7.508034888700  -5.097371694854 
-0.787817418431   9.123518350534 
 8.416991785719   3.703644960665 
-4.410753245544  -8.087028421047 
 2.372393274366  -9.032811317197 
 0.867453243075  -9.458424418502 
 8.556029616802  -4.377239478361 
-2.382248140381   9.372139586756 
 5.373303963642   8.124260473669 
 8.168706101591   5.386531306307 
 9.573392648076   2.344323764141 
-9.884615543285  -0.842199561346 
 9.893139313002   0.747646226916 
-5.341700564002   8.407375852387 
-5.922460149748  -8.028774909557 
-0.666005339453  -9.963802078661 
 5.273622122096  -8.542734583129 
-3.427566017759  -9.449885258592 
 1.341146556843   10.055106185273
-9.539119090405  -3.572393382972 
-10.187910994070  0.811277601990 
-7.441346862077  -7.035271294754 
 10.119814619163 -2.028590633596 
 7.973276371529  -6.790220661591 
 6.702650924392  -8.059251416502 
-8.894909485919   5.632486076669 
 7.894791267679   6.968898481289 
-0.416453335253   10.634913541561
 6.891086076386   8.123510425766 
 9.649719763112   4.773780546411 
-8.946708556083  -6.000093941317 
 3.379112244509   10.254536026189
 2.577643240969  -10.527797124761
-10.641620375470  2.540653949452 
-9.987342609278   4.594645070906 
 10.630830767304  3.501849431273 
 10.546682527729 -3.956479361602 
-5.252104103410   10.017861771661
-8.174853032701   7.865478714693 
-5.595009757834  -9.992799942552 
 0.096975722529  -11.459524190052
-3.509848040898   11.008528968888
 2.179630947235   11.375247495645
 4.476427144740  -10.701687795422
 5.666192528497   10.170746473681
-2.193774548898  -11.494758473508
-11.638495545203  1.251518663233 
 6.049610721147  -10.052793930504
-1.460117371767   11.724423484609
 1.580761560777  -11.711545504587
 11.803142454673 -0.989551580438 
 8.559803033623  -8.233990838966 
-11.852136301777 -0.973896444863 
 11.893413947086  0.838973450837 
-9.251037406317  -7.534551107477 
 0.716447288039   11.915060560995
-11.750271673866 -2.723216900364 
 10.729511190170 -5.614583708870 
 8.542777258135   8.654700042524 
 7.225369035403   9.833863758416 
 3.741661008441   11.716767520725
-10.970878919213 -5.606963365489 
-11.620139846355 -4.231441436171 
-7.258480960361   10.037508186390
 7.821050071619  -9.642375426690 
-8.191972894072  -9.372795899490 
 12.262501102178 -3.047441022329 
-6.968381993381  -10.606538885140
-12.277604074227  3.349604374604 
-11.844995162898  4.921994783904 
 10.429906810482  7.547051644530 
-9.678133156695   8.522300416164 
 12.475376693907  3.415756486870 
 10.196348661667 -8.035933999362 
-4.720338320539  -12.140104845890
 3.150824793606  -12.738497632080
-0.340115771191   13.130815752843
-11.139621019090  7.003949911222 
-1.580724427184  -13.085153369904
 13.192949625658 -0.067873488603 
 11.762704306962  6.218818759780 
 7.125528827356  -11.263978044040
 6.756955317346   11.510707599717
-11.273170961158 -7.219777583211 
-8.807794089753   10.177451272544
-13.316246613894  2.237239367508 
-3.243312590437  -13.111095515312
-5.364831592979   12.405977101973
 5.825546985096  -12.215028930803
 1.341795692973  -13.468977406077
-13.533875917821 -1.237964303884 
-3.804575249292   13.193477734524
 8.445531124671   10.831603258566
-12.590534102063 -5.548765465232 
 12.815884626448  5.113248769520 
 12.648290967636 -5.674986099225 
 13.690678279424 -2.264296675468 
-13.398394999150 -3.843665094590 
 2.183150055117   13.813440732947
 12.043452619806 -7.173459603680 
 13.376199905640 -4.235658596721 
-2.373194353144   13.866756665134
-7.793162943096   11.725324685242
 9.843518454208   10.098620487856
-14.128777741906  0.196701559117 
-11.242591196791  8.609914350268 
-10.005886805225 -10.032198045139
-6.850999697144  -12.435173691864
 4.759498724436  -13.436378424715
-10.322110417857  9.913186192566 
 4.061372536405   13.738793463072
-12.915670401816  6.236505245199 
-11.355692228468 -8.786714738967 
 5.574995716088   13.281730301287
-8.678366941621  -11.517215189949
 11.683429622285  8.522081617641 
-13.767654857894  4.518616381514 
 11.224200730969 -9.209745203391 
 14.457994765389  1.490196278144 
 14.545479139910 -0.889791881738 
-4.955999460575  -13.823352227910
-1.732981308497  -14.584808135156
-0.218758521826  -14.735319770650
 10.132915944960 -10.773304719784
 0.487616595114   14.839980237057
 7.434887142747   12.872186658146
 14.304138946204  4.160020552745 
-6.558569220859   13.512387586951
 13.307184308174  7.070529521438 
 2.401596287841  -14.962055142322
 6.289290250805  -13.824552115470
 8.919632324276  -12.343629065454
 7.701292875292  -13.251230718666
-14.072592054738 -6.365814133864 
-15.484106733998  1.450706002548 
-14.876051607387 -4.557041657029 
 4.439076754127  -14.913913395302
 2.219590512301   15.444271662773
-12.731270697399  9.064802244163 
-15.528752980033 -1.803281679414 
-11.823431388701  10.263686272304
 14.541011829479 -5.881943204723 
-3.340150213387  -15.400065127468
-4.808367784816   15.027050726579
 5.433122603116   14.828425120302
-11.845231907644 -10.472726695164
 13.268180252042  8.729291121499 
-9.776822073296   12.664875219448
-13.849250969744 -8.082333398130 
 16.035997308038 -0.006919947565 
 11.825919041749  10.865202180176
 10.010003426259  12.584170891707
-0.946824704190   16.071658733060
 0.411312440170  -16.111092862919
 12.169477711525 -10.567233176935
-14.621396150681  6.934549162566 
-15.937256232841  2.930845750145 
 15.118578710728  5.954915712335 
 6.935294292162   14.821611939794
 15.890221769968 -4.029627793706 
-8.426588554679  -14.070385180794
-16.417200415717 -0.099864717794 
-15.824544552674  4.510573182320 
 13.917526555740 -8.828396243799 
-11.276117354754 -12.021815117391
-8.815590370736   14.007225053025
 4.183802076095   16.017738639967
 8.497264981561   14.227878699015
-2.868627427179   16.344237369076
-10.013840051319 -13.263700505871
 6.229972348113  -15.444026868960
 1.029980374600   16.642255041961
 16.642551736530 -2.514945709016 
 16.646644844202  2.764564586435 
-13.462570301347 -10.242260286585
-16.563324392852 -3.627306180181 
-7.644274859458   15.167241430605
-7.433453374459  -15.281911409232
 11.208776137466 -12.806230589311
 11.516637053994  12.566799401547
 14.950132778630  8.205737366765 
 4.524430930873  -16.492668958866
 16.218380696046 -5.532124298061 
-4.439051917160   16.552705589943
