-0.853716393506   0.407545267810 
 0.525924384934   1.028927931869 
-0.070444684223  -1.254512273149 
 2.005334197316   0.305276812937 
 1.485770610975  -1.718437191458 
-1.886379816538   1.641068146466 
-0.497081997006   2.613301194343 
 1.393865173276   2.566727449106 
-1.601774579082  -2.460618282418 
-2.718333832393  -1.182711929862 
-3.122237926350   0.678776233385 
 0.866901020433  -3.341896369279 
 3.111306464092  -1.671354316035 
 3.791206295522   1.006145554621 
 2.828151954807   3.197749569303 
 2.752558310314  -3.269006367873 
-2.601865880294   3.626651378639 
-3.586712357682  -2.743381337524 
-4.550075848021   0.067115361791 
 0.423297850928   4.626396097941 
-4.456421728686   1.682399939030 
-1.409339894445   4.628359936804 
-4.632282455572  -1.516625316313 
-1.459721280276  -4.711774088599 
 2.002598478703   4.684371770155 
 1.202819167503  -4.986258699022 
 4.852715936093  -1.688402201231 
-3.275127180417  -4.226465601577 
 4.984247288604   2.292253857225 
 4.200083954141   3.845746783494 
-4.762921848121   3.446539530696 
-0.253851818188  -6.073162066681 
-6.146800054550   0.500205574389 
-6.255024198924  -1.052937123166 
-0.563752029047   6.327537558273 
 3.605422857835   5.253538365298 
 6.456742690383  -0.082475222063 
 5.777453162434  -2.897719437291 
 4.866084681810  -4.336995931037 
-5.124539219377  -4.177598669997 
 3.594293180923  -5.568109167967 
 1.131797810863   6.605187517643 
-4.221485660932   5.300552671838 
 6.715876851483  -1.633448952132 
-6.390111725439  -2.649070987249 
-3.097363503335  -6.249284300304 
 2.656178608575   6.480657084850 
 6.892926343981   1.360420734680 
 6.556579364263   2.882990193173 
-6.889637984456   2.048684180412 
-3.021854327901   6.544275205464 
 5.810776788530   4.310552410965 
-0.822864791921  -7.506966184974 
-7.559824918973  -0.142547751280 
-5.764507145507   4.936290981026 
-5.030322169070  -5.889580952850 
 6.405437027083  -4.390521142289 
 2.963350221544  -7.243074557476 
 4.542456561521   6.630752030600 
 7.452567131079  -3.093345181600 
-0.814971903840   8.036973585363 
 1.323358116682  -7.999401626648 
-6.570372651454  -4.922151134655 
 1.085344459677   8.233152296983 
 8.324383620653  -1.030869059426 
 4.803621806037  -7.036454450266 
 6.173474519830   5.877267033031 
 8.530122067774   1.480249637635 
-8.230777322595   2.995395821556 
-8.629765520281   1.544296322276 
-7.560290049835   4.466533725554 
 3.742758977252   7.947019673630 
 0.026014360998  -8.802136652238 
-5.995897739433   6.630805684572 
 7.529041872253   4.892248253099 
-8.505411511756  -2.908890804556 
-9.018755552397  -1.387920543873 
 8.594457691694   3.172312554030 
 2.536462033038   8.881906904995 
 6.516080957267  -6.735975430629 
 4.073996307595  -8.451611987179 
-1.917598106043   9.322485985574 
 7.692630261983  -5.630609745759 
-5.124175801031  -8.133033539809 
-3.102203209184  -9.151743375197 
 9.684057159665   0.296392693379 
-4.223543730685   8.745374689199 
-1.645403404517  -9.657092757262 
-7.561377669328   6.232375145043 
 1.972414541427  -9.639687335754 
 9.915263181139  -1.383662456234 
 7.590212667331   6.561281566662 
 5.936849611628   8.216793761068 
 1.541716589768   10.036987683149
 9.959127544362   1.985494689158 
-10.214017230425  1.047513084174 
-9.718328280621   3.467579421226 
-6.666912936637  -7.886795155485 
 9.103113885911  -4.922320434885 
-0.127886572187  -10.389773423985
 4.220823310855   9.585122429174 
-8.538096619230  -6.092042770785 
-9.609500338400  -4.257852325517 
 6.499370528856  -8.284879432319 
 10.099527053377 -3.131383318641 
 9.683323333322   4.296369662540 
 3.758430091282  -9.977237546574 
-6.556542031094   8.543351261008 
 0.235678400977   10.808130691881
-10.446062141072 -2.828644648040 
-1.416970614005   10.739141566694
 8.528188487205  -6.882116377015 
-10.824949304299  2.424903010242 
 3.068729069194   10.761767130609
-5.489650653276  -9.818232897290 
 5.388494543248  -9.964577795841 
-9.421009197607   6.418725706108 
 9.875860627452   5.822029567016 
-10.523992243915  4.749640806224 
 1.550049004959  -11.485625314834
-5.929246279570   9.984771169183 
 11.650034196417  0.057941913155 
 8.620810335918   7.877119357939 
-3.002639144322   11.311465399450
-4.440782482831   10.876278773644
-2.799143794839  -11.446261852197
-11.762362285614 -0.747927291538 
 11.317542044135  3.570557307678 
-11.826610342988  1.265624651926 
-8.842682532533  -7.980498720382 
 7.854744658505  -8.966598031395 
-1.062077449162  -11.914067481825
 10.163615847510 -6.406840887349 
-8.131682036627   8.874187167295 
 6.107600356293   10.428677586334
 11.352637704201 -4.195875471827 
 3.426221226065  -11.714178729807
 7.698319895579   9.499629530025 
-7.589952930147  -9.627494152711 
 12.129762181028  1.787540180166 
-12.113021515862 -2.459450371958 
 0.721881006161   12.435923557603
-1.172080688202   12.425061401424
 4.967215900739   11.497985388110
-11.855691615110  4.042560568265 
-5.209894105748  -11.445407428816
 12.490130914296 -1.849127653238 
 11.496435732764  5.272930517647 
-11.553738724024 -5.189930674708 
 0.712854764608  -12.766143943167
-10.464041484068  7.568515358000 
 11.569456574749 -5.748173304371 
 10.151640671225  8.057292959259 
-11.132632691717 -6.915060653633 
-7.000733981334  -11.086565906235
-11.632303345964  6.235705573308 
-7.169637982220   11.162538180771
 4.856559233554  -12.359689322237
-3.090474437443   12.952755329553
-5.874051544090   11.979633636397
-13.318193984369 -0.864324666678 
 7.572444271497   11.034343584055
-13.068684918924  3.111432259730 
 10.732574315143 -8.152516185480 
-8.722007497194   10.335965012901
-0.984220571060  -13.498536804417
 9.644785555998   9.513812859163 
-9.926184069802   9.236145874373 
 2.939763560359   13.334949281414
 9.526011409548  -9.883130166075 
 13.329829399351 -3.408858188930 
-13.273624970873 -3.679173313083 
-4.744295013547  -12.935232292990
-13.783508695593  0.883498715563 
 13.659436328820  2.275044997026 
 7.429329908877  -11.690709602805
 11.958601506444 -7.215047483764 
-4.645226132052   13.181293319735
-9.318543683592  -10.591942397601
 13.093188220279  5.257558492970 
 11.656376333339  8.000844853966 
 13.252752193267 -4.984415713650 
 0.048779900851   14.166127318678
 14.180305294083 -0.013269797057 
 12.573739258240  6.689271944704 
-2.554190277568  -14.030883432784
-1.851586107500   14.170862972845
-12.913713602422 -6.221222083452 
 6.913585320464   12.608356047493
-11.280600121166 -8.976783719690 
 2.718111527054  -14.219820224447
 9.125214295362  -11.390897034122
 0.552778324794  -14.597799370815
-13.798529030402  4.994247980825 
-14.581569793537 -2.006915819818 
-7.284402482607  -12.835521661056
 9.321235849551   11.482894718878
 11.368428452046  9.546193410386 
 6.826581778278  -13.191699599006
-14.852213035210 -0.375899364564 
 4.506298477917   14.158806375472
 14.325876305517  4.083563111525 
-14.609536146294  3.231709340875 
-9.385989913685   11.813185752627
 11.107079577734 -10.219405228607
-11.436292651013  9.891219574885 
-4.212975274584  -14.563835418587
 15.135428092193  1.869907238037 
 4.906390090117  -14.461750071174
-5.931694379417   14.074558905959
-3.450934560462   14.896062311210
 15.162199440995 -2.034677151931 
 3.064390251802   15.008626855940
-0.799562511060  -15.310879092773
-14.307987216379 -5.563980170545 
-12.925639086463  8.349337837631 
-8.143754868885   13.089508982532
-15.420210536845  1.122593110057 
 1.377429065622   15.420328808809
 13.490244774756 -7.610340329741 
-9.333999208280  -12.369339691777
 15.050975890559 -3.740394181835 
-6.114148296754  -14.389226145757
-12.886740498720 -8.872278673621 
 14.660323782255  5.664771598393 
 8.577887443743  -13.229347595034
 12.742530164171 -9.313475748204 
 15.832475509881  0.369875141023 
-11.147091822305 -11.280416397977
-1.744612512571   15.783738329701
-15.273923550368 -4.344935479170 
-14.553558823784  6.399472479896 
 10.769293791340 -11.695412543199
-14.251961653293 -7.163236238124 
 7.204992257755   14.273550490581
 15.045031405436 -5.428578074509 
 11.406621997966  11.217798973149
-3.009561505263  -15.715464240039
 9.066916250642   13.273590466610
-16.082274004607 -1.623603070998 
 15.843472319258  3.856410936978 
-0.092368766093   16.348978198696
-4.766381001806   15.674506602034
 7.626410974368  -14.533506402848
 0.644471888831  -16.414361673929
 4.834260565508   15.708679378858
-7.778170204142  -14.513057323238
 14.153948823064  8.515165198523 
-16.629713726471 -0.202477903541 
 12.603700537712 -10.871953264813
 13.277093173273  10.046080580200
-12.976774273951 -10.457174978005
-11.664526014238  11.905054077355
-7.958355441711   14.646996363995
-13.247106893963  10.271124685236
 3.008049714083  -16.600963673067
