 0.691967222654  -0.777747315114 
 0.656328602107   1.072688090566 
-1.197995832479  -0.608615394457 
-1.089029139847   1.592215581646 
 2.283064054637  -0.420495296152 
-2.543889725115   1.056611409660 
-1.731334750862  -2.169105472205 
 2.237474165728   1.811650533510 
 0.089629845505  -2.958881899277 
 1.976416656739  -2.764130061074 
-3.570076973016  -0.494412539457 
-0.050585614319   3.699144995932 
 1.519652396841   3.560425057358 
-2.560901009505   3.172090206287 
-1.542314539128  -3.939652006190 
 4.157820643510   1.355470309689 
-4.185609436713   1.707988151852 
 4.035599908169  -2.068829285117 
 1.346909455601  -4.483685863822 
-0.377614181682  -4.899957708153 
-4.914861465170   0.348965429116 
 3.290846863114   3.927646795805 
-4.395708888469  -2.680305806025 
 3.609285274105  -3.845243382669 
 5.321329648856  -0.390267027031 
 0.198274937340   5.387490636530 
-2.733354011073  -4.955564955976 
-1.278885892328   5.691975458462 
 5.630256786061  -2.154527843847 
-4.317680237690  -4.255046864296 
 2.358306869647  -5.591765078537 
-4.497860895068   4.077621644593 
 5.390993058730   2.899935736484 
-2.773867989749   5.486330201004 
-1.576839838981  -5.957966352981 
 2.970702652759   5.530041160241 
-6.251190803435  -0.715882598197 
 0.042163390429  -6.408143424272 
-6.246695051069   1.585259253889 
-5.760062621280   3.229505606570 
 5.300223911404  -4.037952397213 
 6.742146750036  -0.931439932949 
-6.278036437038  -2.794173900634 
 6.777016278284   2.058099943847 
 4.130142183402  -5.794644343084 
-3.241487141681  -6.368144902656 
-4.401862736683   5.794713992011 
 1.172202375137   7.230295610617 
 5.541927416023   4.840812276451 
 2.015453601214  -7.095598036457 
-1.802541340569  -7.458723852122 
-7.739798228067   0.708147272659 
 6.994797235481  -3.465519564907 
-3.325191254611   7.077465425062 
-7.630824023640   2.288811035118 
-5.903110221146   5.436637615410 
-4.802607507761  -6.458008926775 
-6.071421087129  -5.337738572500 
 2.967817806421   7.576333225559 
-0.737856933551   8.191027790276 
-0.106569046435  -8.228793308279 
-7.183281940942   4.060137576094 
 7.512700429500   3.558871899623 
-8.364165601482  -0.856978871568 
-7.434650724174  -4.136639692679 
 8.497926152184   0.663149107546 
 8.564812881037  -1.063965838903 
 1.476293363936  -8.547258949953 
-2.432275382959   8.356229640774 
 7.135438019457  -5.164304535684 
 3.896169144368  -7.923177796005 
 5.409142392179   7.170227430756 
 6.316612630436  -6.552607850008 
-3.629834624623  -8.473894863661 
-5.783866197247   7.233247780944 
-8.811164799947  -3.042361646475 
 8.798008371770  -3.485963218904 
-9.111577451388   2.603337934147 
-4.432161426279   8.416535641589 
-6.870277756315  -6.715871970585 
 9.543027581007   1.841675248133 
-0.221430529230   9.743619238599 
-5.845912885978  -7.845534778772 
 4.748723567924   8.564358437230 
 3.133196453079   9.309370048232 
-8.505805093513   4.969400870072 
-8.446744958099  -5.402001409742 
 0.840700486281  -9.998139710817 
 10.053975943598  0.043357629990 
 6.925074099206   7.298623899919 
-7.454557370211   6.759047408023 
 8.091350959653   6.034484496921 
-10.009289209894 -1.574974468198 
 1.484514102118   10.039954966462
-3.262571511412   9.654873867673 
-10.282069779342  0.468096224717 
-1.280607388830  -10.234677632488
 2.830494000084  -9.952741593614 
 10.350441550344 -1.427444791719 
-1.785132079270   10.373578300810
-3.380774193650  -10.123591054252
-5.025247678359  -9.458374849470 
 7.060297315094  -8.061502398673 
-9.919113055904   4.324047497125 
 10.014541549933  4.167326357628 
 9.520602353846  -5.363290374208 
 5.845094143634  -9.286181596234 
-8.716401005453  -6.895493382729 
-5.167487550992   9.883802149791 
 8.776462146824  -7.144819758712 
-11.201275724255  1.690756345483 
-0.027270860718   11.345365749710
 0.142315908937  -11.386256812559
 11.047358759814 -2.777690779080 
 11.281481387538  2.101667565347 
 10.662312455420 -4.304438636775 
 2.146830055286  -11.367196332273
-10.836359048599 -4.100979098510 
-6.904542349479  -9.304890543133 
 7.598199650977   8.831829070892 
-9.797316181930   6.506633324004 
 11.779109783672 -0.457123264467 
 5.726262955046   10.388303038888
 9.600750719746   7.110950284566 
-11.880001090176 -1.406876574702 
-1.765176196150  -11.857276501600
-8.847625720228   8.095225597306 
-7.487161645775   9.423786523798 
-10.687418195021 -5.647972927039 
-11.620784705858  3.436050214023 
-8.633416404370  -8.529523885283 
 1.464609451385   12.129047739646
 5.017572644089  -11.168126749052
-4.206246733862  -11.542193302959
-2.143708885402   12.127849663769
 8.064737274504  -9.406081406354 
 3.806814654707   11.840060956863
 11.380574387411  5.043968706679 
 10.800703466178 -6.321750797176 
-10.164441606106 -7.322709851505 
-5.910504911414  -11.062329797690
-4.596030912182   11.678182085663
 9.349627018681  -8.610538610637 
-12.809426676784  0.045907628358 
 7.148200174832  -10.809976375840
 12.624044584300 -2.995958018922 
-6.496851629892   11.253974141942
 12.977451198686  0.937263975452 
 0.034266833947  -13.022669624092
 9.569446062230   8.903165339019 
-12.135999364115 -4.863679700342 
 13.097620077364 -1.391434981828 
-10.715822294016  7.719747693218 
-11.614469077787  6.400216231116 
 12.073613000101 -5.517716157485 
-12.345500735619  4.945262774184 
 11.450675592384  6.784609099594 
-3.492242174038  -12.892491511175
 13.187843406260  2.453035209546 
-0.587474631335   13.471529328028
 3.044208537715  -13.177053691293
-8.236800799300   10.758761265764
 7.143840494362   11.534923416613
-13.343492598462  2.977529090853 
 11.222488811953 -7.876754371911 
-9.486296451998  -9.958880777409 
-13.506681969748 -2.766336789257 
-5.193009341101  -12.806491136645
 12.996350322643  4.723789484778 
-1.484310306607  -13.750834976612
 1.434209207662   13.793917165207
 5.504177856044   12.756225591167
-9.974447643119   9.714478624977 
 9.230698842574  -10.492778036506
-2.696665598439   13.720156969485
 13.431949360316 -4.271347473740 
-6.775266481834  -12.404156840607
 11.409235864755  8.479970794623 
 14.276206016560 -0.067135760403 
 9.570559283210   10.611058240880
 4.812166702881  -13.468308491603
-12.040838599860 -7.722183586773 
 3.400687979773   13.903708273176
-8.534898786597  -11.672901025614
-14.360942028394  1.738105130673 
 1.697939975279  -14.404395229892
-6.249862626287   13.105665806590
 13.096237010500  6.349786299465 
-14.570550881935  0.055840949435 
-4.562287974331   13.878136338381
-13.348522841569 -6.145376275078 
 11.257163098579 -9.451589036145 
-14.684312245219 -1.479321983554 
 7.229332103145  -12.909666990184
 14.707012012589 -1.651909903517 
-11.914819215295  8.872440136207 
 8.607050138437  -12.129069506504
 14.557227561294 -3.178609993316 
 8.608684571427   12.177768071782
-8.554304210128   12.354265983305
-14.716267880340  3.664122697158 
-12.001467169901 -9.400944950210 
-10.538488596624 -11.066021274227
-0.954873250027   15.281500516616
-6.475237903308  -13.880978081949
 13.657237272353 -7.031450025206 
 13.186470440323  7.941174688970 
 1.539672186421   15.326050270341
-2.009844239673  -15.305302608405
-14.961068355382 -3.820408816607 
-0.278309144648  -15.439696934284
 6.004346341495   14.335952157972
 15.234581579087  3.249209074924 
-14.061795753726  6.706279198509 
 4.088280497979  -15.088491830265
-13.306783579740  8.217235310091 
 15.615675182225  0.967418857496 
 11.786224637403  10.316369084708
-11.499391483075  10.719259441776
 10.648454792423 -11.582367662114
 14.797481110370  5.347201627977 
 7.873725976682   13.668134421866
-3.912243014059  -15.283098383774
-14.994222617656  5.380949926435 
-2.649221123618   15.724656220385
 2.350548264252  -15.795260014647
-5.570678372612   14.998429510903
-15.902708320758  2.060749614745 
-14.054998761500 -7.869624219272 
 15.452376314502 -4.818592817429 
-15.387388066447 -5.262803132098 
-16.175254767874 -1.838483861813 
-10.616742877192  12.354779927028
 8.305725202801  -14.016222217575
-9.411915364379  -13.301612337727
 9.912048775772  -12.933264861209
 16.082972752798 -2.776560101416 
 12.365396073558 -10.767760977734
 14.691250280112  7.309382670773 
 5.660737014115  -15.453129246885
-8.197478402274  -14.310319720670
 13.335976853056  9.745986974733 
-10.734704289558 -12.569223869449
 13.886205587874 -8.998873496797 
-13.614482117539 -9.428935133121 
-4.361190648874   15.991965390691
-9.605005254849   13.539819647115
 10.626260057021  12.848074950481
-7.737568647357   14.787886804510
 16.720191081086 -0.397485466542 
 3.291554974679   16.431191983994
-13.239052483617  10.274714784557
 16.626371716113  2.111789241261 
 0.895530793287   16.785852196287
 15.383088000594 -6.794554630352 
 5.275576095714   15.983319758645
