-0.057086199501   0.463330567201 
-0.365667327586  -1.390702892542 
 1.677684659871   0.067076263179 
-1.660619910840   0.788152602319 
-2.008430679993  -1.021224432327 
 1.190652863172  -1.968782025133 
 0.157141935990   2.358317254836 
 1.621724248196   1.843082837331 
-1.613207737678   2.693327114575 
-0.535544821728  -3.115284449567 
-3.143615481796   0.523814992155 
-2.062197933473  -2.607988817386 
 2.821148456083  -1.861600902148 
 3.159280842342   1.890194396001 
 3.799588437777  -0.259382672526 
-3.537817847711  -1.488034029481 
 1.819948379174   3.651238195468 
-3.794221405691   1.911792738035 
-0.352531451340   4.343104678700 
 2.999608252471  -3.351355590528 
 0.373341407760  -4.545099172916 
-2.378034824751   4.367353267238 
 4.150182487991   3.151728798478 
 2.101669983367  -4.868024308186 
-3.975630535206   3.663601878136 
-5.537441235494  -0.123417542294 
-3.514281084819  -4.306520315594 
-1.918525667578  -5.402502354028 
 5.245677267146  -2.445838227086 
 5.491262535029   1.834319007760 
 5.700176979458  -1.016045215100 
-5.732080060130   1.368184085680 
 2.698139462637   5.413331659277 
 0.300558549663   6.050711554289 
 4.609899542710  -4.040425881640 
 1.021823833296  -6.095999990535 
-5.330377775739  -3.258793437525 
 4.370252798501   4.651830135888 
-1.287868407648   6.301777446451 
-6.247189790617  -1.532596848928 
-3.437519410117   5.708014584884 
 5.938608342909   3.528522260526 
-0.565549193869  -6.935048202742 
-6.066426272743   3.417061634427 
 4.347041111986  -5.524142236305 
 7.038569823361   1.053931674612 
-5.396423747687   4.889392376856 
 3.280339596598  -6.625668259432 
-7.423481740916  -0.419483656275 
 6.948127953229  -2.764389753850 
-7.275532753828   1.742234744206 
 7.665537549677  -0.685301878848 
 2.092312446746   7.535365710282 
-7.240023625163  -3.003546734340 
-2.819977537673   7.326355646848 
-5.527083856913  -5.618994897856 
-0.995412104899   7.846383875561 
-4.119218718529  -6.780642180633 
 5.405162051568   5.992896328772 
 7.447939232574   3.320632564949 
 2.357412526049  -7.884661914799 
 6.821147933261   4.819016045395 
 4.305954344088   7.343459721665 
 6.549629846139  -5.442842932520 
-6.948628441547   5.028626663912 
-3.151119328182  -7.988458109899 
-7.195973854822  -4.694787853368 
 7.506506154440  -4.215451207130 
-0.639185013179  -8.617666753047 
 8.432482109656   2.096126216127 
-7.934437987613   3.619629527827 
-5.295472887906   6.947175429182 
-8.789664071493   0.237870511207 
 5.371920223859  -6.981775731278 
 0.157343224803   8.901938641363 
-8.916954991595   1.737425298156 
 8.750514927164  -2.915560853589 
 1.482775866178  -9.111554294841 
 9.252070905895   0.579148945175 
-5.487018382734  -7.566181912046 
 2.291289944582   9.089709117423 
-9.073145167513  -2.508752926456 
-6.795927013423   6.728859093724 
-2.143509122697   9.456447367155 
-9.789161450186  -0.966259456611 
-4.465947540971  -8.771615247285 
 3.985763265632  -9.016367329976 
 6.708027095446   7.355919129107 
 8.934533507183   4.413990820781 
-6.946157258222  -7.170682158775 
-8.644299778948   5.005432660533 
 7.505522819451  -6.604745649335 
-3.043698002836  -9.558967050072 
 4.270494596178   9.202039686118 
 8.778092674400  -5.095883887972 
-4.384733541859   9.345766583378 
 1.351413670400   10.281732643915
 10.330978733403 -1.123420971275 
-0.886659660178  -10.446931398987
-9.614640829054  -4.333967310894 
 10.128368804566  3.018678867001 
-10.542574517423  1.037739360344 
 10.575452165787  1.307090132058 
 0.619924110001  -10.678455570991
-8.715774526026  -6.314496200655 
 10.348390297032 -3.323838573602 
 2.197913955910  -10.664675792731
-1.312968385127   10.815471911052
 3.332961159313   10.375737426103
-10.480428038329  3.517811362737 
 6.120712327734   9.229889287925 
-7.962300833546   7.752126268804 
-4.351481783121  -10.297601516826
-6.552596004890   9.087989311585 
 6.998839250741  -8.752164945499 
-6.595670088978  -9.165929985383 
 8.734846011020   7.196815763198 
-2.545273350515  -11.110618508229
-10.933972364761 -3.347066263026 
 10.265682877280  5.121007143565 
-2.911887989068   11.105959318668
-8.285130527621  -8.050197816158 
 3.675437358986  -10.957780906584
 5.648543853351  -10.115639465069
 10.580171520202 -4.849921157320 
 8.504195287047  -7.971967275673 
-11.656456222320 -0.477878920584 
 5.052507717007   10.563807180124
 7.841350118472   8.803564136821 
-5.150224231555   10.675637094801
 1.212697718290   11.818865465109
-9.492600909205   7.245910127963 
-11.907523581914  2.355573460585 
 10.146194447240  6.680571387900 
-10.582059014571  6.093890916108 
 11.931433116261  2.731685276444 
 2.718432618074   11.937641879786
 12.212766507773 -2.528872158777 
 10.311015932531 -7.070859914477 
 12.506005854787  0.386417858418 
-11.602904905710  4.706984483647 
 2.852195894588  -12.237228851588
-1.217095160068   12.534235108816
-8.449143452082   9.352441041098 
-8.150973494021  -9.626725917329 
-12.505772574652 -1.769636370365 
-5.776847271288  -11.336294981647
-0.383224666998  -12.777018293870
 6.593202462597   11.145006384507
 7.873762587014  -10.300982523371
-11.646806639934 -5.776144936931 
-9.634402772302  -8.784860042971 
-13.098011088619  0.103184426744 
 6.091652198916  -11.615381059062
 11.912237617081  5.584458656526 
 12.408413260894 -4.430625563192 
-10.955177824197 -7.375699612136 
 13.242395969720 -1.003636202810 
-2.882612553626   12.965117251200
 9.563993735846   9.230897060559 
-5.067690019339   12.301028294984
 13.289336362465  1.784071008979 
 9.389013102415  -9.582251185502 
-13.081647938832 -3.265156049221 
-6.850831016268   11.652640757784
 1.577733354258  -13.427237306859
 3.961865818254   12.953116159329
 8.289286400102   10.714932297158
-7.573895152408  -11.236505991746
-11.465736155110  7.322143473432 
-3.587934421742  -13.126799750476
 1.627753097688   13.566312421430
-1.901435105683  -13.626542152429
-13.661768272135  1.858624065085 
-5.167383838906  -12.791278288780
 11.565836053259  7.532582982616 
 12.030506168647 -7.112422895525 
-10.924159072957  8.753737953761 
-0.068839964049   14.043843724927
 4.050849963686  -13.477405267709
 13.724744053715 -3.330186834254 
-13.747901900147  3.430932347812 
 13.407361018946  4.654877363936 
-12.896314287632  6.162218292510 
-9.810422321997   10.408538375579
 7.674435897160  -12.091597673963
 5.572933011938   13.204468238729
-8.356324028813   11.704797189887
-10.141963915116 -10.208425219757
-14.389473966463 -1.110291338159 
 7.436884909110   12.432692479324
-12.492432815972 -7.415974799849 
 11.623144491462 -8.757315169619 
-11.418787110032 -9.299094951079 
-13.454641063401 -5.995599347033 
 14.733694472373 -0.744308937532 
 5.570223803248  -13.713860901505
-2.009388002186   14.683523428924
 13.881680505664 -5.263491714336 
-14.641322420923 -2.686755837866 
-8.920991538986  -11.979294674845
 14.808211869959  2.097738018511 
-14.132425166570  5.013733926529 
-0.911149773950  -15.043508655378
 10.386290370751 -10.924663682707
 2.920528739003   14.794565496262
 14.952380507610 -2.362630884861 
-12.882663294398  8.066478311033 
-4.108779047604   14.689650377269
 11.422103305213  10.112604779208
-7.047267504441  -13.540798299005
-5.579552123541   14.240166260462
 1.147012942882   15.263410423957
 10.392002127010  11.333007311172
 12.544330124701  9.007505212318 
 13.804330225093 -7.006500374541 
-14.932880443323 -4.188628168969 
-15.509383988048 -0.095625838758 
-4.066235680284  -14.990037831733
-9.853571871333   12.065998606646
 15.036961671711  4.113555156980 
 2.435686898539  -15.432596418525
 13.661220765952  7.602080719013 
 14.475851507865  5.936399903844 
 9.704615556172  -12.276527557185
-15.617674033441  1.513332605340 
-7.173067560079   13.967690593710
-11.258852565883  10.978576919186
-15.470591478219  3.009221007707 
 5.729501769486   14.886961810749
-10.519005573019 -11.993337596159
 0.695250131990  -15.965505241426
 11.946484499203 -10.803282883765
-14.162405710191 -7.885020182502 
-16.084238727511 -2.154217741436 
 8.212871323138  -14.055270937012
 4.330996615729   15.732994175244
-14.910932499907  6.629700145417 
 9.536641128624   13.250457665241
-9.026429344722   13.627858944487
-15.672530583376  4.708475212169 
 4.343412391075  -15.785521439419
 16.381792249619  0.643732180733 
 8.270598574152   14.208229814528
-13.417040548288  9.568025202638 
 15.837845216846 -4.707396784048 
-5.462766224707  -15.667056366610
 15.327428337032 -6.440331087042 
-1.006692314639  -16.601208015356
-1.261645668157   16.586731178915
 16.331091891924  3.293809343565 
 16.468186435989 -2.849296465174 
-14.458042503402  8.384307856179 
-2.739573988224  -16.487599006806
-5.558601182944   15.779560717225
-15.590271962244 -6.076213695949 
