 0.812577045431   0.382953656278 
-1.194739231071   0.323451319782 
-0.880720613140  -1.362583238524 
 1.409680924271  -1.284783542831 
 1.055403747972   1.944224480311 
-0.929211368268   2.399138729807 
-2.455846470407   1.530167194746 
-2.301143781101  -1.910040640525 
-0.313289865478  -3.078177046932 
 1.618507406087  -2.812184326795 
 2.878902129989   1.538489390846 
-3.427819512562  -0.091937393382 
 3.461203715274  -0.490357691119 
 0.231446671520   3.541833076590 
 2.700226133880   3.174980618413 
 3.298545305164  -3.021470455541 
 0.297676767252  -4.486066775960 
-3.792689434648  -2.728465257663 
 1.855439968677  -4.471879201852 
 4.312596863951   2.250055390446 
-4.714718236946   1.260642214124 
-2.226607467616   4.364927770057 
-3.547611817950   3.419797791937 
-2.997732460934  -4.042556877895 
 4.769189228081  -1.620577876710 
-0.566770998263   5.474489889238 
-5.314137861332  -1.754499244777 
-0.718173601958  -5.604795873373 
-5.006281016243   2.749052328898 
 4.233116076761   3.964712087473 
 1.679001596757   5.604378547122 
 5.707126079520   1.387959392028 
-6.014920397021   0.092658191695 
-2.423340142514  -5.801096092440 
 1.454191793205  -6.149457397529 
-4.467160750399  -4.535674493172 
 3.126732239685  -5.663959241197 
 6.538749621080  -0.307961776373 
 5.866089043539   2.926820270507 
-4.652345138214   4.676044999394 
 5.706103665270  -3.387353709554 
 3.260011513193   5.894961377999 
-6.042995122175  -3.144997058587 
-3.622214346426   5.834376419021 
-6.850707808301  -1.155655917907 
 6.718755906790  -1.876836033343 
-1.862548972799   6.815639614270 
 0.760435179274   7.040857299434 
-6.545905102102   2.991787485894 
 4.966127014257  -5.458335988702 
 2.265910537807   7.051608600910 
-7.464167912272   1.314187056435 
 0.366425790495  -7.605602437068 
 5.788256583552   4.978161622867 
-1.374975821460  -7.556661161574 
 7.593795457824   2.097262907678 
-6.436817024446  -4.660917496117 
-3.257513300135  -7.413514304896 
-5.346966085025  -6.273536248397 
 4.869565424026   6.673659434226 
 3.472403076386  -7.497668020052 
-3.396413887767   7.533734904565 
-6.709644737837   4.935165439046 
-4.914941983166   6.797946606891 
-0.794385333740   8.466624787152 
 7.592262983080  -4.061656983233 
 6.510344479143  -5.680259286212 
-8.551290124134  -1.464874899181 
 5.180039752713  -7.020684103641 
 8.410299570414  -2.419951493827 
 7.940586939592   3.798406414748 
-8.086254341949  -3.802480682818 
 1.253721999369   8.886584225281 
 3.339168258247   8.430616698664 
 0.738073254055  -9.078013124900 
-2.292516548520  -8.827274843156 
 9.114907652778   0.764400704401 
-4.693993535727  -7.859257505782 
 9.127963631615  -0.869488356828 
 6.851568126103   6.135934327902 
-2.150838491004   9.160576416887 
 2.358699964904  -9.331619851749 
-8.974200749510   3.555868238229 
-7.751356950550  -5.837916937436 
-9.834164838939   0.053646887562 
 9.581458611679   2.555085913749 
-9.771725055090   1.780968270861 
-6.216353352763  -7.749445585061 
-0.643303463849  -9.918558444150 
 5.873531947860   8.087163922652 
-9.604059281522  -2.770493620234 
 9.366099117998  -3.682074470998 
 4.639452101723  -9.079926556409 
-3.780335217298   9.471418218652 
 10.042959750602 -2.112779165862 
-7.236199985948   7.336369736605 
 8.867592205664  -5.276278112273 
-8.626282411526   5.704433579080 
 9.110301012111   5.151339901191 
 2.421182918516   10.258447826358
-5.182031795394  -9.405622873227 
 7.982220444221  -7.242109858113 
-7.842618326553  -7.451228264873 
-1.489091294983   10.722475069292
 10.844446456349  0.132752040653 
-2.826157902392  -10.471193267518
 3.637722295110  -10.245745199481
-10.781237178705 -1.513018677834 
-9.999858531331  -4.348510197472 
-10.465988442061  3.337517337693 
-6.546297477726   8.946979013525 
 0.401483352920   11.080017830218
-9.932341586288   4.951944625556 
 8.799312537951   6.793412582834 
 6.232965208321  -9.327445603638 
 4.459256818200   10.344953188227
 1.324275470196  -11.222754239228
 11.155540141160  1.852756092175 
-9.617514320031  -6.215196386931 
 11.015635335042 -3.330747879766 
-1.217107320511  -11.471728483547
-7.004287425268  -9.173279492900 
-8.753970839312   7.526439570690 
 10.607892770993  4.952778258872 
 10.631654273742 -4.953347626320 
-4.445955103147  -10.890231481534
-4.274293262465   10.988420020265
 11.369670346510  3.420264822158 
 7.263364765442   9.444753256858 
-10.015407036486  6.468617247755 
 7.936789640707  -9.082073062980 
-6.063301162526   10.482501782899
 3.028721160944   11.855570520867
-3.058538235202   11.887739707807
 8.987412822932   8.536025524356 
-2.922001474136  -12.052927822016
-8.846578495296  -8.699017725043 
-12.335818281068  1.347999676282 
 12.461700805829  0.390366481956 
 3.541101737434  -11.960649642887
-12.156422609837 -2.929992568771 
 12.369142054253 -1.846122462133 
 5.007297777999  -11.532966145492
-12.598523540386 -0.662824391244 
-1.625702578865   12.567063057577
 0.185119608295   12.720756986577
 1.710938905215   12.623405096363
 11.115949528624 -6.401242172616 
-8.450962490673   9.652265014006 
 10.381684225486  7.667643611499 
-12.371004438757  3.774284182059 
 10.297366871573 -7.883772264303 
 7.023848845111   10.927312466872
-11.914258440934  5.209703301076 
 12.405322206343 -3.918316007385 
-9.651993643412   8.729271032595 
-11.443153112569 -6.282022226805 
 1.222540057665  -13.075069770835
-7.352484162894  -11.035093547868
-5.728776133536   12.023503357094
 8.017686955331  -10.676928887462
-4.322649700272   12.698701534000
 6.588145834719  -11.704920482089
-10.945604962127  7.881916012645 
 12.333817974572 -5.501803205365 
 12.492774121155  5.241232250815 
 5.742265041188   12.314263133648
-0.912878734167  -13.557822230900
-7.429003805998   11.449255528060
 9.732680736695  -9.592404501148 
-10.472280944585 -8.811038226721 
 3.437981220508   13.343506116091
 9.578103121948   9.918519662379 
-12.881893093587 -5.102243552382 
 12.020879312527  7.085529322488 
-0.849346847167   13.945873208332
-5.417005086652  -12.880879805380
-3.758089144887  -13.463542496152
 13.908891160669 -1.571941354528 
 13.430021386213  4.052741189062 
-9.495788443081  -10.344878945453
 13.827625011161  2.598813309782 
 3.760916420290  -13.652821801786
-3.035538985286   13.865974878228
 5.498051853062  -13.152328183473
 14.244717284852  0.933361688580 
-13.980431157707  3.437175554038 
 0.477269840012  -14.405535929069
-13.005548072981  6.254325671295 
-9.610856080068   10.805199235834
 11.654449702070  8.610995756046 
 14.074874365715 -3.549461282430 
-14.523216170970 -0.747635088818 
-14.546246016036  1.028349833949 
-14.032464502911 -4.035332673705 
-14.411060947514 -2.369194751621 
-12.204594878755 -8.100641113169 
-7.226236206432  -12.772253496803
 11.248465014889 -9.561742000781 
 12.327967747919 -8.153616358836 
-5.393512161279   13.812961713404
-6.901850670419   13.127704407464
-13.148623131500 -6.898715118424 
 2.707513098334   14.674445291766
 9.358769044847  -11.692127395640
 5.793383315578   13.830594857240
 13.296399742315 -6.989005717912 
 13.970817723951 -5.644957261258 
 15.093444871619 -0.459620394335 
 8.402329278667   12.580159295282
-11.314626960851  10.123872016399
 1.247109974100   15.200541914030
-9.472424410584  -12.014943464758
 11.519200164107  10.174684978031
 10.439623878509  11.305414052150
 7.304208420951  -13.619433216733
-6.163225321704  -14.194569506699
 4.464958888818   14.847814112630
 14.290830785234  6.301229747305 
-2.317120821721  -15.478424802179
-14.699650416497  5.521724973010 
 1.904346018632  -15.593297335430
-8.625357886843   13.194592495694
 15.753144058522  1.212729576351 
 8.833123632915  -13.162846251764
 3.413757118714  -15.515938453311
-1.997098199737   15.762467322430
 15.209466947925  4.733821344081 
-10.936240843309 -11.655806118055
-13.224612057374  8.997349999671 
 15.585025066277 -3.608544397839 
-15.445840047054  4.189795170615 
 15.938504514866 -1.816686717522 
 13.006015561176  9.629957471032 
-4.623415202415  -15.580230959624
-14.983208569101 -6.350270601711 
-16.168181966157 -1.980058956294 
-10.641644475237  12.339267778129
-0.875245312395  -16.290270378258
-8.188707098884  -14.135808562603
 0.024144729902   16.397754277465
-16.273608348900  2.077251774516 
-3.554916453693   16.026450713172
-14.746627997529  7.235567837109 
-5.593635285932   15.502470998814
 7.072830274977   14.914259939872
-12.602616215779 -10.666432866522
-16.545142933275 -0.305079151545 
 16.174784392260  3.539665805041 
 11.986054991512 -11.488436658741
 10.825250474867 -12.599253041514
 5.828091606493  -15.559602433722
 13.025719539974 -10.361978178535
 15.877859850087 -5.234187686704 
 14.271139477323 -8.862085543447 
 10.703080842304  12.956048025148
