-0.549903965646   0.723576977048 
-0.765206015373  -0.855635516290 
 1.094547151781   0.700569460954 
 1.398104569490  -2.026602548284 
 0.485070612943   2.514877387089 
 2.599902955988  -0.681362487013 
-2.509883363851  -1.042653637598 
-1.851430863896   2.191193538301 
 2.679562179533   1.028919196447 
-3.007129858613   1.170473434981 
-1.450791787669  -3.221414820648 
 1.381701443289  -3.804872868897 
 1.731254441125   3.718078180370 
 3.319242039504   2.529430484738 
-0.273573114304  -4.299809569901 
-3.099262062884  -3.023559446782 
-0.697444435150   4.339310047531 
 4.537880805941   0.301665545962 
-3.197555570054   3.236149403743 
 3.279882869894  -3.423877142783 
-4.774324947078  -0.277252511634 
 0.718227356966   5.010789157207 
-2.387223442680  -4.474022299749 
-4.954341507908   1.558703973169 
 4.819583338838  -2.429971099023 
 2.552619757451   4.990098951808 
-5.243301071425  -2.286623468635 
 5.564395123638   1.831434602370 
 0.523939940609  -5.851394309812 
 5.012644513589   3.288705570633 
-4.662204440313   3.777088490569 
 2.809519296190  -5.603096658827 
-4.977524760404  -3.908955930313 
-3.833441661727   5.054865121156 
-2.296149030225   5.994910256373 
-0.152285065710   6.451884436047 
-6.415560077363  -0.851394423823 
-1.039702889263  -6.409192259019 
-6.545037482923   0.649499000137 
-2.511935914248  -6.112290867270 
 4.607125352386   4.848148562627 
 6.709186792748  -0.649570328165 
 6.843931987334   0.895517587387 
 6.051978845799  -3.514854877451 
 6.777448740514  -2.157238537138 
 2.416661869880   6.743133969303 
-6.343256610684   3.544894549114 
 4.937504548632  -5.431248652923 
-7.196053288916   2.008886605306 
 7.124361448412   2.778597247571 
-4.918584645256  -6.021131343366 
-5.666239020347   5.339471029519 
-7.633152654822  -1.778318790623 
-4.578665302525   6.412025678485 
 0.564944817743   7.865517893206 
 1.964227786251  -7.751925284571 
 0.372111644037  -8.010604996055 
 6.351995070235   5.024991076089 
-1.814678832995   7.956076690865 
 4.489193901949   6.821320374937 
-7.558076681005  -3.457473306927 
 8.285805495620   1.516618263068 
 4.849246055968  -6.978550019631 
 2.006617360105   8.280751756728 
-6.569102361126  -5.560542795107 
-8.614757103024   0.698162052285 
 8.627626863628  -0.607684639576 
-2.484210227396  -8.291303324827 
-7.210298908924   4.874200439782 
 6.473064799952  -5.963557471796 
 7.537421292243  -4.617575857111 
 8.679395968232  -2.113405434479 
 3.963026548640   8.428831662340 
-4.959592218386  -7.928572272903 
-9.036297392367   2.783246517563 
 8.425458524633   4.294598621946 
-9.068937588134  -2.834356764006 
 6.711053082241   6.797934389335 
-0.276562930300   9.640058686173 
-4.171071634160   8.818092975115 
 0.320640721594  -9.767658994021 
 3.814970094615  -9.037258896449 
 7.973560508412   5.728194519911 
-7.221505958264   6.730678901662 
 9.861661898346   0.547285185670 
-9.915270380104  -1.123783827091 
 6.517721442856  -7.602345119091 
-1.497254064466  -9.933515810758 
 9.440881470085  -3.441002189985 
 2.672268623626   9.708093225932 
-8.427958347850  -5.672104691932 
-9.388193014164  -4.341529489171 
-8.664628688523   5.654609694808 
 6.282602895443   8.263364529035 
 8.120027627219  -6.486678837588 
-2.506646138987   10.090601447142
-3.570067735646  -9.784297342992 
-6.722750299792  -8.138413399681 
 2.568270426887  -10.372143364452
-6.841959887673   8.243679534774 
-5.291738291978  -9.408230067228 
 4.746696783708   9.752497125504 
 10.426929986393  3.147559567025 
 8.215742200595   7.240596411082 
 9.750453947479   5.054921522754 
-10.630199886755 -2.913275555497 
 5.801517876833  -9.431326391272 
-11.090091011227  1.347537827341 
 11.058279552076 -1.672822706929 
 1.849739258771   11.086521109243
-10.170708395788  5.049367453726 
 9.810315249708  -5.730978539000 
 4.368177116328  -10.509879515646
-3.960396278452   10.742107625304
-0.040386459796  -11.458648328534
-6.233993100642   9.901266993904 
 0.487862150095   11.773486108171
-2.159648809541   11.713411182624
-8.343041707910   8.544897258620 
-4.037390539664  -11.279061301259
 11.981972479069  0.328159314892 
 11.012483944671 -4.737664995588 
-9.831974003109   6.884722832102 
-11.954969553589 -1.347314726449 
 4.092204870495   11.319602229061
-9.122345738695  -7.983038187769 
-1.650756652565  -12.039934773369
 11.949863365177  2.272764393113 
 9.897003119059   7.241899429107 
 9.193758840326  -8.145340952054 
 8.529284689139   8.865968168983 
 6.401992311865   10.541946237694
 11.555952576557  4.388104145225 
 2.052591062746  -12.197869157300
-11.911774774264  3.399269510908 
 3.648630260239  -11.875365219248
-6.213891074578  -10.765934334876
-12.452155815964  0.539670708557 
-5.470166014783   11.213359350480
-11.751882750678 -4.486135499041 
 8.442167123425  -9.541211589717 
-11.108917713816 -6.309552514527 
-3.653729687122   12.250867625509
 11.414166992748  5.898186578016 
-7.997446956314  -10.067876357452
-3.240651697960  -12.562390879368
-12.708181748839 -2.712039453938 
 10.686433531488 -7.656737032445 
-10.006720265977  8.535829061073 
 7.469213342381  -10.875110757589
 5.337646669715  -12.066290130733
 2.132917610389   13.036916817825
 8.072698445595   10.482768718465
 0.767428153940  -13.247657371350
 0.162315542498   13.295029924014
-5.249598896790  -12.236804025290
-1.751183317623   13.207439197643
 12.830623493029 -3.664614005814 
-12.334984958825  5.210157725926 
 13.443304364575 -0.589585054135 
-11.313711643986  7.408087242014 
-0.746235796313  -13.504926305941
-13.381585167611  2.124429762482 
-8.076322501335   10.906628491940
 3.857091648819   13.040473505055
-10.796680686436 -8.321887787320 
 10.348628307669  9.068164998812 
 13.791720442496  0.906267806549 
 13.661568545434 -2.115274983639 
 11.744012644612  7.384206200230 
-9.924644779932  -9.752556734647 
 13.610879479734  3.057042833091 
 6.134418005256   12.534394192029
 3.973237766265  -13.452739317186
 13.260808272165  4.881308719154 
-9.844564957709   10.167760685247
-6.161562791898   12.748846551302
-14.161033914975  0.706117993892 
-4.434307548489   13.570717005546
 9.018467528210  -11.068344396465
-14.151155404384 -2.048157087719 
 6.955326792574  -12.593538348712
 12.900880695713 -6.372439259439 
-13.863251869426 -3.964009665673 
 10.668398963853 -9.932866883387 
-2.924749683756   14.314322189742
-7.652944831816   12.464703576445
-13.358500522585 -6.098200375399 
 12.039780881463 -8.429110160663 
 9.220252927453   11.544797072771
-0.579816812971   14.821938339046
-7.407151787707  -12.862312474920
 1.614379490868   14.816032039270
 2.767568375161  -14.660331746837
-8.847936778567  -12.033820533690
 11.975804486016  8.960014952255 
-14.458080754176  3.915028781163 
 14.412285132847 -4.242406901524 
-13.861528300823  5.832083156572 
-12.563937354860 -8.283373116099 
-11.758757290399 -9.577816316082 
-12.834676340161  8.079790692141 
-11.755688653881  9.591192409904 
-2.786117904479  -15.153830338988
 5.890267697186  -14.257418223437
 11.283959784151  10.534407717946
 5.757585007903   14.326506460971
 15.022389142741  3.624100871428 
 15.336481883736  2.081015705879 
-4.340384061328  -14.869152304127
-10.475465501580 -11.423471695890
-9.663421370891   12.124439223109
-5.888567017470   14.416133790347
 8.080271887847   13.318252651565
-15.294721868525 -3.217175227022 
-4.293385183559   15.070717442741
 15.689228239000  0.304652909087 
 14.412767563364 -6.296117782124 
 0.075291710891  -15.745303111668
-15.584999758018  2.444666174239 
 4.367035286577  -15.165547730449
 14.149531040780  7.050700944975 
-6.739777390574  -14.301821303006
-15.829209789869  0.516661086100 
-15.060880907121 -5.085808167914 
 15.837561994328 -1.419670593880 
 12.205463094796 -10.215880893102
 9.315167076206  -12.983437991076
 0.376746286906   15.990598950812
 10.975003021502 -11.651340372268
-2.462130117842   15.834443995370
-11.102458051050  11.572329878270
 3.921816987984   15.562991341508
-14.244959923761  7.469982226848 
-16.251015093654 -1.151667408972 
 7.367228107294  -14.606366542640
 13.839139864491  8.777841269899 
 15.365763527551  5.697915887138 
 2.210702461128   16.278565717185
 12.940366434710  10.157148798132
 16.215475548854 -3.059540953896 
 15.890522749534 -4.570003980638 
-10.205465265499 -13.052216824690
-15.769251021760  5.175691531091 
-8.501076037012   14.258295847419
 14.306718878406 -8.489266198459 
-12.822023755253  10.647538962710
-1.674959223846  -16.589389635935
 9.658765607042   13.626657353471
 3.103450469128  -16.440175504024
-13.791364801282 -9.473423335233 
-12.651927961378 -11.092637746285
-14.201889016743  9.063855844735 
-7.256870734621   15.284210377275
-0.901041248867   17.016519223179
 5.893075348593  -15.991819440182
