-0.559233410671   0.518219909371 
-0.718103584908  -1.056479728994 
 0.503919186794   1.612494005247 
 1.694295863375   0.027938212060 
-2.007341538410  -0.273945080351 
-0.527444456913  -2.551214192991 
 2.116164716290  -1.586320041457 
-2.019874204611   2.073023204548 
 2.009194422662   2.189390591658 
 3.168280494645   0.939117730763 
 0.055941413016   3.351246268070 
-3.328731210682   0.472724872191 
-3.069251228410  -1.726255508731 
 0.738963252391  -3.779683177382 
 2.302309924659  -3.224722934943 
 3.519879070040  -2.206784348448 
-3.695342088230   2.001507611334 
 3.062098380280   3.318259557532 
 4.559616090216  -0.846571420680 
 4.799498160531   0.648587526706 
 4.344774841431   2.408979648411 
-4.000636725084  -3.094000476549 
-2.688898495538  -4.296234234326 
-0.850542985406  -5.032750590778 
-1.603379932629   4.925630392133 
-3.931149633502   3.492138459957 
-5.135370542713   1.284683551456 
 1.704868770110   5.138949119669 
 0.701551972305  -5.473966634666 
-5.143107059898  -2.059140523092 
-5.775428826416  -0.443701551128 
-0.054167398210   5.941945266176 
 4.764703331393  -3.772318264674 
 5.871995002630   1.835868322575 
-3.439338629205   5.134024491154 
 2.801741308222  -5.721065692105 
-5.894945250988   2.605242270282 
-4.217324897895  -4.875266099635 
 3.085598233199   5.957569177871 
-1.420349197911   6.669667102115 
-6.764710549244   0.867106129014 
 6.826732633164  -0.211722963932 
-5.570711296090  -3.994729447218 
 1.337753172593   6.926158579763 
 6.452961633478  -2.882343180716 
 4.621924977573  -5.438469970309 
 5.971236257464   3.945762805441 
-3.325929068727  -6.417421751577 
 4.693759786016   5.498403340069 
-3.009013895355   6.803952331419 
-0.072367386391  -7.446685288171 
-5.555224834016   5.176929722842 
-7.572311860214  -0.851991567392 
-4.433621828063   6.280054724729 
 0.052456158993   7.777619417599 
 6.075164972325  -4.858192472306 
-1.572917050906  -7.649019258947 
-7.549447232344   2.430345755944 
 7.382695537092   3.273595452721 
 8.001463941555   1.568578377549 
 7.872393258635  -2.318768258421 
-7.033778237108  -4.338088341109 
 6.302800417947   5.442418463150 
-8.030507905418  -2.396170652606 
-7.187769374420   4.366923962609 
-4.774135623244  -6.947714525267 
 1.635582106581  -8.305631661812 
 7.416081345650  -4.157725859557 
 4.762352528152   7.049832261285 
-1.790940090991   8.330331776543 
-8.572256984864   0.517652994974 
 2.381058086024   8.254260343066 
 3.576051029737  -7.919914446233 
-6.565253093215  -5.846097335453 
 5.046136274295  -7.333832195495 
-3.374804015677   8.383535608657 
 7.723295308242   4.742064243082 
-3.389222649406  -8.615777290851 
-5.233777676089   7.682745483939 
-9.129602054570   2.162671004312 
 6.310088616700   6.969842214594 
 7.020059677257  -6.274991136173 
-9.325954717873  -1.359843834145 
-0.314932959898  -9.572067968856 
 8.958122758737   3.502304176327 
-8.634943780899  -4.371077203810 
 9.590587845519   1.535014828280 
-8.953551857919   3.824416046265 
 4.090639531133   8.862702274424 
 9.773962939216  -0.463567918338 
-7.690192444015   6.081018593656 
-5.056211899311  -8.489128601726 
 9.629113847077  -2.415866896621 
-6.778749354079   7.285073987000 
 7.673936734101   6.336618723619 
-6.438607626103  -7.603231999339 
 2.774757455406  -9.635626587611 
 1.695035245365   9.927413392257 
-2.452320290444  -9.825874129046 
-9.797951424445  -2.918566083030 
-1.986239413628   10.084813085215
 8.672736412036  -5.696301254468 
-0.167761969964   10.392346149069
 5.988032925356  -8.533488209975 
 5.779106698589   8.749004426798 
 9.039248520996   5.577838475774 
-4.289886370912   10.005624712560
 7.461368627464  -7.978110208938 
 9.974710817420  -4.489881071619 
 10.477646295999  3.159169257337 
 0.580442210025  -10.950962210871
-10.950425302632  0.846207221567 
 4.799950884475  -10.117212238335
-1.624762241168  -11.132333548233
-8.306489996368  -7.613251659153 
-7.091929293638   8.775856617852 
 2.263006844919  -11.054455990858
 11.308309301208 -0.511948595123 
 3.880962555048   10.636471960245
-9.552985832928  -6.165201714713 
-10.243768026558  4.954319440018 
-3.698889631367  -10.815457374405
-9.245645361561   6.796602392788 
 11.137946064571 -2.882059919846 
-3.266992837540   11.129712803463
 8.261732827001   8.157750116256 
-5.492604249598  -10.366004067691
-5.927340653726   10.182130644156
-1.142626910561   11.727887487016
-11.528777371341 -2.497128764591 
-7.038468665505  -9.471329048863 
 10.774243468033  4.841467532539 
-11.777565981353 -0.904517843187 
 11.716094670742  1.810151815663 
-11.737481168462  2.341291149359 
-11.432013541926  3.849060173110 
-11.017033617683 -5.451692480028 
 9.387876477704  -7.981415679798 
 0.197603260544   12.456017127162
 6.544955261551  -10.663713515594
 12.371392669836 -1.934207150666 
 4.683319340201  -11.613335160544
 1.780729731721   12.398305256363
-9.802709870959  -7.808471412332 
 7.662279919503   9.931611262537 
 10.526547449261 -6.900874449937 
 8.227313590119  -9.570494061008 
 0.509253898964  -12.662294062263
 10.557023213512  7.096887597983 
 5.166103507978   11.656834225371
-8.607852998786  -9.417422867789 
-9.701710834732   8.300413840558 
 2.191428362653  -12.625263440668
-2.704713388281   12.562215804250
-8.436163187168   9.755757204855 
 9.803593148627   8.413911173216 
-12.861501220513  1.326616499319 
-5.729428607279   11.698234783478
-6.857047707716  -11.217064338115
-4.328762047318   12.429081769324
 6.712554455915   11.350481204608
 3.674721529097   12.671328915189
-5.258092516140  -12.140036783756
 12.513720193420 -4.328406777786 
-12.414126505285 -4.670675374710 
-13.034867426545 -2.771775744596 
-3.611934612764  -12.839163674959
-12.209469749301  5.453740079187 
 13.438197705670 -0.314586252725 
 13.210391155163  2.744058929665 
-11.546185108304  7.012135159651 
-0.840150790215   13.590128942550
 12.047588521721 -6.411572650876 
-11.894208021070 -6.725157364687 
-1.526662148779  -13.586088726230
 12.098846266276  6.674192705722 
-13.443903844980  3.648794608026 
 13.903296359921 -1.987065539021 
 1.974349184090   13.909380600179
-10.433783804390 -9.486395932042 
 10.815587178438 -9.136161436262 
 6.711253624236  -12.474084097696
 13.475148262477  4.500714892244 
 9.756601850576  -10.329851748486
 5.350973034934   13.325172934049
-7.255051002873   12.404664060692
-11.007117584994  9.250956388565 
-6.647138618060  -12.761240743571
 10.337201285296  10.047813230467
 8.398779755162  -11.739530494413
-14.449892886847 -0.294116914430 
-0.273158661616  -14.466301099253
 4.800174901054  -13.654866697439
 14.530747490166  1.059671859266 
 0.553210290683   14.570096098329
 2.326622404367  -14.434825129385
-9.564038700176   11.102716604581
-2.489477318988   14.456731339406
-9.064323160466  -11.558677645009
-13.894525172239 -5.360227023123 
 8.718749785564   12.156003513880
-12.552755164382 -8.252101622726 
-13.640408203604  6.401394257562 
 13.963267018255 -5.668548594424 
 12.118379023249  8.965032731503 
-5.043969719638   14.258262856637
 14.737695795536 -3.426782986233 
 13.962576599233  6.007914967119 
 3.930618924541   14.689042325000
-15.176008590619  1.631254685262 
 14.959173949931  3.037638624887 
-3.438695493180  -14.872932035496
 12.330670789905 -9.063310800881 
 15.366225534845 -0.453127888685 
-6.051093143967  -14.224396151302
 13.795370484354 -7.182093285795 
 15.430256603475 -1.990979200902 
 1.869943577306   15.475381448470
-13.015400792359  8.644926086662 
 7.448514857954   13.747336444874
-15.263127302308 -3.780791347314 
-9.030822230929   12.996880296993
-3.703829372897   15.408713825702
-0.293152433388   15.865188938580
 5.787097236340  -14.792369468201
 4.213935363116  -15.321895239206
-11.655454485973 -10.862441854748
-12.154342707220  10.301194223968
-15.155625193264  4.988817025832 
 15.875357368955  1.816560979306 
 6.191443171356   14.751450156927
 0.963317098976  -15.989029915048
-15.934050235032 -1.724747642293 
 14.151051174250  7.528927276766 
 15.375127854786  4.606842168974 
 9.513349832670  -12.940683505297
-10.961689096304  11.886086364655
 11.839382117860 -11.069234589843
 10.646066847998  12.262447583364
-14.627821384686 -7.085065911323 
-2.415267580575  -16.073255047301
-10.767563967158 -12.232711194706
-8.965132410559  -13.658714330715
-15.981179415550  3.442073637166 
 7.535922256463  -14.519909641380
 15.548525964206 -5.104166321574 
-6.420383269076   15.125698895059
-15.638660058852 -5.428601082935 
 3.043378990817  -16.275696485066
-15.252267884318  6.640094679873 
-7.827798959476  -14.679237622109
 12.262675705057  11.317095665427
 16.811797792616  0.447588309267 
-8.269899205043   14.665124162094
-16.890002243229 -0.228172303806 
 16.602425457706 -3.201441082104 
