-0.214356047022   0.328166364652 
 1.164028937400  -0.944978203809 
 0.791332398444   1.443217982710 
-1.522270028254  -0.658175302285 
-1.794561771287   1.198380993306 
-0.861296002965  -2.108494797646 
 2.782547180710  -0.581653957463 
 1.289903044728  -2.551167937201 
-0.780942147364   2.950130911576 
 0.815519373417   3.283050648701 
-2.794512520967  -1.935772255994 
 3.173915996435   1.223382332370 
 2.375541925256   2.679849391780 
-3.566894924985   0.438136402217 
-3.270786553722   2.098053561575 
 3.554347584984  -1.881041171699 
-1.678839609340  -3.715449236966 
-2.457071909929   3.381722650316 
-4.308536139041  -1.148394364504 
 4.554665274354   0.509344794407 
 0.514571295767  -4.749119963166 
 2.477961085085   4.240532955452 
 4.914548286403  -0.986273779648 
-1.432072022135   4.807171425665 
 1.049021452257   4.948638727861 
-4.190536623796  -2.842276278740 
 3.997995015451   3.112592817768 
 3.439654717158  -3.720515602002 
-4.115275126812   3.346680048351 
-5.383551655243   0.543051319259 
-3.184423630648  -4.570692699627 
 5.451388810369   1.797875523621 
 2.567678949292  -5.243719184568 
-5.797218037707  -0.910681833295 
-1.876187731051  -5.615227052404 
 0.238541255110   6.211838702439 
 4.159187422132   4.672591651382 
-5.794291284599   2.532484507704 
 2.960844591697   5.805216231194 
 5.585715349565  -3.487101469841 
 6.552894551991  -0.731054448404 
 5.582336941137   3.614091233088 
-4.009507468266   5.311394189454 
-1.394974402598   6.532287492832 
-6.423084750078  -2.881678088868 
-2.928063959242   6.403755066008 
-3.315527644991  -6.218189338602 
-5.416243474985   4.605064965215 
-6.990364192208   1.392446161999 
-1.042798425119  -7.066786010400 
 1.386710254835  -7.008748379101 
-5.652405217968  -4.513157977187 
 2.907987752192  -6.782913463402 
 7.326244694678   1.362870048407 
 1.964065955332   7.371270832407 
 5.706165063264  -5.152114277774 
 0.455151169369   7.717018598346 
 4.421317768335  -6.357864288221 
-7.874227618494   0.083211181282 
 7.182761360348   3.362423322990 
-7.104352229601   3.598672886866 
 5.886150517801   5.405966427737 
 4.834737963817   6.477647383961 
 3.495095591875   7.328145990920 
 7.925199094018  -1.825659595973 
-2.336218693577   7.918730159042 
-8.074548558415  -2.169476186096 
 8.414644303378   0.081948472021 
 7.202530242035  -4.502255108992 
-4.290634387362   7.387079816564 
-1.280571766817  -8.575242727185 
 0.807363934330  -8.694585938005 
-7.172838205019   5.165609034577 
-5.250798471267  -7.256514612262 
-8.896533927588   1.459894183042 
-7.636583947932  -4.925189962716 
 2.606896148517  -8.722942344569 
-0.799880181675   9.134025216930 
-2.917362529563  -8.745138382816 
 5.645672552244  -7.292199020127 
 7.497831428577   5.486455442130 
-6.023779648355   7.079736054436 
 7.091919833382  -6.189864216095 
 1.002650384904   9.378840398346 
 6.445752069297   6.933097001410 
 2.744501034561   9.070776765488 
 8.657551562038  -3.861040049574 
-8.638920737192   3.984058382468 
 9.191172255118   2.685913678650 
-9.559347847686  -1.097707995496 
-6.779190368091  -6.938970749096 
 5.218180440790   8.380856564649 
 9.569165915221  -2.524730220794 
-9.109417318557  -3.896182701830 
-4.812634517881  -8.717013159049 
-7.528456688759   6.700326361560 
 1.768993587591  -10.059925193495
-1.902203690667  -10.081073883080
 10.283449292089  0.210643921976 
 8.985159001345   5.024275371498 
-2.649643851939   10.054802859300
 3.977484941841  -9.633799573778 
-10.167631505554  2.740134205057 
-4.486360445957   9.575651095292 
 8.618037147627  -6.240080660932 
 7.066507069718  -7.980141058060 
 0.041389627949  -10.672977705583
-6.512011162822   8.536900139532 
-3.594824760621  -10.135072038845
 4.136072324201   9.932138617673 
-6.472166172672  -8.641597948731 
-8.962874216956  -6.364991628871 
 10.881807858914 -1.586819115060 
-10.956235733556  1.269244734575 
-9.974425330156   4.919233183852 
-1.371471656793   11.041378462723
 10.475253555442  3.957393963780 
 0.473456307669   11.345342322526
 10.853506194439 -3.442700441603 
 7.866755797526   8.315014827404 
 6.466617944472  -9.502046703730 
-9.137423445888   7.007064744661 
-10.199093931070 -5.508627240366 
 5.847187581593   10.036175936846
-11.251874578035 -3.140116418423 
 10.486605888113 -5.215468690626 
-5.054962385229  -10.581777316928
 11.422146445906  2.697670330953 
 11.736158938116  0.933955594746 
 2.012731645352   11.682186412849
 10.488320179339  5.587237006866 
-8.355940794854  -8.650402944586 
 9.802917281477   6.989396922743 
-11.448357479752  3.875301044675 
-12.062274334743 -0.788898139470 
 9.947763529033  -6.963907166107 
 3.796047640610   11.561135939925
-1.731653695636  -12.070980417085
 4.154307662168  -11.528382765384
-7.253337838751   9.916837730289 
-5.822261497289   10.905625105962
-4.151161299401   11.647130002428
 5.995992337384  -10.994262299672
-2.536176507629   12.267885367698
-4.225329002473  -11.845580031448
-9.935953447742  -7.710786008992 
-0.298195707450  -12.599664303902
-12.434373297859  2.319551972529 
-12.478595174417 -2.235856703965 
 12.577493289134 -1.628289118019 
-0.802243467430   12.669976509029
-6.582946428210  -10.875229177248
-9.274332309503   8.714310974631 
 12.796529229813 -0.140153646761 
 9.591125391965  -8.546508870133 
-12.072086998760 -4.446709010980 
 11.930952275521  4.869485161633 
 2.268136612295  -12.709901709700
-10.844787875178  7.111621270788 
 12.454721155192 -3.646875519830 
-11.829862497426  5.600794318762 
 8.257586992610  -10.423650201228
 13.216838171194  1.807592989800 
 8.178012103089   10.547740822208
 6.696429719555   11.584952662540
 12.943544892555  3.695687249313 
-11.817120653733 -6.451368947799 
 12.029082812435 -6.048716071810 
 2.472620505120   13.258490645548
-12.965216240623  3.744085398275 
 5.123880606800   12.510638717311
-13.558130693574  0.540258741434 
-9.255999470921  -9.973104086381 
 9.897476975171   9.450122180572 
 11.558325228406 -7.491083774195 
 0.860616281190   13.820131569746
-8.875798127071   10.653897961781
 0.867512542436  -13.847386373659
-13.476125239945 -3.488281344287 
-1.802404820854   13.878936847183
-1.568811718168  -13.947007652334
-13.940423545563 -1.671946504277 
 6.666516995031  -12.392167081299
-13.973697451982  2.018551684463 
 11.559666050895  8.178021472653 
-5.088794329411   13.242480931405
-8.527448625826  -11.348570746561
-6.618894875909   12.590579345170
 14.008489900454 -3.078699496970 
 12.796158174163  6.573193679344 
-5.279317329030  -13.409209975454
 9.877596465497  -10.590617838211
-12.002341701277  8.108880808045 
-13.580263870194 -5.070455364298 
-8.133735693215   12.023199205534
-3.536271806562  -14.170724986780
-10.898917433878  9.758243171026 
 11.317110058390 -9.286562567969 
 3.993755829074  -14.107434921352
 8.390678451644   12.142069783752
 5.497291293182  -13.710297414875
-3.668246437813   14.435383685142
-11.668790432626 -9.336139989362 
-13.197527965910 -7.084022954064 
 7.044301282486   13.234681516729
 14.769396281525  2.780233472009 
 15.000925369246  0.974281978114 
-0.461611670381  -15.028556017297
 8.268888911335  -12.575628980562
-14.290616090112  4.933275873385 
 11.449246541316  9.899390269893 
 4.079149164479   14.596435934314
 10.128722952179  11.367055631719
 15.165314451892 -1.447583760374 
 14.539644538782 -4.743812543684 
 14.648752412607  4.452499729814 
-13.569901651474  7.193700480729 
-15.414126984223 -0.380143263816 
 2.545572695187   15.239726307952
 5.897930049148   14.352745307146
-15.274337444379 -2.899775885399 
 13.132533983091 -8.352685559222 
-7.828093136399  -13.483801145714
 1.395708963219  -15.553387114706
-9.629413605921   12.316510168661
 14.400730638617  6.192408262565 
-10.434555312346 -11.729587317970
-10.888209741084  11.395386954855
-15.312867692015  3.830613181215 
 9.797653764794  -12.399235827737
-5.079157660502   14.972182982960
-15.129390083106 -4.633540082700 
 11.584373870059 -10.796865789189
-1.197352999854   15.803716999929
 2.988787189278  -15.612862107862
 7.288516829064  -14.177440786455
 14.296151947997 -7.092983711574 
-12.688278727274  9.762164589496 
 13.062652219372  9.371625523645 
-1.834818295649  -16.067817130920
-13.886641087100 -8.416714436116 
 11.629367869226  11.426130600188
-16.321335373696  0.910714192412 
 9.360949594290   13.431604688889
-5.317666496600  -15.667797593327
 0.789798511829   16.553431696984
-6.772559945174  -15.129335024937
-9.026920061245   13.906036624667
-15.127637218294  6.841662461452 
-14.212694217036  8.595469198807 
-7.658821850943   14.740280304120
-15.591474880741 -6.065805859452 
 13.653049452982 -9.819534673989 
 16.020302888358 -5.163278705132 
-10.119605749859 -13.463384202223
-13.243390501925 -10.565441103275
