 0.978657298197  -0.716415629255 
-1.500597995105  -0.591036636689 
-0.882718379302   1.580967537971 
 0.971679354178   1.528716809829 
 2.231987495614   0.226941300473 
 0.390742418068  -2.271009741502 
 2.365543627615  -1.306024617472 
-1.364472020292  -2.538053903423 
-0.122433636422   3.089597236096 
-3.236829894632  -0.119853271109 
 2.761311715652   1.838824366547 
 1.502554568359   3.124805624096 
-3.273110623758   1.534802160304 
-2.945778435552  -2.364620623299 
-0.218618950881  -3.801900808209 
 3.852754536049  -1.070671262862 
 3.224825352606  -2.743521555964 
 1.395831208269  -4.067849303567 
-1.727405879294   4.003980992032 
-2.303615590691  -4.040574322076 
 1.170298338901   4.621015280095 
-3.502824421588   3.294480135401 
-4.621422601261  -1.777843387382 
 3.694228710352   3.437163159331 
 5.108977118902   0.499046893171 
 0.079876723714  -5.520354545472 
-0.466112125356   5.518399199749 
 3.341392511361  -4.446833673179 
-5.572895256427  -0.029634880452 
 5.168758456505  -2.093458576030 
 5.362561876622   2.225731984824 
 2.593313562433   5.199995810737 
-4.978093991328  -3.468644424212 
 4.934339426955  -3.698547834173 
 2.180948682296  -5.789498200438 
 6.176640155735  -0.922726256379 
-5.827890485759   2.341173609742 
-3.322301796915  -5.366253885502 
-3.948936015638   5.013110112830 
-1.190568565316  -6.525367037755 
-1.489023029448   6.616423588492 
 6.756399788615   1.121311784238 
 0.300623569961   6.881256254618 
-5.436766359884   4.321569059278 
-6.776152315108  -1.863831903647 
 3.794247157492  -5.962868315638 
 6.633805406831  -2.548903128259 
 2.129857997710   6.783744721729 
 5.903356305048   4.169173377244 
-5.158146759482  -5.082175450894 
 4.039909158337   6.177133837484 
 1.596168663052  -7.250094987865 
 6.955090376567   2.612035649591 
-6.614601267021  -3.458903460144 
-3.516861396639   6.727195045023 
-7.658297450172  -0.638958013542 
 7.791485326293  -0.252272471011 
-7.425400398009   2.512628316322 
-0.325831612993  -7.961803353708 
-2.411580427170  -7.667449751995 
 5.467085986283  -5.892072098888 
-4.410471839217  -6.876499513592 
-5.850336362056   5.827440364221 
 7.303032543945  -4.122907345135 
-1.843150486621   8.267986961985 
 8.239937510441  -2.725925581596 
 0.644995646889   8.700216982898 
 4.326450402440  -7.582904852570 
-8.830298062174   0.625348535599 
-7.473064216903   4.803547139554 
-6.824785773742  -5.789412106767 
 3.610947799423   8.205096484262 
 6.211981818192   6.710768026251 
 9.131036378828  -1.081949340744 
-5.095393056251   7.801221416085 
 7.756096140356   5.207361722014 
-3.445786456759   8.710377111463 
-8.673227969038   3.835968722452 
-4.182742897490  -8.515462744140 
 2.069413568275   9.275393357582 
-8.652639138400  -4.043770702823 
-9.458269817099  -1.509970107964 
-2.444037445345  -9.268249484536 
 7.489551471858  -6.025070399929 
-6.333154715117  -7.364586857558 
 6.515296908794  -7.224028846844 
 9.144460826457   3.601103755096 
-6.817233273774   7.113451637470 
 9.711449904765   1.882867057182 
 0.237581578154  -9.896688438078 
-9.812532735632   2.014219061262 
 3.285061116568  -9.528250768869 
 1.825862407459  -10.038025674007
 4.892869818673   8.989947066550 
 9.582059838328  -3.858423890852 
-8.575707296187   5.996314801213 
-1.444230127459   10.486079289552
 6.789526281834   8.135500825324 
-8.654854922827  -6.144647095111 
 10.659146759230  0.595815211740 
-10.250302304898 -3.399070391923 
 0.893515955035   10.772273742657
-1.458815904353  -10.773210951949
-10.870217313179 -0.636511948577 
-10.259166802239  3.770704198926 
-5.268732382551  -9.589757082469 
 10.780688074183 -2.079859691279 
 2.403918847319   10.757469624103
 9.012821935194  -6.366840849545 
 5.132162872658  -9.805520584682 
 10.646071431700  3.369677123824 
-6.192941230597   9.410664160834 
 7.475374858087  -8.531202526508 
 4.413240034050   10.468965140520
-9.989804580083  -5.436839523280 
 9.514323579127   6.231929257209 
 0.235952537891  -11.400085322103
-8.145900817325   7.986579279760 
-10.069519534910  5.513635837554 
 2.964852600725  -11.100111266562
 6.197683780772   9.815965525422 
 10.270396673456 -5.511769723835 
 8.469576574049   8.013284141762 
-11.516102056915 -2.136365360570 
 11.714265673733 -0.678982567089 
 11.631536893237  1.763586585827 
-2.651543793240   11.463916369132
 11.230859481470 -3.513943636425 
-4.536437494936   10.873311154453
-8.722423230744  -7.936862380514 
 10.942787181339  5.184028676068 
-2.541842357955  -11.843305598521
-6.801495266458  -10.030909282837
-12.063771588800  1.762117126828 
-4.206504114969  -11.446236461905
-11.319875435444 -4.627398974831 
-9.735559531474   7.597355819300 
-11.769132042671  3.885958105201 
-12.456677482280  0.158676983580 
-10.466148331841 -6.859872465936 
-1.337222679031   12.601635752597
 0.445252481782   12.675002784088
-8.287185242251  -9.730934229836 
 7.717887224544  -10.224451971680
 8.354680527088   9.748649574011 
 3.326193193082   12.421100549938
-7.557703401848   10.443156491247
 2.296795784536  -12.729792647145
 4.556758543576  -12.216182474563
 9.898847465889  -8.539214916027 
 11.791576245980 -5.846899949614 
-1.378759535430  -13.104346920932
 10.385407365295  8.157731468410 
 12.509507585960 -4.321610465701 
-13.019313432059 -2.582269313195 
-11.824829888338  6.143583678117 
-13.028724184817  2.988489948941 
-5.431572779780   12.237484075744
 13.204305028909  2.230480817515 
 6.502467506402   11.790726432541
-3.551427124107   12.993470694374
-6.380267360599  -11.866463275164
 6.222706628298  -11.973789149378
-9.467777413318   9.642704778074 
-11.926925927857 -6.497345420586 
 12.965383464773  4.194938413891 
-4.284504622111  -12.994505902730
 13.612342377212 -1.814643965644 
-11.289556784416  7.883905802122 
 11.586216666770 -7.514505302085 
 0.492960338309  -13.863712135665
 13.889048788799  0.743690049646 
-13.948225538274 -0.260000581834 
-9.875448703338  -9.897044539913 
 10.030406145443  9.877201802694 
-14.026531413511  1.283259796241 
-8.092350076652  -11.587126709890
 12.234157670347  7.283174063791 
-13.527369455917  4.472728599478 
-2.725491033144  -13.990822779027
-2.327152430425   14.152650216476
 9.043627358370  -11.135642098222
-6.908701236221   12.584815669184
 4.893895590131   13.573253607150
 2.283861862932   14.253913045419
 14.064256664883 -3.621748787838 
-9.237453208297   11.376121313502
 3.068169722683  -14.365127166348
 11.393573775374 -9.324484447700 
 4.616860531778  -14.008644434716
-13.719383646530 -5.554697820497 
-5.900716860776  -13.631615933943
 0.411763920052   14.883794316180
-11.617668562227 -9.329660557724 
 9.585788812212   11.494433384608
 7.918753308148  -12.700907114840
 11.703754887474  9.386705380722 
-11.278712164146  9.910635292585 
 6.093471238812  -13.733985782514
-14.536757186916 -3.811387760232 
 13.153910700435 -7.357380791612 
 15.081766097440 -0.373124460108 
-13.028362612548 -7.632422860295 
 13.804327762834  6.181854278985 
-4.044264915150   14.579043196722
-5.545042114287   14.147967020358
 15.003645066547 -2.421413649764 
 10.697206771216 -10.814684833514
 7.363524584020   13.321755480391
 14.231822215981 -5.533409567252 
-1.115330526494  -15.283678181025
 15.147489817424  3.110825590014 
-4.750749736570  -14.735057892536
-13.690030843215  7.283232426761 
-15.558355746583  0.374682958360 
 0.562415977858  -15.581679162608
-12.840945844296  8.875956485697 
-15.470607980517 -2.183994136286 
-10.029294283092 -12.001434803537
-9.085112366751   12.869037075387
-7.555447557770  -13.937693547069
-1.813521544043   15.762367169746
-8.873899366839  -13.201009339302
 15.225118759242  4.701545118429 
-15.662250002979  2.960327060208 
-7.851056566344   13.949203064536
 6.366973870992   14.687672109837
 13.065738873879 -9.282681474450 
 7.570548197189  -14.197092571132
-3.346408020756  -15.829932070236
-13.308415086842 -9.265246099181 
-14.914301201346  6.409050391311 
 4.887894680611  -15.499623174557
 15.813374547969 -3.909651636894 
-10.766862124599  12.303813849406
 14.613164224052  7.485097038212 
 1.889282997660   16.361230251876
 12.238770789248  11.038147670290
-12.175008447797  11.199402704052
 3.823019532114   16.095737716750
-12.621657166522 -10.723863482179
 16.490449161236  1.725466973064 
 14.916307790152 -7.244506925760 
 2.863650448110  -16.388184614737
-16.031464869945 -4.665442056566 
 10.912884291464  12.718423059608
 11.242001082604 -12.437685048457
-6.556496169780   15.462307014232
-0.463688595139   16.799872447243
-16.858046132778 -0.611056931954 
-3.938207231346   16.436364748121
 16.838721405193 -1.500367887351 
 9.153523995209  -14.217290853160
 9.376860921532   14.113910790665
-16.849645422694  1.802045209980 
-16.639074824818 -3.219198429232 
