 0.553693833675   0.284599237824 
 0.249071150499  -1.354010915651 
-0.600197305369   1.266388201605 
-1.473732411439  -0.148376360222 
 1.753422396655  -1.113119908193 
-1.292652879345  -1.807299785204 
 0.647114619564   2.154601564387 
 2.275797588641   1.011167097780 
 0.659340896162  -2.846032074650 
-1.586984668822   2.682831625168 
-2.824219524944  -1.630184802730 
-3.234735221801   1.971130457089 
 3.596281562385  -1.216376627580 
 2.312759237134  -3.083400087471 
 2.908396511371   2.571231553425 
-4.079525434437   0.711059761376 
 4.237279888033   0.989466651032 
 0.718881875499   4.402720727538 
-0.425817110351  -4.506917465329 
-2.374494611781  -3.869977642569 
-2.545254083177   4.029187696289 
 3.938889054680  -2.685526412527 
-4.009625280652  -2.674120622530 
-1.167223366456   4.745838083491 
-4.437760490212   3.056676377925 
 3.401830314160   4.306798378806 
 0.690584531088  -5.563748609301 
-5.524913487635  -1.038599391848 
 2.593285692951  -5.023780332721 
 5.674930966278  -1.015542678212 
-5.788862405808   0.495840771542 
 5.224815146799   2.555435449514 
 5.753858899646   0.936181644289 
 0.697987150371   6.205856504832 
 2.355703554264   6.000134057849 
-3.794656098000   5.213195473547 
 5.024949262076  -4.219322131142 
-4.225244771615  -5.064766924087 
-2.570315021907  -6.109247538651 
 2.072442198905  -6.581095131227 
-6.686369309358   1.952563751170 
-6.678369151990  -2.209714520468 
 6.434170877956  -2.951972296263 
 4.250116397810   5.661749855811 
-7.167179669151  -0.158774399111 
 5.750842622690   4.359215846443 
 7.099690823386  -1.565045616466 
-2.857544764186   6.724407036126 
 6.707648417479   3.030304350282 
-0.509973179394  -7.572937018483 
-1.386344339063   7.544612141350 
-6.813487391633  -3.726529548857 
 4.985600647192  -6.017957065619 
 7.834223392651  -0.038570377661 
 7.752689657027   1.467432680652 
-3.740230146750  -7.064999373808 
-5.462970303602   5.900768527639 
 0.255870337351   8.086663492019 
-5.100941472473  -6.368288581246 
-8.041862745921  -1.404846540214 
 1.885835464264   7.965337737120 
 5.743959432862   5.888109117048 
-6.889561390282   4.598722073622 
 1.044371644148  -8.234374228812 
-4.410793394791   7.099588244824 
 3.418241066221   7.693590373368 
 2.957345104416  -7.966880379720 
 7.498370611505  -4.026869328233 
-8.599865530016   0.418715170109 
 7.170852157601   5.066808256989 
-2.893427777214  -8.480344114074 
 7.055505556021  -5.533749988262 
 8.300827125510   3.445541788017 
-7.264800392230  -5.300918454332 
 9.116967277909  -1.062269591356 
-8.657661220441   3.156077278791 
-3.435588158409   8.622913190607 
 9.259282413203   0.818435281679 
-8.969035751384  -2.640821698528 
 5.399053447497   7.662198106694 
-8.421794823017  -4.251186937038 
-4.914335000421  -8.152912678667 
 9.027154245151  -3.503340244183 
-9.737846684298  -1.208202966605 
-1.997093543430   9.618233999297 
-5.634532731223   8.111761039952 
 2.564788810531   9.577300770522 
-7.474708090049   6.536182407059 
 7.235158138313   6.811915656033 
-0.240777550886  -9.936185365884 
 4.725158345568  -8.773962980981 
-8.634848863895   5.091130768949 
-9.996352701215   1.669018374943 
 2.595676652129  -9.836076481564 
 1.099213922052   10.224461176444
 9.805759085270   3.173734791901 
 8.665632446002   5.641657609484 
 4.990888097530   9.200064483287 
 10.492790299509 -0.078603224123 
-2.223913928058  -10.326975041381
 6.634859317779  -8.319089148321 
-0.368920049115   10.682998278514
-3.764854298858  -10.004770334531
-4.472282985455   9.807807615023 
-10.379456553472 -3.153398716785 
 9.441201341447  -5.354573440953 
-10.414994710409  3.241394918342 
 1.422354645743  -10.849640332666
-9.457938012348  -5.632172670031 
-11.035770410764 -0.354018582248 
-8.519979789635  -7.026304385820 
-6.077547538858  -9.262675313318 
-7.446800575269  -8.232866329961 
 4.235998194351  -10.384839996580
 7.024850283650   8.753991311477 
 11.103061363633  1.799229134002 
 11.189534370828 -1.943232877464 
 10.266867478914  4.921321998843 
 8.939717393143  -7.054814235481 
 5.837266372175  -9.848656860361 
-8.740584683603   7.483311236949 
-0.949302189914  -11.483417810477
-6.563220595114   9.497952669354 
 10.813413897004 -4.160583963390 
 8.163331786250  -8.414705622402 
 1.096015095636   11.727272737971
-1.738936807944   11.664667185720
 3.463524218036   11.318426729577
-10.863738449653 -4.714962244858 
 3.077648051302  -11.475419547649
 5.243498377996   10.701038247638
-11.846828247428  1.405259618545 
-10.254490029853  6.145315564026 
 12.000199303668  0.513242503449 
-5.226283048201  -10.848189186849
 0.478796500467  -12.097407234421
-11.420345920657  4.552880028621 
-4.213761570369   11.556040136213
 9.743275163967   7.781045963579 
-6.089837552394   10.927168464785
 12.302812242186  2.854197353677 
-10.927544323971 -6.346994892750 
-10.124833146324 -7.652773102061 
 6.918530317858   10.643913148758
-12.699973446812 -0.780220685241 
 2.010859220714  -12.572391146604
 7.850206262858  -10.127951931409
 11.096084663423  6.448828068524 
 12.810503885747 -1.081469753835 
 12.110394565186  4.501986651772 
-3.544116574155  -12.454599908257
-9.633276947304   8.703364969462 
-8.603562431845  -9.830559625815 
-12.772420779327 -2.918718726855 
 9.861351239955  -8.700701933220 
 12.053441888912 -5.360973041321 
 4.983563210868   12.215227816279
 6.649999450488  -11.453081464546
 2.347364940929   13.092892979900
-7.105956767722  -11.271118997062
-1.305370920305  -13.307150579591
 12.906987955698 -3.562560803997 
-13.093267857233  3.024129826658 
-12.215170986173  6.009998178927 
 13.635627073329  0.915071384750 
-12.666033444573 -5.165049379952 
-8.690509546725   10.612159130959
 11.639681261262 -7.280522933006 
 0.216302499858   13.729598851673
-13.690166795640  1.499138046108 
 9.563955238010   10.015874793368
-4.513021179779   13.153526388252
 11.252813994119  8.176866532084 
 3.631692186162  -13.459290977519
-1.749033500343   13.849830448233
 8.445426984740   11.213958636107
 5.119514027590  -13.135017534945
-7.280247870890   12.076298490178
-12.000953829151  7.501549718196 
-2.970448969874  -13.866122030044
-10.864587993129 -9.226438907151 
 2.191885562655  -14.195506091044
-6.043451555820  -13.071628910583
 11.326372737042 -9.163985455723 
-3.285328565544   14.218965385024
 6.680561918431  -12.996740641954
 3.645254969816   14.175632400818
-14.034936639829  4.217237526011 
 9.867114093509  -10.838451663739
-14.561467973165 -1.746974930097 
 14.628093104308 -1.190252403029 
-10.690381526038  10.094091273250
-14.720998696599  0.130294716608 
 14.513098714539  2.523114722666 
-8.774717494134  -11.844070584367
 14.025309189774 -4.674772700576 
-13.297348501817 -6.536432704582 
-12.616074515039 -7.980221606065 
-13.850305854328  5.750994249636 
 7.393573605796   13.048598413313
-11.982250348361  9.071674253162 
 1.764582177197   14.955396950696
 14.870898143497 -3.038280411828 
-14.382491270055 -4.940395831711 
-1.023527127224  -15.190801105892
 13.523527663131  7.038062050333 
 0.549299677033  -15.245471509370
 15.256422560750  0.234645043132 
-7.647130404610  -13.228869593552
 8.402361779930  -12.793646930308
 6.027871613675   14.072646173471
-10.248399595553 -11.414165145251
 12.259366596155  9.357117117218 
-7.246970276283   13.722989658983
 14.929561242415  4.301039325724 
-2.631977904436  -15.331118986716
 8.883971928672   12.795325211796
-15.478953093297  1.759394901307 
-15.308676953757 -3.356720871172 
-1.635288210954   15.605906840380
-10.302507596783  11.867957236185
-4.455322977492  -15.092010029965
-8.732356801148   13.115763073692
 14.649554921773  5.924990371862 
-6.024093841335  -14.627839313138
 6.161290395343  -14.615204395282
-5.210115378571   14.987208030759
 14.186595133317 -7.433193155416 
 10.819883251307  11.879751785543
 12.062860557782 -10.647346356230
 3.067768053390   15.800234972820
 15.066772280969 -5.850878770225 
-15.795561178336  3.494429645189 
-3.845418018920   15.780221108710
 10.974140780160 -12.070760460649
 16.206138855869  1.901929950763 
-14.744594093035 -7.020684930971 
-9.782374527574  -13.112636044738
-12.664007207116 -10.383865051925
-13.603767711265 -9.128913425820 
 0.480098143843   16.397925443136
 1.902588780466  -16.325552773879
-14.391345257106  8.197883829010 
 13.399397836499 -9.778854457703 
 4.548820941125  -15.961523224458
 8.278364656874   14.531250057727
 10.118711602289 -13.322534853179
-8.728117078875  -14.278519407317
-16.617601219420 -2.138175502833 
-0.195600645874  -16.788792072060
-13.621770396521  9.821810357295 
 16.793108407475 -0.609829710919 
-15.996392360838 -5.318416732972 
-15.902327671787  5.779633955604 
 16.831031772683 -2.656040965810 
 12.343612624110  11.795438501204
