 0.639168390219   0.108948228267 
 0.036956900261   1.496827657268 
 0.774232405313  -1.419336986318 
-1.588244415583  -0.918321328752 
-2.167384835569   0.980087757104 
-0.709293815343  -2.298099089952 
 2.631346989124   0.384610731639 
 0.144558291677   3.047844426579 
 1.853895480391   2.672079326603 
 0.676114794084  -3.222765842466 
 2.811965078002  -1.906538706115 
-1.833143805172   2.891853505195 
-2.986367079993  -1.686985108946 
-3.592884969208   0.082053075207 
 3.765603794659  -0.618532590759 
-3.924027356285   1.565562437943 
 3.929080919475   1.758859771283 
-2.259088882482  -3.679042299834 
-0.973545290716   4.287160089651 
-0.456033545612  -4.729568354686 
-3.794140793620  -2.966550284267 
-3.537058762355   3.477899647956 
 1.328600698610   4.779396285489 
 5.111936680923   0.640074264963 
 4.546821103987  -2.874805692661 
 2.969431600799   4.485859885622 
-5.379914053133  -0.160767075366 
 2.913644091657  -4.541896164739 
 5.383049992800  -0.905530774477 
 4.256916562995   3.527380047193 
-4.970239248624   2.676411896123 
-3.560164042553  -4.450161048452 
-5.414298091079  -2.442427439413 
-2.999791106851   5.228452681005 
-1.362953535885   5.889315481344 
 0.989725281661  -6.198561790051 
-1.023383004354  -6.405368108916 
 5.749161936838   3.017328255909 
 6.325423693252  -2.087991881617 
 6.482946339075   1.664513111713 
-6.512890615421   1.649854418436 
-3.180684393237  -5.966391523897 
 4.815773844016  -4.817785804573 
-5.288758808250  -4.318495322884 
 2.841807388737  -6.260056361603 
 3.558444373266   5.950656087891 
 6.995462916225  -0.391719408638 
 1.405506675527   7.018082317639 
-6.912456073732  -2.110288282825 
-6.214417363456   3.710833986847 
-7.256511620001  -0.507707568347 
 5.888353574419   4.785937405286 
-5.639005857448   5.156035785899 
-2.685189593907   7.187784437949 
-1.216451934289   7.596537767992 
-2.689962307028  -7.586068364233 
 6.809090759474  -4.316930247025 
 3.124484912232   7.460825487249 
-7.615909873387   2.734044845203 
-7.313771310706  -3.630490209734 
 0.451681852818  -8.154622222452 
-4.562092765569   6.776761861317 
-1.155418998836  -8.106488147747 
 0.330050994545   8.199910669193 
 8.139930627057   1.565311207261 
-4.609243254143  -6.926769184650 
 2.799343461794  -8.031503927656 
 6.049092478661  -6.038623488202 
 8.552705536960  -0.058228765737 
-6.758492204335  -5.412530054904 
 7.552132084528   4.558077482541 
-8.588690254482  -2.114710359154 
 4.695467351677   7.558099703869 
 4.766033183290  -7.546149461949 
 8.443156689305  -2.923523947474 
-6.164812516854   6.677261979856 
-6.123222935924  -6.953141627440 
-7.468262374966   5.580225543967 
-3.514690340955   8.657624561074 
-9.332466285958   1.166037690577 
 7.397454168435   6.063652311453 
 9.066430305795   3.055837923826 
-2.014642311514   9.386286199447 
 3.831269242296   8.883561386113 
-8.627630774806  -4.436767880512 
-1.012538314722  -9.783781509159 
 1.815114174102  -9.667399106779 
-9.831091079716  -0.793352301833 
 2.403654097909   9.587652602955 
 7.487913763289  -6.468636129535 
-4.115969307076  -9.112950273944 
 4.148659890552  -9.139563790944 
 0.619350537488   10.109069283159
 6.792554460878   7.564561721105 
-8.870929660995   4.971785072037 
-9.784509992524   3.083748773039 
-5.636208597286  -8.636031490910 
 9.245306702472  -4.940544030143 
 9.047870268737   5.307739525302 
 10.619741007880 -0.110375386121 
 10.342752853927 -2.599204476492 
-7.907421644800   7.177241052224 
-3.002626614004  -10.252353831936
-10.742928414026  0.514173301605 
-6.705171974165   8.410233337105 
-10.533527062332 -2.255209440190 
 10.710573522672  1.534074381044 
-7.615633072356  -7.815600943536 
-10.464651183489 -3.759735125988 
 7.022127477680  -8.711548557361 
 8.613309078996   7.152467533426 
-5.091154485261   9.985017428228 
-9.209878580491  -6.484445911102 
-11.094471702341  2.158298235578 
 6.534663758199   9.235614235074 
 4.920214844365   10.206839387675
-0.569672043795   11.393127903856
 2.730592812084   11.087618841025
-2.810683480455   11.261656089453
-0.125975094167  -11.674417673824
 9.092617000554  -7.340536312696 
 10.736316663746 -4.614961281595 
 2.607709242447  -11.438743501149
-10.732434262197  4.816191388157 
 11.736296271691 -1.178021732283 
 4.362017382938  -11.013280329450
-1.693710516182  -11.770815532248
 10.756049277493  5.076339842029 
-6.292376028539  -10.096884875635
 6.266505812641  -10.169905738703
-9.966872690882   6.676155807853 
 8.278171991077   8.851919900504 
 10.161308808881  6.619540431543 
-5.007581705528  -11.057882795890
 11.722852448419 -3.372209811731 
-7.066210676366   10.146874988088
 11.809541204083  3.936598994212 
 8.502207362461  -9.215775825199 
-9.142413869303   8.599180410633 
 4.435485240608   11.760560659716
 12.339777940359  2.493059777630 
-11.227733443237 -5.800610763560 
 6.299716749938   10.964571387610
-8.151752094568  -9.729945285134 
-12.440273980923 -2.573532485037 
-12.692077761370 -0.851536909255 
-12.062685260647 -4.144457321520 
 1.821832664687   12.645552036273
 12.785625230180  0.474130809999 
 0.978033369578  -12.759371841397
 11.170454324347 -6.380757319520 
-10.528706772872 -7.429948938447 
-9.377783177953  -8.864213601811 
 9.939045705654   8.260705981150 
-12.297325234466  4.317770428119 
-13.030549589333  0.634830645000 
 7.806490921521  -10.576183627510
-6.178808711552   11.685253045899
-12.908200506314  2.920596418722 
-1.248617371632  -13.253013181958
-4.874715946754   12.491689103020
-3.709554712842  -12.951910798684
 2.646222644922  -13.210779985850
 10.783942878531 -8.115420130457 
-11.956559702473  6.277409793059 
 13.330449905111 -2.305769084581 
 8.815975774280   10.360483892883
 12.501564263541  5.394007023898 
-6.621534884504  -11.950290407441
-0.969016767806   13.631809844496
-9.056370256024   10.384898696112
-3.279358035872   13.405210600857
 4.188170343116  -13.172923977815
 7.051463377751  -11.959110429914
 5.936380092277   12.575463325874
 12.045277560968  7.055942639771 
 0.596712027041   13.947646870810
-13.648409969545 -3.491330994205 
 13.306229897066 -4.788633029084 
 14.126091261073 -0.879445884103 
-14.159565763166 -0.442178840557 
 5.820115180394  -12.972152391866
 4.302178005143   13.620285814096
-13.328915133901 -5.153611195980 
-8.365879910855  -11.667191582639
-14.275111162841  1.541640553610 
-11.341841349875  8.971663826180 
 11.610843963795  8.625118172985 
 7.623585860834   12.311015479592
 9.321753319776  -11.116479575477
 0.811405515832  -14.553939764099
 10.889087809784 -9.709692171961 
-7.483919071023   12.535688001083
-9.896520903535  -10.887329183425
-12.793870744462 -7.322760808172 
 13.085058390603 -6.989150511881 
-5.278173263398  -13.980600530303
 14.393057874967  4.083064030233 
 14.806096054161  2.492241805386 
-2.066311881685   14.874191977138
-11.776887727890 -9.322189044440 
 11.071184854310  10.226127053512
 2.761394735036  -14.823543319341
 12.471175051930 -8.561510725072 
-14.926724159222 -2.672065289063 
-5.522095416565   14.228776478329
-1.549157041830  -15.193859082918
-13.972322258353  6.170785672361 
-6.917413124096  -13.619171922141
-0.196179376575   15.322560071424
 9.142568143918   12.311716154124
 3.141548626450   15.021031434362
-15.048362797988  3.468318501201 
-4.168342196765   14.881857594620
-13.409949197430  7.778406498920 
-3.606749500971  -15.138491792823
-15.573900209687 -0.984491023015 
-15.604352577912  0.576633334996 
-15.045870356845 -4.242744623985 
 15.661525162265 -0.506475354601 
 15.429407255867 -2.956694087519 
-14.363496994815 -6.392479494009 
 7.117553733682   14.082458157214
-10.477584844703  11.823700721798
 15.757387352155  1.255208194497 
-11.436422976125 -10.941043838324
 13.127996940463  8.934737642766 
-12.019616856947  10.433531711733
 1.759515689807   15.879779011695
-7.253755563932   14.242887985311
 6.738875738705  -14.500289851533
 14.062063423584  7.633165900697 
 4.988628441594  -15.202980588111
 1.706866485533  -15.985311289627
 15.263824061803  5.431935733347 
 10.562862173663 -12.294978109259
 5.828654268488   15.134342056521
-15.348032473443  5.271946219463 
-9.637201426857   13.070650077066
 12.530450734358 -10.432842126695
-6.029484368613  -15.281979528932
-3.270777779762   16.112240186846
 9.127582229684  -13.735141864962
 8.833082317896   13.935445709239
-8.819028445316  -13.945908309123
-10.647989673624 -12.634334895569
-16.425817490220  2.002567695923 
-1.588081737818   16.559340998297
-16.371859577344 -3.260591712377 
 4.218179829936   16.160282084626
 3.173616379153  -16.429852119750
 15.712735655075 -5.861429891135 
 0.527223005613   16.768937006822
-13.306549254201 -10.256763652776
 11.684217689150  12.133207364791
 14.332439441500 -8.894825271734 
