-0.308419049573   0.383010754714 
 0.999717397688   1.149822059998 
 1.345156945347  -0.933445233795 
-1.762367929070  -0.498762117552 
-0.820816374365  -2.349024789722 
-2.179473610555   1.253304914705 
-1.103697990651   2.310143306411 
 2.631374744381   0.657772117018 
 1.430543306057  -2.482966878971 
 1.897950057848   2.826047118310 
-3.437949887697  -0.652583954329 
 0.095117782157  -3.621937809726 
 0.457259259221   3.821605715487 
 4.067594066468  -0.532847177984 
-2.346436412266  -3.507379637017 
-2.858178861474   3.183452434002 
-4.304870905882   0.633823218009 
 3.648952906267   2.476304662421 
 1.663203612294  -4.154396518880 
 3.637882869184  -2.729320065607 
-3.862325288402  -2.713069648033 
-1.151694614589  -4.618130810399 
-4.523702933165   2.198312374829 
 5.348564825617   0.268089967945 
 3.199976765919  -4.574807174655 
-1.225983335482   5.537857806200 
 1.192194029891   5.676948693347 
-5.830436187555  -0.041540603224 
-5.421265376472  -2.203954541103 
-2.649850928866  -5.239338858913 
-2.886544493271   5.288347793398 
-0.511583737210  -6.050343745709 
 3.713239160202   4.821960321875 
 1.330613634293  -5.968421852641 
-4.041206891413  -4.648822878567 
 5.480707044830   2.976836366576 
 6.089078534004   1.574286133022 
-5.368986918372  -3.736497426044 
-6.463372000658   1.886251440493 
 6.529738630731  -1.976742617833 
 3.100400970837  -6.123542897536 
 6.869197732219  -0.436463272502 
-4.597914370354   5.295192052165 
-5.711843606642   4.234150499626 
 5.893743802606  -4.074797509426 
-6.904371161415  -1.963644442988 
-1.378464867940   7.310320438313 
 0.437426061278   7.461209702348 
-3.394794722001  -6.677193037554 
 2.803265340414   6.976465749766 
-7.572077677691  -0.492108861764 
 0.191497807185  -7.592962761170 
 5.115939534643   5.715326105595 
-5.477178365381  -5.543481245335 
-3.818771416710   6.811680500559 
 6.401040070153   4.487158324617 
-2.055056767396  -7.584094676633 
 7.869174544112   1.562748629899 
 2.499551346981  -7.666535312844 
-7.951357015254   2.091571015661 
 4.732929536319  -6.910648151624 
 8.365405494326  -0.701931073499 
-7.636139326886   3.655034479477 
-2.721970216628   8.049372183251 
 7.934172641350  -3.265826288904 
-6.013945379032   6.221726590777 
-4.947845841958  -7.147248039829 
 6.237489459936  -6.242956656966 
 1.211745655108  -8.783690421788 
 4.953061369960   7.421313047033 
 1.525857565890   8.793299517969 
-7.779931842755  -4.495101297268 
 7.720840038169  -5.027309740129 
 8.578195908130   3.402016766399 
 7.966223898436   4.850177364179 
-9.281817444511  -1.309125352889 
-9.371682675721   1.504879855897 
-7.968787168366   5.197120517547 
-4.256388243653   8.588540298977 
-0.489151685763  -9.611985854704 
-9.400754085519  -2.921031803117 
 4.810546205665  -8.648883355758 
 9.806341053289   1.354545185705 
-2.700803681676   9.588694257669 
 4.183694256453   9.043183390753 
-2.090853360024  -9.752444047298 
-3.544332076199  -9.338694834854 
-1.152924437681   9.953852780596 
 7.473741341880   6.696136065672 
 9.187628562643  -4.319268164309 
-7.454118048375  -6.941766185869 
-6.516235351778   7.854162406233 
 10.214269632461 -1.023052201121 
 2.103758697672  -10.055415112132
 9.957480873773  -2.712847931800 
-8.527923731516  -5.881392072327 
-6.192479478395  -8.332266824067 
-10.406034512756  0.075213994899 
-9.474613059379  -4.517689100233 
-9.582200761246   4.492976139836 
 7.245080310950  -7.731000490795 
 5.870418160551   8.837030488382 
 3.812022633818  -9.901179061062 
 2.735277804887   10.354033425514
 8.391693978830  -6.662437825870 
 0.622754951551  -10.712532460342
-5.107126502381  -9.505489779229 
-8.177403180251   7.178318680412 
 9.784163075334   4.776815016582 
-10.779094474424 -1.586028295241 
 1.062621469061   10.941763149719
-5.533742439231   9.592471337399 
 10.643497759204  3.066224301208 
 9.272200991406   6.419519058956 
 11.314337595274  0.104790338437 
-9.519115485169   6.154832590153 
 5.744291183329  -9.859557615618 
-2.708001380226  -11.144958688659
-2.948971571689   11.155526823609
 9.906289396632  -6.159261083315 
-7.451862984466   9.039727910132 
-11.136570915709  3.683392119301 
-8.839477282329  -7.811751264602 
 11.740483036261  1.740760357601 
-10.511607711803 -5.633920764676 
 5.152188550684   10.786057449427
 7.186202401475   9.561303333176 
 8.526720450758   8.540761373761 
 1.422588574834  -11.999492046238
 11.791670767057 -2.707319288673 
-11.737822527795 -3.272177621582 
-12.164042724156  0.988100977864 
 8.077286034349  -9.156464440289 
-7.318071893616  -9.842907502930 
-1.000750232243  -12.283020129418
-12.314865414383 -0.680671173490 
-1.606848201694   12.233811735810
 2.313106903474   12.205372569566
-4.519977525883  -11.593530233872
 0.157389764810   12.460928861865
 11.549345427839 -4.809828245059 
-9.124572192534   8.660280976861 
 11.156434614296  5.862077676770 
 3.977401138643  -11.970931307370
 11.991716246170  3.996636141064 
-4.417915651858   11.951632043800
 9.478950597524  -8.564564076800 
 7.204102514840  -10.670311344551
-7.327591321783   10.667613753117
 4.523410448994   12.149693930343
-11.881727474531  5.356645227144 
-10.795779023343 -7.348912149502 
 10.743201128757  7.506607961932 
-12.763501848060  3.189284485735 
 10.862804006020 -7.534290920684 
 7.170108899824   11.116346753190
 13.363845230362  0.347644219950 
-13.108945396779 -2.654408252807 
 13.305872736175 -1.583639845137 
 8.746779924604   10.184263050265
 13.175855588053  2.691874115181 
 12.962288618468 -3.796576688308 
-9.149947998550  -9.955296231752 
 12.043251000342 -6.388972171667 
-6.208938684172  -12.145070641966
-9.099413585004   10.175430500131
 1.739321394984  -13.552595844130
-3.335555985766  -13.334945683415
-11.741669083662  7.261756979602 
-0.602447257666   13.810154242205
-10.888402472539  8.557542245975 
-2.212871511276   13.677626828455
-6.041945583174   12.501405375369
-12.190379730387 -6.759761795985 
 5.515639663998  -12.881592424663
-12.994389685479 -5.382751217262 
 5.967920968471   12.779677984166
 12.742943773206  6.091984712692 
-4.332290231116   13.656917605791
 13.760541224926  4.078327807771 
-0.786134933982  -14.350361168993
 4.225011132061   13.748207609635
 13.404170154872 -5.242432532632 
-5.276133199426  -13.472780996259
-14.488759013812 -0.311641062687 
 9.330459736102  -11.092896796864
-14.429228989366  2.019601479908 
-13.414253580754  5.771764753807 
 11.351833192850  9.195461534720 
-7.897782725659   12.423621363559
 7.952363604173  -12.528645066631
 3.165699794830  -14.523209050638
-7.868263082629  -12.616793775950
 12.231653527974 -8.492660274201 
-11.985929504462 -8.899800787036 
 4.707251206635  -14.220739316598
 12.717669863316  7.930588338729 
 14.760601733028  2.599965692550 
 2.856523249661   14.742403083350
-2.765671927135  -14.817734128612
-14.497142389235 -4.163152521326 
 1.185981111910   15.053945529068
 14.549727553584 -4.071943423159 
 9.443293305365   11.831157446433
 8.085274714962   12.856253388313
-1.315750305245   15.145995145287
-9.411604771824  -12.092426728913
-6.329782183426   13.979655703234
-3.370992039286   14.993906420490
 11.094263318329 -10.660886611233
-13.586516985924  7.271487685385 
-10.920823140445 -10.885332247453
 15.234498986493 -2.735983177888 
 1.228075491464  -15.456668075091
 15.528671613513  0.866727183889 
-12.316553783583  9.533733199000 
-13.542331255810 -7.703683156050 
-15.522755330606 -1.548832727317 
 13.890845055198 -7.140029531559 
-10.352355393369  11.702580711856
 15.741334357167 -0.861618460637 
 7.154825229103   14.049479286238
 14.323100615465  6.768084863463 
-6.847439017718  -14.310150694939
-15.254875394214  4.477727680973 
 6.585217047974  -14.537221494242
 11.688524139640  10.934914353880
-15.707663194479 -3.076320237192 
 12.912526358938  9.534432042888 
 14.937235811328 -5.952589785838 
-16.114050468994  0.711481210186 
-8.040482395505   13.989383580865
-11.824152344440  10.984018675612
-5.172243421129   15.342470590661
-4.705864193363  -15.492387764873
 5.481510634411   15.280861902965
-12.565323641091 -10.354795795175
-15.215140901513  6.203147102097 
 2.867574375597  -16.185502003059
 16.288845953833  2.524569242932 
 2.438542183176   16.306019881740
 4.465406754693  -15.872867768426
 9.256721129096  -13.681723500964
-15.661595847213 -5.304662118695 
 14.235268110939  8.545438030672 
 13.522975593375 -9.711302160131 
-0.028743470720   16.752364635833
 8.687400896469   14.334282743183
-2.427252170775   16.595906220405
-9.556047514569   13.793810933239
 0.415801833814  -16.776343654219
 4.090980817496   16.281765680861
-15.236877188130 -7.272741836429 
-16.504279028739  3.603917496732 
 10.988053323324 -12.853501215124
 16.863539274858 -2.033213893799 
