 1.024835928096   0.087857793037 
-1.058113603193  -0.249612383893 
-0.436611799982   1.196843654219 
 2.018169104242   1.254321270150 
 0.966107538611  -2.260853121001 
 2.431649821366  -0.649897550242 
-2.230531294258   1.528158868287 
 0.952022670305   2.542618483864 
-1.877586384650  -2.042636181028 
-2.796978651699  -0.444482915651 
-1.275697178363   2.749377013618 
-0.275719535970  -3.113431441280 
 2.658002750749  -2.163729242015 
-0.071881317776   3.966545773077 
 4.035562123143  -0.875382812981 
 2.723523631261   3.179453717086 
-4.072630498952  -1.323804393531 
-3.393299621719  -2.716668696447 
 2.314447578996  -3.720400839527 
 4.376201647644   0.590984799918 
 3.953110110230   2.230587105887 
 0.362578079283  -4.607125619226 
-2.335485794591  -4.062811729939 
-1.796572398158   4.406809365493 
 1.424824664113   4.558510897008 
-4.082663277166   2.704292497881 
-4.968942713864   0.352005618857 
-0.579823246524   5.393278739863 
 5.216477478614  -1.974133422876 
-1.050732016412  -5.554394823167 
-4.081151140836  -4.088239771963 
 3.278864820713   4.784605712865 
-5.152485863808  -2.727968074153 
 2.052899543010  -5.466304163266 
 5.630875663721   2.304372890802 
 3.629154103780  -5.246077015029 
 4.995605302281  -4.082604170062 
 0.660728292682  -6.422429943144 
 6.442055626279  -0.648184232413 
-6.311188796458  -1.521444340978 
-4.116738769409   5.135637780517 
-2.854563320539   5.963561560632 
-5.725582609301   3.439065279838 
 5.285058906661   4.222007873536 
-3.552733813673  -5.777550031767 
-6.842337431700  -0.100111905777 
-6.825285195551   1.991378333379 
-0.256481629959   7.130813279518 
-0.875406080606  -7.182155602506 
 1.585539360682   7.089764760413 
 7.215842933914   0.981413409705 
-2.456477590899  -7.065590333416 
-6.926080539260  -3.135525990295 
 2.826877663184  -7.084272050418 
 7.610839601109  -2.136908608551 
-6.032185529559   5.257708708606 
 5.142928401471  -6.192140068829 
 3.235177610074   7.448722932401 
 7.197794289751   3.790838847883 
-1.639417775322   7.986449309659 
 0.759447445293  -8.182067871330 
-6.017552032988  -5.632831429561 
-3.899315180427   7.274187157956 
 7.385085310650  -3.718976158563 
 4.936494904355   6.814141749630 
 8.462403109706  -0.071669536124 
 0.610828607705   8.739455333789 
-8.570702373712   1.952745793734 
-8.824910781986   0.369129956063 
-3.869711851554  -8.119262337564 
-8.834846053051  -1.777286206983 
 8.747548467191   2.252718100792 
-2.208110190655  -8.769537490126 
 2.316278457408   8.767194193250 
 6.933868384286  -5.974708272294 
-5.452553489625   7.390254429052 
-7.788785223623   5.033317652310 
-7.568199201821  -5.377705399136 
 3.685381587709  -8.542884546211 
 9.113604821625  -1.882591647509 
-8.631670866855   3.729598026263 
 4.607534574040   8.352370739348 
 7.052028556607   6.426125596619 
-0.025327726405  -9.541442017999 
 8.140782284442   5.067150052335 
-5.423845124172  -8.011661625668 
-6.976757820763   6.718249894931 
 5.732812095774  -7.845650533266 
 9.065989174499   3.753107457977 
 8.576314918735  -4.924419592610 
 3.623142755917   9.593933867348 
 1.043419303841   10.205411683701
 2.515618721956  -9.980989799651 
-3.908472583605   9.594370738936 
-10.365598356894 -0.038864651254 
 10.235253187833  1.663566677125 
-9.742102485873  -3.635413436128 
-1.881165833810   10.378055583939
 4.968960190602  -9.325679109556 
 10.640053024154  0.217125314973 
 6.172742896414   8.674961540860 
-10.178908529495  3.128356437129 
-6.927836056904   8.267133503373 
-9.344511571628  -5.433246569365 
-5.094900521583  -9.543757892984 
 10.569980655067 -2.312016220431 
-6.890398638546  -8.408167608786 
-8.140460399751  -7.280315523779 
-0.278698238831   10.935877783446
-9.822249513103   4.969506122473 
 9.003953031483   6.403927262907 
-9.184283152068   6.468406112437 
 8.046619038920  -7.853321827222 
 10.376230515255 -4.337165296168 
 0.234929106032  -11.250593009015
 6.707768326064  -9.133497145767 
-3.697273632270  -10.774778128131
 7.659966503517   8.456468978215 
 10.264866463912  5.019145769530 
-11.354095553340 -1.393393182820 
 2.411834884794   11.207558497362
-2.084772784623  -11.288497060739
 11.115542984292  2.942808547849 
 2.117969767492  -11.441799843529
-11.526102515368  2.303863102431 
 5.409334014665   10.446366881508
-11.753044451379  0.806220140222 
 4.453548099273  -10.943169374412
 10.241281163789 -5.906104404017 
-5.882270408226   10.376310808324
-10.954721588930 -4.733225025059 
 9.484611986983  -7.265148237334 
 12.071403363627 -0.797954859595 
-6.386562796753  -10.574738196700
-12.004063289938 -2.923259097914 
-8.132737893505  -9.335389209999 
-2.503334265027   12.249287345627
-10.605493943267 -6.654617840060 
-11.343594586677  5.345307921918 
 6.565705136467  -10.701784948539
 9.865910867583   7.768957274043 
 1.432701994591   12.545708281374
-0.565006504920   12.695856606863
-4.444995479132   11.965851084153
 4.576260147713   11.938126168291
 0.596806162635  -12.796940282088
-12.164960425743  4.070866188788 
 12.833243158162  0.614720874140 
-10.385438487299  7.627761435021 
 9.485610996775  -8.828219538414 
-9.114957815471   9.277634976199 
 8.073906413974  -10.208201774875
-9.834048724617  -8.627199541827 
 9.306296841082   9.218927358194 
-2.770973858026  -12.813234299779
-13.093868297462 -1.211426760657 
-7.616655474788   10.732631379108
 12.228471658327  5.043739500587 
-13.222979914149  0.438868743511 
 11.622740144619  6.506669917708 
 7.313296442992   11.143492491506
-5.413472768090  -12.311077464980
 13.025872730801 -3.506097454285 
 13.076601972413  3.505125882847 
 12.472677479809 -5.375150051570 
 13.479976512865 -1.908626445854 
-8.055441100172  -10.982550071457
-12.227667932151 -6.058593273971 
 3.252362595475  -13.253494909720
-1.017655688213  -13.624891960452
 2.820309528222   13.447810110733
 6.093100840554   12.330102257232
-13.042799338333 -4.557807549298 
 11.847891360533 -7.151298840681 
 1.801773621170  -13.751649930215
-12.469142851831  6.365376300229 
-11.307665237377 -8.302627532572 
 11.515736832632  8.112202210961 
 5.697296703071  -12.925864257379
 7.626190459436  -11.926400924224
-9.710364977010  -10.339743993588
-0.166136527786   14.201037498562
-10.649521397089  9.398319619581 
-5.517716029338   13.145614342716
-7.146769517043   12.411307275677
-3.933326300284   13.778646035431
-14.309011668609  1.631455297092 
-14.260736599737 -2.334476359757 
 4.913615210044   13.606713112486
-13.996631170425  3.739062665809 
-2.216619930328   14.332914261016
 10.846938503610  9.696021381202 
-2.236192673606  -14.508930171596
-14.705907637282 -0.104838256787 
-3.747812903756  -14.326077570286
 8.870687565187   11.869220703483
 14.722387998180  1.835574118869 
 1.835848164253   14.753229379286
 11.450030580292 -9.496051295585 
-10.172722679106  10.962762951089
-8.159202180353  -12.598353028916
 14.658701789521  3.349491477987 
 15.039035281584 -0.050215654667 
 10.568137719213 -10.853390518380
-12.852420060986 -8.161709496941 
 3.930742502450  -14.733149710628
-12.541346399322  8.687610305482 
 9.349184713205  -12.081096075413
 10.447317819688  11.157483887407
 15.184139422216 -1.788494211193 
 14.826737060549 -3.804412022025 
-8.976126226728   12.453673679501
 14.351976310220 -5.451643368633 
 13.883872545092  6.680251543820 
 8.049449830230   13.152680447242
 13.088811755893  8.153233161189 
 3.370547652685   15.080441379362
-13.583979595874  7.388480831377 
 0.308613343559  -15.477259826018
-11.898739403213 -9.917859609313 
 14.770056997226  4.884416758739 
-14.490816572634  5.792446131519 
 6.835473944951  -14.035184472318
-6.742947319980  -14.089949852525
-5.765036935339   14.665969712568
-11.979113771337  10.280680266463
-5.206332352955  -14.969295027131
-15.295988453969 -4.166935505943 
 4.891320309120   15.115068980587
-3.845332522235   15.438533681454
 13.245811527054 -8.827690265652 
-1.941076883218   15.826994422688
 6.427995655603   14.646129439307
 5.515716196713  -15.023355990096
 8.447070393969  -13.622459976970
-15.873179638635  2.565716989046 
 12.922704238333  9.694804571413 
-11.076615896259 -11.813477584134
-1.612422866688  -16.117053752557
 0.862474376515   16.203202297434
-16.225696111467 -0.316160168759 
 14.457811634601 -7.451350536040 
-14.723480316948 -7.058094460403 
 16.166070012967  2.812936431990 
-10.493539603382  12.637614409003
-9.993106394876  -13.057437030305
 12.654287025027 -10.611492144371
-16.029700449771  4.430902304898 
-15.624264110209 -5.827727071545 
 11.064994533602 -12.477258909629
 11.980085666409  11.644720683221
 16.499282699183 -2.738412645369 
-14.190328653417 -8.870015997091 
-8.600659018431  -14.368085832160
 2.708410906026   16.530825125240
-3.726469280567  -16.360886423311
