-0.810861091619   0.075325288391 
 1.503152032271   1.068429862988 
 0.342119452216   2.137671618075 
-1.846043105174  -1.131564335558 
 1.032131880831  -1.929641588804 
-0.862304686314  -2.314690683515 
 2.590579037593  -0.986846962411 
-2.990795873752   0.386263391511 
-1.996231509449   2.603979036971 
 2.444304263084   2.373788021070 
-3.694057560303  -1.057571102743 
 1.442366354452   3.649349178647 
 3.929470342579   0.056862676610 
-3.156800331063  -2.617789178655 
 2.640318955171  -3.174336720302 
-1.915296057778  -3.708660287585 
 3.809230042922  -2.044792873066 
-0.449003688920  -4.307179068537 
-3.451490278755   2.989155466177 
-4.453444126843   1.605619361543 
 4.029319250928   2.566526091963 
 1.523254203710  -4.543389531970 
-1.539340457280   4.572929558655 
 0.048314426428   4.841364750312 
-5.259140337152  -0.058029425012 
 5.172298981579  -1.095285051708 
-3.170093965897   4.511759821191 
 5.518090389054   0.654404235467 
 2.067724744427   5.191822788655 
 3.946989494992  -4.116046245877 
-5.423381203123  -2.220390586720 
-3.615205672465  -4.712694777069 
-2.081230208211  -5.621650914487 
 5.378602644914  -2.797084276353 
-5.572729419175   2.841751361138 
 4.011441426915   4.895898498315 
-1.732678075917   6.153241256227 
 1.391198935291  -6.240060237351 
 5.426399519828   3.515489010726 
 2.836800397709  -5.820103631413 
-6.471772107619  -0.981683712889 
 6.485630705034   1.938023598413 
-5.269600352594   4.466568636813 
-0.304788225603   7.038229340712 
 6.752651650422  -2.074741530798 
-0.088677765485  -7.064108838535 
-5.844944402344  -4.008046876648 
-7.282490311856   0.280502501502 
 1.413549719939   7.159940085653 
 5.275722713158  -5.097300806613 
 3.274726605043   6.634330353680 
-3.548092885837  -6.584721990884 
-4.325914926004   6.175720559288 
-7.177157235248  -2.718606146107 
 5.724038770919   5.181949572786 
 6.731132165952  -3.798327680296 
 7.743204368779   0.038232187495 
-7.108618523069   3.194164929256 
-5.242268444552  -5.929733449195 
 7.253492999880   3.263406357163 
 4.781156772398   6.578342153106 
-1.920965022353   8.105745604720 
 4.382524091047  -7.232885390452 
-1.898280566546  -8.248450182715 
 0.390302362004   8.545765970323 
 2.906970811798  -8.061498109130 
-8.403373514384   1.866818263387 
-8.456235664095  -1.699010797168 
-3.993535500717   7.646999574455 
 3.006734506961   8.148980705957 
 8.374144819949  -2.503208961146 
 6.989458742481  -5.383543952143 
-8.827475469345  -0.085404205770 
 7.218973363178   5.339513884241 
 0.602175799801  -8.965747173214 
-4.047062271997  -8.039691784095 
-7.113554073752  -5.885428288528 
-8.450774533755  -3.757361446785 
-7.078859445789   6.024333481291 
 9.065731275831   2.086443825919 
-8.125902154381   4.749639226427 
 6.241674972465  -7.128013099823 
-0.901511617277  -9.561880777235 
-3.202023620034   9.057268164725 
 9.526509110504  -1.432073799514 
 8.630284352900   4.525502228975 
 8.815975400909  -4.193438019331 
 6.964974562879   6.865524827293 
 9.795181912333   0.676662625685 
-6.202084003895   7.628589490808 
 2.380203494948  -9.552293914983 
 5.863515536539   8.034118107577 
-9.332888505361   3.521547832195 
-5.784780921948  -8.265277348306 
 4.332267720635  -9.167220577460 
-10.151602812680  1.220860876907 
 4.387229897704   9.394201537555 
-1.271582067225   10.364218866361
 2.908240618452   10.119951205399
-3.768675265659  -9.847725236596 
-9.085286972170  -5.424273222508 
 1.304132664688   10.526545944188
-4.972784486166   9.462036589139 
 10.073063050536  3.709004931453 
 8.516841435244   6.536464480808 
-8.349547261999  -6.779638747145 
 5.829997403764  -9.050908118315 
 10.254347871875 -3.635595245366 
 10.874694780473 -0.759617450614 
-7.285458062645  -8.114878547566 
-10.973641688747 -0.969798785226 
 1.466514143731  -10.986073590034
 9.191061946873  -6.351669835387 
-0.227466053895  -11.257650344575
 7.975770366402  -7.969043563490 
-11.031679794977 -2.613846637182 
 3.889075656241  -10.668457484000
-2.397093906474  -11.116150086017
-9.956401296365   5.595297114300 
-7.571635103816   8.670239635881 
-8.818678029505   7.556097748635 
 0.158879645264   11.672432117113
 8.499747485525   8.077230925190 
 11.740399917741  0.940784946821 
 10.020032945704  6.242141267642 
 10.584730714329 -5.320832904787 
-11.476922382917  2.949249542058 
 6.740094793142   9.789851084197 
-6.414369136810   10.046009388700
-11.179453755910 -4.174176707185 
 11.671585551115  2.772128831530 
-9.840594121882  -6.945469691090 
-5.707998557084  -10.644071021817
 3.036497631839   11.724000640308
-12.031892167239  1.493485092126 
 11.881806539251 -2.677026909102 
 2.736816503247  -11.929551993167
-8.913145519908  -8.410380146990 
-10.816898777947 -5.803190638354 
-11.341073621860  4.716377896128 
-3.867525243120   11.686094315215
-7.764511021448  -9.649063940064 
-1.879449421721   12.268326887687
 6.384106247342  -10.658105298723
-5.375885875510   11.265421901503
 9.508503187412  -8.141180198587 
 5.864318370411   11.175110011291
 12.629137648506 -1.117174987728 
 4.988891537373  -11.706133774368
-0.057304532148  -12.926333755544
 11.543217274557  5.935683573008 
-12.647713928843 -3.153350825297 
-13.047884830133 -0.195681840554 
 1.365965186910   12.978474972943
 4.543166074189   12.250177772450
-8.036888413436   10.351945953768
 8.435338636851   10.044995945927
-0.560205152028   13.146182355482
 8.013054931588  -10.489230497100
 10.968186444781 -7.365475122663 
 9.636752319398   9.062132490215 
 1.567835424852  -13.169353962330
-2.609600354023  -13.008506973896
 12.646620261028 -4.060680457563 
-10.937614291425  7.679148520481 
-7.294617203012  -11.295867626813
-10.008294612321  9.027176355970 
-4.589796494493  -12.686970379620
-11.941942456166  6.323459016844 
 12.731760616414  4.675684925663 
 13.180553494332  3.237789950233 
-12.741304293951 -4.878457304092 
-9.232025833088  -10.094271754824
 13.479855620117 -2.399800348095 
-10.377076549651 -8.943948901951 
-13.593193232251  2.783992334330 
-12.965446195916  5.174245319450 
 13.963041574297 -0.187435398781 
 11.074708284190  8.597272574654 
-5.922765012923   12.755696420429
-2.787799241706   13.835178122914
-11.983220771082 -7.514964180695 
 10.147733240025 -9.914566760637 
 6.876553886841  -12.424441393736
-0.934001993651  -14.252273287597
 6.256470430723   12.840786658101
 5.278990376354  -13.308980739114
 12.607360697738 -6.882664705487 
 12.298290411314  7.431995923941 
-14.358425626661 -1.957152378523 
 14.458755777171  1.319807441688 
 2.483904118229  -14.364653923571
 8.752798448342   11.746162198224
-7.448888376105   12.615972544362
-14.701820214767  0.095939705452 
-9.081611539454  -11.605782963638
-6.848672037709  -13.063705926128
-12.528034778811  7.876747289640 
-14.363847802696 -3.586113767026 
-13.408537629429 -6.343629196120 
-4.859090500083   14.024093533325
 1.759783298450   14.763687360538
 14.320680582924 -4.161611735536 
 9.563489947260  -11.526862721084
 5.341117265577   14.064184930019
 13.770139321599  6.097715393680 
 4.268531023721  -14.466761045394
 14.666489209803  3.579368357251 
 0.458047981264  -15.103675726420
 12.130591576056 -9.014835261991 
 3.518523341945   14.712377200601
-4.141026257458  -14.629818885762
-2.649121908687  -15.005248602261
 14.026061148858 -6.228711136711 
-11.948093650583 -9.634134688574 
 15.223919522678 -2.472268351745 
 11.208759744188  10.621292397974
-5.723049232820  -14.351510200181
-15.380250680755  1.485857200921 
 7.795588015119   13.372122264955
-1.842101959555   15.380851246935
-14.596894015708 -5.308956603701 
-14.300627349959  6.187455596002 
 8.169283891443  -13.324245496191
-10.094462116669  11.932935996292
 0.312204256346   15.714685079373
-13.552858210447 -7.982979570411 
-15.299200204417  3.691871655554 
-10.639161621611 -11.625353278706
 13.522122428925 -8.280169936108 
 1.815938476760  -15.812677445272
-12.863937550317  9.377794181088 
 6.546292188603  -14.512354716486
-7.267839981619   14.280356839922
 14.164270831850  7.811796936378 
-16.134020937804 -1.748771543329 
-3.829345256681   15.795804233500
-11.687677340852  11.360573974428
-0.989368315145  -16.282852369516
-16.335308010446 -0.066916053639 
 11.976790490998 -11.135818716182
 3.677565252577  -15.970159057785
 5.042581743766   15.652483740029
 16.401777987686  1.198718929423 
 9.408286975690   13.500956079670
 5.277120827840  -15.590119666307
 13.312930647376  9.748803233048 
 15.806554519030 -4.743229723127 
-8.784885701252  -13.995221725040
 16.379122285488  3.038052906989 
-15.839156955017  5.169740270509 
-13.533984509163 -9.777320155564 
-4.661670607377  -16.038377586976
-16.156376415978 -4.287276623671 
 16.751327909227 -0.555633578250 
 1.759550728972   16.701602662950
