-0.038035972025   1.072343951296 
 0.805288022104  -0.833919125158 
-1.459038407829   0.097326385303 
-0.802114768844  -1.447435737066 
 1.776636888824   0.837592486310 
-0.183792738941   2.693726330910 
-1.836131280010   2.172966247097 
 2.897352550470  -0.542159791280 
-2.834167279652  -0.970362909051 
-0.568175342370  -3.251097475797 
-3.210905616498   1.364581168185 
 2.869775672383  -2.189480069990 
-2.380038648076  -2.743420426049 
 1.295623892330   3.448736336761 
 1.594261697330  -3.610784192674 
-0.145706315057   4.201600178433 
 3.141308646211   2.807201324559 
-2.254571194265   3.644097778273 
-4.298511669021  -0.468461382826 
 4.474455177440   0.180822100774 
-3.936920767967  -2.679652773345 
 4.635377084920  -1.488303287224 
-0.081337883461  -4.966250632772 
 4.528764564659   2.076433766780 
-2.628777104197  -4.252471240140 
 2.344758918042   4.653019962964 
 4.401357144035  -3.118528150705 
-4.446575654845   3.384646516674 
 1.589564854044  -5.406987336050 
 0.351938746153   5.751578675826 
-1.494082209924   5.624107302310 
-5.609356991752  -1.549435456235 
-2.998515279207   5.003423191555 
 3.406437351438  -4.872526402486 
-1.319992690246  -5.877605044357 
-5.862585450154   1.719825192777 
 5.038121943034   3.565655911775 
-4.966705242346  -3.974292130925 
 6.061333464442  -2.202975232156 
 3.811965875619   5.275996897336 
 1.727815376077   6.414259065734 
-6.682478739966  -0.418220179085 
-6.136041344801  -2.999376572409 
 6.518100948144   2.249435280984 
 5.935701914861  -3.789987382322 
 7.106445680341  -0.846149268372 
 7.225125903515   0.656439832631 
-4.624759133184  -5.605869790298 
-2.225130569142   6.935873818138 
 0.134797676345   7.341752972636 
-4.600314287370   5.778190936799 
-2.898842005793  -6.808852642998 
-5.706703676457   4.748556886713 
 0.722960612012  -7.526615567711 
-7.563324226893   1.063652041461 
-6.886889904197   3.762880945242 
 3.173778967098  -7.192723021473 
-6.288652568153  -4.891935724961 
-0.886108628116  -7.980215679297 
 6.374585792025  -5.234213318734 
 3.129009035658   7.637505979454 
 5.726009593142   6.149942363084 
 8.194031464099  -1.888261328256 
-8.201711507472  -1.855736890380 
-8.451667385108  -0.277610539457 
 7.058598388175   4.749650551327 
-4.553370840531   7.381847005543 
 5.233161950582  -6.918243549402 
-8.283818366916   2.582404044905 
 1.900518866034   8.543514181478 
-5.143912386975  -7.101973170636 
 8.510880499012   2.318617579745 
-7.788507185685  -4.224077537575 
-1.516572047272   8.885113840130 
-2.288823850683  -8.764337596076 
 1.296658159004  -9.024452939162 
 9.149032171703   0.932172882460 
 8.621928593612  -3.367004862238 
 4.659351855047   8.117406724343 
-7.708503585139   5.559422903244 
-6.220507453975   7.229121789558 
-3.827652037230   8.815762091411 
 9.621240440787  -0.815746501019 
-0.335839699439  -9.670140891865 
 4.741334252858  -8.508823285416 
-4.110414426551  -8.915712447576 
-8.742327884501   4.468716359276 
 0.940463037888   9.781261354505 
 3.338835628190   9.308031524682 
 7.017749894373   7.016628029490 
 8.861508107543   4.649252783163 
-9.691705352199  -2.998208359047 
-10.143617767294 -0.218980804397 
-9.961546532020   2.057858117616 
 2.876535397670  -9.823453046368 
-7.808589869287  -6.621209542788 
 8.982638861492  -4.958541984571 
 9.802315567796   3.333830539491 
-6.196818140841  -8.410138135520 
 7.116175377858  -7.693984052058 
-0.487819956408   10.565717399371
-2.696862251541  -10.235207945736
 8.360641050075  -6.627959848516 
-2.112471691711   10.503888132050
 8.483408038384   6.548026609641 
 6.179931638426  -8.984784905470 
 6.310569406666   8.964267143832 
 10.851000749341  1.934561664393 
 0.438434890719  -11.036277128695
-8.382151299088   7.193273904036 
 10.726403641268 -2.653018942054 
 4.569604188507  -10.083241596843
 11.302463847357 -0.051628886408 
-4.807928739264   10.236517665440
-5.304066877877  -10.017951626169
-1.262051475716  -11.296632213605
 1.000808355723   11.382363169926
 2.935599521046   11.060215182270
-10.207233845021 -5.226215839406 
-11.205881526324  3.204094151780 
 10.681698534065 -4.759757433062 
 10.667200925753  4.813529988389 
-7.725436038007  -8.830139125937 
-9.526552597445  -6.870318696743 
-11.800328051302 -0.088372999176 
 1.918038750910  -11.805453657991
 3.446150514753  -11.462890617062
-6.670494272909   10.101284717347
 5.411187207562   10.874878596748
 8.239620522006   8.929931671949 
-11.911958612970 -2.575552138356 
 10.118632913596  6.818500938203 
-10.530274204562  6.181094673279 
-7.949817113612   9.271905713478 
-11.317131326714  4.736068730846 
 6.583757669892  -10.430942192715
-4.334635985270   11.667681056881
-4.789796550198  -11.530390277309
-2.546684119859   12.261427032522
 10.415334797238 -7.065047218824 
-11.790179823912 -4.577690864980 
 12.091460968884 -3.819354349010 
-9.503784485009   8.411840469008 
 0.129102701428   12.714502392630
 12.156689899387  3.755890115896 
-12.554896780857  2.312239753215 
-9.476534220965  -8.570359405611 
 12.888223983828 -0.920176752130 
 5.226954621389  -11.841608795880
-11.401779885592 -6.315651366404 
-3.575276730091  -12.553887914162
 9.038411042844  -9.459123643925 
 11.712067920351 -6.067312046371 
 13.250073878632  0.568063523859 
 11.882894775538  5.902995887054 
-7.761235032979  -10.915148941237
 8.188579611092   10.634654767631
 10.355707496079  8.545372791764 
 2.205967949824  -13.280313440932
 3.770082806190  -12.938303150841
-13.506099495175  0.080542112623 
 2.586377548941   13.267638296697
-10.949774797951 -7.990645425466 
-2.248352980067  -13.379864722687
-0.476326199229  -13.588895434571
 13.370591869727  2.511087422475 
-6.356136590103   12.031955283292
-12.226264011802  6.148809182145 
 8.025401239342  -11.238561100644
 6.739892462131  -12.087697681234
 6.284785943551   12.338643420658
-13.181812339650  4.277264896200 
-0.863208089770   13.878182173952
-3.510271197214   13.466040414461
-5.285857081891  -12.981534836944
 4.978322504997   13.114735518532
-13.937686294688 -1.864575522093 
 13.827022054867 -2.589074197118 
 11.732716067876  7.770878161091 
-13.412740691996 -4.391449140510 
-7.016244949901  -12.318726007711
 0.786893354826   14.165412148234
-11.375927679481  8.490853449670 
 13.552524490005  4.424105221558 
 10.926136047585 -9.197803028018 
-14.138513472876  2.366124092080 
-10.068308478795  10.218421351741
 10.157067443684  10.138368885815
-10.493903734904 -9.802676524982 
-8.810145330384   11.468518117061
 13.774674650968 -4.411793369044 
-9.353718245050  -11.051387463703
 10.137096517567 -10.559622000598
-12.921032661753 -6.913113693431 
 12.236410284044 -8.110173749223 
-5.669179598902   13.682971880230
 5.054663900827  -13.985787770624
-2.401782847149   14.682639100289
-13.788695068395  5.676561901849 
-14.904392284391  0.717396905550 
 3.345857130226   14.630534755285
-13.121840684149  7.428559944840 
 11.811005227119  9.381079988160 
 1.095012537555  -15.048063941365
 15.056518330516  1.027143060076 
 15.074005006121 -0.821252802414 
 13.896950764662  5.962609664679 
 2.664145073652  -14.894902420881
 14.927864996944  2.624376505922 
-1.574420948076  -15.172319419290
 14.039721111260 -5.987934089964 
 8.151998957413   12.993550958290
-4.432853151421  -14.750841750707
-14.981820349980  3.829103493408 
 7.941152179906  -13.301912941926
-12.582999381542 -9.172780563521 
-6.286263631881  -14.350322415967
 10.256668798647  11.872694203963
-12.122512916407  9.989334462655 
 15.013939091399  4.771153893611 
-15.105479008044 -4.618003424181 
 0.212635937734   15.852464973468
-14.502675511489 -6.442900227293 
-8.143159579066  -13.632663404056
-15.877369729121 -0.985766592096 
 15.514248625835 -3.543117783295 
-9.378534746941   12.888970087380
 10.145592574403 -12.355860744006
-0.274680119902  -16.003351282432
 6.947846606028   14.490380435295
 5.474999379766   15.153039237352
-10.677439099209  12.086266179691
-16.019446913859  1.993919246563 
 15.314399279782 -5.123651565821 
-14.119785298902 -7.914403106791 
 6.386715960056  -14.876922299317
 4.615390726918  -15.569490268420
-3.767276319276   15.803085705882
 13.590045515516 -8.998002273275 
-15.971439566982 -3.283444770914 
-10.387308694258 -12.601125015416
-15.417030189319  5.456088904006 
-6.007358250733   15.254090539409
 13.924503897698  8.776742241548 
-2.017242627629   16.378486170484
-8.484657454356   14.154519297427
 16.222580403607  3.390234611278 
-2.441510969424  -16.412383539656
-12.182270102109 -11.319411737583
 16.659467416543  0.520832489544 
 11.658630304788 -11.939596711454
 2.683433286360   16.487770702798
 15.216669582998 -6.955464464045 
 1.500545138735  -16.675952873735
 16.746265727675 -1.485374362452 
-16.506198812638  3.503819619249 
