 0.523889614617  -0.028213524998 
-1.321054008424   0.328973489308 
 1.613486837898   1.185366422349 
 0.240338461348  -2.176011962251 
 0.308941743330   2.177535004706 
 1.986796748963  -1.117145155968 
-2.328293915978   1.698667732067 
-1.310833319757  -2.611338188525 
-2.994875171585  -0.449322362848 
 1.719245384252  -2.707465086503 
 3.458781434001  -0.591671336057 
 2.512959169568   2.524668077846 
-0.261365698838   3.648501165700 
 0.132512955104  -3.716354935298 
 3.812774393269   0.924995144259 
-1.855680737450   3.473893101642 
-3.150860015087  -2.584953940196 
-4.237692929068   0.417713090800 
 1.625669083795   4.078860319606 
 4.332420590175  -1.827068257408 
 3.482879725452  -3.509348041002 
-1.696227326999  -4.743902680670 
-4.942722271262  -1.006846494745 
 3.773183285355   3.371116773553 
 0.932676413448  -5.042191968638 
-4.364632408463   2.866327231860 
 0.023927102160   5.304258054729 
 5.354962038692  -0.121778320130 
-5.515172274302   1.807379162695 
 3.023979415238  -4.987755886182 
-5.837065589124   0.309460731490 
-3.227855137141  -4.897090482567 
-5.347837502085  -2.762078754980 
-1.707484701733   5.779036361789 
 2.601616735643   5.582433620472 
 5.968920684405  -1.745047860289 
 5.155950190316  -3.588832662452 
-3.887567478490   5.140388319439 
 6.148638783881   2.144461418982 
 5.375808194210   3.748608234559 
 1.307337880970   6.441142626375 
-4.986710680491  -4.483897374958 
 1.571810105059  -6.550537351930 
-5.601933643037   4.007063548773 
-0.134251826414  -6.893542860112 
 4.730271506883  -5.220090469546 
-2.547251369596  -6.613786689970 
-0.823273539083   7.178976612736 
-6.923619324973  -2.309882370285 
 4.573028427446   5.731514521785 
-7.188538182328   1.546710324100 
-2.773328003232   6.970485988564 
 7.633666934855   0.542627831976 
 3.507870158048   6.849463179063 
-7.660834269614  -0.929429369186 
-7.069386478305   3.242963960569 
 7.522022682045  -2.395137061863 
-4.448777684893   6.550924526874 
-6.882774808984  -4.010313299686 
 7.065184067189   3.682145465378 
 2.140049244834   7.736751562622 
 6.170625207314   5.150296529213 
-4.478973214984  -6.900345023199 
 3.134905846688  -7.612842300522 
-5.785011859752  -5.996507450284 
 7.517252119429  -4.322731694008 
-6.222936199252   6.248421404435 
-8.862467736888   1.052284735774 
 8.729292773628   2.131864474190 
-7.659581686705   4.815364745620 
 0.629345171967  -9.053844802395 
 5.497080172943  -7.230986454741 
 0.318907350140   9.182690767006 
-1.759738964055  -9.036209760772 
-9.182912456688  -1.838193567404 
 5.910220759832   7.368527802336 
-4.226295003031  -8.512149841282 
 7.732441169169   5.610972869240 
 4.418935294996  -8.501568714903 
-8.919724820280  -3.595936100451 
 4.607396863362   8.446994633901 
 9.479791840009  -1.736802634776 
-9.149354372640   3.073774714848 
 7.441136371940  -6.294848211834 
-1.302255776634   9.691050559901 
 3.226922136673   9.245565318452 
 3.086600026796  -9.307107857901 
-5.825785096072  -7.948081787729 
 9.918706878011   0.686925821369 
-4.511744969471   8.936263048180 
-8.268257302067  -5.695721162643 
 9.350734592164   3.794299259724 
-10.137408902962 -0.247692257612 
 9.553475802553  -3.449050503443 
-7.748779760778   6.649228061690 
-3.196497698485   9.754309938780 
 1.675311801673   10.178762368658
-6.786060304561   7.814395533090 
-3.060359764068  -9.988012626314 
-10.305026303773  2.020494154088 
 2.019765145708  -10.371797960467
-1.047565469075  -10.678815826815
 10.481951149748  2.610439177251 
 0.102866485061   10.861579925894
 9.673407585980  -4.959899501005 
-10.894884119703 -1.686719082575 
-10.251417308660  4.099331395158 
 9.588417338940   5.493063223521 
 7.042580821682   8.523741144529 
 5.827191099945   9.563145351445 
-8.340264293280  -7.512507047370 
-9.655302819832   5.830505638999 
 11.100354745489 -2.112980485668 
 5.698749878469  -9.794665208499 
-11.332388888853  0.808950891259 
 7.004442615353  -8.992045431260 
-10.896974756014 -3.403692380961 
-6.124113805269  -9.639647580224 
-7.401394486394  -8.702864789892 
-4.655469359864  -10.455384251209
-2.133797243829   11.290340131369
 4.027681147454  -10.801676965788
 11.540614871017 -0.163137414146 
 10.953360006097 -4.030766076817 
 10.761089619761  4.540963213229 
-8.401806946317   8.180403474137 
 8.536637367138   8.091258945812 
 3.492542037969   11.311793273875
 9.194344008833  -7.589227859014 
-10.733456175097 -5.208812562453 
 11.797685974115  1.871067860175 
 1.512451794170  -11.882178610271
 9.730611591531   6.989892689403 
-0.820241922293   12.060101576088
-12.090505717312 -0.576081132415 
-6.531699674337   10.197219200835
-12.115929966805  2.172262192910 
-9.789971158245   7.516670121487 
 7.255712561229   10.052383046354
-4.260799082973   11.655137081931
-11.922859688861  3.791089554800 
 1.029995113811   12.497136962150
-9.818481949356  -7.812831557612 
-0.370996288541  -12.551342182485
-2.328562459134  -12.500008161655
 11.389979265951 -5.660803523138 
-11.527765932494  5.591761305196 
 12.227038429652  3.928664122140 
-12.597686896854 -2.741798160243 
 3.879094438182  -12.332467331617
 5.910972857708  -11.513896563318
-7.952611945909  -10.266450290346
 12.918975713324 -1.418636846835 
 9.220768499591  -9.214821597516 
-6.582940078758  -11.291096259663
 5.731408813710   11.757294468006
-12.295349994398 -4.627675081406 
-9.346508113261  -9.248586962308 
-11.172404791943 -7.004747096010 
 12.598107619456 -4.128717907490 
 10.670372116043 -7.893819377522 
 11.364648203665  6.933329916702 
 3.944280335821   12.751188599293
-8.381037289737   10.417080569579
 10.315774756019  8.517309807421 
 1.119532719784  -13.369841010905
-1.619896472705   13.554579640821
-7.052820143010   11.696334934239
-4.481359943854  -12.920468249528
 2.378653631649   13.495466067497
-13.804071643075 -0.648763034319 
-10.978882159700  8.447890850299 
 7.984943267528  -11.323613835718
 13.766786653499  2.036459416105 
-13.883592937672  1.005923859124 
-13.682633375449  2.801751386948 
-3.707602451876   13.526160266591
-0.500578008026  -14.159745491430
 7.194110382891   12.219623710707
 13.007097053763 -5.653252155240 
-5.882827512768   12.924327371430
 14.316164067272 -0.344643538647 
 0.157225548510   14.329189106803
-13.238710468191  5.604701812052 
-6.140996253307  -13.026148567410
-13.979103759141 -3.649046815220 
 9.752123310085   10.683530921322
-11.251988446322 -9.142738316759 
 13.275559991083  5.947432085123 
-12.874698194406 -6.950070548424 
 5.647857482994   13.521928316467
 12.576662322950 -7.555216516050 
-10.486102655784  10.321235257382
-10.168944529816 -10.680700689850
 4.371582137508  -14.163497657284
-13.871403757863 -5.225695524124 
-12.864711092111  7.431173558115 
 10.187887052433 -10.817369307510
-8.604491519151   12.123403401915
-8.111590932411  -12.460333161298
 2.069221915949  -14.831731119967
 12.950487138361  7.682334084154 
-3.733883278510  -14.598953277168
 3.641985283791   14.626780779774
-14.408019621025  4.497710050009 
 14.771970328892 -3.619253477814 
 11.724895682220  9.701543350803 
-15.342353845177 -0.001346645423 
 14.801598679857  4.055012183085 
 7.789956273391  -13.275741432856
 12.429527530908 -9.117830270496 
 6.100222628215  -14.161912599882
-15.381190374537  1.576916867676 
-12.020387297850  9.842162927187 
 9.653754899697   12.212650660743
-5.428386597249   14.631359488089
 14.108275002208 -6.696198994650 
 14.748342540963 -5.163927470122 
-2.202674294881   15.483014899939
 1.032891294191   15.627051551671
-3.968450578949   15.154831344018
-1.895679200090  -15.555229330705
 15.581102139004 -1.747716033328 
-0.275019815625  -15.697975011824
-15.500004030136 -2.878441438145 
-8.108343003859   13.554190546463
 11.858685960844 -10.505935329193
 3.512605915597  -15.547390729957
 15.790484282113  2.175098951750 
-15.630408704117  3.132677846814 
-15.883027033535 -1.404860151713 
 9.943111070916  -12.596396668994
 5.630183267579   15.099047607114
-11.861150508545 -10.909740591479
-14.508927754833  7.119471691034 
-10.666376680986 -12.267590844285
 7.552286022332   14.421404178791
 14.496767927742  7.470443316093 
 5.112020354429  -15.497171270681
 11.294561687458  11.802302773188
-15.307660039935 -5.704838116410 
-7.065480392840   14.747358580890
 16.352763068172  0.417470096706 
-14.712812093006 -7.203615581938 
-0.701063398176   16.378114438385
-8.885239245347  -13.809490128368
-7.172960629132  -14.905060764940
-5.268812427494  -15.704927173739
 9.262432647941   13.744424473060
-13.591323605405  9.494718284326 
-13.284416397858 -9.927345430060 
-11.601533865450  11.869587149403
 15.414883609264  6.202087252583 
-15.929279296321  4.768104031860 
-10.452124831925  12.961668893969
 7.379866855801  -15.007473566814
