 1.016792970773  -0.214240855246 
-0.340210829934  -1.065616905087 
-1.603035517719   0.555769644866 
 1.216965090306   1.306534860049 
 2.572785103810  -0.130819230987 
-2.028240715389  -1.626642937947 
-0.349048850300  -2.623180790315 
-0.098795509204   2.781870248437 
-1.867765491189   2.072911895552 
-2.945635555665  -0.331920122663 
 2.543927963388  -1.963475353107 
 3.467379602663   1.172805709751 
 1.482864693255   3.399560192297 
 2.822066108041   2.527472805202 
 1.115903011366  -3.644249455517 
-3.498470937652  -2.195042864787 
-3.954631772979   1.270774343617 
-0.061456937932   4.285886422668 
 4.276068541003  -0.634234880485 
-0.393376831222  -4.345788459315 
-3.478663466902   2.696213616855 
-2.217697035444   3.833383371614 
 2.784156619873  -3.516617729491 
-4.462687726570  -0.511859513316 
-2.338305135837  -4.482902780235 
-3.781703622248  -3.697005554751 
 0.984472866988   5.366035093066 
 5.346243717503   1.095498764676 
 4.118366641100   3.605047762885 
-5.009271436023  -2.300384446944 
 2.875927628263   4.857811884354 
-0.748108376831   5.661947407942 
 4.991539652610  -3.153633899971 
-2.606126540455   5.317855867693 
-4.701951099219   3.633837855493 
 3.755372364922  -4.688888792930 
-1.263773546030  -5.939088537370 
 5.420290148294   2.833480803331 
 1.710195788170  -5.912017960298 
-6.133355278748  -1.212374849745 
-6.214660029518   0.935804021476 
-5.972645558806   2.706220620154 
-2.872251600693  -5.936014579105 
 6.879320270490  -0.979557524076 
 0.963850096838   7.006290897357 
 0.340905592628  -7.115361722837 
 3.405538260458  -6.313784288125 
-2.151567223047   6.954015328835 
-4.587741905207   5.668978882163 
 5.486127085420   4.811124992058 
 6.383562166662  -3.727041569887 
-4.522312707245  -5.881266840027 
-6.765655363386  -3.282867891010 
 3.598540625910   6.787354005719 
-7.564364261910  -1.751074356545 
-6.159795282303   4.757329609045 
 7.641826761357   1.490829388180 
-6.134998758187  -5.033922792216 
-0.677032051181   7.913355059305 
-7.960814440191   0.732905367345 
-1.039219683148  -8.109996589125 
 2.765685083336  -7.725010348962 
 7.526558555078   3.355993572333 
 8.194971399957  -1.732366620870 
-2.584071654614  -8.160460900243 
 6.159359684048  -6.034616585936 
 4.598645673667  -7.398759974746 
-8.178695874857   3.005605192624 
 8.017367216644  -3.462980268302 
 8.743610809757  -0.225305690462 
-4.517431910336  -7.493130230090 
 1.561184837737  -8.640111064489 
 1.910902829232   8.612347244283 
 5.406388241118   7.113343669484 
 0.425600178474   8.994477351747 
 6.701488675895   6.168023381822 
-6.209251396065  -6.717455551327 
-4.368623549433   8.047522030754 
 8.824959833195   2.462690561747 
-9.172977407397  -1.410868616935 
 4.153520803170   8.409003719771 
-2.795169620110   8.979437110745 
-1.295135778125   9.416739265379 
-8.589993773474  -4.216115794489 
-9.597839222484   0.470152335678 
-7.574243243704  -5.956166739408 
-9.510682552079   2.155334795947 
-7.877295235201   5.753943200542 
 8.878256952841   4.278871715489 
 9.567495997334  -2.454161058234 
-4.000999352556  -9.159273591314 
 3.554909908850  -9.386504803661 
-6.928371581763   7.308575440444 
 10.089449474815  0.620331967525 
-0.428430337707  -10.127723496925
 8.589544199840   5.774150797515 
-9.866204736831  -3.333262637933 
 8.978742214658  -5.318066303050 
 7.010109796983  -7.780573072549 
-2.356258251056  -10.259120447616
 10.528588183822 -1.015251677406 
-9.711801950217   4.200811497092 
 2.261124869564  -10.344028301085
 3.777146771426   9.905081232599 
-5.590452422014  -9.063999044763 
 5.733378787897  -9.014784992949 
 2.325407354004   10.461429228261
 7.197336998690   7.955444209552 
-9.146215897070  -5.701187449853 
 10.404897800662  3.336444450328 
-6.059775618179   9.102031657816 
-7.321922098866  -8.124595850964 
 0.859366895553   10.974197331228
-2.318328737758   10.784553125674
-11.080628839451  0.051438470355 
 6.105119943185   9.267206788908 
 10.524797284083 -3.639204169512 
 8.630392678387  -7.064883471571 
-3.886664287124   10.589272229524
 0.568598965592  -11.300185722552
 11.201355598663  1.746358406966 
-9.470412609859   6.238419288127 
-8.512383253526   7.518652391432 
-11.300690822814  1.930316519477 
 4.079047185419  -10.946473746927
-0.966456380215  -11.880353526723
-9.546667797142  -7.189316264009 
-11.424027188785 -3.615022636877 
-2.472567730503  -11.766645351959
-4.062425068670  -11.412100946896
-1.130950543248   12.085935635225
-11.277495607275  4.566539018513 
 4.293747975109   11.400331456577
-12.140330037076 -1.767005507532 
 10.586461765443  6.200665699590 
 12.114371754501 -2.199248681611 
-8.271244715116   9.221835080012 
 6.214137758317  -10.726148916076
 8.476090334173  -9.095263733494 
-6.761180706592   10.504692160089
 6.400716896639   10.817659545829
 11.342917396757 -5.480867013245 
-12.640486017809  0.363415526540 
 9.953669439741   7.830591824940 
 3.231946682574  -12.260765443306
 12.150777388170 -3.709358289280 
-11.061492512805 -6.269948682544 
 10.032198527213 -7.823675077971 
 1.487157030236  -12.723685500714
-9.411374044414  -8.791693248436 
-8.318126384147  -9.837844891355 
 8.874294063173   9.340436309765 
-4.817932031994   11.959801350772
-12.511413840900  3.591711000453 
 13.017556050324  0.338171305762 
-10.933233093844  7.093211564507 
-6.731890371547  -11.193101894353
 2.885869873285   12.753604191868
 13.168181773080  1.981819421551 
 1.272729398712   13.292144752515
 12.093332835854  5.713594887095 
 13.344805127994 -1.288023664190 
-5.459203801590  -12.245633423569
-3.253451160786   13.063356175383
-12.207674495311  5.875534211081 
-12.896114545145 -4.185720987042 
-3.056852365743  -13.211216675448
-12.464945568760 -5.655098277914 
 13.091090757569  4.139830524807 
-11.167169359900 -7.994466839491 
-6.414539558132   12.166134706624
 12.000066418963 -6.858096589832 
 5.189868493075   12.810793995222
 7.591237650762  -11.558472736587
 11.605099080656  7.545263739036 
 8.850040610957  -10.667566926364
-9.929955371972   9.682303114112 
-0.861844839724  -13.843553890472
 10.211364222466 -9.529685817899 
-1.776322152822   13.859244040152
 6.258862804157  -12.616996939792
-0.112064065930   14.108126223725
 3.031833333795  -13.826558367350
-8.312948717255   11.460490202056
-13.968007061062  2.419827415051 
 7.483959393777   12.084312239540
-14.283856425016 -0.003764050614 
 13.456992306614 -4.959529633242 
 4.619969325404  -13.585343416505
-14.140443131854 -2.585865003497 
 9.471622659307   10.834911000505
 14.520274295905  0.140564155939 
-10.595616441630 -9.943090963546 
 11.577532801593 -8.818762945257 
 11.331413100538  9.268519774198 
 14.456086379272 -2.309915914490 
-13.679281649451  5.377680617500 
-7.891946320905  -12.400606961414
 13.068559628439  6.957969243099 
 0.342920554695  -14.864253188046
-5.699401180288  -13.781409906507
 14.626788203692  2.913174094459 
-12.852623365272  7.597243797108 
-4.120257273277  -14.420264928754
-11.859667295102  9.212389376746 
-13.404465988718 -7.040866490332 
 14.701573600663 -3.946220818024 
-5.755016200555   14.208665171166
 3.377751386081   15.005303935961
-2.184648826457  -15.255852213815
-9.922540867361  -11.829067263694
 7.638681150736  -13.418255403438
 9.748134646563  -12.075643422452
-15.132070913176  3.832172715823 
 2.085879061012  -15.495391712399
-14.947191777916 -4.593895129672 
-7.269300173662  -13.872114243308
 1.938656219309   15.547572470583
 13.735158118422 -7.675235173737 
 12.838308866033  9.096422650647 
-12.945267630454 -9.001856060455 
-15.790369431615 -0.011971486915 
-15.705187632116  1.716213068104 
-14.644511184209 -6.068019036068 
-2.133585068812   15.709630610949
 15.899415912272  1.125566222249 
 11.027519675593  11.597167968032
 15.182584006039  5.129790180804 
-4.135165986875   15.486783410235
 6.529250494114  -14.659737536845
 11.838677104798 -10.907387837964
 15.242536739509 -5.474059396758 
-0.972928772699  -16.168244095379
-16.159898913402 -1.613655193722 
-11.469597948310 -11.507275312390
-7.979359615373   14.175209252675
 5.039358885083  -15.480726487586
 9.733267852358   13.163673675684
-9.407482589996  -13.449034883971
 5.403595646259   15.526391542291
 7.469841831319   14.680187242977
 16.163074062470 -3.515303378002 
-11.248970738318  12.141779568194
 13.219407057936 -9.968699673453 
 12.432809515739  11.055588095178
-4.588979489621  -15.992939202937
 15.059900599752  7.128804855262 
 15.165107273156 -7.004795965407 
-9.478142598182   13.825791148480
-15.378284380596  6.734477352227 
 14.348947841692  8.745458901667 
-16.445057742825 -3.457355648913 
-0.395603589876   16.825317926928
-14.981938073295 -7.781051657022 
-6.474178674332   15.630141790502
 16.909444114085 -0.686472480833 
