-0.023075113447  -0.950568004187 
-0.867347801990   0.420977877275 
 0.206257883623   1.504257288486 
 1.587444996039  -0.442906814877 
-1.591538316226  -1.031409046449 
 1.782528879863   1.368902744411 
-2.364103077898   0.583885257837 
-0.064677758838  -2.504593376073 
 3.110614678552  -0.518167614604 
 0.591689502252   3.110223421056 
 2.596291514294  -2.034129089259 
-1.192097100932   3.161124648261 
-2.679933553053  -2.162646272192 
 1.764579829562  -3.334745860240 
 2.629485926216   2.826449267117 
-3.432020181356   1.804924171479 
 3.673781831194   1.586747153179 
-0.293245649831   4.406884083040 
-4.438897540689   0.344611614272 
-2.767355943660  -3.705731316666 
-0.033273817586  -4.660330650837 
 4.669783962915  -0.552515594216 
 1.546343056226   4.555540677025 
-4.556851119288  -1.644971551380 
-2.152175845462   4.455218846092 
 4.431830078664  -2.366450042150 
-3.598876282945   3.593068342677 
 1.641471262649  -5.146834054531 
 3.356657773302   4.293654912328 
 5.168075655127   2.192553734119 
-0.836067746714   5.868268245467 
-0.863214039645  -5.946334114210 
-6.064883912333   0.275305787491 
 0.797191610585   6.049478434368 
 6.073377183487   0.597859248515 
 4.418683179239  -4.234898119009 
-5.295165131824   3.069883707769 
-6.062622354043  -1.264612483663 
-5.356216417805  -3.180766422625 
-2.373150677913  -5.912430133587 
 5.781182165849  -3.046123475673 
-4.188550317333  -5.084254129502 
-2.886498156430   5.938960160351 
 2.366587992185   6.176935924859 
 5.687690460034   3.604112428552 
-6.601524438462   1.748083092707 
 3.906975258355  -5.660195147239 
 3.889485822210   5.755410613034 
 0.791895652508  -6.939265001278 
 2.414457565590  -6.620896514010 
 6.889006672771  -1.959798599573 
 5.916231196212  -4.588069462187 
 7.498690789666  -0.010539272675 
-5.937993661256   4.647828231977 
-1.750851138398   7.398375927216 
-4.640597305583   6.080443034608 
-0.872106828051  -7.656289508564 
 7.494027132208   1.923072483419 
 0.391217875205   7.773951104024 
-7.123293594394   3.161663685681 
 5.891966910094   5.256323319362 
 2.372637006114   7.695151891938 
-8.038911365655   0.670579140303 
-7.086698025732  -3.954126099163 
-2.471672761317  -7.785432187111 
-8.149925636634  -1.031020934245 
-4.446450245902  -6.925466589097 
 1.513924125854  -8.397188211202 
-3.572336533581   7.760640096029 
 7.917495084911   3.778753379283 
-8.468707736338   2.329457189130 
-6.576749662808  -6.013124447063 
 6.099718890968  -6.562260324066 
 4.884868602724  -7.555875732763 
-7.315105202553   5.366845540785 
 9.047286979394  -0.891020447234 
 9.071828896973   0.658541086570 
-8.702732607216  -2.820741930378 
-1.575907743649  -9.019339496712 
 8.408633119670  -3.743681665858 
 9.087874616876   2.194304206374 
-6.285438034928   6.990515322158 
 3.282769233703  -8.856981066494 
 3.418002282192   8.810849835138 
 5.492442502528   7.721473383278 
 7.584131387323  -5.962708052137 
-3.974684093743  -8.816849128858 
-0.789330028020   9.642937494560 
-6.162405874566  -7.471627166666 
 0.516761023436  -9.707992535036 
-8.064645679571  -5.560173700715 
-8.895298423560   4.125147082147 
 7.612266993750   6.370568971156 
 2.069073064053  -9.805725174141 
 9.821299903807  -2.418920726654 
-3.505737585461   9.555167781891 
 1.336826806368   10.290718989280
-10.513364126992 -1.289014657631 
-10.295485569705 -2.775219968413 
-8.074110175008   7.053654987861 
 10.065426037539 -4.033027213763 
 10.853976359357  0.505766170781 
-10.855459284842  0.897849083857 
-6.155691937606  -9.015599541725 
 4.600590208074   9.911655034774 
 7.871615696068  -7.633524317791 
-0.711297991505  -10.942819492253
-9.421055936820   5.653723999145 
-8.391401692532  -7.149112972748 
 9.793577817063   5.091810121532 
-10.682308942949  2.805291359350 
-3.218774779252  -10.715140045699
-5.725150265981   9.624355934247 
 1.393056062684  -11.154812465114
 6.791382300570   8.973073386761 
 9.250413590895  -6.525179671198 
-5.143061116738  -10.145454045007
 8.150659240263   8.078568078568 
 5.302417660558  -10.240459859083
-7.537600794789   8.746714032778 
 11.026521877401  3.472334503504 
 3.925567253812  -10.875566431014
 11.384208284850 -2.188156710068 
 0.338806827844   11.600209673647
-10.575698179007 -4.806287933843 
-9.788765627888  -6.337363521083 
-1.907728195822   11.576878245668
 7.032400814186  -9.481434698384 
-10.861711219935  4.961009585703 
-11.993169063725 -0.971325797969 
 3.138813462009   11.713097293470
 10.748476985352 -5.693820468839 
 2.784417454831  -11.880651058261
-12.075100025884  1.970812211810 
 6.204910441032   10.571116247440
-2.099917346408  -12.124602753356
 10.505298881813  6.493452273524 
-9.959461006883   7.324882803519 
 11.320969346245  5.042333529113 
-3.866263023955   11.787837446595
 11.803203865139 -4.006665132579 
-7.535939945376  -9.932984383489 
-11.964914383001  3.753673974425 
-12.057080211775 -3.651958130632 
-0.103963531815  -12.704171253274
-8.966070749884  -9.211304091466 
-12.849512982654  0.583299072108 
 12.640080386542  2.384406638969 
-5.843183752814   11.507524714274
 12.941105026397 -0.359996134050 
 8.656257770940  -9.639576820263 
 1.695849348989   12.851192380852
 9.813164640468   8.541033267946 
-8.053330284206   10.304413920019
 4.668718060245   12.224355959923
 6.948120907154  -11.267341989464
-5.053528753285  -12.236949192205
-10.358976100804 -8.246628946649 
-0.985903163146   13.220496051202
-9.476535988783   9.279372468469 
-11.456934811421 -6.751937265711 
 9.041861194630   9.891103436476 
 10.101365803587 -8.850217436619 
 11.607125137586 -7.129277342594 
 7.442442484029   11.418914294480
-12.629927096689 -5.207786233389 
-13.621370192363 -1.113808072250 
 13.192118567394  3.925097958871 
-7.139901209531  -11.793886799868
 12.461664549714  6.019010243299 
 13.744577691906 -1.635136682379 
 3.082657266746   13.546228840727
-13.745459922863  2.056834013801 
-8.880104034387  -10.710344770468
-2.054457927532  -13.770510061388
 13.989249459965  0.997317355174 
-11.168055483623  8.536337443450 
 12.992636027574 -5.551870318132 
 11.936732477087  7.582539621925 
-12.598332962674  6.460742152666 
-13.500664349042  4.312971965943 
 13.748798705736 -3.474970087738 
 5.177657519073  -13.221001614322
 1.189586489650  -14.178231640581
 8.711842903607  -11.343784121547
 3.749115612088  -13.814905175383
-3.698145684417  -13.832196335041
-5.206804750556   13.585988154089
 5.344119598915   13.581499428125
-9.033425315682   11.517308236598
-14.242434106302 -3.496242501704 
 1.775553735519   14.576790694643
 6.708860957464  -13.075531412827
-3.507721981090   14.364745274159
-0.977767819411  -14.815205887188
-6.172035800855  -13.509002709021
-14.826723259643  0.967604972816 
 14.561969033567  3.012905955090 
-1.508136052743   14.820331705913
 0.140801321702   14.921344338547
-12.635818711982 -7.942581461413 
 14.954793232121 -0.298438110571 
-11.179931817421 -9.939193341947 
-10.727870945245  10.453921878217
-13.477491934524 -6.665469311429 
 10.972642296642 -10.372492421539
 14.187095004230  5.218903967775 
 12.846967051167 -8.048464517506 
 10.830221777578  10.761472093879
-14.917548644316  3.390351870291 
 9.714007479172   11.829736570745
 7.005139229879   13.633908206341
 15.202930846247 -2.101829150967 
 14.526735242096 -5.094330721747 
-7.853710427582   13.269760812381
 11.984563241743  9.773237554063 
-12.939839344908  8.491773359159 
 8.662924647645  -12.927069038274
 14.000474413141 -6.797504299255 
 4.496362140489   14.922742318567
-15.668457351398 -0.362757378252 
-9.088705117837  -12.876783079361
 8.828078494558   13.087975274555
 12.596576860202 -9.580993163890 
 15.743136748941  1.907105320259 
-7.763474676236  -13.944629898055
 0.463205475912  -16.051281899451
-10.553333286417  12.156289887100
-5.459854981804  -15.191379732663
 2.665076362586  -15.961004625328
-14.959856289404 -6.175256477207 
 7.153969567617  -14.534208162240
-16.124359660059 -1.820904398614 
 13.677137439682  8.771508070395 
 2.232227262755   16.097264310685
 15.834861940811 -3.806961278212 
-13.384209413710 -9.297771912213 
-15.200481705866  5.912130822523 
-12.171369787600  10.865570993191
-6.304020797411   15.083469874142
-15.656229977202 -4.772741996040 
-1.128754216399  -16.353260505259
 10.219821414663 -12.832960584004
 14.964483897621  6.889269990545 
 11.633306139081 -11.865509802220
-1.754090111561   16.575581393103
-10.998748094167 -12.525011105803
 14.497903147972 -8.258537761979 
-9.286725346396   13.896289006403
 5.163927598217  -15.962136435167
 0.718531429496   16.783835815295
 7.467160307383   15.120839540656
-14.964390303122  7.778733951477 
-3.231747287989  -16.682638972508
 16.925790617736 -1.862020113441 
 16.078682530378  5.753435270253 
