 0.590677355028  -0.520745708082 
-0.237058455825   0.879541399077 
-1.780229466167  -0.028118924667 
 1.739598937238   0.521096035078 
-1.264363922375  -1.605592425161 
 2.193901374510  -0.917846852807 
 1.117648252931  -2.315211530445 
 1.271733391716   2.278693634238 
-1.121521204670   2.439381123828 
-0.589102400083  -3.022698822099 
-3.031131372709  -1.299405642941 
 3.017515334121   2.140347045233 
-3.430788923128   1.628271611761 
-2.092157922702  -3.278247915023 
-0.440024827100   3.944928111357 
 1.262076335813   3.820624815557 
 2.095176542862  -3.503332161648 
-2.890341753682   3.080716760518 
 4.102349851884  -1.111034170380 
-0.363880854416  -4.625093857246 
 4.704690295745   0.289710974194 
-3.869726712537  -2.883118311666 
 3.427609518023   3.630810580391 
 4.329825404963  -2.595588218314 
 4.659619247129   2.289850879152 
-5.270325055069  -0.141040884085 
-5.192796915316   1.688266823731 
-3.139300060451   4.648751461407 
 1.581248868419  -5.422191462122 
-0.172697224000   5.646201816326 
 1.500372996026   5.529736903608 
 5.505828365774  -1.663310585050 
-5.426730795968  -2.266072975397 
-1.317803082751  -5.829383663117 
 4.070993677501  -4.627717562598 
-5.181855138656   3.360988866347 
 5.023422870866   3.762131884513 
 0.123000827667  -6.284167706223 
 6.121044512686   1.832644504101 
 6.439896501347   0.354622009839 
-3.284046549285  -5.599978795280 
-5.040778154453  -4.099363808364 
-2.251843501693   6.314959994360 
-6.825064255119   1.119841360322 
 3.983029782667   5.791435390249 
-4.921870912520   5.045363649051 
 3.132335680432  -6.434172376110 
 5.575831452591  -4.510077188995 
 6.444888863535  -3.147865218597 
 2.722047905392   6.695873113250 
 1.456863489174  -7.190618130116 
-7.369444522786  -0.529489950877 
 7.316758116781  -1.294704254363 
-6.803088416912   3.153340710354 
-5.008576592091  -5.611800418396 
-4.134620342807   6.324059478256 
 0.947166206705   7.561350823449 
 4.821707645844  -6.120554877453 
 7.679757932562   1.327843518611 
-6.680572874698  -4.032372381567 
 5.568275792710   5.526571713476 
-0.601355183400  -7.988348898611 
 7.225560070481   3.592669406489 
-1.633320007906   7.922534708646 
-6.468439544808   5.127086880978 
-8.118160119632   1.933667886662 
-8.413226975381  -1.790897411579 
-3.545633286907  -7.965499947675 
-8.207221504503  -3.301079861999 
 3.379089830029   8.197822134564 
 6.943487608430  -5.630780912722 
-6.970109480849  -5.651564144427 
-7.943861004466   4.333941146808 
 8.076037036387  -4.433014625786 
 2.054065338587   9.027720096464 
 1.304676529247  -9.174127489406 
 9.331353659051   0.734641897316 
 5.770685649428   7.385372576943 
 6.915240117445   6.390308147911 
 4.030818522584  -8.526809752632 
-9.492795667698  -0.702139022533 
 9.103665074265  -2.857014038209 
 5.880911147736  -7.516866407185 
 9.213511271671   2.571013973986 
-2.184836132455   9.343922701533 
-6.051957994487  -7.477815485485 
-5.263562857896   8.073415611572 
 0.256136015947   9.637739435616 
-2.335474967870  -9.571789294535 
-3.754254799602   9.163108976146 
-9.941026078429   0.982902076110 
-9.443632608047   3.360431585392 
-8.782121480012  -4.859701873923 
 10.120528364657 -1.055781260455 
-5.139077233621  -8.784594307770 
 8.903113737285   4.944908788058 
-8.223315889408   6.042736756958 
-7.100134755427   7.487627315844 
 5.407083696787   8.842024365065 
 3.551829245842   9.826389120061 
-7.587152226453  -7.226136313508 
 8.757152040177  -5.854889864750 
-10.121434073853 -2.939215150052 
-0.097458584182  -10.607418674313
-4.126186886077  -9.899091947293 
 10.119757940700  3.793255110853 
 10.832685685316  0.553932350432 
 3.839545640141  -10.170101670011
-0.799803268481   10.884288938350
 1.897684461927  -10.755586973806
 10.765435256982  2.429338831815 
 8.727165025753   6.868274573874 
-11.040520030613 -1.578473474924 
 7.678264761106   8.181786294370 
 7.102512853295  -8.687408995131 
 10.273090039864 -4.884939885166 
 0.626427361692   11.370047485773
-6.428062211159   9.538366318992 
 8.660795712555  -7.578878035848 
-9.282415384959  -6.880389427593 
-6.674599148084  -9.492380792433 
-10.685177903809 -4.606366713887 
-10.281415678906  5.608128193278 
 4.954079675528   10.636392483935
-3.058778315174  -11.403099451214
 6.983647770177   9.552532623493 
-11.360379925883  3.454493506798 
-3.494290267190   11.389428195406
-8.702339511262   8.139326803080 
 11.601950490885 -2.912246007799 
-1.182574393239  -11.947767400485
 10.195123000221 -6.418538446075 
-5.492112215527  -10.781289377151
 6.390339950175  -10.446020301401
 11.652753945801  3.817057571579 
 2.650199529022   12.060796835546
-12.188129676368  2.025218223753 
-5.154686767673   11.237324312311
 12.321733666239  1.541791556242 
 12.360359167015 -1.250445523975 
-8.605297380398  -8.984391774592 
 10.309267198122  7.162540280863 
-12.634273266068 -0.230900033819 
 8.532640564373  -9.491313750840 
 9.070237093834   8.994377917833 
 6.528714750661   11.043456129220
-2.550087633468   12.575878448176
-12.659124336069 -2.449620571697 
-10.452004692185  7.574605974676 
 4.288748644783  -12.231673081409
 0.410147180865  -12.995396945577
 1.422889520888   12.927740537992
 13.008720369564  0.104573451603 
-7.381711056468   10.740094217122
-12.234845988595 -4.651267400347 
 2.356519616809  -12.889923317146
 11.745067725679 -5.824717304841 
 11.720862780876  5.967232839839 
-11.461592214637 -6.621116517191 
-10.142947736745 -8.708211464221 
-12.219197673040  5.506489817925 
-4.620338858950   12.663548095648
 12.696551195879 -4.556146849222 
-12.980061621917  3.776238914661 
-1.063214529855  -13.517727622415
-5.063412128029  -12.623022218833
-7.935265727867  -11.055962984489
-2.866224094519  -13.322916019323
-9.422679158772   10.021915501404
 4.943578886278   12.843920169456
 13.525152303484  2.651838360597 
-0.940664314545   13.786817910242
 10.953977028771 -8.494270775100 
 13.743241637873 -1.910651267207 
 13.117126405319  4.684949325945 
-13.763277955679  2.378739688980 
 7.052834824936  -12.104822611926
-6.289428538441   12.539072129029
 7.974161550575   11.700969753528
-6.890427351626  -12.476618854931
-9.900770926203  -10.291251121618
-14.130023379132 -2.119157867297 
-10.863738082402  9.316283915077 
-14.357429242538  0.712568523929 
-8.707850956825   11.445415416175
 9.981877019466   10.366845888660
-2.591758786029   14.171401998600
 12.305787461907  7.627877217440 
 1.698829225126  -14.498135157556
 3.281990125542  -14.228273033327
 9.896692824852  -10.830082005197
 11.326362786029  9.329485646812 
 4.894059063888  -13.836920887268
-13.793941248042  5.050015550301 
 6.516995769921   13.210873183523
 13.331262600632  6.345839316692 
-4.277104388936   14.150298040416
 3.093489190648   14.462486453693
-4.712923613669  -14.105903179572
-13.207017365442  6.935138560060 
-2.268504833082  -14.808759310826
-13.779256792056 -5.937845931977 
 14.520322931602 -3.824150319413 
-15.004519535321 -0.843583375607 
-12.440887981627  8.531373032944 
-14.410322527009 -4.469258199913 
-14.639850189086  3.796017637451 
 12.943365424060 -7.859779132414 
 11.284019674454 -10.115878499534
-11.748964122438 -9.590227112792 
 8.566254418776  -12.534419096309
-6.283339293970  -13.848361705923
 1.487166512198   15.164499454605
 6.891353295168  -13.610469281592
-0.311941223186  -15.372605289057
 14.318042082753 -5.666451478624 
-7.415439535759   13.538595456358
 15.277426294134 -2.248731831662 
 15.418567408326  1.644776864542 
 15.537270081167  0.095055490180 
 14.649227351501  5.226366813883 
 9.716383206119   12.180150148806
 5.235740335165   14.807771534124
-10.954917606072 -11.375427486114
-15.719883413186  1.745608210145 
-8.958142817853   13.045934082388
-13.779284121975 -7.935351233638 
-12.217498472042  10.215608956561
-10.255862968108  12.223732437315
-1.651137279143   15.931199892480
 12.772381657398  9.749378504229 
-5.789450127586   14.991423937892
 1.111240965797  -16.084583411777
-9.385430302448  -13.212305597125
 13.042874637532 -9.654660740667 
 11.214201053061  11.849250560119
 0.130470758633   16.328599961329
-14.156737680909  8.182613760548 
 5.945575539452  -15.261819098166
 16.067881406708  3.181131440206 
 10.503349638291 -12.586788237592
 14.690225658597 -7.385433370625 
 9.046337105224   13.860267930264
-16.076347793002 -3.986588641072 
 11.791708084224 -11.662134611751
-4.089075364855   16.100847689404
-3.261598069349  -16.293036067014
 14.376400713110  8.373631334872 
-15.085524008507 -7.035366463752 
-16.549857827568 -1.909634628230 
-7.866683942569  -14.690099045970
 3.192739963082   16.363548091556
-6.469723891211  -15.365758912103
 6.746511396065   15.266942346842
 2.683582895793  -16.494535697043
-16.746650876012  0.117733111429 
