 0.515745811848   0.453496289476 
-0.866113707793  -0.597816596580 
 0.816668966661  -1.197867378106 
-1.673380883541   0.825898956784 
 2.103565859021   0.326343142098 
 1.300070710111   1.764788406833 
 0.264290127902  -2.602999313640 
 2.325429831720  -1.627438908124 
-0.124221683752   2.915365739713 
-1.326052509714  -2.622695848983 
-1.899715181160   2.579097907517 
-3.219019790064  -0.505011167227 
 2.293161013422   3.017408158575 
 1.460078172586  -3.553529413060 
 3.581888325559   1.536086756341 
 4.167462614595   0.067813714672 
-4.136281087796   0.733958754098 
 0.785959732328   4.171829337680 
-0.706034993217  -4.353740404203 
-1.084588743723   4.547445425318 
 4.372573025780  -1.770921798631 
-4.625590708949  -1.048911397044 
-3.805105012939  -3.013879133362 
-4.212437998518   2.503278479163 
-2.597387965243  -4.448958370956 
-3.331524018853   3.977976943792 
 3.290399789637  -4.172992688796 
 3.734794731495   3.792309325351 
 1.821727826182  -5.046927493244 
 5.302452998770   1.091604382304 
 4.804416309418   2.621795782964 
 2.542556415434   4.866845724188 
-0.494830179551  -5.840562319613 
 0.737938288249   5.868839241035 
 4.777198197982  -3.543739723143 
-2.368740327853   5.460716527324 
-6.056062961365   0.977327197198 
 6.234850576696  -1.189865631951 
-4.891930424037   4.098968212048 
-6.381222090955  -1.118785836818 
-1.089021034849   6.444071432979 
-5.881925616995  -2.885798338541 
 6.149668446640  -2.747857606099 
-5.049308653278  -4.477012728804 
-6.198622297244   2.942993291596 
 5.498812823672   4.128545016822 
 6.862838058845   0.801977396623 
 4.557735616364  -5.742056997629 
 0.256791946805   7.339746216532 
 4.906047406292   5.577116074592 
 6.820173966734   3.055988088504 
 1.080997517362  -7.494198622262 
-4.228931333725   6.332068238812 
-3.644779003855  -6.744798841137 
-1.962436404358  -7.438509996517 
-7.877779298381  -0.357779589120 
-6.693013185582   4.468975071522 
-1.380427343252   7.949106112940 
-0.473077035803  -8.065666609038 
 2.861696224735   7.591608995978 
 8.102586522146  -0.645151408181 
 6.859050865766  -4.410961031682 
-7.726525117928   2.612078057954 
-7.902119537447  -2.057234697654 
-7.231782082791  -3.830729296604 
 4.287294317370   6.974005355158 
 3.310698596917  -7.586601252312 
-6.229242993406  -5.542420633385 
 7.050440556781   4.736301569534 
 8.387829032373   1.450906557742 
 6.047903016492  -5.994455155854 
-3.701251330778   7.739840354240 
-5.394503025248  -6.868872601113 
-8.818171973889   1.358409780765 
 8.324102236828   3.399788990824 
 8.759688160332  -2.910337118106 
-1.502833662207  -9.172244156897 
 6.473234820788   6.701503993091 
-6.602547415717   6.591833151389 
-9.368157836018  -0.149935417880 
 0.345431572365  -9.364039700024 
-2.610546081768   9.069618064219 
-5.540309262698   7.759024479587 
-4.295381383282  -8.546154173627 
 8.140122361730  -5.261551181728 
 2.891610754413  -9.299096816980 
 5.545546630857   8.153287404603 
-1.142233232659   9.847251579954 
 5.653075459502  -8.149017974766 
 1.195988883074   9.862587251881 
-9.042097021245   4.161238177385 
 10.002934930054 -0.132700388795 
-9.786331675261   2.542896078487 
-10.078943797856 -1.596983184743 
-8.465616264702   5.725947490258 
-2.931559982806  -9.840148223898 
-8.581078624185  -5.671674466725 
 3.787954663324   9.564033387128 
-9.582131090649  -3.785074006024 
 9.061977988154   4.936041248845 
 1.611249116793  -10.233241296088
 7.498918866670  -7.429635374953 
-0.722385221691  -10.627401936532
 7.905886355200   7.147909836149 
-7.776611611221  -7.405363226092 
 10.615789758829 -1.977904618071 
 9.829666835756  -4.727918855543 
-7.754654742649   7.871243569802 
-5.295934838036   9.765560868856 
 5.188592768967  -9.850083747796 
 11.094154018841  1.428700430106 
 10.801521466553  3.517429219027 
 7.109466354439  -8.890428111254 
-7.110780709212  -8.907647203534 
 10.832326197949 -3.551947216816 
-5.836286501847  -9.829646285836 
 11.533689204346 -0.577203262260 
-11.136362257751 -3.135170289952 
-11.583185994460  0.523635659213 
-3.775982265979   10.976380152869
-9.946772498441  -6.431508333975 
 2.122973754694  -11.660484278322
 9.379551006085  -7.293803570119 
-2.395234012976  -11.653626448294
 3.649905100337   11.356775255349
-0.565173528634   11.932969155872
 1.959661630470   11.788706302680
-10.883246379688  5.025772753187 
 6.117414240586   10.379641180448
-11.770025850985  2.675632913843 
-0.016331713171  -12.074912527837
 9.347480962007   7.887853714899 
-8.925952755334  -8.371275406256 
 7.572814392314   9.687420580472 
-12.230261022316 -1.361735720106 
-2.502519220745   12.065230031357
-9.951886155728   7.346108085756 
-6.988497622970   10.350793786518
 12.207822771743 -2.637558009492 
 3.970935054317  -11.855071684073
-9.080087640589   8.624424629608 
-4.879931716784  -11.575312961219
 12.258708646228  3.072726441599 
-5.351090670896   11.452856672040
 11.455959863029 -5.521872411373 
 12.664200445119  1.453628709084 
-11.902044714901 -4.628625852323 
 8.499066920235  -9.640277054857 
 11.355925310988  6.022093549246 
 0.635370272289   12.977317797960
-12.254945395631  4.382300275768 
-6.503822953762  -11.343733145537
-7.891170473708  -10.456494765963
 9.745591274398  -8.765021012964 
-1.416669389276  -13.063286251162
-3.640693150106  -12.683953377889
-11.489065885597 -6.511792345675 
-8.511700561691   10.121607814224
-13.203350451180  1.903315197573 
 2.469275224337  -13.131237994517
-13.374446694143  0.223831254919 
 3.679726214680   12.869816507634
-4.280905598739   12.776514996149
 5.760709128316  -12.199867599784
 12.707897248899  4.660109482905 
-13.102204560009 -3.453933687806 
 7.688967828622  -11.257558036462
 13.629575634938 -0.763806978824 
-12.019578826569  6.475858819547 
 9.575613973666   9.772251989356 
-1.719985658735   13.658321837501
 2.289726444888   13.590573009371
 13.236098858117 -3.848964559297 
 8.021618623846   11.268632497708
-10.668160538459 -8.851824707068 
-7.178788774263   11.952167059146
 11.274793402306 -8.217023507758 
-10.731013727303  8.959129463999 
 10.850959513158  8.947264662130 
 5.193368264617   13.181265049249
 11.862429894987  7.767034456582 
 12.534842271160 -6.707545700074 
 14.095117871781  2.075721748511 
 13.790733567384  3.593322865110 
-9.834916717931  -10.411659991784
-13.159928271364 -5.736037509780 
-5.972409043436   13.072136034946
-5.386315387432  -13.400216303971
 0.364166350579  -14.483736875715
-13.412651332836  5.553893941926 
 0.815972827578   14.502003718493
 9.882817912467  -10.660681037073
-12.024901181863  8.193448858658 
-2.491085382498  -14.361120878231
 13.195266411478  6.205986628988 
-12.390934961493 -7.759497206480 
 6.886330017367   12.911894368605
-14.663817237271 -1.600559858203 
-14.413463012525  3.260485064290 
-4.029089571036   14.280088261051
 3.766609338705  -14.359540491687
 13.812609317994 -5.533358651062 
-0.715695715611   14.862842876505
-9.472390485725   11.526470395404
 14.666629547309 -2.832293590771 
 1.906533835317  -14.821878362572
 14.935255448705  0.633190700028 
 7.361333550905  -13.023103284657
 14.198009043987  5.080361410514 
 4.429940798258   14.558497728798
-2.293775030504   15.048626018653
 10.864396637871  10.712598684925
-1.073371164888  -15.285005308575
 2.652919738736   15.095831908366
-4.132976789463  -14.850051980378
 12.694122355615 -8.793872420679 
 5.541405590453  -14.452556536567
-11.345048061955 -10.547009813176
 15.452614499806 -1.503569904147 
-15.586295844707  0.447185503275 
-12.105447979229  9.842951226688 
-8.261884518849  -13.237588102212
 9.666626399239  -12.258677992909
 12.128226753815  9.876614230762 
-5.669148822585   14.666296238754
 15.335511928612  3.588159297501 
-6.847866219660  -14.281981116154
-14.035565444350  7.397603553426 
 9.558749548316   12.671324257073
-9.774850944734  -12.505915081909
-15.413442144288 -3.982737064845 
-15.789701255918  2.079411428823 
 11.765621153147 -10.747848681381
-11.224811007329  11.434934171600
-14.876534780482  5.982686445043 
-12.726202332028 -9.756538425180 
-8.269569897681   13.750192549351
-14.088357978099 -7.862173579218 
 0.929561570601  -16.155125091577
 3.441458152486  -15.858535103117
 6.995968951408   14.793589609297
 13.600482917175  9.167834522087 
-13.592298819642  9.180544027052 
-3.118538201772  -16.135519396360
-3.596407083649   16.036856068400
 15.517640276749 -5.474890346903 
 14.836507854521 -7.125783932318 
-15.962967700389  4.399107791743 
 8.475553785260  -14.246652715048
 1.107578549620   16.581122017547
-11.444276913842 -12.090020790041
 15.684143046243  5.675224450139 
-9.777009833326   13.590491285562
 16.285300472054 -3.942757867172 
 14.955813769805  7.657185934662 
-5.088665800932  -16.023249808210
