 0.730170443750  -0.132601665167 
-0.767873348460   0.125870670011 
-0.636743923675  -1.715711906863 
-2.321990061906   0.057848966478 
-0.373798004973   2.308898628732 
-1.759841832774   1.650068020889 
 2.499900622902   0.226179296538 
 1.271975410613   2.204286611316 
 2.167587507161  -1.339579718390 
 0.923678961595  -2.915869180598 
-1.879229200579  -2.679718412445 
 2.833687851654   2.104362097653 
-0.639639028709  -3.567506247058 
 0.596871142813   3.921794082076 
 2.708050987592  -3.108206352685 
 4.159449761558  -0.216759884362 
-2.258718394613   3.530963233998 
-3.622807488654  -2.392683375534 
-4.387429100400   0.846187271514 
-0.923052117445   4.485601115270 
 4.107734691140  -2.075696977655 
-4.492932244798  -1.062529327994 
-2.127064467001  -4.239930863118 
 4.536261762164   1.761545674346 
 0.318023038502  -4.897777477179 
-3.874134949314   3.127075437436 
 3.686502072065   3.651666095989 
 2.168376547720   4.755036912898 
-4.043516940342  -3.888202238571 
 2.851113847995  -4.887155126809 
-5.291937369349   2.506488529793 
 5.875519406040  -0.055606933633 
-2.784710776654   5.186963664024 
 0.812937664537   5.848341872080 
-5.215774118638  -2.845651278792 
 1.611206029217  -5.747392363842 
-5.918337235891   1.059343742205 
-6.516359424720  -0.671096191951 
-1.598621240137  -6.408949245128 
 5.017732780085   4.356253688602 
 6.455356173796   1.679639583311 
-5.280819799420   4.118241023797 
-1.773348995688   6.552608796674 
 4.357808967728  -5.265951836866 
 3.642058818775   5.861190811950 
 6.532911269389  -2.248686268133 
-6.735507109718  -2.255357655648 
-0.194869750660   7.121340212215 
 0.253226198009  -7.119935203108 
 6.000800316058  -3.863926669586 
 6.264114334947   3.494362291875 
-4.534844244732   5.605247721856 
 7.279792313478  -0.618285202982 
-5.582192125239  -4.855380087820 
 1.776412348377   7.289511788966 
 3.508771036369  -6.793618211128 
-4.173542414718  -6.458249366199 
-7.565320518112   1.484618020479 
-3.487901407570   7.207322568826 
-1.127133698399  -8.115896933993 
 5.717915217781   5.907767969732 
-7.071255582756   4.222475733723 
-8.237042592450  -1.264165818946 
 8.232538955913   1.755591304990 
 1.151923498669  -8.385287223439 
 7.953043865949  -2.913589319347 
-7.634969051481  -3.881606585889 
 6.599669868554  -5.473499947616 
 5.110083292464  -6.987401516374 
-5.724276297052   6.555819850672 
-8.229621462768   2.853067438926 
-8.736623666140   0.339258780927 
 8.095466050034   3.334077721835 
 4.707724242520   7.426507382564 
-3.817025896293  -7.921965929819 
 8.745173126417  -1.303494064549 
-1.685164472568   8.871861425265 
 7.846050670148  -4.537032293509 
-7.296903691852  -5.588137014464 
-2.434284185182  -8.922323122238 
 3.421535493959   8.713659080000 
 2.909555493304  -8.969949288326 
 7.534707450159   5.689717543996 
 6.232084024628   7.326369390595 
 9.622824771133   0.258125417518 
-9.526664381884   1.694133808010 
-4.069435550420   8.904127224707 
-9.245861835857  -3.239343995624 
-7.444904639276   6.455836216613 
 0.349991094425   9.875721388851 
-5.608078334756   8.137771786582 
 7.319921949822  -6.961998190937 
-8.739332196234   5.145863630258 
 8.924606266529   5.065704935753 
 2.527059098077   9.947217459137 
-1.512760331558  -10.169711575808
 5.221048643265  -8.901566302287 
-5.573393762656  -8.715730344658 
-9.133567847071  -4.999604381974 
 0.012196131332  -10.500076050251
-2.595125397419   10.213305384591
 10.019245509154  3.489355285992 
-7.395119449917  -7.634725206619 
 9.450446552077  -4.889674224799 
 2.516612709138  -10.436989548902
 10.708393048506 -1.090756226990 
 10.425673232377 -3.007497852477 
-3.338057924157  -10.337133368118
 5.560500147558   9.370053962287 
-10.849949910846 -1.325888700017 
-10.547727254191  2.926155007113 
-8.805464497351  -6.517177423999 
-1.143786305762   11.026330230074
 4.041192072254   10.390783924581
 11.190737833859  1.323207296843 
-7.450519639174   8.476265723047 
-8.890196543824   6.996673745851 
-11.262218322346  1.415585213120 
 8.594235490970   7.543002683534 
-11.054347855054 -3.039420310760 
-5.392129413095   10.156591449004
 7.896476463845  -8.363417217789 
 0.850474438282   11.601992820953
-10.256879992013  5.526088314708 
-6.958698692835  -9.424668694173 
 7.697958789779   8.865640501823 
 9.240546253190  -7.354038832795 
 4.320792373667  -11.053821480318
-11.883198432028  0.014146066574 
-3.664314871896   11.412468957299
-1.629475561165  -11.937781673605
-10.897704475589 -5.287691320257 
-5.882208731977  -10.675472617179
 10.608367955940 -6.067468509058 
 11.568472595575  4.055523301869 
-11.466052918059  4.387285376529 
 10.956073606813  5.540680192694 
 1.632672175273  -12.179680686554
 12.438091232065 -0.809248905059 
 6.985757349323   10.363767264540
 11.835426396595 -4.233237160355 
-12.516525706418 -1.352729219859 
 3.706515371964   12.032524531098
-3.458880477997  -12.132134084219
-7.406590872544   10.442264093044
-1.106327766452   12.773839942936
-8.438695570265  -9.730227390372 
-8.760152661483   9.454724951534 
-10.037369243827  8.222090055869 
 5.743935923404   11.682378346610
 7.071314153987  -10.982467138195
 10.689121787979  7.508877738756 
 1.726316264673   12.965353884751
-5.691347180909   11.781763407490
-9.705572922851  -8.822349482543 
-10.749132541245 -7.616640450414 
-0.301615468166  -13.200744343150
-11.436293062563  6.622721652228 
 9.451061447238  -9.248882871719 
-12.813795549392 -3.354006995970 
 12.966590891699  2.806805138074 
 5.562116833074  -12.167801431522
 13.355693138440 -2.021597886188 
 3.241633233761  -13.140579381809
 13.525751463315  1.044026654536 
-13.387320044673  2.342068022615 
-5.604943959556  -12.446852326971
-12.077314509227 -6.394066222176 
-12.755950765016 -5.049965234147 
 9.439333516868   9.994463516218 
 13.017736588513  4.611184821410 
-3.839751573677   13.293526646164
 8.854410078143  -10.667657215490
 12.448503704855 -6.115029435979 
 1.218769819722  -13.890023710435
 11.671706304918 -7.749470605328 
-1.986561144321  -13.978261936601
 7.491991917609   11.973926728007
 13.772334327873 -3.483903570105 
-14.241078357253 -0.044031557239 
-7.771225841567   12.001188112145
 14.325562669381 -0.459483454103 
 5.631094034238   13.186957770633
 12.856808634656  6.369618077399 
 10.965783188303  9.256696119711 
-2.190134465923   14.183198782043
-11.925696311409  8.068346466007 
 7.410687128154  -12.505353724575
-13.997310834083  3.929463899063 
 13.649493978445 -5.044759540587 
-10.384197859152  10.199223448935
 12.079911724330  8.138064855903 
-3.553558641905  -14.232852312223
-7.816953278849  -12.422574382206
 10.955845785914 -9.826043655803 
-14.144523702053 -4.116219235584 
-14.547411904332 -2.559611995346 
 9.053675455115   11.712501852783
-11.059703215411 -9.897419317593 
 2.522732081508   14.664351773603
-12.607551981301 -7.909389513574 
-13.833659100991  5.490893854014 
 4.035498284639   14.333560480172
-9.261176645989   11.698170367105
 14.876665121345  1.920415835104 
 2.643120634866  -14.784148515166
 0.863370862217   14.997272071978
 14.856901672743 -2.247174153478 
-6.536649128591  -13.626442553704
 13.293268261163 -7.395210893428 
 5.690234888222  -14.146768244219
-4.851728791651   14.471797826617
-0.965242070123   15.250345907506
-15.326027252577  1.048463506437 
-9.836755647516  -11.884956098637
 14.428541651136  5.588383883400 
-7.033428254311   13.798230110267
-15.566101323496 -0.792658749353 
 0.697466961882  -15.610874361045
 10.305487798370 -11.815968063094
-13.904105752957  7.280498167045 
 15.247579837098 -3.875924315238 
-11.986701953207  10.274101392931
-15.480667363808  3.222160827271 
 8.765777131717  -13.169162629458
 12.620741399077  9.588797508721 
-1.584348528499  -15.799254755652
 7.688653549120   13.900005532106
 13.932501632699  7.669670712952 
 15.998438883608 -0.630662014408 
 11.105965629454  11.665428160573
-13.430090228292  8.974923560188 
-15.296528618631 -5.193789057320 
-13.285950181083 -9.415878206114 
 13.371280303685 -9.386922237904 
 4.346239091215  -15.848674211993
-5.227291989808  -15.595720143156
-14.821993869178 -7.323642669501 
-3.977961706165   16.083425396245
 15.977972078755  4.403505823654 
 16.407735456417 -2.481686622372 
 5.165067606282   15.781962959307
-3.164846368872  -16.307950747944
-10.326554684107  13.036291334784
-16.532181357999  2.126357068961 
 16.458038169467  2.955488105309 
 2.496629979907   16.544772829949
-9.892214447672  -13.505755023182
-6.814548027697   15.304287128147
 15.327752685661  6.794300525554 
-11.910352979690  11.803827914682
-9.009374033614   14.190851000814
 8.267195777963  -14.649816689763
 10.573765644951  13.095196403386
 16.817047024127  1.332885062117 
 10.334431422679 -13.363612916270
