-0.969501979059  -0.597139456656 
 1.345382353868  -0.364453688880 
 0.319823453588  -1.693679221060 
-1.259612331266   1.387119847844 
 1.561221272708   1.290225049421 
-2.443275975641   0.320762216740 
 1.825709949745  -2.115309520137 
-2.534371851448  -1.410615039452 
 1.223491516152   2.819383311486 
 3.079189909344  -0.699624877749 
-0.283304373654  -3.147484182981 
-1.352565681009   3.123715621546 
-3.802417570905  -0.514099461425 
-1.760122103493  -3.487975483170 
 3.329001160166  -2.494860348618 
 2.703267489793   3.474227913166 
 4.523311197203   0.793985050390 
-4.080608983988   2.137773619258 
 3.961039841842   2.357700644328 
 1.174708771677   4.539777949867 
-3.286128658554  -3.382289105034 
 4.541422701865  -1.350005250795 
-4.238065519505  -2.164736957564 
-2.229549878387   4.502677843634 
 0.521381680909  -5.085883482266 
 2.051366354636  -4.885086408260 
-4.126176911508   3.764238418885 
-0.174852687436   5.721891885218 
-5.741271162482  -0.616950070181 
 5.833776599326  -0.235957778184 
-5.868533530187   0.915740037234 
 5.679811315682   1.840764084384 
 4.524821232954  -3.921065597399 
-0.655375144406  -6.052525070998 
 5.579107434612  -2.762711577439 
 3.833729641325   5.132591822303 
 5.310164769026   3.640102347003 
-4.495989625110  -4.632990577614 
-2.195897295477  -6.201740343165 
 3.473539771528  -5.605629056065 
-5.962891508729  -3.011984206006 
 1.106462054000  -6.692607999455 
 1.761555676876   6.833710416223 
-4.849634792270   5.195127969080 
-6.132644607887   3.672120387024 
-3.000783889224   6.554526493734 
-7.262662317731  -0.131693970778 
-1.434327384923   7.217340437703 
 7.361114047293   0.438429127104 
-7.152038168431  -1.887317372254 
-7.437590053597   1.716090883933 
 7.057533439760  -3.146106641460 
-1.349481342142  -7.850134201100 
 7.047040381029   3.730610695340 
 7.880639370697  -1.356962870281 
-3.455473150409  -7.245946365199 
 6.313695044507   5.203045601330 
-7.230158382279  -4.083389772209 
-6.491411560044   5.252717471173 
-4.774516841120   6.867237400667 
 6.079258587242  -5.841993453470 
 2.830909298988  -8.120404749074 
 1.606857920360   8.452234446486 
 4.232726628462   7.530164371526 
-0.001254648970   8.665161986653 
-6.813767350619  -5.575994843544 
 8.471040201439   2.499383325091 
 7.546959544519  -4.772161244629 
 0.130502782984  -8.942469979616 
 8.950654609316   0.403860138932 
-2.579252807091   8.639194398833 
-8.171818368647   3.967722908386 
-9.099952805394  -0.812133170235 
-6.054538770525  -6.914819570124 
 4.749549783723  -7.903524863802 
 6.291113961707   6.746821231407 
-9.077583438153   1.802375285677 
-3.033189768654  -8.932678832160 
-4.386356254592   8.416640847419 
 8.764488742771  -3.742575103974 
 3.040983892082   9.063168049940 
-1.532714024109  -9.444102521665 
-5.971386119809   7.795514306545 
 7.849256173519   6.262630787099 
-1.303675842535   9.959642464285 
-9.543118894587   3.350052399586 
-8.319049252175   5.784536192025 
 1.304238965230  -10.051479525430
-9.556237908528  -3.542604257399 
 3.245834131492  -9.726499616488 
-10.288597205198  0.213753170530 
-4.546598924115  -9.284618132772 
 10.127731868067  2.326719988529 
-10.211625084768 -2.138276908944 
 10.239684535054 -2.067551605768 
 6.526660069025   8.237257299858 
-7.589399340364   7.310601952942 
 9.758171945676   4.031423151293 
-0.094642829172  -10.605812170340
-3.671035706189   9.958240278857 
 0.207050425239   10.612454205959
-8.594381090239  -6.493025948377 
 7.452690922764  -7.831527945072 
-10.642299454171  2.172888699282 
 8.646715671709  -6.688530421115 
-2.531920387177  -10.650633225387
-9.875668676489   4.981773605562 
 6.453423029827  -9.034991225326 
 11.103916416787  0.034655322720 
 10.229467808474 -4.364768726262 
-6.251100094430   9.296254428498 
-9.872138836871  -5.462294112901 
 4.744331969769  -10.263531914194
 2.583467443816   11.039125660716
-6.173022248850  -9.623569873241 
 8.212737509194   7.990736900242 
-2.712634939904   11.142484357728
-7.767530309316  -8.478947728120 
-1.060074286480   11.477503667806
 5.585686854513   10.127171024115
 9.507605736337   6.814962787756 
-9.305348707106   7.126237413212 
-11.758965743968 -0.117794661866 
-11.738147617579 -2.003760219102 
-5.164226832999  -10.834450292737
 4.232171395661   11.255366827108
-11.601233689783 -3.524206276288 
 12.010400070241  1.989480769839 
-8.282240616005   8.939352292131 
-0.306432960783  -12.196467465608
 11.137494752771  5.009059984673 
 11.917933984417 -2.722672570711 
 10.280842777036 -6.624497480400 
 2.078060713811  -12.083468232206
 7.150593819619   10.003966677986
 1.847548316415   12.437582122124
 6.664386133857  -10.699485923994
-6.336838188335   10.919926475689
-12.475762006365  1.968545952365 
-10.823938074727  6.682508481461 
 12.718172737720  0.620765724007 
-12.021713249730  4.308731291176 
-4.619113734536   11.949731350088
-4.121504167223  -12.134460389960
 4.708341535957  -12.017575438755
 12.898091617056 -0.876162410142 
 11.192659703082  6.524178234052 
-9.753053356812  -8.734002972649 
 0.061690868232   13.145037996118
 6.553556902359   11.451058167595
 10.549297702867  7.949670604852 
-6.920386027481  -11.258339922672
 10.074892030682 -8.759830586002 
 12.917103563599  3.378314505963 
-8.573727430614  -10.355371158295
 1.321006115247  -13.386574822921
 8.845018726193  -10.165924341897
-11.084825912023 -7.738334281974 
-1.774397296806  -13.440537199384
-13.617145309547 -0.353298869508 
 13.432672220849 -2.302178065428 
-9.677271718224   9.601179278230 
-1.560711855213   13.545919878882
 9.893193722203   9.468075514907 
-3.082327067106   13.343179758059
-13.035710941250 -4.337867589021 
 12.636803678721 -5.446666725292 
-5.986573456962  -12.472974448622
 13.733202202533  1.739902071085 
 4.484628993975   13.119770527066
-12.476800653858 -6.053464645819 
-13.714261360012 -2.109817404963 
 8.601944389320   10.899485741667
 2.888993123167  -13.741049057100
-7.575888957462   11.838848707002
 2.786161327883   13.777245194054
 13.166591550692  4.936767810924 
 7.851269184405  -11.671585837269
-12.597623473930  6.360260088740 
 14.224083470220  0.269065347328 
 1.303540603179   14.169070103861
 12.747476037364  6.414965680428 
 4.460343056561  -13.626444161594
-5.473099676530   13.267416057990
-14.162303389189  2.931066049778 
-12.131177206526  7.884496155843 
 12.090544940729 -7.948909590874 
 12.186713310647  7.851223691920 
-4.956258005953  -13.623658258462
-10.130044246799 -10.395070968242
-14.486172943755  1.047220094401 
-11.300287601289  9.170394600650 
 7.847316444078   12.267987013764
 14.135003581348 -3.714578641281 
 6.321295368239   13.218061670992
 0.581557012008  -14.734240192871
-3.179736562569  -14.472719794706
 11.618431881297  9.336151008949 
-8.950501050293  -11.936123170243
-9.251346907601   11.765721097188
-12.840487525658 -7.739844372703 
-7.706429556250  -12.892703267129
 7.312765859465  -13.142817934969
 10.103243521888  11.303678811536
 15.016681428714 -2.260499716221 
 6.025695880469  -13.960753061383
 4.354563531123   14.642583217133
 14.124656337036 -5.963319695289 
-1.179389764649   15.322029008109
 11.115786197854 -10.702107513857
-14.046156166059 -6.430467321012 
-6.395122198153  -14.067433491558
 15.407113445406  1.433757098109 
-15.486089615086 -0.242051282000 
-15.388850562661 -2.150354872121 
-14.844416424705  4.627340887012 
 15.330156889101  3.115629311492 
 3.088803614449  -15.346783945002
-11.634804353893 -10.516822554701
 9.328936025757   12.625522628426
 14.806564857784  5.262364599310 
-12.646873238382 -9.391745489412 
-15.019153007408 -4.757546872863 
 2.025682647201   15.656822593367
-3.577306255063   15.458665035286
 9.768681506275  -12.620574618936
-1.615210278597  -15.983970598633
-15.850263506824  3.014687888723 
-13.370459146840  9.064127949517 
 13.001625536692 -9.707001866325 
 4.711434298093  -15.553719650094
-14.286691606495  7.765588871224 
-5.357810136914  -15.353601112975
-7.477073355717   14.513903117938
-16.306159683093  1.216092525074 
-11.833006302957  11.287428582102
 14.583310335702  7.473944529620 
 8.430413944436   14.053057335789
-3.928690290937  -15.913873275861
-9.192922823872   13.582400145950
 1.868122068913  -16.297235611223
 11.563835301975  11.673258556041
 0.517754204543   16.439866486455
-9.974332623581  -13.099520490235
-5.746677298388   15.482994649930
-11.313780924607 -12.119173462539
-15.372549321717  6.235833437103 
 13.891280983492  9.101692211054 
 16.568789768012 -1.949515578645 
 6.664471716316   15.323688348019
 15.013494056412 -7.343988802621 
 16.717979705502 -0.402523572456 
-14.319030304971 -8.654296194859 
 16.419573188933 -3.500029706945 
 6.296211941387  -15.630987312710
-15.291981077041 -7.316284575489 
