-0.665448103013   0.057914569910 
 0.615302578517  -1.308926419109 
 1.611916274596   0.454208858124 
-0.764157654139   1.745831503188 
-0.952264134223  -1.717543164193 
-2.442734102644  -0.381532811723 
 2.706120395680  -0.877674576946 
 0.511996523144   2.874716246782 
-0.260553829277  -3.136999020455 
 1.748964667349  -2.775119226876 
 2.266681436988   2.397127997528 
-1.301217523922   3.157704238483 
-3.113294914234  -1.912261153304 
-3.438219042837   1.385665507673 
-2.119816350792  -3.146828679976 
 3.884211245935   1.468630205296 
 0.969652791124  -4.167032150704 
-0.022084939804   4.337095214573 
 1.892647329341   3.964755855479 
 4.445199179361  -0.309840949404 
-0.809845479129  -4.890427503843 
-3.660810783357  -3.380572048766 
-5.016632441370  -0.794058981998 
 3.518993966293  -3.684130489356 
-1.419348610379   4.937264109252 
 5.036817078522  -1.724956722852 
-3.369494284818   4.242267289140 
-5.309557483755   1.175785427392 
-2.860376961235  -4.762563901334 
 4.045165266145   3.872360216850 
 0.562119211092  -5.732086487963 
 5.781087823726   1.315001010897 
 2.071124068073  -5.698524354567 
 0.836995553437   6.011440236945 
-6.019881185869  -2.166707073338 
-5.192855079344   3.763283306500 
 5.516022086055   3.377568657581 
-1.251122126488   6.470630404492 
-6.647136076623  -0.418269011824 
-2.195622936352  -6.325967511611 
 2.340390292805   6.288933441349 
 5.855493421166  -3.543855233302 
-5.379653764903  -4.270142010784 
-4.187119116043  -5.542799937341 
-6.641714350663   2.282045179761 
 4.011079152361   5.914744107410 
-4.766604861188   5.383074813028 
 1.286661337004  -7.088744662177 
 7.158672494345  -0.922985438138 
-0.001588157261   7.354691807773 
-2.793122851471   6.852883207497 
 4.039961098845  -6.415807183081 
 7.163896837502  -2.678249336332 
-0.827358641293  -7.625174307024 
 7.380102568886   2.664064308651 
 5.682938334104   5.423395177807 
 6.120639183648  -5.129754690135 
 7.950579427223   0.953372881377 
-8.077937172058   0.059375394211 
-6.676210208733   4.662872301774 
-7.359709723201  -3.572026886539 
-8.054231802905  -1.893080446779 
-2.382919121825  -8.031553512235 
-7.671764684056   3.411172972151 
-4.203805156750  -7.378814606846 
-1.383908807037   8.388808337199 
 3.226385073415  -7.889837726596 
 1.419667654393  -8.624394399096 
-4.475640718932   7.523201653584 
 1.277386048500   8.707781548397 
 8.832175130522  -0.277607582180 
-5.851974166074  -6.632322510250 
 8.088806951780  -3.987508432773 
-5.914071222656   6.817364685055 
 4.313976531267   8.107431853714 
 9.141171765483  -1.839468076332 
-7.209230996774  -5.914378199239 
 8.938936870145   2.987118783368 
-1.295626180570  -9.366914885411 
 8.034543088272   5.072465102627 
-9.280481789573   2.057331851426 
 5.908822552435   7.462379355776 
 6.615770630218  -6.853760827580 
-2.700131397397   9.159482702905 
 3.064459902278   9.085715868055 
 4.746493523937  -8.392941445144 
-3.447932713963  -9.089327521388 
-9.770034964945   0.354735006634 
 0.292549947313  -9.794325551930 
 9.772808716867   1.147208287645 
 0.151915911044   9.870072207521 
-4.920932656759  -8.702564640230 
-7.565349543180   6.584094988778 
-1.402002824859   9.949584218674 
-8.880896731179   5.062569051671 
 10.322819901873 -0.900316485899 
 1.834438456671   10.234919247520
-9.762198393218  -3.618607985840 
 8.688400979264  -5.770713833497 
 3.396472735588  -9.891145369732 
 6.343861102281  -8.376095904872 
 9.565025659359  -4.379532273787 
-5.896392902194   8.734462451120 
-9.962768806964   3.668035102801 
-10.701313262282 -1.104944972408 
 10.363014777498 -3.093855940861 
 5.586764847614   9.282175403604 
-7.454872745970  -8.003810207010 
 7.990810932320   7.480435790823 
-2.596345023947  -10.767533903073
 5.131288015914  -9.850903044201 
 10.063881837581  4.738683988113 
-9.669047351979  -5.513418219467 
 1.630662861931  -11.050337339713
-9.095896701974   6.622174143545 
-4.142724911266  -10.568618399549
 3.999041490324   10.638327221624
-9.034136592111  -6.922173531759 
-0.165871233101   11.416511177840
 7.966826410610  -8.264784960353 
-11.265601581407  2.402779127904 
 11.071357030388  3.363520220964 
-11.618569906206  0.225953538400 
-0.081077930952  -11.657678691596
-11.428480909817 -2.524866562144 
 9.430445529270   6.936951659280 
-4.486861355466   10.911464636902
 11.842561687193  0.851250262212 
-1.944073986286   11.724222134204
-10.847305934349  4.947866793194 
-5.894836522264  -10.363929362260
 6.754621399462  -9.873080324800 
 7.779724454119   9.244703460343 
 2.817374887432   11.784099875112
-8.752261145682   8.414683673607 
 3.964060909642  -11.483279157233
-6.502309596005   10.336882027459
-11.341219834491 -4.714936483707 
-7.539026924099  -9.811971104009 
 11.328368727317 -5.159685817316 
 10.471745852713 -6.811605343294 
 10.994835613027  5.997018674209 
-11.935919957981  3.821849466121 
 6.812965663695   10.628023143808
 9.456831953050  -8.455340142952 
-2.180394975846  -12.510794880362
 12.623522824927 -1.808010513885 
 12.634409712131  2.190565104930 
 5.419283514660   11.694218949320
-10.252223806728  7.919543544130 
 12.214452496216  4.449123989394 
-11.154682485156  6.684240180323 
 0.217689815284   13.026881016925
 1.860287186145  -12.952976219210
-9.849312471231  -8.650969914185 
 1.731548601706   13.042986486233
-10.903370799494 -7.514744777639 
-13.259962517420  0.538623955340 
 12.766520989512 -3.660626811030 
-4.452778500105  -12.520603604558
-8.380019858694   10.410674484067
 6.474628961464  -11.744256939576
 9.319866185067   9.758505317905 
-7.077375774110  -11.564618378651
-12.101265909217 -6.245298395806 
-4.042660466332   13.034682492690
 13.659097328473  0.784227912231 
-9.075443953466  -10.293197074577
-5.560340121456   12.582631668095
 8.155477213457  -11.124228105437
-13.703771951122 -1.583819007598 
-2.123746920572   13.634564906924
-13.516331913473  2.930443309050 
 8.281086764413   11.107246837745
-12.877612167523  5.189930344382 
 11.598550214956  7.844472166918 
 12.149133813878 -7.012282769219 
 3.411683189015   13.624571192568
 5.226506942412  -13.043516458457
 13.636854201004  3.417047193584 
-13.552214792664 -3.757260506010 
-0.988555633620  -14.090847488101
 6.917128186819   12.396167373295
-13.292655157440 -5.272255655681 
 14.169037140091 -2.516131322204 
-10.994319734254  9.335932838382 
 13.424700597563  5.358878247737 
 10.034520614874 -10.448904211982
 0.643046728415   14.495297473530
 0.628316040539  -14.523190291062
 13.487518165587 -5.696868267516 
-12.320853982704  7.927668000924 
 5.067423897008   13.765152531114
 11.439434310428 -9.192655298870 
-6.414518175602  -13.210231469923
-8.798136315459  -11.786407618637
 3.574674612844  -14.307566851837
-12.204941097551 -8.295478156362 
-14.776999260674 -0.234814360208 
 14.801668963074 -0.226223944734 
-8.279673540633   12.345485628088
-0.899065022763   14.854372481216
 13.123693286911  7.118904452223 
-13.349413760098  6.764178494128 
 7.801180828582  -12.830851836785
-3.584818764544  -14.610549917996
 10.843602593008  10.607958289611
-15.146432394256  1.276254267651 
 2.197461411681   15.051214272664
 15.057642952318  2.564505343640 
-14.730607063322  4.101430743643 
-10.328739696133 -11.290810457272
-9.799300800900   11.820711006992
-11.882867965473 -9.824703921216 
-7.332225644823   13.606451939963
 2.226880312864  -15.318390774575
-4.356531739784   14.870814400214
-15.462042658763 -1.657411971594 
-15.150274342689 -3.531829281955 
 14.959210344151 -4.269433347939 
-8.268110294614  -13.209238793936
 5.009830390158  -14.763679866065
-14.141470650465 -6.609447538339 
 15.560075827178 -1.542509692606 
 9.793121558965   12.249139414557
 13.761177508799 -7.570815389118 
 15.097437076785  4.481023902117 
 7.316166901410   13.948071024471
-1.252974320610  -15.753720510619
 3.793805395152   15.352001466886
 12.301765077588  9.971218122507 
-2.919767213513   15.569976676894
-5.912524622231  -14.728746862892
 6.616426786224  -14.429236876933
 14.559766950959  6.432281552979 
-13.848180214741 -8.101677050105 
-6.050947620643   14.861663671364
 0.050094093125   16.109437165205
-11.526227123035  11.339049195413
-13.708364221100  8.592081921612 
-14.828494222885  6.474409225291 
-15.906618476372  3.063419128098 
-15.269268242437 -5.421610503529 
 15.151165667932 -5.821628800555 
 9.017449308937   13.633328974632
 10.601117825661 -12.494517145898
 13.792967913528  8.877969730318 
-3.290622509588  -16.103694265733
 0.275608195928  -16.525055581226
-9.707566966259   13.440088180255
-9.989984451298  -13.283887400262
-7.680262711411  -14.758121877991
 3.508209622989  -16.272945852238
 6.503016393878   15.365065932577
 12.024879492651 -11.582098163072
 16.479107067835 -2.924145132914 
