 0.324572768562  -0.679736518437 
-0.327444849207   0.998383768831 
-0.956306542035  -1.720410435533 
 1.894030073293  -1.094827914547 
 1.506969877220   1.619020856556 
-2.086443807130   0.911995441972 
-0.547757896743   2.604278702249 
 1.521012969701  -2.622873198879 
 0.023570128995  -3.234915424289 
 3.649481093711  -0.132604493377 
-2.266960485478  -2.975683972945 
-3.338220919573  -1.788616259189 
 3.286039934792   1.995284234085 
-2.728473497161   2.748817513742 
 3.102110217615  -2.455564267763 
 1.911661137359   3.590167361020 
-4.193672093837  -0.360577256890 
-4.236934415512   1.324643079227 
-1.043381234463   4.364419663732 
 1.225292401110  -4.508398860039 
-1.612004871807  -4.567339652393 
 3.477464267517   3.755211812825 
 5.250969125278  -0.222349600218 
 4.659936671516  -2.435909063482 
-4.825764707726  -2.628685921615 
 4.918196935273   2.626891865334 
-2.927421807087   4.934333231980 
 0.087563146922   5.813494523533 
 3.443369139963  -4.753563358530 
 0.163102511456  -6.055827687545 
-4.266936223087  -4.312244572773 
-4.405818688722   4.235638300477 
-5.944534591699   1.545846577565 
-1.503621673111   6.058461741630 
 6.122058444753   1.354053268107 
-5.558725079678   3.094269003293 
 2.157335817664   5.988835721105 
 4.893616808931  -4.126620325236 
-6.466264593420   0.101641612502 
 6.168934362902  -2.828971671122 
-6.972729198473  -1.394285157211 
 3.734038634109   6.125350676682 
 6.529032845320   3.014959910819 
-4.224462391364  -6.012616633500 
 2.370583794036  -7.053164102745 
 7.381630151563  -0.958520435771 
-4.347778590579   6.053381832882 
-1.886285108717  -7.237790327542 
 1.434023610406   7.340914284243 
-0.276174496033   7.486232945634 
-6.930281869276  -3.005715555770 
-5.687543470132   5.046140088495 
 5.540946220986   5.258628330017 
-7.259545605805   2.459124543594 
 7.615652495385   1.911638019176 
 5.251517866713  -5.914575216801 
-0.410945310283  -7.911273052795 
-7.935278890734   0.504825387523 
-6.585820900245  -4.808620611121 
-1.778713848920   8.002369457949 
-3.239892907781   7.584837443524 
-7.161947501914   4.133639221547 
 7.272950602248  -4.186754262971 
-3.752833941347  -7.527299042063 
 7.246559937800   4.612802710997 
 3.689087836583   7.896993015047 
 8.727559924076   0.191969542140 
 4.653254681028  -7.407876390824 
 1.170146309375  -8.786989466959 
 6.909639723022  -5.650146366899 
 1.146666715029   8.875749074468 
-8.779838603663   2.023917904483 
-8.141158765077  -4.065160368876 
-6.459426797296  -6.461599986528 
-7.066354767023   5.888958329380 
 5.974408991674   7.123449181198 
-9.403511548567  -0.096761512522 
-9.269655899651  -2.037896221556 
-5.987512463075   7.389798616665 
 8.946467017303  -3.239548610715 
-0.128594086106  -9.538749738689 
-8.904192906952   3.547972652168 
-3.393001108528  -8.986662606482 
 9.522171524972  -1.644616815100 
 7.528604451499   6.087543377288 
 4.053852891176  -8.826258070176 
 9.051388817317   3.635915922717 
-0.823549204050   9.768434417614 
-5.079512997450  -8.507226638459 
 9.799751936246   1.514007234380 
 2.671453124972  -9.630449456665 
 6.125796568153  -7.952761841270 
-3.344849875699   9.497988586512 
 3.162917564377   9.600440211574 
-8.665476504310  -5.567978963611 
-6.642492505552  -7.990039280127 
-4.981642422174   9.147920098793 
-1.576756843861  -10.309377685398
 8.784921559609  -5.656758619434 
 7.574289247893  -7.220286924587 
-10.361803314371  1.564810746217 
-7.902903531010  -6.916429121448 
-9.865495703275  -4.110298914410 
 9.063666007146   5.767759410601 
-8.580955271676   6.544330627707 
 6.098275524809   9.032260096007 
 9.973816873099  -4.435245143131 
 1.619913767624  -10.848909553232
 1.681361101669   10.840307564125
 7.663293631368   7.905195970006 
 10.690738985870  2.857333821351 
 11.067517147858  0.064545616485 
-10.679651730913  3.063243880462 
-0.294288414228  -11.120710878662
-10.975646012703 -1.879261151672 
-10.171200629491  4.590149223514 
-3.800916087819  -10.556323130639
-2.835987700862   10.954397794966
 4.922601727990   10.214709521284
 11.228838849780 -1.583504232861 
-7.732862098260   8.319031747853 
 10.949719740127 -3.236064460612 
-5.431412331050  -10.135974564744
 5.097905490707  -10.321812729225
 0.126926195864   11.583309463595
-9.460478006637  -6.940603425060 
-6.873452922263  -9.677010698067 
-1.373612901739   11.799137382603
 9.260486868931   7.570589260598 
 6.668337381047  -10.001981662891
 11.033799962731  4.830115606265 
-12.022713555838  1.051863985839 
-2.741980540422  -11.753036977131
 10.446436099572 -6.047269752838 
-8.264927472781  -8.890288080099 
-4.494380390118   11.322263829474
-12.180499786419 -0.603055822880 
-6.103808459197   10.604569341708
 9.075427858443  -8.275500145316 
-9.997790001394   7.245248384216 
-11.904734688796 -3.539858959844 
-10.956510139100 -5.867911856486 
 3.358021488286   11.998127186014
 12.345624271817  2.344230027070 
 3.770566879519  -12.026937140214
 12.624624395490 -0.143141077413 
-4.800845812346  -11.684160194045
 0.500723268045  -12.651419858270
-12.097253487163  3.824427210001 
-7.821448927862   10.024186402691
 12.407029607187 -2.852882769630 
 5.152413381088   11.712536496364
-12.653584496176 -2.031919914643 
-11.367391018193  6.068557399948 
 6.660630226337   11.070666932811
 1.783953245077   12.879635827022
 10.566081889958 -7.612793842693 
-2.735979722147   12.735179018101
 10.842923659365  7.247107705439 
 12.535154157242  3.950993812537 
 0.300283749883   13.155981336908
-10.204935738266 -8.450756248877 
-1.375242481589  -13.192776071532
 2.275356849207  -13.194848752813
 5.339536096287  -12.295061129129
 12.132300005976 -5.862665263919 
-6.771330759009  -11.683159677238
 8.904403559129   10.203720396216
-9.571725725379   9.591690230117 
 7.052771281473  -11.593062557707
-13.568773705942  0.287719191816 
-10.767448026252  8.538150573981 
 8.620550487362  -10.772350465203
 13.781330995943  0.816338046632 
 12.516664518459  5.888121067746 
-13.002103107696 -4.720584280163 
-2.883461098877  -13.576944051670
-12.802341781347  5.615129555393 
-7.776793822448   11.625538556066
 3.123621568613   13.634121920318
-6.398858355446   12.495887598048
-1.247396855875   14.022650750206
-12.668319238032 -6.221310015834 
 4.677254106064   13.325608252628
 14.135476727286 -0.812219700028 
-13.897208170320  2.791495054366 
 10.521652681545 -9.500538103461 
 11.258629180543  8.828052059267 
-10.201837076488 -10.061056091623
-9.086780336788  -11.125095003744
 14.186760408237  2.302451858014 
-11.836383973373 -8.190206508404 
-6.009011576381  -13.115987546146
 1.492239003903   14.365649541042
-14.289452526842 -2.177599673142 
 3.674230496098  -14.110993389540
 13.749148709769 -4.922534302338 
 14.459667741600 -2.574766708804 
-4.164296978686   14.100675835914
-9.466512815413   11.253462552536
 11.923323043000 -8.611312607428 
-14.078669263482  4.453427772562 
 7.799015227025   12.543210690394
 0.413794972624  -14.803637214810
 14.065732450595  4.729687724634 
 6.748789416443  -13.253992133298
 5.371842472271  -13.872725325206
 9.207976867959   11.783760452247
-14.415724606013 -4.026092533120 
 0.060808133874   14.977272802718
 6.147787859667   13.683875831452
 2.231954883732  -14.917429236274
-4.576063313152  -14.406509479025
-12.942949440368  7.931146274207 
 13.313020636506 -7.316190011514 
 8.346886055980  -12.831385190168
 9.828539861691  -11.741445248338
-11.887620759087  9.707892055815 
-2.656955178040  -15.261893242186
-2.678195183233   15.286304615230
 15.643028928186  0.567372413473 
-15.585169979433  1.474134985933 
 11.235842938037  10.915772058709
-6.108433469735   14.443503518806
 11.658774529349 -10.488541759965
-8.779434509097  -13.013183644424
-15.352603019789  3.323733578454 
 3.478914855444   15.404798419919
 13.333305351876  8.609532124905 
 15.786990626758 -1.834747515947 
-11.299371273551  11.180665462305
-11.112762495599 -11.515266451142
 15.695228790021  3.182869494335 
 14.812341772044  6.142205062948 
-13.276983968401 -9.004597761731 
-16.016362591237 -1.041447653570 
 5.473884084299   15.126211080592
 15.663766882414 -3.706442021404 
-15.191896897155 -5.413807418470 
-15.890364483802 -2.878024952349 
 14.843117592749 -6.372592099741 
-14.419042984656  7.316603503461 
-12.515664403307 -10.477645674705
-1.200474997102   16.317274413451
-7.887054240965   14.345710355296
-14.888328645487 -6.894286414483 
-9.311059325608   13.597682709203
 7.680991141864   14.606233296588
-15.709078134468  5.078008336882 
 1.983170060299  -16.414045607891
 3.607607424984  -16.204189989884
 11.493384038336 -11.993190334567
-1.447455245495  -16.586118562332
 9.222849027185   13.980975180085
 10.973665085279  12.741552471620
-7.171745164614  -15.251755468176
