-0.539102263773  -0.542432745072 
 1.182286347692  -0.777671696996 
-0.143680568048   1.653345660506 
 0.301936586491  -2.226535518464 
-2.340043780653   0.099881247464 
 2.038817646772   1.600675004793 
-1.191155703631  -2.560255848161 
 2.049049152532  -2.266016242767 
-2.835411518224  -1.391429925556 
 3.219539361011  -0.559714398658 
-0.320217080612   3.425081863526 
-3.285269952759   1.501210133955 
-2.472208515075   2.778429956918 
 1.157825341758  -3.876106640562 
-2.882780009681  -2.930412239774 
 3.567744589139  -2.109445547203 
 1.119663719934   3.994243864294 
-4.155438906007  -0.073336576379 
 4.094244111105   1.095501936998 
 3.644101166156   2.674517578265 
-1.917201824270  -4.171837528358 
 2.773022234190   3.922134921728 
-0.458270360614  -4.807042485274 
 4.824246223006  -1.158995481618 
-4.782039953699  -1.986070778600 
 0.217401271339   5.206858204534 
 3.542086548454  -3.876784838307 
-4.413193889902  -3.470995723240 
-4.612734085728   3.355350084249 
-2.395877369143   5.217978298475 
 5.723943089984   0.596645213891 
-5.499614489971   1.887232024308 
 2.416047642679  -5.398224987551 
 5.162912399433   3.014762462652 
-5.947601988667  -0.963791600490 
-3.473102356056  -5.145975798836 
-0.221078477508  -6.371161670303 
 6.110530313953  -2.434235009506 
 3.838415839915   5.457133382449 
-4.456988348865   5.003976632351 
-2.306900433557  -6.351686595711 
 6.819046408985  -0.483087438169 
 4.627958944618  -5.063531281440 
-0.635364096860   6.925593036308 
-7.109588399162   0.147681331748 
 2.160687602019   6.815491319195 
-5.085126989072  -5.078691589097 
 1.906289463595  -7.025916291073 
-6.320822227522   3.626866936034 
 6.192456722790  -3.956148886861 
 5.490564007239   4.923533191034 
 7.346559534695   1.098316151258 
 7.180063959536   2.724997247630 
-7.414686167795  -2.241442153370 
-2.950631181684   7.204788278989 
-6.939218272187  -4.288664465031 
-4.042466965350  -7.096072718111 
 4.808606526148   6.657365250930 
 8.093032491166  -1.489121838224 
 7.050238348012   4.306257185048 
-8.184523154389   1.198758380436 
-7.869305805014   2.804309261871 
 1.087838499462  -8.348176692010 
 4.637574586542  -7.032929384021 
 0.227909357247   8.496076193247 
 3.353870925282  -7.810440384400 
-5.483715170893   6.521976741359 
 2.118579164013   8.338435540839 
-6.758655739488   5.343987040171 
-6.420214503555  -5.944006258960 
-2.644220800408  -8.342105846527 
-8.777883881800  -1.042923800922 
 8.713583026212   1.751919017538 
 6.169723143569  -6.532181965368 
 7.274459018908  -5.492874240852 
-8.418254289187  -3.764213815804 
-1.401063259344   9.145350111918 
-4.851754231959   8.038751440259 
-1.405933872907  -9.374270007593 
 8.956583668824   3.361041832812 
 9.333691582025  -2.535699527916 
 8.568300339723  -4.695988408781 
 9.766808305895   0.573958970940 
 8.475509913353   4.929011817113 
-4.762273943091  -8.593622875838 
 0.660245841993  -9.816114802927 
-6.930510955861   6.992113797362 
-6.292171842881  -7.627589201843 
 2.383282624268  -9.644801302634 
 4.376497290391   8.929267165953 
-9.246759023964   3.671422881178 
 4.422959358078  -8.928184268084 
-9.843463343975   1.586823401836 
 5.810475998796   8.140656133862 
-3.116893756832   9.560863509860 
 7.175038087255   7.172086029453 
-8.491370307690   5.636145785364 
 2.137711649639   10.006964636825
-7.780666417818  -6.938070185845 
-3.682761220333  -9.839865712755 
 10.363743297703  2.285798867409 
 6.734775682605  -8.248325705053 
 9.918302104432  -4.030486488390 
-1.468199939563   10.749000336361
-10.863044740624  0.089099738565 
-9.640706345740  -5.010500364921 
 0.761820916733   10.953261206948
-10.860104649963 -1.854401374905 
 10.838325381018 -2.088409134628 
-0.292221258501  -11.145188519238
 10.425164996201  4.095642204397 
-2.057655901633  -11.020310973773
 5.764015311564   9.677939891756 
-6.721268079821  -9.090219529327 
-5.660169406026   9.832374865982 
 4.112340673538   10.711845577616
 5.731105472749  -9.969613574927 
 7.385726923011   8.820097720602 
-9.383098503582  -6.720422485386 
 11.551316060637  0.617624333357 
-10.641228773890  4.551237630076 
 10.030514379520  5.881061043168 
 4.354447656063  -10.799680879109
 9.057770555873   7.394159830599 
 2.655404416846   11.426457640946
 1.628656744354  -11.678185804497
 10.402258426400 -5.565515708699 
 9.034002150567  -7.664827160444 
 11.864020890130 -0.968878584936 
-11.347248139082 -3.663476701044 
-4.177345840051   11.238000946865
-8.293612392872  -8.661722891363 
 11.638881959603  3.118965736103 
-11.765844414431  3.452346565360 
 11.862541191886 -3.206788833334 
-9.424955599646   7.922076323409 
-4.400596006806  -11.504471345681
-2.300028562398   12.170648194226
-1.307438705222  -12.328989730431
-7.517701439477   9.874495573705 
-12.375269069195  0.937449777726 
-6.124656976856  -10.808397261625
 8.562879935100  -9.243379546296 
 1.341570725855   12.605208173076
 0.482072359001  -12.741076764811
 9.065017319985   9.022569402568 
 6.105037943530   11.260714104061
-11.000609484724  6.570078834851 
-0.355317629486   12.811656756469
-11.210357597011 -6.225172629040 
-7.784453776272  -10.211489119734
 6.059321851772  -11.487313008620
 7.763157951122  -10.574250781942
 3.623154421171   12.621926871405
 13.082221882594  1.178413238396 
 10.843689631569  7.606550425604 
 4.777772251842  -12.374428568577
 13.175442819798 -1.837335684550 
-13.126979877099 -2.375659463304 
-12.401818262641 -4.928116681489 
-13.127486498923  2.635504554140 
 12.077644682727  5.818859225520 
-13.406600416443 -0.544933713263 
 10.950357039772 -7.760121046343 
-6.368778342235   11.861132233018
 13.498202919492 -0.280695375743 
 1.900607427633  -13.396030180947
 3.449302197200  -13.087253848464
-12.396810576281  5.449946654368 
-9.394478792310   9.766877516385 
 11.956390241969 -6.388373307394 
-4.110759204732  -13.052193944518
-2.436080221589  -13.496137515918
-5.572552316405  -12.561551754069
-11.098646199852  8.139078786785 
-9.698309184148  -9.808531078309 
-3.057815374033   13.621339355768
-13.330811279195  4.163468935854 
 13.440869736465 -3.847941311624 
-8.503296959226   11.098304050552
-7.412950778366  -11.854863627067
 10.622223009034  9.093083705726 
 13.432444594828  4.391239126248 
 10.245661775251 -9.769486711452 
-0.646716468332  -14.248936374341
 8.567349503296   11.434030392875
-14.233403161973  1.474074825405 
 13.286338887754 -5.351470231661 
 2.314521338766   14.137761029445
-5.489823101547   13.254587374592
-11.211403148099 -9.065396900677 
 12.460801242167  7.445120386307 
 10.092119589906  10.498343369158
 0.770222745223   14.542491229138
-10.935703052135  9.634562879676 
-9.095874426764  -11.396218042932
 14.321526813966  2.787711097294 
 0.862928691489  -14.573717947519
 6.480048589917  -13.107630318710
 9.077488030405  -11.577460249617
 6.733037299902   13.089739907215
 12.497608856358 -7.819823946526 
 7.886412602209  -12.575140037506
 14.832362104314  0.641185460654 
 5.353907351619   13.881280818438
-14.904325480735 -0.748053721253 
 11.871387459648 -9.188101497776 
-14.697044059369 -3.315351540534 
-4.036487183336  -14.593472147146
-14.842781373930  3.017755196041 
-0.939199216226   15.322978278845
-13.343637142472 -7.654453827249 
-14.395951291324 -5.440074218615 
-13.516247688403  7.380915769375 
-12.447345756303  9.108708371559 
 14.085715522089  6.412677434702 
-1.907412426685  -15.361704719304
 5.062300881856  -14.653348920033
-8.784953282657   12.879428411341
-3.826778357781   15.197945710533
 10.073335728191  12.080173406863
-10.968638653330  11.281867760670
 2.003961823433  -15.642531458176
 12.403011867756  9.745188352891 
-6.660567482638  -14.321608742141
 15.539080382881 -3.145426099819 
 8.860538987645   13.190522949677
 15.833234341833 -1.534107340203 
 15.239753919121 -4.946599838676 
 11.421463698626  11.243665042986
 3.867379471243  -15.565982543602
-10.534599402758 -12.111773498820
-7.451110222422   14.244715818884
 0.049220799002  -16.146596708692
-5.841227379908   15.068970440215
 14.626983263026 -6.874411355771 
 6.591569052356   14.800317636838
 7.107897378044  -14.624416753329
-16.275569080302  1.205621629667 
-15.088694206356  6.251358176049 
 16.215629368318  2.228583236000 
-16.377607852294 -0.418369429621 
-5.327282839007  -15.497338264757
-9.259961778472  -13.566874051053
-12.509399341063  10.663228573434
 3.912091329481   16.040605630225
 14.267025095615 -8.344308858193 
 11.323153876476 -12.082824459355
 16.575254547862  0.579745088930 
-16.158950232042  3.756742780744 
 2.096855236597   16.467310453516
-16.464753652726 -2.226500386013 
 15.894707825510  5.000936367943 
-15.183598887224 -7.178812948925 
-2.973914411749  -16.606368533665
-2.066124018706   16.797195003078
