-0.833966705138  -0.712180973663 
-0.270552551581   1.112627748100 
 1.405531210286   0.561449259139 
 1.112640340806  -1.136998862875 
-1.963222330630   0.490740014905 
 1.811516405093   2.065588820438 
 2.813858911336  -0.749677234485 
-2.053751852604   2.151635900282 
-2.077461853858  -2.226423030997 
 0.838693782566  -2.973165634158 
-0.651195721474   3.060678582312 
 3.304128988548   0.982502411077 
-0.879660662187  -3.438488599818 
-3.591911099114  -0.885956179101 
 2.669898132564  -2.732927309901 
-3.775560491222   0.691697188451 
 1.884381839167   3.859914516060 
 4.165049907145  -1.439632217121 
-2.856363217692   3.470874377023 
-4.183531559751   2.173611230487 
-3.987366406402  -2.682104732228 
 4.802413493137   1.277173046333 
-1.661755497710   4.762834099382 
 0.901549847629  -4.989784973383 
-1.165543558556  -5.010485149829 
-5.085333542160  -1.094246854544 
 0.538801491627   5.184125477051 
 4.225302997921  -3.082793947301 
 3.878952461095   3.643512872900 
-2.822239383886  -4.807640154671 
 5.817063934065  -0.193004119740 
 3.118249689910   4.949884112987 
-5.979131992293   0.161447471279 
-5.713269499315   2.011409522374 
 2.787552541716  -5.542308958301 
 5.690637076055   2.600201035859 
-0.414516557333  -6.348155410695 
 6.466798856474   1.200751522338 
-4.417286530178  -4.884823705987 
 4.831659671543  -4.488183450168 
-3.056335965997   5.956478822983 
-2.145408303207  -6.400041969300 
-6.533776771690  -1.895594554628 
-5.146687428334   4.581296359284 
 2.173185492775   6.544454768507 
 6.542928022677  -2.424451152246 
-1.120867186739   6.910733171857 
 4.878610679086   5.261675532366 
-6.383571802292   3.384409808440 
 2.059084241798  -7.092693771808 
-7.314593043692   1.154704616143 
-6.361851324462  -3.820975275269 
 0.808182974794   7.494126149614 
 7.271269107981   2.558660865019 
-3.832187278616  -6.801986959869 
 0.636631872970  -7.853999988113 
-7.919662074740  -0.340684854681 
 4.065581739786  -6.948719066841 
 6.509755814771   4.878935202883 
-5.377241179319  -6.152872300782 
-1.972525150000  -8.035261365773 
-2.247046243485   7.984694647510 
 7.618825191613  -3.632924425047 
 8.549167494455  -0.445537073225 
-4.090221264780   7.540811783107 
-5.872445397703   6.315989763945 
-0.198841186746   8.671040835322 
-8.009832027323   3.428111374717 
 8.587598096733   1.503988585948 
-7.141726898868   5.051630709534 
 6.756639093218  -5.725597208370 
 4.488755058325   7.638380967512 
-8.634461850414   1.990595922162 
-6.848619585352  -5.648268335387 
 7.886954801077   4.223867121574 
 1.787235457627  -8.829906388130 
-8.429805377713  -3.203982049573 
 5.776024429931  -7.021196935536 
 2.679365148978   8.817202424579 
-9.101910547275  -1.727181250915 
 6.789912058995   6.485352447663 
 1.173417294377   9.325890521130 
 4.209203690964  -8.470794102630 
-3.191879302187  -9.028278690392 
 9.414580337687  -1.879203871165 
-6.011092110323  -7.529992672284 
-1.360767290443  -9.686121805058 
-3.314433426808   9.253235534379 
 9.511720395662   2.872821388083 
-8.545398576436  -5.130626592742 
 0.513411179007  -9.967652486426 
-1.500822313609   9.870856723607 
 8.971440011157  -4.415266688532 
-10.146526789804  0.119284811000 
-9.704126581335   3.313456750016 
-0.027909888194   10.263767549999
-8.621697013632   5.687074996819 
 8.474947496881   6.003470790517 
-4.848434364263  -9.200438317343 
 10.330905438154  1.357440273721 
-10.315867624872  1.753134388972 
-5.221780598305   9.076918574994 
-10.135782395014 -2.941967571961 
 2.290567757544  -10.324575502573
 4.964724218689   9.478013101350 
 6.543519116617   8.472160766853 
 9.624978667439   4.854838707310 
 10.443681905891 -3.264754431495 
 3.464934581127   10.464533139878
 7.893793552226  -7.805569561941 
-2.457155552861  -10.842848375564
 11.048656257183 -1.351811789698 
-8.709105428113  -6.982077945270 
-7.530690898173   8.253129607877 
 4.161187212582  -10.387373917543
-11.133322711537 -1.129379893801 
 9.497221910926  -6.002640675470 
-3.395567806193   10.751515824721
-6.543158811719  -9.354262732161 
 1.878640156901   11.281267688615
-3.991364587924  -10.758278778299
 10.513784045834 -4.886496209752 
-1.971934813990   11.432320604232
-0.450040340657  -11.593265404312
 11.651201365625  0.062214384855 
 6.540320412970  -9.894890723142 
 9.972518497043   6.445188722737 
-10.981562489823  4.618586590220 
-11.161665483413 -4.432833112005 
-9.146555345315   7.851445839411 
 11.701410437639  3.124152715825 
-0.349300936904   12.122498564954
-5.796853525271  -10.700874561986
-6.567118688891   10.271958665248
-12.204648622294  0.468240550523 
-11.855054653884  3.121545629199 
 7.366397843744   9.817295612219 
-10.496844929802  6.434336404665 
-1.818994965148  -12.222181036505
-8.155625577818  -9.291976501729 
-10.746404762414 -6.121767236508 
 6.092169653386   10.798218224257
 1.485107060038  -12.349098672164
 8.786104707071   8.836619166907 
 12.243848149973 -2.424041988332 
 11.919619145481 -3.915863334297 
 8.873665329455  -8.946699743411 
 9.992515369199  -7.784245042935 
 3.807799677057  -12.169232717149
 1.326510802562   12.697885005007
-3.978083781906   12.212571765420
 11.508416058187  5.725890894784 
 4.996578355274   11.856195655082
-5.545336610431   11.701649580729
 12.931099981760  1.499586327829 
 10.271683047561  8.118842424457 
-10.696912448118 -7.622116496213 
-2.188816317406   13.011459867978
-4.708680652552  -12.357021518378
-13.025656596301 -2.454406392453 
 8.151152962309  -10.465366546088
 5.779982795333  -11.976730340641
 11.421718942257 -6.862763442111 
 13.438382444214 -0.174847909123 
-13.446082134597 -0.813185375721 
-8.777056119524   10.346155730831
-10.386034726757  8.748347687464 
-13.321824790649  2.680966291331 
-9.910903400502  -9.321730180183 
 3.412673053067   13.174469721572
 13.284290891803  3.062359890604 
-7.346191110909   11.557004920171
-1.372053643714  -13.745710259861
-6.506976125329  -12.243403285912
 8.156640749929   11.218376852480
 6.657341858864   12.279045077540
-12.543985978901  6.469726736757 
 0.611766302076  -14.102740732033
-2.926073264230  -13.874132355451
 0.506338692935   14.263095374219
-13.627507612308  4.241937053081 
 2.160542419137   14.136189127657
-13.433707724720 -4.919574408170 
-11.963665814283  7.884024501635 
 9.641949976905   10.654062015476
 9.939077102295  -10.399678615439
 14.141279803932 -2.688473736613 
 5.221254685575   13.450876557199
-8.606536145404  -11.590727803297
 13.806909788245 -4.272660368502 
 2.855823940199  -14.197459434038
 13.753344625519  4.601024343007 
-11.395493017120 -9.049301814781 
 7.209436381488  -12.675616058090
 12.589838331362  7.409559314996 
-3.646594455088   14.154606748616
 13.159926942036 -6.431454088318 
-4.928841564702  -13.886493817855
-6.198480018802   13.484364232205
 12.420527534727 -8.248827922181 
-9.191021248018   11.854709751592
 14.995663952445  0.756261747087 
-10.508309417286  10.777768868018
-13.476834634673 -6.708352569020 
 15.041254526394 -1.125143549065 
 4.646196063590  -14.396673950440
-10.147763844045 -11.231521381976
-15.127159192373  1.829760066787 
 9.230420150636  -12.151120411460
-0.637291192410   15.309715380545
-14.185450512477  5.933629319201 
-8.077099211715  -13.095183698422
 12.151841777139  9.482188070901 
 7.273454469698   13.687242110479
 11.168198833399  10.778483744327
 9.737008488965   12.180635625075
 11.956541602457 -10.057699028377
-5.220197838885   14.750793951772
-13.125400555342 -8.561885018942 
 3.983536102911   15.163313380277
-15.363568008182 -3.133725232150 
-1.470196288705  -15.668808717716
 15.218202009118  4.030863357813 
-14.990944144011 -5.135029790211 
-15.223211793908  4.485569975174 
-15.844553645186 -1.448223548863 
 14.416534595879  6.774902071454 
-13.030902898136  9.267201352182 
-7.134851620174  -14.387486416992
-12.108629307226  10.597996740342
-3.811954253945   15.682520740296
 1.358249738124   16.086889715169
 15.769613500919 -3.511894549439 
-7.615788360761   14.286995859481
 14.390372738022 -7.501305654675 
-16.243756075707  0.099649624512 
-3.553956660104  -15.865163324902
-5.450198814682  -15.330019151338
-2.080112300972   16.162025717695
 1.297086483072  -16.265814641797
-12.283635687668 -10.770847988886
-10.661687240538  12.468931953261
 15.205384280484 -6.200358432521 
 16.273104139074  2.477135971781 
 7.069837126841  -14.866477711907
 14.051603822090  8.625728820629 
-16.228655613264  3.017737046200 
 8.991288068788   13.865709604781
-14.405118557162  8.168077049819 
-15.348517015165 -6.613261531284 
 2.959099471645  -16.464699921361
 11.671207538811 -12.073034215401
-14.749963980036 -8.097368590097 
 8.853332895604  -14.334477968549
 16.739763235633 -1.972702856984 
 5.385866037358  -15.994493923090
