-0.832183713078  -0.080475986575 
 0.826891681793  -0.626650736869 
-0.787680817559   1.768005152832 
 0.199699081198  -2.198823068089 
 1.861563835271   1.584319096894 
-2.346181809742   0.774732293150 
-2.388426850461  -1.419852486328 
 2.897591791415  -0.131198255480 
-1.423167166590  -2.602540121279 
 0.703201599730   3.010745933206 
 2.371321454314  -2.477743113266 
 1.184704954973  -3.501086160756 
-1.509209517293   3.433167869334 
 3.634586251285   1.366726602768 
-3.731678127920   1.398444525006 
 2.860047511742   3.030674884285 
 3.842795083573  -1.876101553492 
-0.698278697415  -4.417771927807 
-4.419091322720  -1.734211905413 
-3.030624815865   3.860286450965 
-3.245885958773  -3.700512902100 
 4.942465295256   0.013463134692 
-4.954961880768   0.385798477751 
 3.971009783765  -3.413027660053 
-0.352475789391   5.319999980336 
 1.278508526264  -5.199693317346 
-1.886653236827   5.025700544143 
 5.546899119173   1.477679803267 
 2.225214949748   5.386695426913 
-1.091670429430  -5.880783907745 
 3.849852670027   4.629586069293 
 5.246629115133   2.957192245652 
 3.208790777132  -5.105791810387 
-2.890299671434  -5.472129175246 
-5.097964230114  -3.611356790981 
-5.803709218070   2.405407272304 
-5.057941280267   3.811676730022 
 6.122840683986  -2.041682724639 
-6.291252833811  -1.544879264780 
 6.692276624999  -0.628966219043 
 0.992521694396  -6.787132039673 
 6.978529869076   1.026546473679 
-2.046093013963   6.753488684633 
-0.239250865663   7.090621593252 
-3.453935553064   6.208479848409 
 2.629794331125  -6.749021597875 
-6.550797160332  -3.149161681286 
 6.819389202215   2.783839360183 
 6.538774020993  -3.485887263287 
-4.863191388856   5.667254913106 
-0.548371726443  -7.454281037220 
-2.123867938872  -7.393669736696 
-7.630463110557   1.148052486421 
-7.784851662046  -0.347376935339 
 5.735998967457   5.292803453918 
 1.969688730234   7.582474594649 
 4.232886153499   6.611782490845 
-3.990298169409  -6.809888753403 
-6.000806803592  -5.299753034404 
 5.890590139358  -5.576364551124 
 8.027378961008  -1.424595605999 
 7.163687927432   4.315508053471 
-7.593651700988   3.676282392958 
 0.324301288726   8.515070381816 
 0.565141240306  -8.532491461320 
-8.344381549344  -1.946874938793 
-7.376198631292  -4.435127172179 
-2.902096837414   8.159558253070 
 8.688478011330   1.392721844516 
 4.718323595288  -7.453473753332 
 8.343204649760  -3.068304514923 
-1.152995140994   8.953718195728 
-5.124005195906   7.494340562991 
-3.541223558744  -8.429078471758 
-8.781176947424   2.574697790368 
 9.203445280027  -0.403182653017 
-9.172794484482   1.077887706253 
-5.454705036303  -7.582228548887 
-6.788248357958   6.484198064140 
-9.411259507422  -0.641250719677 
-2.260284287577  -9.312753639608 
-9.066720848421  -3.299492515965 
 6.392147238533  -7.231350904356 
 8.964659176683   3.627966850884 
-0.437068041340  -9.853906684033 
 2.394320405321  -9.591722984207 
 8.650666658447  -4.809755478225 
 3.793266021067   9.153279712933 
 4.249874239087  -8.990708406971 
 1.344619104099   9.881368212848 
-8.307788215824   5.611078980144 
-7.637433565692  -6.526228062842 
 7.171665880844   7.043134761659 
 7.858143858630  -6.335506865297 
-4.359866764148   9.116732475664 
-8.771857329058  -5.074920197743 
 9.933180616499  -2.634236447363 
 1.049086018157  -10.293716104576
 5.974448161522   8.521984546475 
 10.445871262922  1.167795298034 
 9.017810298656   5.437289689986 
-10.408127896250  1.982694639655 
-4.540587903593  -9.592947441464 
-6.618607712386   8.323815785571 
-10.689720507204  0.394014874306 
 2.964891392172   10.490184099333
-0.172887137264   10.909903460600
-2.836093216236   10.573335834760
 11.083126435703 -0.669837667423 
-11.074940370970 -1.315481109457 
-10.429036000705  4.388993879506 
-2.206668923681  -11.116174434372
 8.536343729863  -7.687564169999 
-9.981631214720   5.887450888835 
 11.241206371136  2.901874926161 
-9.009860426624   7.405679854046 
 9.153866401519   7.263550254079 
 1.870408816655   11.593150159945
-8.574010035190  -8.044749066052 
-6.073154054993  -10.090207967408
 7.186772081001  -9.370974393079 
-11.404010852635 -3.114111911563 
 10.803178074527  4.852473195639 
 10.026423162515 -6.337267519921 
 11.697381905527 -2.111572516675 
 4.550047380649   10.995297777108
-10.813699654518 -5.012793538336 
 3.486639507975  -11.397988314297
 1.682807025491  -11.808565343015
 6.024710422839   10.401914426687
-11.653298998820  3.007809009657 
 11.426965402258 -3.991278568311 
-7.531606907845  -9.562694074852 
 5.950736449646  -10.661882164758
 7.425836933173   9.770524368765 
-6.192912696984   10.619077681225
 0.394312818138   12.324283845359
 0.090531970540  -12.372521802692
-12.384325291484  0.120989917019 
-5.127537755400  -11.311643859299
-3.715728203693  -11.854034126340
-1.253839171632   12.373534838085
 10.618156340769  6.801214303864 
-10.455469404817 -7.060581857429 
-4.966225808252   11.689561224364
-7.669642621546   10.138192326196
-8.908529975463   9.210647981819 
 8.729156052003  -9.476748827459 
-11.938561928393  4.859051654413 
 12.926444957038 -0.560948461385 
 3.105229880072   12.683590292498
-12.947946746418 -1.810285890210 
-1.396855584136  -13.151340792269
-13.214959805473  1.540763497384 
 10.133155200668 -8.689932824069 
 13.259003227151  1.635675216553 
 2.682790906529  -13.098811558421
 12.883567729413 -3.592892656399 
-12.389443460863 -5.163622867170 
 12.962761050733  3.483716613341 
 12.071948804596  5.887894711873 
-11.798011638206  6.422879084654 
 11.266240693989 -7.343208208062 
 9.930220795973   9.181475190306 
-10.064749139962 -9.037625158079 
-4.132662371958   12.997417082467
 6.886196798023   11.824479877611
 7.337537819965  -11.578226315027
-10.468740442568  8.871029219575 
-13.239452892392 -3.838805816380 
-2.921870891882  -13.495836568184
 8.739704986350   10.856420727198
-13.927708428455 -0.555726392486 
 4.669298950819  -13.157786268100
 13.832515416722 -2.109393495984 
-5.397508504134  -12.940759019824
-7.348783436333   11.964593116748
 12.571256623654 -6.451148914450 
-0.706880561710   14.144738878283
 0.708015893492  -14.151574513314
-13.613066531830  3.965545047173 
 0.873174324112   14.184795369459
 12.063105493283  7.526387914509 
-12.420247475584 -6.935197738297 
-7.769688746552  -11.976839644386
-11.572668012848 -8.395263505492 
-9.639154210403  -10.583933059720
 9.337237387508  -10.930225504606
 5.748855051069   13.228957428732
 6.300618903420  -13.097496477581
 11.528010397908  8.937213546522 
-13.482448183092  5.583265565802 
-12.416042871376  7.805517728806 
 13.684015277984  5.541281861000 
-2.987802340982   14.517466125572
 3.562898287899   14.476521925062
 14.427617166400  4.106994328710 
-14.857003953538 -2.074380830161 
 3.296714930664  -14.636196395762
 14.388727701982 -4.329183963756 
-6.683334930781   13.464716582648
 11.609070155613 -9.579033992397 
-2.267785935095  -14.935302687116
 15.124564498917 -1.341194798058 
 7.849712098424  -13.021171887411
 8.792341596497   12.421774857481
 15.231343009754  0.164181258333 
-10.014613378208  11.500613212151
-11.324006568710  10.244658368137
-4.002846338915  -14.761949511758
 15.112818206215  2.614851902002 
 15.082514138116 -2.992162575121 
-14.909590211649 -3.854682527752 
 14.105440826237 -6.471417835679 
-8.814373021214   12.789223365226
 13.748173237427  7.307202750337 
 1.650137119468   15.510045308791
-15.590600545052  0.533070334679 
-13.392715119356 -8.080581762990 
 13.014629809021 -8.815205186347 
-14.872011410666 -5.364263699687 
-6.302596606351  -14.501253874349
-1.985116604764   15.739771786998
-0.344201689042  -15.896934371929
 1.276242191747  -15.865629039565
 10.816142544212 -11.682957428047
-5.650908399784   14.912755198731
-15.628934149679  3.215002038672 
 13.220022780910  8.940670594994 
 9.656230831944  -12.710618777953
-11.359921802712 -11.225386256664
 0.087280420642   15.971194494030
 12.168590553067  10.373637720306
 4.718165777974  -15.297167262171
 6.637691375753  -14.601041065412
-8.254618351991  -13.845553826804
-14.009922491686  8.054831799203 
 10.930445493579  11.968910142619
 6.352473112180   14.913459182464
-15.483792516987  4.838506216442 
-10.433662995222 -12.636985711255
 15.394699381702 -5.654341310999 
 4.725633548217   15.712076833182
-12.950079776818 -10.219276110061
-15.029529257770 -7.020851242532 
-16.581667094954 -0.944896401721 
 8.412729629884   14.349571069691
 16.690011001795  0.589924732179 
 3.026854683859  -16.443040300573
-3.331795083300   16.424450444990
 13.219486475319 -10.307990780790
 16.632303699172 -2.126841048587 
 10.009183460533  13.537581613748
 14.658261408789 -8.314762671185 
 8.201814816987  -14.744825680508
-15.355089860397  7.041301596782 
