-0.687527259473   0.579624086605 
 0.713052134632  -1.055727197510 
 1.159238843199   0.683335902704 
-1.851046470283  -0.561339653086 
-0.168208561507  -2.324817940872 
 2.367231250457  -0.475091639031 
-0.524018931012   2.413520572452 
-2.220966694861   1.330767039053 
-1.677479297249  -2.287548329122 
 2.080831714786  -2.256629748403 
-3.345751392241   0.256786334338 
 3.069923569651   1.463747169221 
 1.935244433643   2.882764456252 
 0.870469462283  -3.414610198556 
 3.847623397490  -0.729200651790 
-0.225313111754   4.002400684182 
-1.278711028447  -3.834147551867 
 3.630810068693  -2.291827746732 
-3.695778781635  -2.206733339742 
-1.808699845867   3.977882916209 
-3.851019830814   2.071255920425 
 4.675945212347   1.059972529184 
-4.847246172926  -0.362491477135 
-2.842095272308  -4.086252453830 
 3.943636643360   3.105222631478 
 1.609142770362   5.092070979467 
-3.792224294431   3.819146826512 
 3.121233129322  -4.414188154450 
-1.079001542923   5.578832801335 
 0.726993330313  -5.711901735075 
-5.173575361964  -2.652755907771 
-5.642081180237   1.884079138903 
 5.939868783852  -0.645246115563 
 4.585799971786  -4.045640183945 
 0.482900583750   6.283263451450 
 3.614139700187   5.175988310146 
-1.642044696686  -6.116719920444 
 6.062682426522  -2.166345303243 
-6.424211451301  -0.929085403053 
 5.977778223479   2.583747666673 
 6.474727402818   0.969524863757 
-6.523593455311   0.649475529486 
-3.182100243068  -5.827427373992 
-3.675373094858   5.616466774357 
 3.245409189845  -5.929391176739 
 2.486034240791   6.459788126001 
-5.015198857974  -4.812615470574 
-5.403625573083   4.454656185441 
-6.405162050777   3.228542405307 
 5.944243516023   4.241028877745 
-6.368709821665  -3.662987428039 
-2.129868178113   7.051558633195 
-0.563452536157   7.499659032720 
 1.126105567564  -7.480111028087 
-0.919702235879  -7.684337971100 
 1.142321530043   7.680804782568 
-7.593098931411  -2.053266135008 
 2.626728003231  -7.514991871128 
 7.097534666904  -3.790909721366 
 5.378777297739   6.006063614396 
 7.988869878779   1.132405911298 
 5.073400464401  -6.288885859391 
-4.594222968037  -6.842353771423 
-7.936126361335   2.523343922019 
 8.284118675207  -1.289688565667 
 6.458872391073  -5.407710303542 
-8.430252352425  -0.448714354861 
-4.837008913442   6.930238806644 
 3.172176121780   7.876903095411 
 8.157913402410   2.681285923991 
-7.299922826325   4.634140726314 
-6.358200320106   5.947642418911 
 8.327206949667  -2.853125113070 
-3.550761921392  -8.140195998056 
-6.637985691542  -5.904664672849 
 7.467903684927   4.952873738423 
-3.123806171871   8.447387312400 
-2.110007155846  -8.764139539491 
 9.245021731579   0.013448319234 
 5.404908453128   7.511941400285 
-9.298945810047   1.189702569979 
-8.560363326837  -3.867013720855 
-0.519856194842   9.409666153891 
 8.022165967571  -5.048969550366 
 1.002131555373  -9.453569716325 
-0.623679908843  -9.530738690483 
 3.767363557606  -8.976445165339 
 5.948341254284  -7.769103291856 
-9.760031461847  -1.286608984940 
-5.508806506937  -8.171138117887 
-8.986543116554   4.319765915710 
 9.747626134546   2.257602528518 
 7.723485558983   6.485682963713 
-2.076794037641   9.927068377265 
-7.025396671802  -7.413723505449 
-8.640444843188  -5.520540955343 
 7.707626436402  -6.767163215882 
-7.259560450917   7.310928159708 
 1.864885964998   10.135441404833
-4.755493621301   9.178603703091 
 9.596087112058   4.216696788773 
-2.881587079463  -10.084155274847
 9.510745443442  -4.450226400130 
 10.294945558886 -2.466547819638 
 10.771250190374  0.797159600197 
 0.424969453651  -10.878291330048
-10.471201221936  3.365672980955 
-1.546632693052  -10.912498618630
-4.718196244608  -10.063561245853
 9.234008073001  -6.239802759120 
 2.509284106276  -10.886261285987
 5.404093799390   9.799844666139 
-0.273876743892   11.201145357272
-6.513581144831   9.162059021509 
 4.059823126544   10.537929512733
-11.286345730822 -0.394100225972 
-11.218128691308  1.302657000485 
 6.982065051950   8.943753355821 
-10.803124786741 -3.575596518156 
-9.603509602858   6.177465467826 
 9.792978753120   5.905857277279 
-11.261735992967 -2.030276531523 
-3.133568410982   11.027270877498
 2.701263176924   11.388008936567
-8.240292292219  -8.392191653051 
-6.559996352216  -9.774692003096 
 6.638859265789  -9.734708373912 
-8.290319574708   8.421851937494 
 11.306809545080  3.533915207278 
 11.921238471429 -0.408444855136 
-3.685131453942  -11.390681000684
 4.853708993604  -11.027501524084
 8.805908300958  -8.339045482846 
-9.632839925566  -7.397726125843 
 11.404200828528 -4.296866279996 
 11.862871518097 -2.859341517307 
-5.639162676759   10.840660969383
-11.162256827525 -5.159488569549 
-0.989543262149  -12.317690763414
 9.307448372801   8.176634473249 
 1.522881104654   12.451917212425
 11.509044855328  5.076184257157 
-0.845792835881   12.703239406450
 8.426912626005   9.571460531765 
 1.134455061698  -12.742777914620
-7.298758852492   10.513901183539
-12.375726986767  3.543178625924 
 11.102630258246 -6.526502733486 
-11.264748389889  6.266628078336 
 6.870900270773   10.958667375792
 2.836684757701  -12.636126220612
-10.107809471459  8.143290955570 
-5.919676766405  -11.631023802102
-13.007027146286  1.553125051590 
 5.472569881781   11.926684846221
-7.997835614493  -10.437144671349
-2.424032014633  -12.971106678267
-13.222705703277 -0.752205848288 
-12.727050910113 -3.753878961271 
-3.766788203918   12.735303369348
-9.361077455306  -9.431066682227 
 13.222175574060  1.705512866569 
 7.159732757405  -11.256942110353
-13.184425550363 -2.323669561544 
 10.914844006314  7.823794616600 
-4.237373732014  -12.787649711672
 10.805047600879 -8.249227161282 
-11.235351907497 -7.761536295173 
-12.163530191302 -6.356593524726 
 12.717797622042 -5.206518153664 
 5.976485483401  -12.400359536849
 9.938900809330   9.567970859111 
 0.182507523139   13.835855763238
 3.292111224333   13.453960989077
 8.928200696202  -10.614774196911
-5.478338105692   12.941602672006
 14.033156679904 -1.012096595290 
-8.907499206190   10.896754653217
 13.661346686993  3.476407511630 
 4.427449220172  -13.400816048894
-7.310059227148   12.122195190621
-7.535688558456  -12.099355438042
 8.998663519881   11.056460128693
 0.190432441524  -14.314966680000
-2.373653114741   14.166657311198
-11.561902139827  8.652242737945 
-13.866087686671  4.093844237386 
-14.252323153025  2.542585766578 
 12.806872862008 -6.772874239487 
 13.078018505436  6.349066678641 
-10.962960615126 -9.565477292284 
-5.601374447980  -13.441471885492
 5.496568464067   13.499583931941
 7.000357570949   12.802220451769
 3.124557386472  -14.269544898085
 1.511111583480   14.559987541353
-14.242953199875 -3.463743807142 
-13.425026503828  5.900171439746 
-9.136625940011  -11.641334694245
 14.427889390996 -3.392417565854 
-2.550969325505  -14.637847489657
 8.032208419694  -12.553689648629
-14.848362913259 -1.836507064497 
-12.731304698824 -7.901796219001 
 11.171608739933 -10.082875043734
 5.901611408098  -13.899021107480
-13.904345663855 -6.097557529283 
 15.083627316530  2.291476588575 
-11.033498186489  10.540757911552
-5.096977443224   14.406088832642
 12.833675612283 -8.426817450079 
 15.370820570429  0.272576920409 
-7.196157501063  -13.620703908425
 12.537155175983  8.978641535007 
 14.195167061963 -6.091172864188 
 10.056096263149 -11.758382668721
-15.517476185583  0.424022787218 
 4.648438840275   14.845772699776
-4.717139321421  -14.840653074563
-8.952398926012   12.743881831372
-0.557890175268  -15.686476852066
-14.843182382587  5.274532602701 
 4.335938013739  -15.206221764975
 15.136188591758  4.726531208592 
-8.676354581200  -13.280938481106
 15.116011819144 -4.815207493525 
-2.992576703790   15.581052413197
-13.836460863535  7.959310985542 
-0.759990499681   15.953750138346
-11.583662753789 -11.062926197768
 1.499496350539  -16.076990357111
-15.658083063086 -4.109460370922 
-16.083219739474  2.144607623843 
-2.051520209235  -16.099471647046
-13.043628183414 -9.669466015651 
-7.382898796144   14.488032454740
-14.306490081432 -7.745656994125 
 12.342611758429  10.691917455524
 16.372545177854 -0.858213730526 
-12.532330812662  10.629386137675
-10.155551215721 -12.928122849031
 10.812620023367  12.467403047286
-11.014687869394  12.345463135701
 9.592674516592   13.499834945140
 1.267451252658   16.519362660759
 16.415774455068 -2.375199369391 
 12.344536219418 -11.125541855049
 14.607523357993  8.052028050333 
 3.759222159058   16.258243472011
-6.938679161652  -15.201065683728
 5.948713437066   15.618810922919
 16.699837642170  1.146499065143 
 7.391091616191   15.026455914417
-16.691457425045 -1.363204168718 
-4.488525449455   16.205988436260
 15.214010673200 -7.337472471445 
