 0.339789474062   0.097643075503 
 0.569762471033  -1.448267216507 
-0.388897054534   1.567453368892 
-1.761563785184  -0.506071705885 
 2.056417043183  -0.678635831842 
-1.948021243826   1.555316791580 
 2.563693515677   0.897165081298 
 0.581954204739   2.810324384437 
-1.608010443953  -2.388867689750 
 1.760618487538  -2.435229930286 
-0.260209022321  -3.348572632506 
 2.308007358103   2.704395305585 
-3.485720933576  -0.932253113123 
-3.470185202037   1.516296458655 
-0.997931074833   3.739107638529 
-2.813078186939   2.936419750489 
-1.814769378388  -3.951674382310 
 4.394414219657  -0.109931186013 
 3.789881707077  -2.304371850722 
 3.814602268950   2.265583629515 
 0.421911849428   4.438795124286 
 2.866961463156  -3.530408992210 
 2.187154401609   4.495377457518 
-2.443610844657   4.434958631625 
-3.962266101466  -3.314441719532 
-4.425285390673   2.855654766218 
-5.295166269459   1.589242214458 
 1.638864645822  -5.309738730237 
-1.340066023685  -5.487177287906 
-0.979910609370   5.595402058798 
-3.201406849298  -4.722758122822 
-5.741252937097  -0.303542214389 
 0.592566058308   5.955652412776 
 5.672287663568   1.924311322227 
 5.874088170862  -1.300212305330 
 0.209211602040  -6.018853436589 
-5.664493827814  -2.321823507761 
 4.254214506061   4.519474617022 
-3.877221987295   4.894826273861 
 4.042743887121  -5.088510686155 
 5.220101403328  -4.029709980909 
 6.672856700542   0.537013551425 
 5.754403597601   3.432728286554 
-6.927878615122   0.753329850282 
-0.507698332860   7.182085532882 
-6.651599512125   2.756538105797 
-7.086980117007  -1.534672514749 
 6.828039391436  -2.470673000246 
 1.628809906035   7.270852052244 
-2.836961324093   7.060965220432 
-5.522636477051  -5.267718646681 
-4.222881314143  -6.401598785313 
 3.290950233512   6.939433785585 
-2.701072390772  -7.202439575717 
-5.631070780895   5.357516783652 
 7.747812701227  -0.852248216198 
 0.085163362858  -7.862295248426 
 5.294672308966   5.858661892521 
 3.432416989215  -7.152346798253 
 7.862182587872   1.451158089345 
 6.015222529364  -5.354725730480 
-8.243610358266  -0.145682819682 
 1.847034251591  -8.046597025422 
-8.034641604405   1.916974973206 
-7.099680606725  -4.240650693522 
 7.282824009064   4.019534077935 
 7.152937858867  -4.297983932150 
-1.572692208756  -8.377382594178 
-1.505244571971   8.450780097718 
-7.336190165051   4.587404757785 
 8.380894870566  -2.238904369093 
-4.628861876459   7.499336061224 
 0.105788503007   8.869584913978 
 6.876295249846   5.644803999300 
-6.854485255060  -6.102911358621 
-3.730350894255  -8.512956040768 
 8.656691432882  -3.853958845599 
 9.457527256400   1.038218346750 
 3.765979678012   8.741978207622 
 2.172106482201   9.297467282621 
-8.972710488734  -3.299381490466 
-6.464261929101   7.202993441327 
-5.303994949686  -8.101301988660 
-2.995891927832   9.224502723398 
-9.242537045586   3.113198132006 
 5.962958184578  -7.826925842413 
 5.409424527477   8.246182577862 
-2.532397827337  -9.552847572697 
 8.695735623140   4.696535636503 
 1.042399542417  -9.835000910057 
 8.196134020639  -5.536214229846 
-0.878027026073  -9.868260808658 
 9.896815096031  -0.484926297498 
 9.499504088406   2.922340660892 
 7.198174773028  -6.861613093931 
-8.580168268791  -5.061823487549 
 6.781003619551   7.298587924188 
 4.601181814325  -8.840257682492 
-8.006990338832   6.137879156858 
-10.076271829439  0.801410619067 
-10.075473111436 -1.892291152328 
-5.042247146508   8.960931182648 
 2.648162131807  -10.063822586131
-9.114115945479   5.079968292640 
-7.390063396613  -7.512161514737 
-1.758256132195   10.418597212184
 8.699023071200   6.493370348321 
 0.032006642816   10.998734286505
-10.504439955952 -3.380281447377 
 2.966389735817   10.705327738999
-10.815611909302  2.644127287245 
-6.686466857557  -8.932147534097 
 11.034885277689  1.762527677811 
-5.132728340690  -9.945774985435 
 10.804565476569 -2.991230221032 
-4.023824093979   10.599346102688
-3.710884329490  -10.719141913025
-6.623365075182   9.257721202152 
 9.106242059547  -6.841326350179 
 1.509667626525   11.294322421663
 10.151807463086  5.212793819164 
-9.316995925682  -6.695025319628 
-10.598449961024  4.515914878319 
 1.852305628683  -11.472371275694
 5.400551752807  -10.305756753361
-9.606328567549   6.573554634197 
 8.308279225846  -8.186261110481 
 7.169654840378   9.227067558519 
-2.836732183423   11.543921948134
 5.206218780734   10.722157688603
 10.400035559294 -5.992764371130 
-12.031279558616  0.258313792452 
-10.681281632037 -5.556449773297 
 3.858116965942  -11.408017425934
 11.134175149620 -4.631579168406 
-0.067976353251  -12.083491895285
-2.264274090597  -11.989586530457
 12.241055520097 -0.118745825510 
-11.978612608336 -2.725995801217 
 12.238987149868 -1.830562200804 
-12.260650917468  2.030324430874 
-9.065369909058   8.627406144840 
-12.505095640738 -1.314110066676 
 9.103459092473   8.719109695248 
 12.101269039560  3.554651567803 
-8.443697146475  -9.448800728953 
-1.542473709051   12.580324430764
 7.681814049105  -10.105678783445
-11.091695674033  6.229295100265 
-7.246872449824  -10.474319995371
 2.031138462407   12.814028062134
 11.098420724917  6.732289185547 
 7.022481766648   10.986835191440
 0.142586869373   13.061350072493
 12.925776042071  1.974268517208 
 2.913270775231  -12.793713799834
-12.479612924856  4.075340841971 
 5.295019682288  -12.086325502189
-10.715372623405 -7.886877843105 
-8.027242066349   10.664325433926
-6.369675518879   11.740740538925
-12.596153263697 -4.474222373491 
-10.836929909134  7.884173520353 
 8.778337109473   10.245516978970
 9.557202834558  -9.549449847112 
 1.336833153758  -13.503311766739
-4.255310438280   12.902169941298
 5.473109806588   12.521783352471
-6.048956051573  -12.296148928672
 3.514518819469   13.255530894552
 12.332172314241 -6.046012729947 
-3.588690768495  -13.274199041258
 11.253753031831 -8.073533851147 
-9.919495608088  -9.761504834759 
-13.857365381942  1.788584380020 
 13.988636629288 -0.709603870672 
-12.511013435770 -6.326354778706 
-8.857806339889  -10.916168137315
-9.525598530325   10.354849891789
-12.837826277516  5.880138372536 
 10.684868982535  9.295902465699 
 13.077250238570  5.642882681620 
 7.862252628727  -11.898328189392
 13.763714494471 -3.793416274689 
-1.012630774469  -14.255254635539
-14.117058934505 -2.373408525482 
 14.227957479759 -2.240936550420 
-13.967342841474  3.633776973961 
 12.553939976170  7.248494369123 
 0.664975848111   14.535026057229
 14.487501302930  1.422984287732 
-12.318445758802 -7.843562278878 
-2.596908353754   14.413165411435
-14.681804840696 -0.784985834398 
-11.209189806645  9.517810275131 
-5.314829706924  -13.727950668594
 9.507035020019  -11.272440234570
-7.430279553037   12.814412779643
 8.683846945744   12.039462688157
 2.557880896262  -14.692443312040
 11.047306599483 -10.024510501962
 1.012101582072  -15.048332945798
 4.532315023195  -14.385729120551
-8.510423943234  -12.488363048840
-14.263025833656 -5.104898354560 
 4.852954623608   14.356075950629
 6.666825300658  -13.713643791917
 10.079410827807  11.466294973575
-7.292409612883  -13.441007614502
-6.309693404024   14.004013599130
 14.873964162333  3.939846767804 
-12.997165301052  8.262471062433 
 7.721366915580   13.329141716905
-11.110860442439 -10.820612667375
 14.372599881161 -5.858632954385 
-15.400462877700  2.354834042704 
-9.077279023274   12.687040018933
-0.719687936055   15.592663297395
 15.640617611061  0.364000459326 
-12.270634913382 -9.725047730417 
 11.630699386469  10.580800887366
 2.022467291521   15.628439496054
-2.504886035705  -15.571675846870
-13.847275881854 -7.659868092148 
-15.828959780376  0.873966204114 
-15.582583678521 -3.357851646605 
-14.334619494982  7.000615043130 
 9.457933129047  -12.856552259838
 15.794041049659 -2.316094668445 
-15.047941128990  5.526344662427 
-16.024864039854 -1.508240846354 
 15.116674397821  5.551202260147 
-15.688152190893  4.015903603750 
 10.858110478254 -12.027631512219
 13.733414813306 -8.647339676675 
 15.630312051985 -4.369330138175 
 4.032248510999   15.755035936738
 13.081622586837  9.772301665778 
 12.593872990282 -10.460381183938
-6.264130583345  -15.152212674758
-7.733314436212   14.520868697259
-4.418049569898   15.870939634762
 5.980345795608   15.355348541440
 9.432558279755   13.579975152673
 14.559065546134  7.865527086702 
-10.984298958549 -12.412680646869
-15.814618050453 -4.990649432070 
 0.293612207550  -16.582925409368
-4.902618433402  -15.863164015112
-8.594831636700  -14.219117467403
 8.514510468029  -14.309863180825
-10.607908591196  12.866607189363
 14.841632873118 -7.612017517817 
-2.985218605967   16.433785202356
 11.487052803559  12.228138321052
 6.643450634355  -15.447919452710
