 0.347876089856   0.114258966787 
-0.665122911258   1.326971289169 
-1.715177955730   0.098450693454 
 2.050956668728  -0.026545806628 
-1.537956883776  -1.484333438786 
 0.849464284211   2.107128538280 
 1.273319913316  -2.001562923449 
-2.985828140305  -0.859611045414 
 2.990201293036  -1.335895196127 
-1.006629864029  -3.242595530769 
-3.098988629326   1.570194104010 
 0.770837500570  -3.749443683765 
-1.571042962935   3.709645177769 
 3.182772191987   2.539696979891 
 4.055981000429   1.057629503329 
 2.467182914987  -3.421219988908 
 2.169243607929   3.691249206549 
-3.586535805895  -2.589809999539 
 0.569877127649   4.387612737886 
-4.581174722643  -1.056281540223 
 4.557297527009  -2.040630428182 
-2.156425504288  -4.527638035476 
-0.760577331020   5.120364971467 
 5.207982879111   0.076761218635 
-5.157309301661   0.794540926336 
-4.536470526639   2.603371954884 
 0.245443164437  -5.357931905681 
 3.405625413241   4.639403910028 
-3.415706735785   4.794602459817 
-4.270394279366  -4.083846787049 
 4.405220959284  -3.981587538756 
-1.129131941282  -5.960451203461 
 3.401199728496  -5.274362547512 
-2.014514474053   5.970340592920 
-6.135858557422  -1.646433222159 
 4.926650016367   4.031635044675 
-5.697059892440  -3.085653423482 
-3.399244521297  -5.740392804625 
 6.421610942549   1.919350915299 
 6.686675637330  -0.972790892593 
 0.478128961740   6.888025339925 
 2.267104742144  -6.594972725544 
-6.680421669335   2.068075155416 
-6.088272504669   3.526774691349 
-5.207870702601   4.840203515075 
 7.174866422163   0.456578046727 
 2.991704056799   6.613594141663 
 6.628711779716  -3.014894166091 
 5.796158712875  -4.574103596122 
-4.036351294120   6.228624889808 
 4.396106160843   6.004073748402 
-5.674772143183  -4.926788039976 
-7.686348152468   0.738061016633 
-7.474524636532  -2.661204396747 
-2.966041230195  -7.384580259438 
-7.904085843172  -1.040307332213 
-1.010750603932  -7.995564575791 
 0.637631274740  -8.076829632308 
 7.898602129411   2.498605406985 
-1.076001679119   8.337884502705 
 0.967871266978   8.442455492529 
 5.581730882689  -6.465558201773 
-8.269651260058   2.199276399626 
 2.656603953089  -8.222015881402 
 7.490307311442   4.446955506196 
-6.014096269228   6.311191178526 
 8.013623082258  -3.676322968770 
 4.552771136861  -7.564667206305 
 8.821298618070   0.620715132396 
 3.224484108019   8.314797045278 
-7.944771466634   4.065958541611 
-5.952698608914  -6.859724895793 
-7.980981233212  -4.356990638307 
-3.583005305423   8.375914601768 
-2.217124972647  -8.905726958892 
 9.140664786392  -1.328990198376 
 7.071285098162   5.953571305682 
 7.473524664793  -5.504330836370 
-8.968523587524  -2.984287340635 
-9.457212203695  -0.998594367522 
-9.468449097232   1.176765681596 
-7.349043669819  -6.119659880705 
 0.434987276532  -9.731472810124 
 5.786308573349   7.874904462009 
 9.262715779420   3.589951862486 
 0.073869051309   9.981768435278 
 6.190329426401  -7.863975883238 
-2.651070366361   9.721264467365 
-5.559447524791  -8.449285642063 
-6.068724083119   8.345555750009 
-9.733646614265   3.585818509864 
 3.629500128616  -9.746838710209 
 5.113626639067  -9.117920707702 
 4.876017613031   9.269552529870 
 2.208081872394  -10.300337693987
-1.133795308448  -10.516709393056
 10.366150262126  2.131205875896 
 1.618821368664   10.459297235160
 10.584093421412 -0.877925837602 
 7.885222056455  -7.130699111311 
-8.867304734611  -5.931270616449 
-9.704109356596  -4.450041641237 
-2.880208138079  -10.358813670090
 9.144389811686   5.725813795660 
-1.259682921410   10.718320922381
-10.520836040834 -2.742629238866 
 9.995880471993  -4.319097194103 
 10.585690104439 -2.571188090133 
 9.150786903267  -5.948252336958 
-9.484166013878   5.431238892922 
-4.348567294996   10.082413918830
-8.712223638698   6.737486253269 
-11.010719733363  0.812972588584 
-4.819884219245  -10.121702259642
-11.079345433581  2.559931359922 
-7.565340625984   8.584462353900 
 10.751126322876  3.962587318683 
 6.696761602396  -9.325089026276 
 1.150736662496  -11.479150707416
-8.698432108164  -7.592755831510 
 4.386637818493   10.689687816336
 8.502123100734   8.076292935958 
 11.686679619185  1.026109446460 
 7.360117781534   9.249304147916 
-6.497661003102  -10.099478775756
 8.200954745342  -8.817843180203 
-2.459238870468   11.793518573796
-5.981692784515   10.459033639739
-12.038549462636 -0.600648871295 
-8.095945572021  -9.012246161630 
 12.159251236308 -0.646677343575 
 11.511337126455 -4.004822974466 
 0.400356823964   12.242221852558
-11.106448547632 -5.262306713952 
-10.993229515092  5.570321498789 
-11.668306441619  4.012841080158 
-4.021650923335  -11.686099788990
-4.012418892745   11.780900288439
 2.925057896354  -12.149299796263
 10.628362453610 -6.744147844841 
 6.210073053902  -10.999402876401
 10.448166281239  7.183811091649 
-1.217965166160  -12.652150449071
 2.676394200021   12.432114382930
 6.450324200966   10.974347660232
 4.689582890421  -11.850987670502
 12.436992694591 -2.820968950747 
 12.471236689275  3.092737327550 
-12.866457526209  0.793982279668 
-10.639948795816  7.521187751049 
-10.834308834380 -7.443475932765 
-12.769431932657 -3.217874064401 
 11.779752614924  5.943907017026 
-6.119721930654  -11.713238832290
-2.776886415165  -13.009492199533
-5.809404708313   11.993995546043
 0.432218803771  -13.347915380598
-13.079214395208  2.854035163291 
 13.436850439619 -1.455560323798 
 12.366506157931 -5.453723708777 
-9.825649723014   9.297101087532 
 9.933428875346   9.199725554477 
 10.422440449993 -8.663687876000 
 8.537596564006   10.527499027334
-13.540591596337 -0.865866133963 
-7.979118567431   10.990191716875
 12.800035561449  4.581999799184 
 4.743096885069   12.748775276572
 8.957470726438  -10.374033222368
-8.496041451617  -10.768033483926
-0.005213592400   13.777966111427
-12.921485746511 -4.840224987741 
-12.574395122716  5.732784093773 
-2.781021267077   13.546932772298
 3.993314745876  -13.360095009142
 1.573301393296   13.872416752310
 13.994590517595  0.746903294412 
-12.364050454237 -6.599852132611 
 6.155562158736  -12.620824005920
 2.388607740533  -13.849259998904
-5.069807001921  -13.205263688713
-10.719275411998 -9.474742467085 
 12.206426559719 -7.473636844199 
 12.044967948649  7.891977769874 
 14.140896232644 -3.237134332139 
-1.487929211520  -14.447013095202
 7.155180605941   12.763960313476
-14.051848535881  4.474554577487 
-3.805806019955  -14.260775822896
 8.562749793237   12.089610278271
-14.687004813311 -1.946274778846 
 14.670309966620  2.121412553672 
-4.262125878246   14.213497113661
-7.873668012467  -12.630437790310
 5.935568553966   13.680726813949
 13.710027425285  6.040003974033 
-1.185595761675   14.990325493789
 7.837946148443  -12.844315687001
-9.304600910385   11.845302378954
 3.390404572448   14.688506869986
-14.825904703974  2.928787237458 
-15.120233635552 -0.477191740782 
 11.043667148055  10.353330419532
 14.424953910339  4.605128834101 
 11.916584272514 -9.345204010697 
 13.810454351001 -6.277524146070 
-10.733546286271  10.739176424183
 10.753110701471 -10.823723493266
-12.192308535527 -9.191252872425 
-2.697391255293   15.054025413292
-15.471324205138  1.011384888364 
-9.850672154230  -11.988084736187
 15.467320518281 -1.619683400907 
 3.071668107774  -15.285203804596
 5.959110145239  -14.409979949266
 1.503608634278  -15.562391378304
-5.887441268191   14.496984787235
-7.516082249426   13.751396817526
-12.875293115232  8.974999727926 
-14.984362141931 -4.694282186190 
-14.029847186551  7.082111516321 
 13.687968584012 -7.782239333649 
 15.822209045496 -0.029905226590 
-6.610802904934  -14.385685222976
-5.131502760544  -15.013321591411
 2.116824175421   15.779257476923
 13.864555264244  7.910399218520 
-13.603269144870 -8.421010775795 
 15.711938696500  3.341517109286 
 8.432159030729   13.686260986373
-1.993578455017  -16.017535282434
-11.303620600804 -11.531779612597
 9.870518280780   12.861060546771
 15.246635651564 -5.581857711942 
 0.471307854769   16.274252063479
-4.140282120163   15.834151235390
 4.764694846788   15.663560461868
 13.342022636088  9.498431919351 
 6.386268587900   15.150857739535
-15.273449007105 -6.193378056266 
 10.811440654212 -12.487483003573
-1.552617550453   16.455124061398
 15.052757492112  6.828828804155 
 11.352816977810  12.019232979345
 16.498917234989  1.581166049817 
-8.780243901805  -14.062176783518
-16.493820510031  2.195340678799 
-16.187221308107  3.920879400403 
 7.677473949344  -14.786689380696
 16.145412005736 -4.201986152102 
-16.690942262691  0.138035213198 
 15.212574899606 -7.160199684695 
 5.076634473354  -16.042298088383
 13.111803041746 -10.550600740020
-3.698381984602  -16.425537884096
 16.660070764639 -2.613362726063 
