-0.076723973981   0.259526604495 
-1.541110092575  -0.898867176160 
-0.014937674248   1.913075258568 
 1.491238882146  -1.248389864676 
-1.447844034595   1.466008882804 
 1.619353292539   1.751522276697 
-2.672723371274   0.514686762859 
 1.020017209993  -2.694458280677 
-0.515321059515  -2.886839144170 
 3.170484455786   0.954932278801 
 0.315494620716   3.426360439988 
-1.839844902537   2.934068505671 
-2.067413438371  -2.954797257721 
 2.658294936404  -2.691533851709 
-3.770089829273  -0.692432854553 
 4.026507093878  -0.461469248828 
 3.111501773233   3.098588433410 
 1.892270812865   3.984444937048 
-0.151533025853  -4.773797051841 
 1.440059262563  -4.611878499793 
-4.715651263380  -1.879343222076 
-4.119173798910   2.977376155214 
 4.274459267353  -2.908402215218 
-5.362531100109  -0.171232250296 
-4.235959216889  -3.427004881952 
 2.995526505978  -4.574255003146 
 4.772375480402   2.671636186108 
-1.503518149360   5.348053547511 
 0.180752285139   5.592741326335 
-5.460176502692   1.783109404539 
 5.679247034865   0.974104611702 
-1.727129640673  -5.583225634405 
 5.633038374216  -1.590107304524 
 2.577646099862   5.673791598776 
-4.090726925310   4.787875269695 
 1.579944765316  -6.120967631565 
-5.655516451909   3.382584093813 
-6.221966874362  -2.224502353304 
-4.424929372851  -5.060833560606 
 0.077597516931  -6.749458888170 
 4.393380335583  -5.157900504816 
 5.461591417607  -4.030433342788 
 6.823707172348  -0.272781212646 
-6.828024758481   0.638475851046 
 5.595758765968   4.382486078444 
-3.245509563026   6.377769491875 
-1.031284242026   7.175755338888 
-6.908540458430   2.365675865786 
 4.516708874473   5.744344731350 
-3.034162201146  -6.806754950278 
 7.058597598166   2.614616554648 
 3.354962060697  -6.840387865102 
 7.318531111254  -2.176533252249 
-1.648910082565  -7.470151059756 
-6.669635543567  -3.832133485189 
 1.218195669896   7.710561671581 
-7.775466201340  -0.860530459722 
 7.911424570787   1.224449772308 
-4.780288234938   6.543319799457 
-6.212137555320  -5.317731895434 
-0.273325492847  -8.225892627975 
-6.094028171183   5.542321499523 
 1.756796182464  -8.099545631548 
 7.324032374404  -3.932045963668 
 8.326625191086  -0.632458443318 
-7.866370437149  -2.911571080404 
 4.383236455446   7.245073657348 
 6.392506583463  -5.611808229904 
 2.736130740299   8.072831444379 
 4.988185339914  -6.927814140307 
-8.493939303511   1.070976832834 
 7.549936207731   4.108690085971 
-5.223251338853  -7.434603513635 
-8.217301838793   4.136490114553 
 8.687765269943   3.038673503533 
 0.082971692092   9.225352253051 
 4.145424932989  -8.295887118587 
 1.615730013913   9.173148520347 
-3.800559546751  -8.513402190590 
-2.200605676947  -9.065489347997 
 6.622452670259   6.745005129607 
-4.452267588466   8.352564346119 
-9.461552052803  -0.678100327399 
-8.174858128620  -5.013076684430 
 9.189713078725  -2.747420929801 
-2.590597818155   9.268989929151 
 9.625247587078   0.830324671924 
-9.334627653857   2.890860707767 
 8.501416423944   5.285748865657 
 3.295403194041   9.504083352090 
-9.813114670300  -2.265151260544 
-7.742272687788   6.491453396109 
-1.067051116350  -10.083146994349
-6.693158164053   7.679874576943 
 5.995694135514  -8.246662830809 
 10.187740954784 -0.705940654206 
-9.365523060724  -4.099919221682 
 2.702506756954  -9.949698221686 
 8.273233636970  -6.303673410428 
-7.953472470306  -6.736328598838 
-1.471724680745   10.346803277387
 1.279421862134  -10.603423551857
-0.016259377506   10.757470606505
 10.211823145084  3.573428870193 
-3.596628464916  -10.216257852288
 7.670478082237  -7.721399807791 
-10.898089901672  0.975671912596 
-6.126469150381   9.093584551648 
 10.820363493418  1.839430137723 
 7.081386948954   8.413287615154 
-9.538314686633   5.520585841182 
 5.821279409043   9.365914971112 
 10.003380594779 -4.718738439057 
 8.245831059152   7.386865732997 
 1.562520846305   11.018485421873
-6.101095643815  -9.375259053786 
-10.556589393224  3.893886401390 
 5.630863793655  -9.878752659769 
 4.354632520236   10.621921401741
-11.052704339747 -3.221053742870 
-11.493421592886 -1.136627535800 
 10.342253059826  5.148791332834 
-7.546138491745  -8.777758479270 
-3.499339699340   11.065141964700
 11.391794187086 -2.243623863144 
-9.953665045730  -6.069054781674 
-7.717039973116   8.892449695258 
-5.098114860078   10.648219843899
 3.014762862630   11.471981507373
-0.970210573607  -11.858082339850
 9.990634810961  -6.585184985453 
 0.720175665885  -12.150100966674
-3.183522251085  -11.835674257047
-5.609309032235  -10.950564493935
 0.524842813061   12.294516195886
 11.567640173502  4.242795303769 
 12.296116312331  0.957596274617 
 2.590219875971  -12.094138492522
 11.744077496437 -3.954436839107 
 8.373648050478   9.187989286246 
 4.102240933454  -11.745975177825
-12.443704833620  0.128613389349 
-6.967384238571   10.337861321415
 12.216328682215  2.543477928340 
-9.304419437324   8.338474978485 
 10.481238867394  6.843825828365 
-11.248931812741  5.566987315716 
-1.004916347010   12.549248269731
-9.351140468148  -8.463270987416 
 7.202346266985   10.378157624382
-11.660694993586 -4.874717262252 
-7.109539629650  -10.582653489974
-12.555398491585  2.345662190951 
-10.651765290387  7.243850314861 
-12.614773822974 -3.080667587886 
 5.436472058209   11.832349329281
 8.061950534522  -10.296075691598
 12.936362077002 -2.075933283727 
 9.890003659278   8.625969308148 
 13.144260766487 -0.323728568560 
-11.395732261776 -6.623772103296 
-2.876307520145   12.894633830190
 6.771159967861  -11.361099604942
 11.666029349780 -6.583993087712 
 9.847081010895  -9.135634411649 
-1.651917992129  -13.386962994945
-4.687778256815  -12.712708174732
 0.034304810935  -13.606244102618
-9.430926565084   9.906704306897 
 13.211661604364 -3.580203449314 
 1.362117776133   13.648916558108
 12.000285816508  6.750225954874 
 1.790692386068  -13.667834523649
-5.913800430529   12.497322911465
 12.820050472948  5.220801544086 
-6.193083047684  -12.425246233763
-12.119768026920  6.862099280606 
-13.825147709145 -2.098398661507 
-7.814239056019   11.653680642497
-9.208863408831  -10.649849357863
 14.056787679285  1.054139146491 
 4.570703011686  -13.344649569046
 4.048689538607   13.535665685343
 13.902476485632  2.794149115898 
-13.656174747384  3.976048570824 
-1.033864832584   14.248738013444
 9.975073550679   10.304855232852
-10.953375833917 -9.340369636302 
 11.804133047029  8.314896008330 
-13.280539061882  5.738344930143 
 6.437884969485   12.967536997032
-2.856641656467  -14.289570194282
 8.847472194912  -11.598178831682
-11.405425259830  9.103903880325 
 11.688126226239 -8.740333742075 
-13.900269646840 -4.518086508905 
 14.649997036895 -0.327209582649 
 7.944646427758   12.335668344230
-13.475321043926 -5.958846530086 
 10.294303379877 -10.590402878177
-12.225375020403 -8.309989948695 
-14.743283845497  1.140393356753 
 7.604949142790  -12.697605260992
-1.073900327551  -14.793469971854
-8.463418539541  -12.219548696252
 2.505926126255   14.655169764173
-3.969398765069   14.335815412762
 3.513610706511  -14.475696919288
 14.047039824798 -4.961955786500 
 0.516613509503   14.904944244240
-15.001937367472 -0.719578241093 
-2.401460611225   14.873085905340
 5.992955978450  -13.997363189240
-7.417908958097  -13.405960219205
-4.355062455714  -14.692667643259
-10.797444388864  10.883994174663
-6.529583736417   14.014615835620
 15.496671618685  1.485766590924 
 13.883586377457 -7.098329327354 
-9.557536021027   12.344237455607
 12.035125355940  9.989715227243 
 5.798234189662   14.544809271384
 1.978721388652  -15.550100945962
-15.297814932728  3.459209764387 
 15.243430387943 -3.813272272061 
-13.009659159854  8.888381362978 
 15.613965380471 -2.250436398952 
-14.044347660970  7.202381809716 
-12.383765382479 -9.841212339312 
-13.973073867017 -7.478772580146 
-15.391409921515 -3.834792727683 
 9.523146277691   12.761556672683
 0.012409246813  -15.928525113758
-2.272819725382  -15.771387767772
 1.764218262058   15.963659469879
-15.168011201868  5.438893811063 
 12.145906031335 -10.640800044072
 11.436482964766  11.417931228676
 14.242300714840  7.729665122187 
-5.844829211544  -15.166903184876
 10.137833514875 -12.748164367138
 7.447822728232  -14.488234685709
-16.282204875966  0.952673494722 
 7.548593446391   14.504706676772
 3.447312992736   15.985304598141
 16.180859788861  3.151149478917 
 15.812864926563  4.715984913405 
-12.024930151028 -11.313928046647
-16.447372396367 -1.451845854838 
 15.481898619914 -5.882028481746 
 15.335391669528  6.339167069528 
-2.183124754564   16.497277772456
 16.648573673024 -0.799005255391 
-15.803235864785 -5.324255427323 
-9.572772814978  -13.665182063470
-3.765229894725   16.254718184149
