 0.135276718925  -0.721410654966 
 0.941077721495   0.654615427187 
-1.165301982091   0.339395997747 
-0.231143232198   1.673509710135 
 0.461437007734  -2.245101410768 
 2.253840280344  -0.481116159435 
-1.634514544991  -1.891018185369 
-1.743693237236   1.980388840851 
-2.816814571561  -0.229909463668 
-0.236138495549   3.447593978816 
-3.242419274474   1.333448536526 
 1.824656910468  -3.081745479921 
 1.364534181827   3.430751772246 
-0.243047521293  -3.703561495400 
 3.658892206277  -1.105282632345 
 3.339877714592   2.038412266523 
 4.023898264527   0.665166561825 
-3.257839429231  -2.471572132799 
-2.439350725301   3.398772557621 
-1.743972804224  -3.871343802270 
-4.546053731199  -0.094323292473 
 3.281893195907  -3.526706055422 
-0.718035458895   5.031155104829 
 4.579905051378  -2.369278493233 
 1.397170175510  -5.004988679546 
 3.028057411213   4.286592570374 
-0.258164002125  -5.279799117395 
-4.347177970069   3.046673831712 
-5.170123223563   1.705938241300 
 4.685640642419   2.920488924160 
-2.711203580882   4.882696931860 
 1.046235831008   5.532389848449 
 5.594492855098   0.748688015090 
-1.818633006552  -5.462122817133 
-5.151356878697  -2.938640138175 
 2.896034975970  -5.410912450493 
-3.516093342016  -5.261862692705 
 4.321445745223  -4.733420552576 
 6.166183326147  -1.834106930951 
-6.228215231271  -1.888502508823 
 0.833726495318  -6.519363825465 
 5.761591343384  -3.350178117626 
-4.982141725426   4.458001287575 
-0.957647181447   6.683974603495 
 4.098120540461   5.368611900371 
-6.943892013399   0.920882616664 
-4.089400275629   5.771305935839 
-2.749837155063   6.634208161308 
-5.719270745070  -4.502493809916 
 2.444090549450  -6.894910546908 
 5.857616355716   4.421306762371 
 0.721467536046   7.303544195160 
 6.712586235300   3.041580460267 
 7.414829223152  -0.260455419489 
-6.821126395242   3.185087217521 
-7.517035176977  -0.505475700022 
-1.936914041175  -7.292352040787 
 7.489591295951   1.601999890899 
 2.695489620977   7.692260123380 
 7.939961487952  -1.967351660173 
-4.138306039021  -7.066068704896 
-5.489798160414  -6.134319077518 
 6.534013873819  -5.015953059478 
 5.095928401351   6.702272995527 
-1.294497077683   8.358888350634 
-6.206230556483   5.834546287307 
-7.632504064822  -3.841587995846 
-4.796011099646   7.142748486230 
 0.773421150901  -8.571231879126 
-8.462240502727  -1.894630106028 
-8.266428718854   2.697147061216 
 7.835073347474  -4.007986639765 
 5.259328185837  -7.084056883186 
-0.813959038253  -8.799684306043 
 0.721425489055   8.811376842442 
-3.186717420387  -8.624824645043 
 8.469387118271   3.685479828672 
 9.201068580392   1.717566232630 
 9.424332059558  -0.009389530702 
-7.707115538668   5.446153902035 
 7.580516878823   5.641890038599 
 3.463932646955  -8.829975407070 
-9.554486541042  -0.073641073824 
-5.890911303125  -7.646692780076 
-9.548437931238   1.543452015841 
-2.795443947955   9.271220727377 
 9.381714548001  -2.410173857083 
-6.326456463536   7.363304366031 
 2.606172572322   9.469186157937 
-9.321559263477  -3.323410123583 
 4.579706980605   8.859292860337 
-7.532274687292  -6.614434935971 
 1.858352181275  -9.874779600957 
-0.273863568095   10.112106518946
 8.552066978815  -5.529268164536 
-5.236154791052   8.816463395144 
-9.843828881794   3.065874165389 
-1.554359045661  -10.200162145153
-4.910717783506  -9.077400636559 
 1.274571151598   10.296609596101
 6.185828406153  -8.340899130071 
 6.107316264632   8.507173761459 
 7.441081038175  -7.405304882674 
 0.101131347495  -10.499057426463
-10.380163339949 -1.911000810973 
 8.018536530497   7.135653968162 
 10.349763406444  2.939308827354 
-9.454832882146  -5.239202348936 
 10.841735694600  0.887721631928 
-3.613877868956  -10.268684554689
-9.854798877401   4.889328203058 
 5.051317612342  -9.965519911452 
-7.092345608328  -8.709128626590 
 11.024168145329 -2.269014712402 
 10.159668093735  4.946164835942 
-10.822788370711 -3.416884662872 
 9.423563585366   6.348709639598 
-11.333659844992  0.898527804225 
-3.693151978876   10.827888893553
 9.091365281054  -6.979445334106 
 10.787713759464 -4.059082950904 
-8.248949307342   8.246501851008 
 11.633610901753 -0.844619966461 
 10.143760913014 -5.850919690199 
 2.632763524968  -11.470538377287
-1.422835022945   11.705443556466
 6.636598338095  -9.844963837012 
 3.108728953001   11.492093308166
-9.154285051619  -7.652974458013 
 0.099639074660   11.935969818571
 7.571275350405   9.229995849193 
 4.183146691998  -11.199018672524
-11.618019150474  2.889042092973 
-11.987469192164 -0.690200417614 
 4.971132011870   10.942473207858
-5.615834862557   10.676313339983
 1.640269557935   11.990193184848
-7.423030776366   9.571824561147 
-0.996551273101  -12.076736639298
-11.066928892488 -5.092758441452 
 6.487538261178   10.445664656936
 8.823607088001  -8.571544500777 
-3.095674695743  -11.932193941670
 11.931934468835  3.355336054294 
-10.279665843522  6.932108802901 
-6.327367493839  -10.728617419626
-10.510449815727 -6.710498631238 
 9.152987277853   8.614792966766 
-11.401975051446  5.838883700508 
-4.617342388104  -11.995460337833
 12.352052781369 -3.693717416957 
 12.722168569887 -2.192752770546 
 12.848975434398  1.259859732849 
 8.254692305177  -9.989776504582 
 1.336834268170  -12.892361005793
 10.489154845743  7.743038511266 
-4.222020545169   12.347066449716
-12.449249664248 -4.090424051754 
-12.991935742747  2.123902668922 
 6.443562682484  -11.557012592121
 10.502901161717 -8.140121440468 
 11.524927506504 -6.883701248128 
-9.830619412320  -9.187544421803 
-0.331442301007   13.466425571666
-8.815685790081   10.197690421127
 4.018602454704   12.930343071212
-8.812072761420  -10.330685798251
-12.964685472558  4.242830886096 
 12.451818435598  5.706611661708 
-6.283403116890  -12.232214379949
-13.820152782663 -0.272571411498 
 9.030982346059   10.475639821958
 4.134381429866  -13.211077181661
-11.193611335077 -8.182731371593 
-10.531713571231  9.037951446090 
 6.271110919042   12.511756379096
 13.782880422947  2.500037779334 
 7.681330800190   11.719796024162
 14.016530275183  0.126881980208 
-2.384360377626  -13.861666604959
-8.077485115683   11.527314452398
-13.872191924082 -2.571211609806 
 13.468782382037  4.339456827040 
 12.952819243709 -5.710036223577 
-12.731772932523 -6.263659291798 
-12.995815312911  5.813019078891 
 9.728861860203  -10.442260778449
 11.989317998322  7.808967876815 
-6.858726308541   12.607225316740
 2.781912161762  -14.095177875327
 0.565120396398  -14.384588195571
-2.452550283085   14.186893836936
 2.508517530404   14.184265768281
-4.600425983332  -13.782656481308
-14.480384769124  1.720798372789 
-8.149750106074  -12.204989862103
 14.275790215571 -3.585405828078 
-12.696536220429  7.486522145769 
-14.455645047977  3.408556435143 
 9.097066569608  -11.828968903973
-11.122865801993 -9.955209075230 
-1.010689256877   15.061681928662
 12.464627804353 -8.578392499431 
-14.189809665240 -5.360773319654 
 10.570839375208  10.911143132129
-14.327880440373  5.118915696668 
 0.894474386035   15.227643407901
-12.817161083089 -8.282410440300 
-7.003006751302  -13.605741875523
-15.254249369903 -1.213932708785 
-14.850429561379 -3.853595748381 
 11.657292783896 -9.992939378017 
 15.284058864646 -1.475649299163 
 5.432424826477  -14.377338954746
 13.808116350523  6.917490283746 
 4.403021574893   14.811457983375
 15.347744377433  1.852813701666 
 7.729657656349  -13.417587290214
-0.981106598631  -15.468631438486
-12.345276457705  9.372488936528 
 1.976685345713  -15.388317483080
-3.641610296864  -15.084955083514
 8.376921540494   13.096476490602
 11.938008533080  9.978437009990 
-11.012804739708  11.020353238301
-9.769838244961   12.137757957982
 15.586894984562  0.140364249150 
-9.807307688244  -12.212715662753
 14.864722168122 -4.979978857586 
 14.913557124365  4.866474586009 
 15.410014148240  3.396316227977 
 14.056819638131 -7.207865219498 
-5.252170360605   14.952789859384
-8.774359545034   13.263292823086
-14.576156994640  6.603243154367 
 4.304919873164  -15.486909724762
-2.437500795247   15.940379546706
 6.422499012325   14.937003790191
 3.369345601751   15.909545857635
-16.026973473781 -2.849583047401 
-16.378231519068  0.046754978242 
-16.200715663902  2.625546344909 
 10.318963732208  12.783857010711
-14.932890990746 -6.902889961828 
-8.822579762642  -13.913670716721
-12.351716505297 -10.913915535351
-3.990097555504   16.016824359597
 16.055197986584 -3.950533554929 
-13.924723535118  8.958298757523 
-6.721484529520  -15.146379541599
 14.128306970304  8.713993970613 
-0.071373504824   16.629541755901
 11.820891032543  11.744809522089
-14.457990454735 -8.422533537812 
 11.946273060911 -11.729865926987
 10.014592202114 -13.423499975621
