-0.232404497373  -0.227229960580 
-0.548987525650   1.240875176463 
 1.444951882276   0.742516677142 
 1.393130423475  -0.860965794506 
-2.183000247330  -0.388943971924 
-1.589399205425  -1.787210814463 
 0.029680812084  -2.693044481227 
 2.876488455163  -0.216961367591 
 0.527646311030   2.973798231729 
-1.241923087074   2.760879899257 
-2.671835056852   1.905925650174 
 1.881255574902  -2.825621516598 
-3.206141433009  -1.575630763708 
 3.027274215085   1.977207111311 
-0.922348583044  -3.856734014963 
-2.377527326762  -3.429839651529 
 0.918992463756  -4.122434755795 
-4.066986912945   1.331124666040 
 4.024921793134  -1.992353495780 
-1.003523114480   4.582435631811 
-4.920402711318   0.004336452564 
-3.898120224430  -3.047279289812 
 3.535295676247  -3.518032029179 
-3.877975331965   3.148193670079 
 2.076296474459   4.697594306016 
-4.819172136159  -1.835678148358 
 2.349639936194  -4.614155746032 
 5.344220439490   0.315165932555 
 4.797281291070   2.670980242140 
-2.428165168507   5.059910175621 
-1.894538377526  -5.339830504957 
 0.763037471766   5.768027643843 
-5.550887527241   1.796539033861 
 5.719577106055  -1.740153871152 
 4.120777287326   4.458342982359 
 5.946121758332   1.697851788933 
 0.161198538256  -6.185296130124 
-5.390281379873   3.580420846055 
-6.317461937768  -1.483980157629 
 4.768572562257  -4.461743896004 
-5.023816195867  -4.247096057278 
 3.055055933697   5.932949127659 
 5.839154039866  -3.392673731830 
 2.665065102387  -6.222620371790 
-7.006197603810   0.029742097591 
-3.879096097313  -5.910446729354 
-1.105981960757   7.077290835227 
 6.381842856696   3.317523742639 
 7.319669188103   0.563296002799 
-4.072716301150   6.136710022657 
-7.219870110383   1.682851230234 
-1.611248970563  -7.326035961701 
 2.108473320399   7.270168704896 
 1.290223002773  -7.690304572538 
 0.585580556209   7.793524348909 
-7.151036700139  -3.213131403125 
 4.892509875026   6.133130023373 
 7.500630662092  -2.405252516676 
 4.868850350529  -6.213295280239 
 7.661801387854   2.357613579048 
 6.438553232364   4.987344235315 
-6.923105632208   4.416904903507 
-6.086618284848  -5.516383648325 
 8.238679736584  -0.712020663837 
-3.233888117449   7.686234703992 
-3.544049129100  -7.757263691083 
-5.560356013064   6.634679426359 
-0.893940423988  -8.812600497333 
-8.229726794665   3.550020761281 
-1.527437040075   8.843386947806 
-8.663824046582  -2.387230815454 
 7.486404368070  -4.987986794539 
-5.188123100207  -7.407777148026 
 9.094280004450   0.860973058521 
-0.053159590453   9.196209586957 
 6.382995021653  -6.628652842868 
-9.182439454433  -0.638151315817 
 8.413896526937   3.747398278296 
 1.473826766115   9.133335197841 
 5.192758027382   7.662275383264 
 9.146590033756  -2.087863294795 
 2.403088681060  -9.105815447061 
-2.823576261208  -9.119381923759 
-9.580969773810   1.408611325753 
-8.095666280136  -5.344589295848 
 3.916049382927   8.930463287135 
 4.973521661167  -8.500868948010 
 9.568593882078   2.681126395514 
 7.058303771065   6.995015379362 
-7.981153587029   6.019106018741 
-9.289528115711  -3.807485476609 
-2.817900519407   9.696884559059 
-7.500083749209  -6.922885255665 
-4.526695590761   9.190828120893 
-0.168686761672  -10.279835451137
 2.762341678189   9.914327353601 
 9.695954645664  -3.576132781987 
-7.119923284730   7.529823496104 
-5.915351014121   8.579083339473 
-10.551365944971  0.051721812588 
-6.297973038345  -8.532237196808 
 8.276706757884  -6.632201557320 
 9.003955986212   5.689393401386 
 9.351656461641  -5.189914188583 
 7.211533745267  -7.902256152416 
-10.573207468618 -1.949808645698 
 10.728081998689 -1.263626589566 
-5.089831732255  -9.550031953337 
-0.407247924079   10.816267999415
 6.325661032084   8.907197491244 
 4.699299506562  -10.025834434756
-1.525895802327  -10.978214262954
-10.918735113163  2.105954434636 
-10.520027992761  3.643130113853 
-9.603861969542   5.680483081543 
 11.179574540704  0.197235921792 
-9.075593080236  -6.608703291540 
 4.548827379661   10.457893459492
-4.081881026504   10.682806263731
-10.947779851022 -3.411260079586 
-8.806662107893   7.449749994139 
-10.450874863316 -4.883600444253 
 2.578260884158  -11.266373072719
 11.268227514803 -2.784579496192 
-7.804241832776  -8.644588866345 
-2.667823011516   11.362424501271
 2.306488732848   11.494459670593
 11.398078995837  2.847056224628 
 0.794095326216   11.769909783280
-12.070425385985 -0.984987218093 
 11.307929291128  4.355917495925 
 11.317070404162 -4.345203129392 
-12.089396722309  1.011091784933 
 9.708324483975   7.280059247230 
-8.044569913507   9.161948658141 
 7.719582154078  -9.478995284108 
 0.217987109950  -12.235701898828
-4.182440197022  -11.510323149753
 6.241658518931  -10.580949940210
 4.273809342956  -11.574815067211
 8.704169668218   8.838744918676 
 9.767132260666  -7.653784034436 
-11.457038885749  4.887648309894 
 3.776433289985   12.041067177321
 5.891322030867   11.185030413740
 12.653353178325  0.649197002257 
-6.834275221645  -10.688232475703
-1.132715158809   12.696739842740
-5.697996533866   11.406243330346
 10.968942508590 -6.558870791541 
 11.110573353654  6.431045206512 
 12.733554785939 -2.397114039594 
-12.603594549009 -3.271636111928 
-9.458333642183  -8.977942930032 
-10.387730863513  7.899526902475 
-10.594966480788 -7.693941215495 
 7.597621792146   10.829178202641
-5.704937279435  -11.976708490483
-12.772851266012  3.619383019559 
-1.905108517661  -13.152630516376
 12.788962878785  3.922651351388 
-7.358692917849   11.287311424986
 1.958842229651  -13.434656626210
-9.878467415869   9.394622262071 
 13.628629780458 -0.584725694990 
-8.727346892054  -10.546062266188
-11.983654958231  6.623294333751 
-2.686741131680   13.473885963228
-13.731406990171 -0.822375402718 
-8.746782465764   10.623221654753
 5.679780040849  -12.556512279675
-12.320509606149 -6.217473287130 
 3.169737047935   13.446378584442
-4.360727873508   13.156486647746
 13.320549858340 -3.868790941782 
-4.294287546007  -13.209897124415
 3.496198101295  -13.462368477196
 12.751519664122 -5.574536959586 
 0.297313348426  -14.006232937716
-13.853735529774  2.121746354518 
-12.928805814061  5.446559279540 
 11.474999309891  8.108985889011 
 13.994885423704  1.578167176527 
 10.087218438887 -9.829089544811 
-0.106040740518   14.184631418070
 6.213943478395   12.754068039848
 8.569907833195  -11.373867867105
 12.740715121906  6.755806915288 
-3.049496767883  -14.137839248884
-14.148684017933 -3.129348081267 
 11.685960682902 -8.586478009779 
 1.746683930799   14.439862101982
-7.660565114672  -12.462496819230
 9.524163158068   11.143651882611
 12.813914909629 -7.178523451216 
 8.028507479509   12.334019207111
-12.704225785926 -7.669311309725 
-11.991022482541  8.752652818995 
-14.877838911003  0.320168696173 
-7.004021811110   13.262017021765
-14.462142435234  3.975408663760 
 14.085094177643  5.414647559035 
 11.025283826061  10.313323440724
 5.162936568843   14.231867578096
-12.020733099557 -9.218498887440 
 1.929856965900  -15.060665558523
-10.727424176588 -10.756657226279
-14.052431829114 -5.917420765409 
-8.912463905155   12.410301645445
-2.624866808310   15.094828698807
 7.623180523131  -13.292643201820
-0.571945955833  -15.351904103221
-4.277876441109   14.781148257039
-9.315017918256  -12.251291307052
 14.986628523109 -3.767939935293 
-14.772006085815 -4.574979612732 
-14.446712639840  5.553753532760 
-6.976266591462  -13.823636253107
-15.471448817989 -1.100029054376 
-15.310083433817  2.574634585781 
-5.635134103875  -14.548670546175
 13.236826921087  8.262952150846 
 4.332295200346  -15.025912191722
 12.442820152892  9.576266025587 
 7.268529487618   13.978892971842
-2.272665045584  -15.663946942105
-10.930340840404  11.453643291805
 15.699090051463 -2.149619499840 
 4.174450005797   15.470605556851
-4.249947773230  -15.452074474765
 15.503898372574  4.077063127397 
 16.021048532936 -0.587093542808 
 15.974568379721  1.406264268892 
 13.464924776312 -8.762118609363 
 14.915069579397 -5.985089866190 
 11.693943766560 -11.322076349788
 9.196648153615   13.442321339958
 14.599219950993  7.223344289836 
-16.310109815053  1.286406534625 
 3.038791649529  -16.122227934595
 1.248171299679   16.384124555866
-14.032847154998 -8.566448697378 
-0.640667175434   16.451245817809
-15.788028615952  4.714012203523 
-14.166168676202  8.451797384607 
 0.916640419997  -16.513577522673
-14.961476967112 -7.110756090901 
 9.979458072803  -13.265013499568
-8.483222165459   14.279754530047
 6.764219756822  -15.263940022311
-10.790584618972 -12.815732412460
-5.661127253686   15.781481261213
 6.484853898719   15.471579565088
-7.285437100918   15.189147379622
-8.792203153007  -14.385642022878
 8.861091135051  -14.376710192047
