-0.493310807346  -0.031987049167 
 1.694384194634  -0.766897677146 
 1.765536195107   0.793194164814 
-0.897906316919  -1.988539838613 
-1.976784325204   1.010403185729 
-0.027612834317   2.335779714220 
 1.573668037423  -2.491936062201 
 3.025485196861  -0.023867700342 
-2.931025947304  -1.169353671873 
 0.159954871730  -3.191396039753 
-2.356685110733   2.498027015121 
 2.744910174038   2.077274827740 
 1.284763868520   3.234883675408 
 3.251247950734  -1.738521847696 
-3.668482736706   1.557420202079 
-1.233002920849   3.900977879798 
-4.298409149850  -0.394853205974 
-0.937835740782  -4.215357694191 
 4.611193601364   0.155481069632 
-3.327479927982  -3.315501200539 
 4.302569834125   1.906889684727 
 0.467296199762  -4.781777007926 
 2.396956824743  -4.269421388257 
 0.180695265973   4.948791926540 
 2.421493198269   4.370865967718 
 3.645989103532   3.484218927188 
 4.795695195332  -1.588087642232 
 4.056156882943  -3.713103497062 
-4.129759398652   3.864227506451 
-1.610126128511   5.518309769335 
-5.752631177340   0.581494032106 
-1.840656312161  -5.724549145063 
-5.187689741874  -3.042196088286 
 6.020749483598   1.592223676855 
 5.354125076491   3.375374190591 
 6.365330201539  -0.452312959597 
-6.344622349644  -0.956515585266 
 0.876973570854   6.369909370454 
 5.655394039357  -3.300878419362 
-4.412425388311  -4.882527798043 
 4.688029745514   4.790129569832 
 3.217996670493  -5.899620352380 
 2.598857805459   6.355103503529 
-6.317022260699   2.693500172928 
 0.928972497861  -6.893856854538 
 4.637907206359  -5.298397206094 
-4.381335168516   5.514424034878 
-3.672620599030  -6.257302006182 
-5.848491459681   4.309321898990 
 6.858087433728   2.863940452256 
 7.486925574567   1.086014622575 
-2.170019145861   7.250155080423 
-1.795663304290  -7.375920888746 
 2.488982082560  -7.490067922609 
-6.888281949408  -3.872312661349 
 7.394769861601  -2.936056777093 
-0.854516688133   8.015272045536 
-8.158379165269   0.756563914645 
-5.272307533898  -6.341952790822 
-8.009512035678  -2.084406249015 
-7.920046518579   2.434012449275 
 3.985700844473   7.310827131683 
 5.893717240356   5.951089597482 
 1.930171323786   8.183082680604 
 7.085946510781   4.624167996811 
-6.096442415320   5.934205107864 
 6.037505063936  -6.004565152215 
 7.118734471231  -4.807349578265 
 8.690398552987  -0.618053573864 
 1.431999773806  -8.773239825445 
-4.374428556721  -7.760335729137 
 8.689947425720  -2.164998907079 
-4.348838802403   7.937471183529 
-7.775558803422   4.683298024361 
-0.723356002345  -9.051215354988 
-2.109325966746   8.930829809176 
-6.938718771928  -6.209339690383 
 8.475438022101   3.894108349317 
 9.062457039622   2.406909921144 
-8.254152116878  -4.660553871356 
 4.987275372894  -8.148090569644 
 3.285409730801   9.024364087802 
-9.663683195484  -1.245902325125 
-0.101949356972   9.927683382381 
 7.660294528402  -6.353766636396 
-9.834544295341   1.767415843552 
 8.941875396251  -4.484320389359 
 10.012825134840  0.773247901044 
 5.243159525315   8.611676272713 
-3.404965849124  -9.672689075226 
-10.335702927036  0.204396070772 
 6.694027002456  -7.890930782622 
-9.792878368548   3.370619271229 
-6.135365682267   8.350890509579 
-5.074335551658  -9.091057100833 
-7.506325009748   7.245457535193 
 10.372908973276 -1.122840294587 
-9.788613009585  -3.743300032755 
-6.611033697924  -8.223032781297 
-3.757854133911   9.884804187833 
 3.144107392411  -10.125540836905
-0.588181708047  -10.633873637527
 9.656651926537   4.896793690763 
 2.105226576337   10.639821072452
 6.863476007696   8.535040370393 
 1.626775402470  -10.863692550025
 8.532526838726   7.092231117660 
 9.407143835008  -5.993969650951 
 10.645643312834  3.349456502482 
-9.996604962438   4.978861034382 
-10.931621170459 -2.609433138507 
-9.277848734206   6.359950477964 
-11.246653509360 -0.990372138402 
-2.591069042871  -11.035452442914
-9.238545943377  -6.744230940735 
-8.217293097960  -8.082523296701 
 11.502279704304  1.397553354262 
-1.970119662581   11.459361550624
 6.817620027612  -9.419167206566 
 10.964628762591 -3.914844792713 
 3.625598142763   11.091579121625
-4.727674688619  -10.705205311895
 4.610147793723  -10.817641943199
-10.770932662879 -5.268381650630 
-6.266739450512   10.225876972026
 8.996915040458  -7.939474369737 
-4.706297504433   11.050420196216
-6.196084440775  -10.290270673969
 5.808132023711   10.642138437538
 11.940729956220 -2.727911901305 
 0.307096250860   12.262592353915
 10.952938595029  5.843933541183 
-11.918908260164  3.497495408033 
-8.735900110477   8.935632654148 
 7.872392748645   9.721903322847 
-0.905813556593  -12.482899404273
-12.535426012697  1.072798999662 
 12.042055056967  3.919411775438 
 10.174691870506  7.540672670893 
-12.581209329109 -1.736435824122 
 10.965024670419 -6.594435459252 
 3.250663333247  -12.376873624453
-9.819220680559  -8.392524396197 
-8.349687241648  -9.929864191723 
 12.762758152452  2.439925513188 
 13.102185254490 -0.324026047667 
 6.523941007492  -11.427775844894
 2.700673598669   12.908787057386
-11.800350274552  5.972494432766 
-5.356653708880  -12.108285557213
-6.167087897216   11.749059436840
-3.774185844030   12.724916034568
 4.999224587998  -12.335368181798
-11.612533687581 -6.616353262585 
 9.568420279468  -9.366656082648 
 4.427217613453   12.655814545999
-1.284855462943   13.349820912285
 8.228403370117  -10.633304462596
 0.252554926721  -13.454216810643
 9.430399054040   9.707863427836 
 10.756065110850 -8.373662252608 
-3.292481214935  -13.244138999247
-12.791147462829 -4.814991347411 
-10.569949088685  8.732317766347 
-8.746757628998   10.597038411412
 12.731974386088  5.343801090067 
 6.499094111848   12.189146545427
 12.597251922446 -5.730234953044 
 2.290782808170  -13.668268497649
-7.361738275638  -11.746970321912
-13.077429623956  4.767806310426 
-13.814870319260  2.088297360486 
-11.803165850574  7.694205530298 
-7.740824101287   11.902125903167
-14.213069964337 -0.734823272152 
-11.694384470943 -8.285975317714 
 8.356029896422   11.646799382774
 0.446267141144   14.351817778561
-10.780145537069 -9.557352929744 
 11.629373153014  8.595251631677 
-2.616524940431   14.263371306069
 14.456835565333 -2.202457914191 
-2.365341433833  -14.450697899415
-5.605316752021   13.531971515800
 5.734761089242   13.482040069997
-5.218471293822  -13.720550300544
-9.034421795583  -11.572736343028
 14.060404834386 -4.297452153048 
-14.287902091094  3.592310507000 
-14.190165480081 -3.984960098802 
 10.023263400488 -10.929765147380
 12.714274993978 -7.654083351925 
 2.896079890811   14.633213610682
 11.302988908528 -9.785728638286 
 8.148950065479  -12.544720383587
-14.945702052024  0.641105455752 
-14.833532532729 -2.247247120479 
 3.934312622624  -14.527274463213
 14.985766693971  1.437250262758 
 1.053375644754  -15.082492299854
-13.507174954636 -6.835165467542 
 10.830265760071  10.580871640126
-10.236249416253  11.165939942154
 5.683674512428  -14.043828014190
 4.560337040611   14.522762445249
 13.110593787145  7.763353410856 
 14.698335605380  4.031212622975 
-4.295801629536   14.750329167325
 13.967315263580  6.447835608474 
 8.074736985822   13.132230157136
-12.528433111177  9.063892860312 
-9.097677547954   12.573521376513
 1.629735603536   15.445398801075
-7.746696909344   13.477301181919
 14.259450153137 -6.267709412859 
-15.460702372252  2.072073036568 
-1.680578051533   15.516457133881
-13.919254685647  7.107248663505 
-0.507689952358  -15.667841707281
 9.947495250031   12.118182051947
 7.412086359736  -13.902730978895
-0.142290634910   15.768956663377
-6.932369648183  -14.193724511318
-4.658119394544  -15.125828266922
 9.826084290010  -12.455991718537
 15.929123853598  0.122490387312 
-11.475101742776 -11.128963731181
-12.529084610757 -9.951791768078 
-15.995914348140 -0.888177404468 
 15.697056458121 -3.516383425499 
 13.011122770644 -9.581626429890 
 15.365183967026 -5.058780485753 
 16.181756712475 -1.382353903400 
-3.125226495830   15.942489458351
 6.009532380320   15.149228278384
 14.291488806607 -7.860013005639 
 11.628478082804 -11.557532493053
 15.453749022224  5.557985297353 
-15.730373247649 -4.783527384748 
-9.274170188398  -13.590523430678
-16.440479905739  0.797478800379 
 16.222806196021  3.175764675917 
 2.644020180778  -16.355729745779
-12.705440970403  10.640305286897
 13.581854196838  9.500899746559 
-2.609489358379  -16.370166005234
-11.110385406438  12.390871567329
 4.132977698708  -16.134470959648
-15.295076405900 -6.597957200807 
 1.030855681877  -16.641958975831
-15.897625368204  5.066079383449 
 4.560388356639   16.105167257494
-14.342498592887 -8.683662192050 
-16.443531868397 -3.330380155852 
 14.797470865521  8.083113057765 
 6.263368385460  -15.763386242308
