-0.880290634343   0.177768013037 
 0.264694392540  -1.333838470596 
 1.549118542139  -0.139087351277 
-0.371267989849   1.864032074914 
 1.238136666494   1.755728485417 
-2.395733528933  -0.324660540415 
-0.561045759281  -2.639581253738 
 2.416390330715  -1.595874024777 
 3.205782678079   0.367777438531 
-2.460825793939   2.575822889662 
-0.194744749774   3.569106584496 
-2.988510321915  -2.022773401544 
-3.902350311025  -0.266292773673 
 2.073575073539   3.320279203393 
-3.834537000657   1.342034226970 
 1.143767250446  -3.905281569730 
 2.696406767699  -3.150251057720 
-2.055832148969  -3.614605643478 
-1.798748432689   3.940004017599 
 3.980069113616   1.956245156471 
 4.332912028204  -1.016416383541 
-0.943846658205  -4.759115563686 
-3.826155373017   3.279914621132 
 4.517334505162  -2.816189654284 
 3.719395598454   3.857588330622 
-3.611776734378  -3.979543707783 
 5.493027990844   0.176502629135 
 0.040485067887   5.532845229119 
-3.135222288773   4.670390419253 
-5.648380102435   0.101209512594 
 1.539935395887  -5.589200744367 
 1.604164877881   5.647875369156 
-1.736568337979   5.735767171546 
 5.565632958910   2.272619581198 
-5.292119750488  -2.870505984527 
 3.236855208378  -5.479548595094 
-5.549978960774   3.132452311713 
-2.319506300802  -6.187657385223 
 5.265543456909   4.009724306786 
-6.488309465676   1.961760012989 
 6.565995327116  -1.763167020356 
-5.122605954974  -4.520794793057 
 0.209903363411  -6.835637147431 
-6.797058315374  -0.925051129542 
 6.025627893116  -3.325758375358 
-4.635568741973   5.164908336449 
 3.462893932266   6.036827871113 
 7.060023441722   0.142282339195 
-0.245747203355   7.092829410873 
-4.130813071709  -5.775914095792 
-3.074930638688   6.431855170650 
 5.244267711119  -5.027992545451 
 7.047730385479   1.837701581489 
 1.579019895953   7.585801655818 
-7.020800379140   3.505970910719 
 3.234619263539  -7.208963768926 
-1.783107600107   7.708928226273 
 1.839045332626  -7.761630854683 
-3.166637036519  -7.485377229825 
-7.390230560269  -3.466068561894 
-8.260862975060   0.069300476235 
 3.394638461828   7.535717171267 
 5.982588658919   5.724311988880 
 8.271260999854  -1.056362903507 
-1.800309159329  -8.222753637360 
 0.369949703505  -8.445826781372 
 5.443663465840  -6.561702117120 
-6.792754600083  -5.185365419849 
-5.827917248533   6.255493654412 
 7.582784380204   4.270725278998 
 8.538037053407   2.139170421987 
 7.912785889197  -3.914778133744 
 7.211711519024  -5.273496801183 
-5.056452389823  -7.403703183017 
-8.452043283752   3.053270469244 
-9.041525358200  -1.368557552940 
-5.224906003813   7.748491773187 
 2.222124848744   9.078756315655 
 4.631778125166  -8.184081752979 
 9.417601547307   0.353046950454 
-2.881780401931   8.990174998430 
-8.260977259054   4.579953829315 
-7.392420876321   5.887642599340 
-9.306787527749   1.788710244229 
-6.740433619007  -6.722838707887 
 0.566194431027   9.526384454546 
-9.104209062062  -2.902919052531 
 9.190002097078  -2.834649975448 
-3.739943730054  -8.946793787318 
 4.442972260073   8.827303041172 
 6.154552436573   7.812360197423 
 9.411788194873   3.442682076890 
-10.055005107981 -0.029019971194 
 3.076544168720  -9.707563733282 
 10.112462501669 -1.245222487715 
-9.060742972144  -4.664789740460 
-8.241190972181  -6.116524200141 
-4.702672122545   9.217837393364 
-1.959139806602   10.279702425796
 1.685139599339  -10.349418646509
 8.504838649040  -6.242241537627 
 8.443147442384   6.399552135585 
 6.470115162080  -8.472388559585 
-9.825329959468   4.324766305944 
-2.346701380045  -10.533157404015
 9.603490693727  -5.131257908231 
 5.216330785760  -9.591983304275 
 7.785474354601  -7.712546129275 
-0.844331221083  -10.965824266511
 3.345210978682   10.482303106531
-6.675475079942   8.756732124775 
 9.958736510261   4.891618146962 
-11.156081849665  1.143837514724 
-4.323086964562  -10.351251164725
-3.942119217918   10.531687517472
 1.621693669923   11.132050739046
 10.906602432522  2.892748503562 
-11.232492859923 -1.103675477397 
-11.010217542879 -2.604003338896 
-8.823190479116   7.229034244855 
-0.731249680321   11.401111639363
-5.952663296910  -9.829694865571 
-10.650773890383 -4.410426158098 
 8.117594134887   8.300761043419 
 11.275891908829 -2.834033060791 
 11.562751272244  1.435339687532 
 11.669434263293 -1.170701616852 
-7.597788343253  -8.948939473085 
 5.814374322667   10.222413075878
-8.727101278993  -7.918604096309 
-10.023647606832  6.298361758347 
-11.336679669076  3.570978910875 
-8.186647190732   8.621857215500 
 10.000649496997 -6.627419491791 
-10.012263466323 -6.819107445448 
 7.761403150150  -9.310698620946 
 0.715024538739  -12.231349866091
 7.499484950133   9.718600398895 
 10.032290612483  7.112117537507 
 2.634478155497  -12.143264289993
 4.384336598125  -11.707060301992
-11.287184617708  5.412095672043 
 6.386100649935  -10.795362710830
-12.617038712784  0.721708362279 
 9.255381149419  -8.627612130954 
-5.936626129564   11.191546898003
-2.521703063775   12.448375988179
-4.383768841504   11.998280841445
-12.610352367323 -2.076651045340 
-2.645287344728  -12.508420982486
-0.703087013892  -12.819571057024
 11.922484495371  5.054599776734 
 9.657596903851   8.656024368053 
 4.356217771222   12.230915631458
-11.944378847996 -5.299860002160 
 0.096221889940   13.093199199296
 12.025434450022 -5.439535614609 
 7.074369974738   11.203932626593
-9.561989487254   9.228342972104 
 2.985203052861   12.965217595357
-9.486259207047  -9.462232395480 
 10.857335997237 -7.908307118292 
 7.970277935117  -10.850170328017
 13.454047366613  1.019454259922 
-7.896875431583   10.966438249357
-10.730127078563 -8.258877756173 
-6.012242691586  -12.153561966606
 13.216562319759 -3.445472582682 
 5.741731010465  -12.404270689249
 3.769659934223  -13.194029739880
 11.550836356802  7.443982113359 
-13.198002675473  3.930660571532 
-8.269968643262  -11.030357579337
-13.787736023512  2.052554024169 
-10.952232335350  8.653944936311 
-3.865103674803  -13.416657829769
 13.923934274054 -1.512675158066 
-13.996265682385 -0.742529599678 
 1.394912595717  -13.947630556957
 13.594452833598  3.575720299015 
-12.611418586957  6.583364817514 
 9.082722430639   11.149561967544
-13.851220663547 -3.974335232561 
 6.599755448618   12.812101438026
-1.560005489185   14.398134798477
-9.532745115448   10.906933234365
 12.920144895986 -6.673255106220 
-14.528835173977  0.688451154121 
-4.473610161272   13.908783544695
-13.367771694325 -6.038526732705 
-12.625034827597 -7.502608683121 
 10.760943794717  10.064912618456
 7.318853390867  -12.827199770337
 5.258776004799  -13.850013088899
 13.813343731599 -5.411828737324 
 2.300974155861   14.707048720714
 13.414720711226  6.515753746991 
-7.236420757381  -13.056094734924
-5.549326772955  -13.872190831495
-14.920747164716 -2.038986318394 
 0.546745271397   15.073835996374
-11.020303480657  10.385886735419
 12.180508496644 -9.027618136646 
 4.118555213102   14.634071949990
-12.544019030717  8.622217487351 
-8.623853919169   12.576151134178
-2.379934077182  -15.122612454215
-6.928275503457   13.663711408908
 12.711808670492  8.590753513461 
 14.461986866558  5.313531016727 
 10.901285640462 -10.922439376372
-12.092461075628 -9.654981141186 
-15.054107382224  3.851359305758 
 15.519732017185  1.064792826173 
-0.465535375355  -15.576760375001
-14.439379876383  5.931327990906 
-8.749979384792  -12.930798768352
 3.278009441370  -15.266139387197
 7.969037335247   13.440118334048
-15.634288159619 -0.470368676149 
 5.834349694061   14.542558217447
 15.261614592837  3.781652467016 
 15.415006957280 -3.365845291313 
-13.795661874546  7.730492911061 
 15.738000857599 -1.688799259031 
-10.619645969156 -12.001747879666
 12.237953020921  10.410079979051
-4.473899831165   15.482662005015
 11.278393600298  11.574063464215
 9.746976548866  -12.902363733910
-16.110918637596  1.652466001156 
-10.511028475345  12.364544602182
 14.165669712667  7.954837588347 
-12.523566551415  10.350230637450
 7.672765180701  -14.358104036140
 15.282771474944 -5.808172880674 
-15.601795123911 -4.906214472623 
 2.368801373500   16.206643520308
-1.405235050160   16.333251213583
 4.878735274823  -15.726023653813
 12.735884578532 -10.452510192283
-14.075461725817 -8.636311672250 
-12.149260893697 -11.218569014303
-3.075715073743   16.305381002608
 9.672463292625   13.499415438773
 15.264330351328  6.610395152674 
-16.389695519330 -2.891492147195 
 1.358291629322  -16.620589365229
-6.449542892258  -15.389103079974
 14.160744698756 -8.829157754792 
 15.011208229916 -7.389428087418 
 16.749778753282 -0.346877759086 
 0.939594374041   16.756668879565
 4.219420255539   16.322490278522
-9.246673547167   14.131436812951
-4.391038851096  -16.359721133723
