-0.554899851390  -0.561324784910 
 1.018153037062   0.214141927785 
-0.170804331190   1.306552761058 
 1.045643301798  -1.597501868420 
-2.340148691411   0.450964402488 
-1.339587873635  -2.021554158671 
 0.985894445647   2.292039426446 
 2.310594521120   1.519392472308 
 3.030110883231  -0.828536607825 
-2.509940778331   1.980050940340 
 0.222770871823  -3.234756192306 
-1.293680090674   2.993094999802 
-3.514032284439  -0.683667632560 
 0.222467491495   3.679915861814 
 2.714842291670  -2.750406975373 
 2.459378651161   3.159591661993 
-3.921568274961   1.339031903459 
-3.715456165885  -2.821049841701 
 3.962918405618   2.653158239054 
-2.104148366786  -4.357404638512 
-4.905116067065   0.189236611456 
 0.176936142744  -4.946991282528 
-1.551556382736   4.740767079355 
 4.830448837821   1.254053531891 
 4.292160682830  -2.679182506601 
 1.763616483084  -4.847903931453 
 2.340504490928   4.702137549256 
-3.931699354952   3.928571781307 
 5.580992363599  -0.729948125346 
-5.496714701644   1.655493521745 
 0.581572137933   5.778426057416 
-5.862597928481  -1.079026184346 
-1.347402044923  -6.102398305725 
 3.824729552515  -5.092085975645 
 1.023372122259  -6.324298708723 
-5.157383367032  -3.934705477033 
-3.122756474789  -5.707537598918 
-2.500228603992   6.044871478875 
 5.507179467803   3.539407927956 
-5.692897376903   3.432086137334 
 6.598667028466   1.318311861410 
 4.415943374807   5.168009605018 
 1.360287815245   7.080399157367 
 6.993543948148  -1.793932210585 
 3.431955784746   6.419534458708 
-4.348218624934   5.862373230623 
 2.474052021683  -6.875070408067 
 6.192943769582  -3.949946817473 
-7.365271088815  -0.758890360213 
-5.574747041399   4.996014487031 
-4.998290541633  -5.680863022496 
 7.603664646755   0.117616252685 
-7.299411585124   2.259134597503 
 5.533920801960  -5.315382148508 
-7.640470737376   0.777881040022 
-1.227353451532   7.619951548252 
 4.374431941291  -6.557089510347 
-7.183644969471  -3.428682809212 
-3.494339546632  -7.165696005844 
-1.431578215583  -7.891495296914 
 6.896169334713   4.121863389991 
 0.361181397495  -8.142477778425 
-2.839606340207   7.659660971489 
-7.260164472553   3.868962934355 
-8.137690601983  -2.054932368155 
 5.295728490295   6.642737579944 
 3.157631266835   7.933699318935 
 7.798615949658  -3.640487870944 
 0.316438302096   8.652270420075 
 8.360183518598   2.741420242005 
-7.416230414934  -5.028107382992 
 6.980114428199   5.730094714272 
 6.004283770992  -6.933301401627 
-1.808727546050   9.023975040753 
 9.230414945529   0.148944878868 
-7.025445725234   6.011318407375 
-8.897821079565   2.571347712938 
 2.407818158957  -8.962520715052 
-5.269075590716  -7.692288762204 
 9.046107732599  -2.682629077590 
-9.624773487533   0.319814140556 
-5.579868957331   8.034726720131 
-8.991638795857  -3.886208711418 
 5.050253105054  -8.415555589837 
 7.676395633910  -6.187987011390 
 2.513596335088   9.551154912627 
-4.263585358604  -8.939035821727 
-2.529127342415  -9.593204382619 
 1.074171415746  -9.872838533608 
-3.719689517953   9.338174694379 
 0.922428164742   10.048996666000
 9.025124971981   4.572488823688 
-7.353051502656  -6.981203506471 
 6.838727956761   7.526534315066 
 8.823963405013  -5.168636032165 
 4.825671801800   9.068052810166 
 10.182186674913  1.667220098330 
-7.271539720277   7.614172508530 
 10.072991234359  3.187819975450 
-10.519489201790 -1.125023989030 
 8.522104056305   6.354462573063 
-0.459068168329   10.659418020023
-10.528735643669  1.823878182583 
-8.536797668141   6.431126137010 
-9.770294920457   4.362394082813 
 10.747986824309 -0.051401484540 
 3.267622285573  -10.261763870643
 10.549513952445 -2.225643588702 
 7.486037922862  -7.867790214889 
-1.055095649791  -10.813493944262
-2.148654169048   10.657635496790
-5.843394194078  -9.302065673543 
-10.731008932023 -3.098465252036 
 5.407292434759  -9.893939410677 
 3.478642346160   10.802598589015
 0.412088897311  -11.363460484519
-9.180260720428  -6.796789481954 
-6.317829892028   9.591845424457 
-4.324426566265  -10.669881977518
 10.821789618121 -4.147703772263 
 6.797672722771   9.397384826289 
 8.477997247092   7.944122645157 
-10.671485005428 -5.078972563372 
-5.193844510106   10.660480070825
-8.637257485152   8.354902940040 
 11.979716596860 -1.393369045828 
 1.905539886561  -11.919961285891
-12.124947218654 -0.333100703571 
 10.765381413680  5.611005713345 
-7.478452714010  -9.606205814666 
-1.081826805735   12.137925441657
 12.282945964103  0.456036999070 
-2.914937063689  -11.951728532608
-2.875793611976   11.984932750478
-8.884025172082  -8.548776924523 
-12.029573337903  2.911293498819 
 6.818777733356  -10.425217654651
 10.705238480180 -6.442945830969 
 12.315493747436  2.252769536351 
 8.125896886037  -9.593335804856 
 1.091263472952   12.547221253275
 5.279608872514  -11.458703573525
 2.933921174805   12.275876527468
-12.348429158339 -2.824984001651 
 4.652856989789   11.972919275577
-10.829400633698 -6.935593082497 
-12.105317970595 -4.371429249070 
-11.044071758402  6.612062702675 
-10.155878154900  7.935106924425 
 12.175030565490  4.292235222389 
-6.418749690824  -11.239790518398
 12.362719302794 -4.039926757963 
-8.382788410177   10.019085208971
 8.415210829072   10.005382950255
 3.467465843226  -12.617600974366
 9.893459739427  -8.603181231332 
 9.750528594365   8.768038616415 
-12.112312977238  5.061727503367 
-0.743033780685  -13.142762573947
-4.445256812524   12.508709043269
-7.179590164278   11.177004373110
-13.248647350664  1.987825147487 
 6.765572011472   11.684570566609
-12.265098887893 -5.956887139730 
-9.296382950149  -10.030027415564
 13.483661992078 -2.387251172868 
-2.211056462688  -13.530007242918
 13.760020027303 -0.699967252226 
-13.826200352471 -0.290032222397 
 12.407662299779  6.226575223423 
 11.627628843196  7.624438936842 
 13.799527116115  1.718956796427 
-10.063956341021  9.606148199072 
-0.978204326030   13.884928572776
-13.761539878440 -2.163141478731 
-13.528198646564  3.592266078654 
 4.905055416847  -13.136227745368
 1.682524433350   13.947723035736
 6.596266909777  -12.404361118871
-3.788722242271  -13.563642528204
-5.367201663861  -13.039056913208
-13.607416628885 -4.072789213570 
-11.356312333834 -8.590307998647 
 13.817877909808  3.877619334390 
-8.242520913498  -11.806423389161
 13.350384464165 -5.408084325228 
 1.783037444971  -14.398344648474
-2.498549703633   14.412328085724
 9.110151690132   11.536410986423
 12.242420382975 -8.144654425730 
 3.142945980745   14.364477639492
-13.721293516224  5.397029921607 
-12.516653297396  7.859774247465 
 11.071315115241 -9.794130410709 
 5.326125442307   13.807177751362
-6.240376271207   13.467827378198
-7.271496255647  -12.956285119903
 9.480244237276  -11.609822716741
 8.137307456906  -12.611173110215
 14.529593723592 -3.887015205025 
 11.504827685842  9.736328054942 
-10.001226326396  11.333647368507
-14.990950290007  2.034293432088 
-11.041348370046 -10.353325859820
-15.071461424622 -1.425659254629 
-9.988904723246  -11.479570747775
-15.228968897273  0.547665034776 
 15.251368481914 -0.519685999313 
-2.709348992913  -15.031703861996
-4.996359801968   14.446840602256
-13.933188739338 -6.299458813759 
-12.220686781899  9.435752537813 
-8.526270394588   12.880743902422
 6.753244417903  -13.901071491954
 4.751415717385  -14.741390549209
-4.802598845243  -14.727639817230
 14.156393726803  6.351031750950 
-0.159562429788   15.536672943191
 8.501955750667   13.009342778062
-15.189750399084 -3.301933242845 
-15.196929168774  3.573793414620 
-13.008781655340 -8.821087992053 
-0.043765463962  -15.725395970849
 13.972996871935 -7.267557270806 
-14.318824834670  6.889294417190 
 13.492391833227  8.409041242022 
 15.862207758041  1.086699683014 
 1.965889754032  -15.916961990662
 1.990433518249   16.070400091576
-7.279098225627  -14.532477305780
 13.551832423625 -8.997336216857 
-9.730050421854  -13.043586559919
 15.977027996008 -3.234095548794 
 16.111729752889  2.820694309696 
 4.749163734384   15.686841068525
 15.645910132223  4.935329671448 
 15.523293319197 -5.435136861684 
 11.415753972020 -11.844347195827
-10.310816733900  12.864893784008
 16.421311731253 -1.518342130994 
-15.476976504192  5.721532496215 
 7.611932351649   14.697268475583
 11.074827765042  12.357332899599
-14.210874294518  8.587512373404 
 8.736533096358  -14.149054736896
-12.045490094340 -11.597855882897
-15.596652418917 -6.055982123532 
-3.955452125215  -16.280325350965
-16.139740194453 -4.632049421395 
-16.782629900407  1.485368594157 
 13.095676420331 -10.624292842329
 9.923519864023   13.657798361783
 6.963547990938  -15.389292475640
 10.460382733599 -13.271935313554
-13.410584840851 -10.316112754522
-14.637847319038 -8.516177251578 
