-0.856618837243   0.062832744023 
-0.094661644261  -1.230650149519 
 1.662793331083  -0.033477246050 
-1.631868314452  -1.514677739473 
-0.494206484278   2.214589986678 
 1.885498536165   1.513345778515 
-2.062710086722   1.298535821456 
 0.595398314003  -2.614701903627 
-3.035154548583  -0.684475336965 
-1.196982071599  -2.968415502052 
 2.564474482923  -2.511453852069 
 1.591882348538   3.274501027254 
-0.042181200330   3.830006166839 
-3.806501123056   0.762106189537 
-2.791333325026  -2.905303981720 
 3.983469124761   0.977679099434 
 1.693253208895  -3.748777366026 
 4.108739917577  -0.735195760999 
-3.118603029115   2.874652587869 
 3.656975729121   2.816810728984 
-4.319524751326  -1.628519532454 
-1.587502180212  -4.475715737652 
-4.522049248877   2.119162678005 
 0.589827260404  -4.987722019705 
-2.531488487635   4.392003447814 
 3.293013713228  -4.074056630962 
-5.347328381739  -0.489650757723 
 3.307578450943   4.394700345705 
-0.034096392057   5.751016677054 
-3.769435159925  -4.380597249040 
-1.549474689264   5.591619131850 
 5.442258176785  -2.525659809473 
-5.901201213586   1.128720568972 
-4.469902997053   4.046712990110 
 6.031537310893   1.224283102060 
-2.582461458704  -5.710045127052 
 2.363837214491   5.836841234698 
 1.886083840223  -6.019447930865 
-5.838567174675  -2.542785332831 
-5.847280176771   3.074387352003 
-0.580217525887  -6.780571823906 
 6.148420006836   2.938156093213 
 3.748288843274  -5.729958679813 
-6.907478856027  -1.167684370185 
-3.115503263604   6.309833662282 
 7.094581593325  -0.804232942036 
 5.889071963642  -4.127457770038 
 0.870918978617   7.153844821275 
-1.291196187692   7.162977786440 
-5.055185203275  -5.282641542108 
 5.001193615901   5.508966539830 
-7.440471409713   0.653374355040 
-6.379012240610  -4.030790054633 
-5.653029812859   5.103649479913 
 2.667040822380  -7.428437370512 
 0.995527412243  -7.899678707419 
 7.976078476626   1.049382678260 
-3.702937378570  -7.321089868849 
-4.530488458153   6.889454511775 
-7.782591459073  -2.791618513502 
 5.715935728661  -6.001178704359 
 4.482430389881   6.974749556051 
-8.036940374854   2.235980153987 
 7.867054581527  -3.004301010896 
-0.038794597781   8.421759309462 
-7.346154408031   4.129499243152 
 2.823692747713   8.066052479899 
-8.568940319301  -0.786764851060 
 6.639162457096   5.483036734662 
 8.572308359264  -1.096866286999 
-5.327611119622  -7.070672339048 
 8.525743106770   2.503380812960 
-3.137916740827   8.513123201963 
-0.144467197047  -9.143752174862 
-1.735436831251  -9.056465675874 
-7.684859095843  -5.294792364517 
 8.275286794724   4.468201717650 
 1.469949935339  -9.401237466485 
 4.018184486327  -8.711446240749 
 1.222000748292   9.525524597680 
-6.878408077305  -6.702496959514 
-1.508254276904   9.499398142922 
-6.415366528074   7.167910357368 
 5.724937130655   7.930372766078 
-9.290778762778  -3.328932679143 
 5.744196218268  -8.194793164876 
-9.934558485797   1.366880640151 
-4.875091551226  -8.785606113179 
 9.969567938197   1.442518344366 
-4.696907127353   8.934664163828 
 8.357395022675  -5.709918819003 
 7.370385783877  -6.950220069631 
-8.451087407304   5.777677962429 
 9.804474823478   3.305222092609 
 9.615301314800  -3.822531744270 
-10.182793677614 -2.005998023304 
-0.027857593941   10.387422382392
-9.368640251377  -4.960990372213 
 10.349321705474 -2.330916463278 
-10.654565148198 -0.098459854449 
-6.866966858068  -8.229762332172 
 4.379222142837   9.788631945670 
-3.472809101437  -10.154394031005
 10.879692064265  0.012911738329 
-10.141354346923  3.940026373056 
 8.651571951084   6.776239497799 
-8.904830419848  -6.487733619699 
-1.344586789698  -10.964014983467
 7.189034857454   8.429324295615 
 3.112093950487  -10.645125517899
 7.252930901768  -8.447445094264 
-2.138384917807   11.041289540513
 5.606435280262  -9.798056632209 
 1.794162227951   11.373922822787
 8.989485981978  -7.196152941893 
-4.536609768331   10.593172362353
-8.356118599926  -7.952227557382 
-11.271643055451  2.615533388066 
-11.579915489517 -1.300277153754 
-8.752935450664   7.867736486617 
 11.540125117559  2.668889720584 
 3.464824149821   11.334724894415
 0.550509616496  -11.913067135090
-6.388774531188   10.076548074278
 10.244933547738  6.357870552016 
-7.864000930241   9.156026967333 
 10.825848356521 -5.348441927235 
-4.890216808511  -11.067341958315
-12.059425416374  1.069708249559 
 8.954588044449   8.282734001286 
 12.079686759840 -1.856728115069 
-11.507748918345 -4.170557600246 
 11.223802271592  4.931011650530 
-2.414038150988  -12.032827563613
 6.084055699038   10.676639382660
 12.418993997476 -0.162892437691 
 4.681738542286  -11.523226899990
-3.731963044717   11.875115856215
-1.305879928939   12.408252797959
-11.819557763569  4.072950727611 
-8.224428209827  -9.512018177518 
-11.281504976091  5.695322799553 
-7.145410896919  -10.660589125564
-10.822785182964 -6.980694980406 
 7.960271184783   10.127593546987
-1.119660769722  -12.917938917583
 12.867012191970  1.640809289200 
 9.470870990784  -8.895264642234 
-10.569086086527  7.571521201760 
-13.074468984770 -0.082675212876 
 0.503970552436   13.078074880395
-12.958808230605 -1.922972575961 
 8.458390392319  -10.073270206109
 12.304247265659 -4.742553950894 
 12.777935752513 -3.263549066800 
-9.363448444865   9.323794351278 
-13.171777072248  2.131995027004 
 12.927016664019  3.312471850496 
 5.363906795730   12.249156149802
 7.027657193216  -11.448258051305
 2.489218461330  -13.243817714514
-12.206840235363 -5.913651945455 
 9.507516476844   9.708861070630 
 11.004453287659 -8.014808861218 
-7.507367854320   11.545416903325
-5.528077858295  -12.633963120224
 12.050307988814 -6.784905017230 
-9.943974170223  -9.684421425865 
 3.660962173639   13.406134119204
 1.951546066374   13.815645800544
 11.292564113672  8.196463277033 
-13.273706173862 -4.330116241694 
-6.175937082027   12.539340018406
-3.730587731094  -13.539894024251
-0.089641685456  -14.056729528330
-13.022344382031  5.301867609054 
-8.937275889508   10.939469927764
-2.035009951784   13.984449756462
-12.375114965256  6.918097368417 
 14.259614779468 -0.621303215911 
-8.898722805550  -11.298134829644
-14.350757567022  0.945533584377 
 9.031167764636   11.242756777075
-12.219788918764 -7.675970802772 
 13.009785673744  6.454051322421 
-0.340733921409   14.544670868568
-14.131316621283  3.773795390390 
 7.931578250971   12.290708737676
 14.619589247657  1.023808157368 
-3.519466173478   14.272575051754
 6.653343273375   13.178362611286
-7.017631979495  -13.015166896339
-10.509176449952  10.412437060769
 8.421873043551  -12.176633012151
 7.093143181562  -13.003930660752
-11.870053810612  8.909536511510 
 14.464050592520  3.356691114951 
 11.435166077730 -9.483057996988 
-5.384580399461   13.856382501741
 1.938352497674  -14.740494527065
 10.081406496377 -10.940339802606
 14.099076750119  4.832556249552 
-15.001812217241 -0.894768818698 
-13.854602436632 -5.856005109284 
 11.480153478279  9.802371879042 
 5.210728094782  -14.195334918958
 14.286217281051 -5.081836422409 
-1.741487351731  -15.076096277350
 10.532104191773  11.107298706113
-5.723465268691  -14.262269895386
-7.639666880999   13.357087293016
 13.057676094915 -8.167605265763 
 12.843384486010  8.507129197130 
 1.222883718759   15.393276675693
 15.142626228824 -3.070991900327 
-3.441134925673  -15.134554953700
-12.084547671880 -9.807174782181 
-15.340840608995  2.628471417605 
-15.101070746062 -3.822909335104 
 14.127194255662 -6.616222373430 
-8.949226283803  -12.963849149124
 3.243456769878   15.454125900331
-14.846557042258  5.604889958421 
-1.105306580538   15.882504836918
 14.805920153827  6.265579649844 
-10.060296284453  12.543383027367
-14.242765185512 -7.555118781915 
-0.516839892791  -16.127762764809
 3.471528388245  -15.802235202750
 16.258420175308  0.044207989557 
 5.632323195049   15.285102205118
 16.251417855400 -1.866223233684 
 7.347609148662  -14.630460234827
-2.821992951799   16.229864616677
-4.876445974121  -15.772795959602
-7.244214689125  -14.839922701311
 15.859783636763 -4.622018112453 
-12.024609259387  11.350241759889
 9.606989450937   13.572213514255
-2.248252854081  -16.501644597958
-11.591302220971 -11.967837733535
 1.701198589438  -16.593059571135
-15.071474899439  7.168269195440 
-15.874362441245 -5.183129616774 
-16.050588558563  4.643082409933 
 14.678237572250 -8.013942615176 
-6.006594375053   15.637013541371
 12.632544081924  11.061315142067
 11.607913464936 -12.136868757912
-13.922152497298 -9.402647420158 
-14.326319618959  8.852804137663 
-16.608902238635 -2.798174082873 
 8.231165232224   14.787133806746
 13.478647096317 -10.281240339782
 10.576416584156 -13.255045607352
-16.877841643046  1.888611178157 
