-0.098164940304  -0.615027316247 
 0.574076469187   1.311590298037 
-1.700892176613   0.517210610126 
 1.829504196118  -0.173343010327 
-0.717557864038  -2.067379843560 
-1.971526919208  -1.154904617651 
 1.544557537338  -1.896937474981 
-1.995129819528   2.028642261758 
 1.714764663665   2.287090019366 
-1.101599180663   3.304270055148 
-0.202084857428  -3.521246710139 
 3.574648924498  -0.930347203425 
-3.688800500223   0.654023894095 
-3.501633867130  -1.449874903507 
 2.872328358407  -2.891088210933 
 1.656240564260   3.959830810898 
-2.702016749335   3.429414533727 
 4.231050839057   1.484055290221 
-0.196325085038   4.507785551188 
-2.460611578052  -3.837826097522 
 2.022868799225  -4.214621522798 
-4.126268674718   2.239394401203 
-5.079448743857  -1.485679606815 
 4.265680043380   3.340673963995 
-5.446055016297   0.009083385001 
-1.307328685332  -5.395075236711 
-4.380086614711  -3.693197069029 
 5.188062038564  -2.455597268637 
-2.319617069283   5.315461241652 
 3.653822725400  -4.562369766993 
 1.447148954471  -5.692622160568 
 0.695338741088   5.905737603946 
 3.491085914529   4.900111752316 
 6.132816193571   0.412070268560 
 6.328627112805  -1.123987456921 
-4.076969539060   5.100488687842 
-5.805079334263   3.182196860417 
-3.469548995516  -5.787439943750 
-6.660334081697  -1.197282515981 
 6.501873942521   2.340802715101 
 5.203753750643  -4.624966740372 
-1.102039428951   7.008700679259 
 5.958220366729   3.866424238127 
-6.970068319982   1.433726449301 
 4.972899653741   5.352386076870 
-5.653106229527  -4.711003617761 
 6.561786862925  -3.331740915092 
-1.860092777989  -7.141344103793 
 3.233963256585   6.645021078538 
-0.053467110874  -7.498073949656 
 3.770261404722  -6.523141550721 
 1.768707454139   7.328582441507 
-7.078127856889  -2.983186732002 
-3.362375167701   6.917094731477 
 7.774212996921  -0.402282377702 
-6.272498179956   5.004651993980 
-5.331917885085  -6.177361074901 
-4.890379255557   6.623550866672 
-7.302683661570   3.827698014499 
 8.148693175476   1.844971133406 
 6.546674705951   5.264713897840 
 5.894693797895  -6.187023696125 
 1.372954309261  -8.495381902363 
-8.704779091308   0.460484472596 
-0.306294835545   8.748086350728 
-8.663985006497  -1.249545922021 
 2.939299927817  -8.247738326900 
 8.451750093130  -2.318077311735 
-4.294982490825  -7.639494770790 
-8.453539406502   2.548826748400 
-6.928551722959  -5.658352438467 
 2.714794246380   8.555870840225 
 8.088773316711  -4.024102235568 
-2.064270747660   8.808867419189 
 4.984768231649  -7.561426348994 
 8.477732205489   3.377452630158 
-0.537041288150  -9.167647858170 
 1.251613609810   9.150593593910 
 9.415667805532  -0.140165389339 
-6.645916306192   6.753519336474 
 8.054051942519   5.019934940497 
 4.849562329849   8.223716318763 
-3.742824850782   8.854884983985 
-8.450065238370  -4.611543346896 
-5.676560089048   7.991697072010 
-8.908627005518   4.158476165192 
 7.813708105625  -5.987877533270 
 6.817924771204   7.213285036301 
-2.491188281554  -9.666212396552 
-6.058808067357  -7.976504751847 
 9.616450404135  -3.284508088181 
 10.033242932281 -1.755649450419 
 10.072667097834  1.924462304565 
 6.781468674602  -7.714833487531 
 2.479981081938  -10.001767368793
-9.966812795864   2.711013277403 
-4.858461914303  -9.170086828943 
-9.978827155030  -2.857782530892 
-10.469907621688  0.036938844792 
 10.005572667234  3.445007098030 
 4.998075359139  -9.386615310771 
-8.393227063719   6.783151133782 
 0.711575975946  -10.868649701069
-7.626691255689  -7.892818771279 
 9.772648660637   5.069643406367 
 1.337250010348   10.946812700569
-1.210233579522  -10.964938303939
-5.604113349389   9.517106066241 
 11.043845379911  0.607870515391 
 4.632580100099   10.069546593627
 8.823804961891   6.722066521907 
-3.348482921880   10.581961073338
-8.851771125836  -6.705392740833 
 9.738218142177  -5.338989000027 
 6.633505975796   8.949397257827 
-9.801857719354   5.412136765539 
-9.876129377643  -5.405814907748 
 3.230080439142   10.839295028202
-1.314639275272   11.280649594220
-6.760713122980  -9.499933425902 
-3.709086036745  -11.149685324143
 11.519020241766 -2.455277131686 
 11.777550567481 -0.921280279041 
-11.676975854610  1.999281834899 
 7.308755557232  -9.370846549972 
-7.160507219383   9.506676909340 
 8.828280333296  -8.174909440871 
 11.502006769035  3.712333394982 
 2.832581773320  -11.805583112780
-8.865287001064   8.318779671413 
-0.307195130631  -12.180161352655
-11.399016313856  4.431620856594 
 8.509508121974   8.871708964258 
-11.899205151108 -3.219789754935 
 1.302797124687  -12.258970333495
 2.271731174104   12.187326870748
-12.318282740274 -1.561880339123 
 6.376497006188   10.678420192970
-5.602757800542  -11.163991554938
-10.467337492514 -7.004155367076 
 5.006972904275   11.590766717330
 10.925098533021 -6.400329327879 
 0.663249794265   12.662411569810
 12.665677160497  1.110457982749 
-2.826867462630   12.421494306390
 11.809724156115 -4.918740272493 
 11.618627994088  5.404374558499 
 4.584298113288  -11.983796988670
-1.913679296071  -12.700270672464
 7.838534636909   10.307869312110
-6.991685995046   11.035587850998
 12.786592371740  2.786329189921 
 10.833741359545  7.409468973708 
-13.116576101566  1.023647378162 
-9.743876894538  -8.867636375775 
 13.074945281022 -1.752203600415 
-12.715034629254  3.593355233328 
-8.076040155085  -10.528897612059
-5.613157669353   12.059675265738
 9.213162857963  -9.646240305592 
-0.764644948392   13.366354999697
 6.102656468359  -12.048531759236
-4.878712656991  -12.606311690341
 10.997090748932 -7.920428686035 
-12.629500006628 -4.933689805795 
 4.191278218889   12.923095920188
 0.647137158097  -13.685965752763
 3.629314298739  -13.226519187909
-12.394975395697  6.041432772424 
-11.356819717175  7.884703104539 
-9.451291925321   10.205834412326
-3.303959737513  -13.548385295767
 13.314892231293 -4.506739292302 
 2.263230654228  -13.893498547917
 6.768222164052   12.358406837438
 8.639228976131  -11.163930932768
-0.805787545399  -14.104238966623
-7.105268153245  -12.223147906511
-14.110558664005 -1.366305111876 
 14.090360345794  1.674042744330 
 2.610686211307   13.960351838884
 10.771608064491  9.359731547003 
 0.392646039022   14.367725535876
-12.830955621234 -6.511489498222 
 14.396797900568 -0.145253827940 
-6.996678315830   12.653770776795
 14.146815324711 -3.110368084342 
 7.663393881896  -12.326731635576
 8.387044367913   11.875630833900
-8.770390498923   11.635620020718
-11.568263988888 -8.863135052742 
 14.070409921276  4.069400091115 
-14.229233794140  3.525797344107 
 5.588131048715  -13.602904547128
 14.638238417190 -1.686121441970 
-13.877035911915  5.143346341191 
 5.818373974251   13.617492486396
 10.741167685493 -10.274734517827
 12.599157953391 -7.925770306698 
 13.095044250322  7.201292783488 
 13.784761439800  5.860880073584 
-4.895170809717  -14.159716289865
 10.108179170189  11.063604128974
 12.287390513523  8.647382299667 
-1.669326864965   14.937766371890
-5.017064542964   14.175902142750
-14.137968860171 -5.231327800354 
-14.682948875864 -3.439848317701 
-15.127888495752  1.132790807963 
-11.986841233682  9.316411614722 
-8.563237625150  -12.602186386477
 13.795877939698 -6.502472493935 
-10.653486568154 -10.968845318886
 4.507939058642   14.619069320325
 0.774258901055  -15.298247188881
 12.151686674294 -9.361036181955 
-10.776301030070  10.980846424271
 7.898286782111   13.348402272780
-3.242782724831   15.181756106794
 1.599720636188   15.574419726278
-1.767171367572  -15.596886492034
-15.715214802020 -0.482659721334 
-6.513037332229   14.461154460403
 3.203889342315   15.572551876019
 9.762199920085  -12.574136163317
-6.832514497883  -14.388074160404
 15.926214878260  0.788389743746 
-8.092008523835   13.756388719581
 11.958756467201  10.605732016001
-13.964949566225  7.847370391198 
 8.450492025146  -13.616235005043
-0.578673743362   16.015088759588
-15.860511784081  2.620474325703 
-10.185891067710  12.459494687998
 2.342769777163  -15.922207780595
-3.815233037500  -15.663908365518
 15.751482462278  3.653733590244 
-14.015026874841 -8.116767887791 
 15.831422186036 -3.472207699675 
-12.376297658910 -10.478222175900
 4.062817853857  -15.746580926671
 6.815313245460   14.831704004800
 11.171622359701 -11.969459643924
 15.407180285643  5.774873826464 
 14.701169255747  7.415973105377 
 14.486314032740 -7.895419194768 
-2.323357983508   16.424473506742
-5.416280235006   15.694993542308
-15.756736224718  5.364311933348 
-10.373398595815 -13.107341766621
 16.584703041554 -2.172637254066 
 5.695818885618  -15.796375671998
 7.564821894433  -15.005998395676
 16.811353356787 -0.422616905492 
-0.168952623924  -16.831431938768
 15.821255392735 -5.753835509732 
