-0.014305721405   0.243243590379 
-1.528994355996   0.327950371348 
 1.693758793711   0.559327013235 
-0.037210095182   1.810126804537 
-1.369403302721  -1.485568163477 
 1.058370455782  -2.092360010905 
-2.876094082772  -0.920515511084 
-1.051888766014  -2.959997041232 
 2.889148080713  -1.623071662056 
 1.736204643833   2.888257391453 
 3.583227761096  -0.229985285627 
-2.684205913096  -2.459198879166 
-2.786307784522   2.349245377147 
 0.424176006832  -3.870976556458 
-4.128930169552   0.070090904478 
-0.304494986818   4.138412938821 
-1.997271981131   3.787521419145 
 1.952561121912  -4.025501220401 
-4.179180870845   1.646224923681 
 4.022793643286   2.229503204884 
-2.127857994414  -4.194651052033 
 1.629089917722   4.413991742997 
 4.767077387653   0.761014626771 
-4.482040534433  -2.887554680911 
 4.738287943262  -2.483040651690 
-1.046607488796  -5.357018695206 
 3.583190622231  -4.172022265841 
-1.551436631849   5.282236781996 
 3.268220613914   4.674714022644 
-3.828707096656   4.293680576051 
 0.459349798971   5.814701129634 
 0.983324826299  -5.780896101034 
-6.025181107490  -0.996903826853 
 2.575822609963  -5.572081937172 
 6.073606683103  -1.236291619611 
-5.685949931467   2.588850753248 
 6.096953363050   1.523068414968 
 4.855467097853   4.148587525118 
 2.286478126483   6.033430100928 
-6.373122454239  -2.486732125393 
-1.040285784399   6.764473855485 
-4.980813189772  -4.846412689448 
-2.779545541780   6.424886714581 
-6.980848434897   0.716928697348 
-1.436919729914  -6.972718973035 
-3.532654599489  -6.210550244605 
 3.795918150338   6.142910083946 
 6.797516061927  -2.628760373790 
 0.177804748827  -7.363158244722 
-6.080497409461   4.589413526400 
-7.187431572755   2.597554216819 
 5.760972209161  -5.109038526735 
 4.839347880869  -6.338761119858 
 5.495187398497   5.898902388536 
 7.262761959140   3.522886593532 
-0.238509967442   8.132030110014 
 3.296269126572  -7.464147058709 
 8.120338769548   0.962392334986 
-4.224671778570   7.112774250264 
-2.792342286999  -7.816756651545 
 3.107378363812   7.705530319114 
-7.256959665426  -4.067756641629 
-8.316854365894  -0.500162351963 
 1.573270617339   8.212926912911 
-5.686740004067   6.146049025219 
-6.411811627627  -5.395382234244 
-8.127117866126  -2.246226618721 
-1.037974022876  -8.532010108515 
 7.297293655528  -4.948580078978 
 8.773788459767  -1.218378275292 
-7.590570990689   4.626721376533 
-2.856142239362   8.572537845526 
 1.044432014766  -9.011850958239 
 8.394942039588  -3.825423746598 
-8.575326112649   3.423698608270 
 5.104448159228  -7.925894707690 
 2.851494796259  -8.985982414379 
 8.080884612800   4.873891411626 
 9.473407190110   0.164901572109 
-5.578524676140  -7.683151997347 
-7.271662303462   6.112870956254 
 0.371559774325   9.583682960460 
-8.013892184667  -5.432551382021 
 9.505964268084   2.077413175978 
-9.745729818357   1.173209110048 
-3.168631453941  -9.342327434087 
 5.906243945489   8.003152019877 
 7.687282552675  -6.435482186247 
 9.382672591847   3.629361309891 
-0.828074371944  -10.033009833745
 9.689620517779  -2.842804930447 
-1.278436264577   10.080838118274
-9.803358461497  -2.749350581132 
 7.948566483238   6.481703117665 
-4.816738803743   9.068899458401 
 6.883388562421  -7.729340635439 
 4.836941612422   9.154968433289 
-7.744571966745  -6.963794753432 
 10.502294195195 -1.119363700077 
-3.395376732033   10.012109834947
-6.324174094955   8.509842639273 
 2.098412212046   10.418011283532
-10.629937663240 -0.611069847118 
 1.468610463216  -10.567513494141
 3.632062478139   10.274942119016
-10.046812980084  4.241079371290 
 5.805070244227  -9.258213817540 
-10.150488157228 -4.278047468529 
-9.376313499923   5.823348591050 
-10.748660198728  2.602243238566 
 10.040640604698 -4.780348881952 
-8.615487531738   7.230790231666 
 9.363386417393  -6.259057442792 
 3.884034180605  -10.621057164616
-5.962481139933  -9.748943990362 
-1.690521710495  -11.323822364682
 7.820057072227   8.460988568031 
 0.526990734026   11.518045145242
 10.958811375765  3.694693332066 
-7.516133562762  -8.790211624443 
 11.328130490581 -2.430850092527 
-4.147517556374  -10.856893199932
 11.635375241922  0.311123059472 
-9.494833851899  -6.797217011759 
 0.302465335364  -11.716246201745
-11.336199762479 -3.051839225990 
-1.835062138358   11.749131163935
 5.102090699799   10.791727044206
 7.366198106433  -9.395218304868 
 2.527199270319  -11.795674375362
 8.638388197543  -8.425940048962 
 10.878694191945  5.300841048430 
 2.994911888064   11.873672903786
 10.234255455711  6.755135582215 
-10.999952520125  5.640301380930 
-5.640960042257   11.009419778721
 12.235933365577  2.092191940176 
-12.262238257064  2.049442360154 
 11.730969030108 -4.273210954798 
-12.536433772730 -0.361917818132 
 6.432771999853  -10.921415269236
-11.937576630423  4.345758682545 
-0.634855796595   12.750810004811
-11.033197994686 -6.519437703605 
 9.663156590250   8.444490615748 
 7.055500155895   10.757322800793
-8.445907325142   9.741648859628 
 11.228609769991 -6.356276751825 
-9.299776656979  -8.999002444544 
 10.212179903220 -8.050405478532 
 1.575004728756   12.973267587472
-12.900873880398 -2.152683034106 
 3.957345434609  -12.489168163290
-2.099199171212  -12.960835999947
 8.501221688420   10.011170167640
-4.649909155541   12.283630751853
 4.684809041565   12.280191504006
 13.160516835427  0.657007462540 
 5.498964398676  -12.102867543893
-11.135817549243  7.298392285095 
 12.940283839701 -3.196894989276 
-5.898050804219  -12.011529588413
 8.798670385584  -10.184877319259
-10.360838615080  8.688165429759 
-8.624858190541  -10.432524443313
-12.354665904258 -5.570557483312 
-7.368527905162  -11.401595991461
 13.555154563844 -1.158358634232 
-13.670925947775  1.137276378837 
 12.863872181381  4.798696165173 
-7.768596524211   11.348516674652
-3.741488689717  -13.234349152570
-2.151662946983   13.724342556121
 0.444606882090  -13.909489510618
-13.513736477216  3.388930638194 
-12.567496512515  6.026663692594 
 13.729549125226  2.425726144788 
-13.326912234632 -4.105322096292 
 11.946763941799  7.275311113106 
 2.233834946613  -13.854718806329
 10.412188885474 -9.548515659525 
 6.517502593934   12.574964517137
 0.333351503357   14.220067549856
-9.974557131749   10.173528168056
 8.349757402606   11.575073030639
 13.235528711484 -5.615032054939 
-6.405112345387   12.926621265490
 2.997356576095   14.182434365508
 14.551300605732  0.078424127841 
 11.202248311802  9.290882120046 
-4.102916851475   13.999787147616
 12.333641228916 -7.839438392788 
 4.368889153441  -13.981171698013
 14.097663835235 -4.351511528986 
-7.162526931972  -12.952187062949
-14.701024649856 -1.743627612206 
-12.021288307932 -8.642402731477 
 8.388316283551  -12.219214553864
 5.982946961596  -13.575190608889
-12.041095415641  8.757366916948 
 10.013538792948  11.020821487601
-8.839094739750  -12.017132666910
-10.782770217515 -10.337449857552
-1.156938128353  -15.041697150445
 14.915514711910 -2.784090503696 
 9.980619278741  -11.538921178088
 12.065416770240 -9.477480082501 
 13.980989305631  6.344931308046 
-9.392412849427   12.177560989360
-14.095985852067  6.179052531260 
-14.327738294000 -5.719580433778 
 15.394362870184  1.426189297855 
 1.544870057186   15.398999045937
 5.118818642250   14.654068196233
-5.816154145167  -14.405004813678
 6.570921920912   14.092601833315
-15.542284409031  1.434978889056 
 13.380478324527  8.063434390383 
 1.504934025876  -15.549888723144
-5.822176269993   14.501504231322
-13.574091478523  7.822594551276 
 15.499032610700  2.952895772065 
 3.441492613465  -15.406196562671
-13.668339411940 -7.981369603786 
-3.688813950646  -15.473818631055
-1.014535858385   15.885808671321
-7.931481000113   13.805633994912
-15.969605230258 -0.255681616744 
-15.669473055707 -3.105657891327 
 15.907930963866 -1.643890968566 
-15.704386359184  3.121582141270 
-15.301216977728  5.042315167918 
 16.121762421588  0.040862579434 
-12.485715920770 -10.210953370904
 15.528191021212  4.465747164641 
 9.381236140961   13.255769471063
-7.537041270550  -14.508733166694
 15.511880505747 -5.361602643760 
 15.958450509687 -3.894602705054 
-9.811151051665  -13.222751994785
 11.698702962242 -11.607004124753
 14.991755477790 -6.946229774106 
-10.974759972078  12.353516945780
 14.203532914312 -8.449752771056 
 8.275928180194   14.340186895567
 7.809918595668  -14.600239154738
 12.491760325752  10.896476956042
-0.553476654899  -16.606589113194
-13.855312452937  9.363884834240 
 0.321109481815   16.726743586937
-11.626154162202 -12.059365130817
 5.963740631299  -15.670569785680
-4.784626790587   16.108989905773
-3.044240648755   16.555194528563
-2.621402523802  -16.628488400323
 9.319324115583  -14.023927823537
