-0.612707965830  -0.254234857524 
-0.081722347873   1.359423781036 
 1.498213252137   0.038099130740 
 0.874789027541  -1.480932614283 
-1.567172082020   1.074978456454 
-1.055460692214  -1.905728101246 
 1.529891722311   1.993128906230 
-2.516817502203  -0.512853158080 
-0.272738904289   2.909406998223 
 3.091210987074   0.014217890445 
 1.004340671608  -3.108021970902 
-3.046762611602   1.419928130279 
-0.637884752525  -3.710861099273 
-3.387850268060  -1.752867783177 
 3.578295182280   1.458870594561 
 2.715193438350  -2.805592542530 
-2.531064091465  -3.100853210428 
-4.193192801388  -0.440601090639 
 1.975745507294   3.820079013994 
-0.315860907755   4.600557981071 
-2.738070119726   3.923529275807 
 4.824746597919  -0.532113234183 
 3.753276393736   3.079068543298 
 4.441761528796  -2.154289490362 
 1.224061745267  -4.830685623306 
-4.415352379746   2.640165829179 
-2.270948521012  -4.801806073468 
 5.226107936378   0.978811642646 
-4.708346326778  -2.589537963039 
 2.905615090132  -4.628255331083 
-5.515772126474   0.337762781127 
 4.174025724231  -3.736641431522 
-3.815180866750  -4.258871093559 
-5.569051896571  -1.317593181484 
 0.833698720170   5.817415196144 
 3.166359481696   5.335399427954 
 5.456055067892   3.035050167366 
 4.689061644428   4.402578759592 
-1.276953774871  -6.325018896819 
-4.504416835156   4.629084464286 
-2.122357567729   6.152568262623 
 0.933311399939  -6.539603952903 
 5.797728746896  -3.424150659337 
-6.058120389766   3.363243693767 
-5.840577588703  -3.895543542986 
-4.153628923595  -5.743677007377 
-6.902247105968   1.944754613485 
 2.882374455565  -6.570383714001 
 4.405488794842  -5.745450677206 
-7.195048987503  -0.814935189014 
 7.155454230331  -1.168677467168 
 2.641772323402   6.818064530335 
-0.139075038969  -7.591251926636 
 1.261666773397   7.504080403110 
 7.636018207653   0.937794287736 
 4.819545941549   6.004253994077 
 7.272127300377   2.649829500220 
-0.325446384769   7.740424089156 
-3.275774230637  -7.122032228371 
 6.681020267704   4.353999070716 
-1.897708869821   7.796389758394 
 6.269552902879  -5.192190159988 
-4.888144066260   6.630514576760 
-7.821892160673  -2.654653535669 
 8.052945563814  -2.492234132263 
-6.658347533159  -5.213333166756 
 4.101678089321   7.406768469908 
-6.940078137643   5.016746291790 
-7.887277200812   3.385455033846 
-1.509455473745  -8.501285317082 
-5.419077208559  -6.782413308950 
 2.897222492961  -8.212467366314 
-8.640712637235   1.179483650598 
-8.688461213268  -1.425601022604 
 6.568053441642   5.909821608050 
 7.720563733340  -4.314066596240 
 9.065628927499  -0.255860570963 
 1.369016931792  -9.002194394530 
-3.203507656841   8.558856382877 
-6.484885085848   6.501774295982 
 5.469871625014  -7.420221116783 
-0.559149635079   9.393436795227 
-8.302256178029  -4.548663843349 
 2.111217430253   9.256845084693 
-9.544979376549  -0.050363564797 
 9.416409809539   2.184969650415 
 8.211803425997   5.120903250707 
-5.513107858462   8.060372772178 
-4.725040598861  -8.616335999984 
 7.981253985611  -5.795193110346 
 9.136622071937  -3.798542076118 
-2.993329821583  -9.523045887523 
 5.255143732797   8.608423453421 
 4.678171132565  -8.936055621564 
-9.943256739040   2.389947692420 
 3.865466942733   9.545498510920 
 9.464136226208   4.267422117494 
-6.630587417697  -8.087575736755 
-8.449798638062   6.173319276529 
 10.524888413254 -0.828885350099 
 6.993882716307   7.977362135155 
 10.272756540535 -2.650346122816 
 0.485072533022  -10.714449771016
-7.131155664505   8.049170914802 
 7.508710196874  -7.720128832821 
 8.599705640463   6.586024854244 
-9.036300259975  -6.056527027975 
-4.993594205947   9.665558528774 
 6.241879580631  -8.970176480513 
 3.114684945995  -10.484430396832
-0.258532082644   10.950016175521
-1.597011201924  -10.851565534899
-10.640553366147 -2.775847692212 
-2.826548775135   10.717137194256
-11.061721898294 -0.853997859241 
-9.787856800874   5.249815654078 
-8.359944725830  -7.662364205653 
-11.259050282535  1.578853612914 
 9.401207871439  -6.394707500339 
-10.193208956755 -5.040648961223 
 3.154695962216   10.954815488395
-3.456348690780  -10.957169637385
-5.216410029833  -10.257961213456
 11.060039186034  3.209359533839 
 10.542345100398 -4.741305100453 
 11.612794970285  0.338049571080 
 5.323674148569  -10.355871778202
-11.275952293715  3.443100367164 
 1.808738381832   11.689833484364
-8.818553552334   8.328439022626 
 11.865026239231 -3.129381277115 
-10.198045433114  6.856673485499 
 9.341911992285  -8.065373202445 
-6.323292954893   10.623340513504
 5.876569567682   10.900508156501
 0.380410613306  -12.391444868829
-0.784549714105   12.413226018593
-12.146198474729 -2.778021395942 
-11.682854586033 -4.388117871053 
-1.355121516195  -12.412810791808
 2.439164714389  -12.261230341051
 7.370202570234  -10.152005975332
-9.916940285904  -7.685795668522 
 4.494967476102  -11.741015785413
 7.959949537437   9.732063874263 
-2.546338038997   12.316555786973
-6.757489219956  -10.621615828860
-5.048141898787   11.575717629006
 12.675965918805 -1.733096784400 
 4.447401047539   12.043852822884
 11.330719321344  6.057223518508 
 12.696896723110  2.051322042404 
 10.705558951011 -7.220477259799 
-12.833545389649  1.693240279749 
-8.323237514414  -10.000922226827
-4.507863728072  -12.228517329251
-13.003943338214 -1.234577916038 
-8.048856233799   10.341065960346
 10.135664735605  8.428446913088 
 12.452108470636  4.687197216414 
 0.486406169111   13.316551925801
-12.082334488760  5.664705343401 
-10.562626614876  8.369645248569 
 2.664474685007   13.224946250853
-12.062277737774 -6.101738538464 
-13.583586258361  0.342399273227 
 1.440737512149  -13.655954875248
-11.526391921726 -7.524837163703 
-4.334935695181   13.075476384143
-1.542508471797   13.733332488401
-6.704152974617  -12.152282304111
-11.850693450873  7.359344229212 
-3.445991484555  -13.596506330601
-0.244095936007  -14.044282958348
 3.561534972002  -13.591300053031
 8.825904107386  -10.938618372813
-6.168974261890   12.633899084357
 5.766589642313   12.826251362378
 14.080479460548 -0.407152288828 
 12.450497263266 -6.660276612263 
 13.228278617964 -5.022561317293 
-10.162743867454  9.920002162477 
 13.981992680872 -2.669406407098 
 6.941331902823  -12.436394193372
 4.219758004272   13.604593261205
-14.023182532993  3.037039235553 
-10.887257418328 -9.399358900098 
 7.818007200367   12.189909583849
-13.944624969126 -3.968208930627 
 1.649063583085   14.411774919905
-9.544806190279  -10.940813139508
-14.533359290933  1.606093597614 
 12.330397800650  8.002630438143 
-3.082793351833   14.402059519818
-13.902674380275  4.958133930591 
-1.622131105081  -14.753459268644
-7.786493686569   12.636691399867
 10.474385939040 -10.524472194478
-13.791023769400 -5.509962330731 
-9.213808173809   11.722466363736
 14.819087638812  1.998205107917 
 11.826655172450 -9.178908008687 
-5.144835214574  -14.060687810634
 10.342739132240  10.870702481444
 11.477057269089  9.669552430184 
 5.828150072062  -13.836234789897
 14.384238572923  4.513372760176 
 0.782556717457  -15.139648545994
-13.517775201681  6.980433801420 
 3.140486768441   14.901577434075
 13.963620630978  6.087785512512 
-11.794040328031  9.652588267483 
-13.552420213190 -7.093439955652 
-8.104599122970  -13.079856101210
-15.250252864857 -2.070499676461 
 2.948129789870  -15.107250867902
-6.705199609123  -13.868191889601
 7.194026462762   13.622184330172
 8.440951821742  -13.001781356614
 14.974443590493 -4.075997762606 
-12.424244757638 -9.309499600626 
 9.426530866389   12.384806332811
-5.461268008963   14.577831218135
 9.737856664858  -12.175408159156
 13.265592951585 -8.197006950504 
-15.587150637625 -0.560124317299 
-13.078526986402  8.598985519156 
 0.595173532114   15.714623502167
 14.318998002080 -6.795332056717 
-1.123920648249   15.881386923602
-2.932789524955  -15.662504883105
-15.226732824484 -4.799755983516 
 16.031036593108 -0.567167404263 
-7.181280427246   14.378544966324
-0.937963743763  -16.107650956756
-10.869608971948 -11.933881428042
 15.953726718647 -2.831792087176 
 13.013530775931  9.753636916868 
 15.995111985995  3.000095923514 
 7.631910262077  -14.392274206960
 5.185029778430   15.458852220346
-16.288369482849  1.324611672691 
-8.836178336443   13.789837663904
 11.847529827376  11.315706024881
-13.847966545653 -8.791678434784 
 5.873225951352  -15.355121103206
 11.263246317811 -12.013184246752
-15.880574087628  4.479480610416 
 1.995994571969   16.417177228699
 14.426686262424  8.092561596211 
 15.918743119244  4.683993217034 
 8.857201174668   14.132898136021
-3.582974194205   16.316727457602
-11.742715076704  11.901795853929
-12.850158665104 -10.810197147096
-8.086112176285  -14.745195657247
