-0.282787327761   0.627893149797 
-0.528439780007  -1.649424946072 
 1.335620408196  -1.148424899899 
-1.991849668134   0.275793308592 
 1.920804150172   0.745410404102 
-0.524073897409   2.286558587947 
 2.971789445260  -0.390107565586 
 0.181210050953  -3.067111115627 
-2.360713420553  -2.192022993849 
 0.720188589739   3.161150858941 
 1.734958107691  -2.801780800858 
-2.968508318626   1.639828815364 
-1.985471237922   2.938222719831 
 2.953609224454   2.335770269198 
 3.920160056456   0.794153207294 
 3.445913455275  -2.152892250336 
-4.127845938620  -0.406524882751 
 1.479159495096  -4.295584763093 
 4.459215313620  -0.987856838983 
-1.406319357846   4.363674597399 
-1.247570088502  -4.480787278914 
 0.070564825160   4.711537483236 
 3.027084814233  -3.631566264518 
 1.670123810178   4.470957096444 
-3.460694584366  -3.444660491318 
-4.431500499794   2.380025978662 
-4.997886690778   0.964288629665 
-4.773037174435  -2.102655847823 
 3.348178183691   4.066670716740 
 4.847895720432   2.130712833630 
-3.306279575521   4.398171934117 
 5.548986888734   0.437005122110 
-0.228603105122  -5.698189989327 
 1.299146473895  -5.832855501244 
-3.395037928645  -4.958513304099 
-4.948906894766   3.884230115973 
 3.463385033081  -5.450067614482 
 5.289181584822   3.788081910452 
 6.261682177972  -1.854896684902 
 1.164568422054   6.510379530272 
-0.936758525634   6.596266857999 
-2.444974982268   6.235615644255 
 5.105370642388  -4.456772789384 
-6.734346932333   1.050499814280 
-5.173972171423  -4.566670552532 
-1.945893318318  -6.711351395446 
 6.884745123268   1.225819920401 
-7.113233648136  -0.953065944904 
 3.072142317078   6.508676801740 
-6.512485906353   3.260658378767 
-6.919099387571  -2.545494841871 
-0.597203547662  -7.504833464245 
-3.691822507799  -6.597762466982 
 6.985841979054   2.944900996497 
 1.630555297736  -7.451780858338 
-5.338992879907   5.600267198154 
 7.902792886822  -0.045133208444 
-4.281301230355   6.757491841877 
 7.825557939062  -1.718245710818 
 4.955174439456   6.374599098608 
-2.676021526719   7.721245727452 
 3.344262515809  -7.555342423731 
-7.165456061954  -4.290570196587 
 7.031703838400   4.507000027469 
-6.272382939887  -5.618280411293 
 7.575266361598  -3.776283322867 
 2.045887675858   8.252373927629 
 5.392714454693  -6.761947164240 
-5.199650910124  -6.913229184065 
 0.376948888088   8.702493723488 
 0.581887690086  -8.719313924024 
-2.079863362689  -8.659155523725 
-8.712358693076   1.973163160982 
-8.685397809757  -2.091425332709 
-8.973031303616  -0.582123700327 
-3.612633876620  -8.243785396505 
 8.794298873860   2.016824241078 
 7.366282056668  -5.383073757612 
-7.095379896066   5.811257537972 
-8.747597869638   3.481704650478 
 7.087699757897   6.263850202318 
-4.824867181807   8.208740400437 
 9.279206432582  -2.183335018082 
-1.899939785260   9.403966927467 
-3.414976817404   9.039721126996 
 9.670450608051  -0.326761553204 
 2.121874992760  -9.643817493882 
 7.116721666044  -6.888520411202 
-6.768729947289  -7.243860885564 
 1.359367410294   9.899166180993 
 9.100255594878  -4.199642232589 
 4.383454735143   9.053712346223 
 4.596775514285  -8.999533786873 
-8.653803794809  -5.231761042634 
-9.479651454488  -3.719891522982 
-5.549560453923  -8.659847984212 
 6.636865094900   7.964578919819 
 9.207004191533   4.938200477578 
-0.124096780089   10.463692250343
 9.996654661646   3.389358230482 
-10.606465918779 -0.059760542230 
-6.543651518754   8.360450594711 
-10.563633708665 -2.022326320563 
-7.811083597764   7.401527914433 
-1.850386076880  -10.601261853874
-10.740286418370  1.453237524309 
 6.324885520202  -8.904050636249 
-9.776218646187   4.948193614325 
 10.610897230221 -3.008165865522 
 8.799914265528  -6.686036570560 
-2.999091481215   10.676216594293
-4.905298522179   10.049732502853
 9.082442871787   6.627032230093 
 3.651455121678   10.649585527820
 0.854106709203  -11.267139721530
 3.966567868656  -10.582303417565
-4.202106212164  -10.491289630536
 11.256185756757 -1.468472621978 
-1.453173171720   11.304291675119
 8.027627343741  -8.120135831956 
-9.104972924354  -6.900138451616 
-11.013825502799  3.294582336173 
 11.267649682513  2.516431328533 
-10.140882209878 -5.674652203227 
-9.588113100103   6.676100290014 
-7.989788291189  -8.528285748089 
 11.718780119298  0.067148145533 
 2.190356788809   11.535411462163
 5.342767800642   10.509243504605
 10.912184476960 -4.708090488441 
-11.460579238031 -3.372135747533 
 7.706976289371   9.214715209032 
 0.180277836399   12.045411753798
 10.636425080233  5.667406720015 
-7.109292877192   9.905806636772 
 9.088822065391   8.180593540385 
-8.968101186311   8.509755308335 
-12.401997103271  0.728964589679 
 7.299175019877  -10.168848293612
-4.818874546315   11.564224494057
-3.378021608347   12.145921515622
-3.823671576415  -12.026681737240
-7.668257046956  -10.046858013138
 9.593792017090  -8.239957627296 
-12.642156432998 -0.767334373509 
 10.903813148202 -6.469286889372 
-6.189224646126  -11.079463701647
 11.802898077663  4.707577759113 
 5.982401661740  -11.389385703455
 2.108459371296  -12.700035237068
-1.213563910209  -12.915183931398
-11.739807762860  5.586026391086 
 8.782118844889  -9.602245333091 
-10.391077480206 -7.876022067240 
 7.529838125640   10.733095974868
-12.888561704274 -2.750979408038 
 2.146931119085   13.044907753834
-10.648082069686  7.894939878333 
 13.276282039050 -0.361836277495 
-13.017940976120  2.932180689326 
 10.690754324412  8.009857489753 
 13.173763240144 -2.501533098885 
 12.466946585803 -5.253858169907 
-8.995446805811   10.110178614949
 13.161705915566  3.406508581634 
 4.007322944209  -13.042450668238
-2.426931781335   13.447529824014
 13.667992871740  1.640604178759 
 9.037935341578   10.390337796678
 6.095614855352   12.363541634891
-6.416574170431   12.209215108641
-12.408244401341 -6.045446442620 
-13.052699560316 -4.673389747737 
 4.316287801918   13.225427805504
-4.838692918962   13.084723245580
-13.102468501597  4.849445437887 
-5.775972228745  -12.731379295017
 12.728609621465  5.917080512251 
-7.990275650070  -11.540810398431
-0.976722314738   14.038882573636
 13.475818811620 -4.132570945774 
 1.433992999000  -14.044256060554
 5.561720070263  -12.982362798516
-9.291241960650  -10.693554680536
-4.468118914254  -13.473347894222
 0.584425613581   14.204192295901
-2.882235812112  -13.967852937536
 8.954274261751  -11.257136407105
 12.024753984050 -8.021384154501 
-1.175816418092  -14.444345596277
-14.508650409160 -0.564472748242 
-11.015384632119  9.508671374636 
-10.934444870111 -9.662854439571 
 10.964240804518 -9.643297291229 
 13.014602749140 -6.743400752769 
 8.108364857656   12.259114774482
-14.727666634140  1.813052145826 
-13.298306299823  6.613932791199 
-7.989516564121   12.547699735769
 3.074986176728  -14.586249631052
 14.804048052051 -1.859192821635 
-14.596324264771 -3.203136181686 
 14.935276686652  0.675791560320 
-9.468810780816   11.583061497234
 14.475553735315  4.240913992897 
-2.125403750450   15.020456242994
 6.010599860772   13.938523792738
 15.026922324553  2.721199707218 
 7.468201165097  -13.334482566229
-12.607927705283 -8.671517868276 
-7.709402260468  -13.221188840448
 11.520233404954  10.278266792949
 15.068871201957 -3.655331555769 
 13.558410607710  7.658607438844 
 4.570550644520   14.931338230425
-5.965702998990  -14.470877870575
-13.496581112137  8.139143867639 
-11.086850257163 -11.221056214683
 5.749406551834  -14.711938479671
 2.315386404571   15.633813006501
-4.560395282520  -15.137039572059
 12.797258317068 -9.330449239258 
 0.719994547528   15.892234414949
 9.625829335214  -12.677228994973
-15.357726396630  4.211207319885 
 13.050780319263  9.199841046367 
-3.650448769017   15.571214564891
-12.813957778244  9.658770127829 
-15.099885297819 -5.519554732089 
-11.192453015931  11.597234046467
-9.926463365866  -12.720501487447
 0.145721696538  -16.186555104316
-0.851984836907   16.180157590376
-1.772174344912  -16.116129059684
-16.214845498326 -0.968086588691 
 15.320824971597 -5.399370417892 
-8.391362539212   14.005152556387
 3.982510728939  -15.845293049834
 14.835445169219 -6.862785518271 
 15.029481376751  6.704692289302 
 11.613939339436 -11.686135452901
-16.398228817152  1.797694261566 
-14.310782478018 -8.221599955816 
-15.024563775622  6.918069926303 
 7.773959954396   14.602981683400
 10.521407364633  12.781396915854
-16.315802481694 -2.819685577472 
-6.837244272423   15.108419356690
 16.062314989832  4.157334765228 
-5.166666212711   15.804678755395
 16.608265284472 -1.631912729715 
 16.718079494903  0.397735038003 
-16.261686595022 -4.361987459965 
 2.050489975020  -16.718699524399
 8.254254490352  -14.751790641858
-10.335191695421  13.409742181106
